default_name                                                                    
   22  0.2000000E+02
  -3.6846358   0.9685793   0.5387197  -3.1617066   0.0306366   0.2568604
  -3.4638786  -0.2596961  -0.7154354  -3.4484751  -0.7524913   0.9874174
  -1.6966712   0.4293830   0.3296048  -1.4245565   1.6379189   0.3412424
  -0.8451645  -0.5992256   0.3939695  -1.1988500  -1.5756406   0.4434944
   0.5427617  -0.4631826   0.5763050   0.7240763   0.2381206   1.3385058
   1.1662102  -1.7364076   1.2009722   2.2097185  -1.5055793   1.5647211
   1.1303032  -2.5657763   0.4730350   0.5114461  -1.8820127   2.1076964
   1.3001699  -0.1293414  -0.6858210   2.5446483  -0.1015252  -0.7048568
   0.6391849  -0.0730277  -1.8216298  -0.3310452  -0.1318609  -1.7221282
   1.1874472   0.3452620  -3.1390234   2.0151251   1.0053849  -2.9432614
   1.5016248  -0.5429018  -3.6731575   0.4367271   0.9129429  -3.7354161
  -0.3943221   0.3292535   1.3378763  -0.0444470   0.0349664   0.2161623
  -0.0465609   0.7033322  -0.1029367   0.4487338   0.4032795  -1.1937104
  -0.2169051   0.0813011  -0.3227422   0.1643437   0.1626747   0.1959754
  -0.5320793  -0.0941643   0.2910209   1.7234660  -0.9271520   0.1339079
  -0.2827001   0.1646050   0.0813331  -0.2447105   0.3326180  -0.4120586
  -0.1813771  -0.0316974   0.2171678   0.1234843   0.3186228  -0.5808806
  -1.3012901  -1.0190415   0.5289828  -1.4027046   1.8153029   0.7068911
  -0.0401123  -0.0716745  -0.0893900  -0.2381288   0.3347856  -0.0981207
   0.0414168   0.2494841   0.1452125  -0.5081766  -0.7200154  -1.1701767
  -0.3945685   0.2571370   0.1008242  -0.9976265  -0.8803283   0.1199573
  -0.1618761  -0.5252691  -0.9776541   0.2638200  -0.6105770  -0.3876580
