default_name                                                                    
   22  0.2000000E+02
  -3.1993044   2.2039346   0.8788489  -2.8384860   1.2558005   0.4200962
  -2.9613053   1.3981406  -0.6820238  -3.4687462   0.3832906   0.6397157
  -1.4166395   0.9019945   0.7413941  -0.7313622   1.7863667   1.2927688
  -1.0566218  -0.3679451   0.5224154  -1.7037397  -1.1078350   0.2681033
   0.2798443  -0.8058066   0.8137681   0.6270400  -0.3828883   1.7999669
   0.2655799  -2.3011820   0.7938305   1.2428391  -2.6167931   0.9671827
  -0.1652893  -2.6747124  -0.1031268  -0.3072759  -2.7396726   1.5988102
   1.1748488  -0.2975079  -0.3443860   2.2871850   0.1798127  -0.0871385
   0.7406974  -0.4648221  -1.5925888  -0.2025486  -0.8252089  -1.6938915
   1.4210898  -0.1229674  -2.8221143   1.1426131   0.8768631  -3.1526134
   2.5148353  -0.3494773  -2.7530688   1.0886061  -0.7791346  -3.6145500
  -0.7903518   0.5510399   0.0356760   0.0193180   0.1250086   0.4754087
  -0.0155372   0.6105793   0.4315235  -0.0402798   0.2779048  -0.5334473
  -0.0536039   0.1683626   0.3412023  -0.3510580  -0.4060557   0.4047114
   0.0196120  -0.4372811   0.1046544   1.2374695  -0.4999571  -0.5196952
  -0.0354149   0.1803240   0.1437765   1.4183061   0.8141522   0.4957957
  -0.0622810   0.2517931  -0.0342554   0.4242972   1.1707118  -0.1556186
   0.0865408   0.5044364   0.5513675   1.1876425   0.1525045   1.1782284
   0.2492978  -0.2543493   0.0127639   0.0944088   0.2727535  -0.1286839
   0.3575708  -0.0967835   0.0054372   1.4586398   0.1283075  -1.1899158
   0.0201808   0.1599160   0.0507179   0.0486083  -0.0183463   0.2762519
  -1.4732790   0.5058734  -2.2131189   0.0470988  -1.3174950   0.4998734
