default_name                                                                    
   22  0.2000000E+02
  -4.0393142   1.5697722   0.5636184  -3.1643826   1.4441257   1.2423905
  -3.3926511   0.9664093   2.2178742  -2.7508317   2.4196881   1.5524459
  -2.1070705   0.5904997   0.6030341  -2.3904584  -0.0660798  -0.3717398
  -0.9212807   0.5366806   1.2084338  -0.8226362   1.0861904   2.0180062
   0.3176055  -0.2107836   0.8292026   1.0677476   0.2863124   1.4446381
   0.1144666  -1.6151430   1.3610137   1.1233681  -2.0814616   1.4706516
  -0.6443296  -2.1091084   0.7903286  -0.2581158  -1.6088778   2.4099048
   1.0488103  -0.0315576  -0.5594264   1.9708556  -0.8352469  -0.9005850
   0.6822693   0.9820946  -1.3141355  -0.0664949   1.5555973  -0.9593240
   1.1669801   1.2526167  -2.6776687   2.2257484   0.9748138  -2.7364413
   0.5700321   0.5493502  -3.3621364   1.1052856   2.3029997  -2.8943421
   0.2019809  -0.8514158   0.1932183  -0.1124925  -0.0597727   0.3729370
  -0.0414560   0.5375560   0.3037140  -0.0322970   0.5725015   0.4872193
   0.1603403   0.2230247   0.1400667  -0.0789400   0.0448609   0.0230556
   0.0823902   0.0162971  -0.5240148  -0.2796797   0.5008284   0.3706472
   0.1422701  -0.0356668   0.5322230  -0.1528619  -1.8500895   1.3675452
   0.5733237  -0.3249502  -0.1207740  -1.7110656  -0.3971530  -0.3719166
   0.8847375  -0.8005342   0.7136956  -0.0432286  -0.2953352  -0.5630791
  -0.2953347  -0.2139584   0.1315756  -0.0852194  -0.1078697  -0.0503570
  -0.0802771   0.2025307   0.2833069  -0.9819907   0.3780456   0.9098703
  -0.5340252  -0.2681121   0.1392102   0.2286402   0.7274141   1.2058999
  -0.0499627  -0.7464715   0.1943959   1.9297104   0.3167104   0.1291089
