default_name                                                                    
   22  0.2000000E+02
  -3.8661478   0.3183292   0.3125859  -3.0559219   0.7123655   0.8819096
  -3.4007829   0.6259006   1.9128730  -2.8175006   1.7391077   0.6906347
  -1.8318654  -0.2097610   0.6599522  -2.0020719  -1.2546032   0.0363148
  -0.6520440   0.2110603   1.1313781  -0.5941208   1.0048590   1.7359933
   0.5512995  -0.5685722   1.0091421   1.2863802   0.1272789   1.4553049
   0.5457031  -1.6601531   2.0169778   1.5417235  -2.1563650   1.9595330
  -0.2506203  -2.4523192   1.8287288   0.4210921  -1.1845800   3.0027266
   1.1504413  -0.7712416  -0.4085516   2.0998173  -1.5190838  -0.6514735
   0.6820672  -0.0249982  -1.4001512  -0.0786352   0.5546086  -1.1345830
   1.4903426   0.4708650  -2.5243587   2.4570798   0.5985928  -2.0930998
   1.5228272  -0.2330190  -3.3526608   1.0811871   1.3989934  -2.9801695
   0.6280819  -0.1268503  -0.6900713  -0.1199546   0.4698406  -0.1302615
   0.1437995  -1.2000897   0.5747470  -0.2084761  -0.3182494   0.0161620
  -0.1345996  -0.0161377  -0.0066870   0.1671274  -0.2189003  -0.1366470
   0.3079825  -0.3396792   0.1686585  -0.2937875   0.0554624  -0.7021189
  -0.0389457  -0.1853347   0.2735492   0.6976695   0.5124569   0.2314693
  -0.0742487  -0.2509621   0.0202478   0.7999841  -1.1354759  -1.1077781
   0.4043237  -0.3718526   0.0915758  -0.9897154   0.1515683   0.6121479
  -0.1301716   0.0480820  -0.1485798  -0.1161272   0.1930981  -0.3070651
  -0.1291389  -0.0053014   0.5077870   0.1559237  -1.8931790  -0.4665494
   0.3036046   0.1462375   0.1725451  -0.4569810  -0.2325099   0.2130946
   0.9847055   1.7887616   0.4246655  -1.3141056   0.9449549   0.6493333
