default_name                                                                    
   22  0.2000000E+02
  -3.6255635   1.3934147   1.3684688  -3.2748477   0.4551209   0.9463245
  -3.7491676   0.1716393  -0.0171263  -3.3965645  -0.2399686   1.7049988
  -1.7553327   0.7017696   0.7989266  -1.4129410   1.7072301   0.1355066
  -0.9361931  -0.1825339   1.2972614  -1.3881821  -0.9188917   1.8068700
   0.5201887  -0.3505857   1.1721263   0.9567999   0.5203474   1.6902374
   0.8139527  -1.7101360   1.8820109   1.8315739  -1.9527195   1.7480348
   0.2365913  -2.5191344   1.4868153   0.6095831  -1.6805106   2.9851510
   1.0419927  -0.2677452  -0.2970501   2.2548850   0.0063858  -0.4266765
   0.1734136  -0.3824266  -1.3348869  -0.7655792  -0.6439856  -1.0797709
   0.5629956  -0.2213551  -2.6868637  -0.4247622  -0.2154155  -3.1747235
   1.0743034   0.7370380  -2.8240899   1.0698748  -1.0045887  -3.1331280
   0.9348861   0.9243408   0.7420100  -0.5203823   0.0679554   0.1999504
   0.4685029   1.1019565   1.0404158   0.9772045  -0.4346348   0.4197396
   0.1693684   0.3002518  -0.1437191  -0.2345441  -0.1009399   0.0216642
   0.0034286  -0.2566216   0.1351490   0.8386300   0.6780112   0.2325607
  -0.1419715   0.2446198   0.3079375  -0.9256049  -0.2349123   0.3227847
   0.0922892  -0.3007837  -0.4280160   0.8225186  -0.1025052   1.1664710
   0.1436882  -0.8539405  -0.1691542   0.7821985  -0.4624433   0.7224266
   0.2004048   0.2743070  -0.0312838   0.0864694  -0.1107561  -0.0625169
   0.2721329   0.3935773   0.0422885  -1.4131736  -0.2875583   1.4365864
   0.3067976   0.4327530  -0.2742381   0.3462764   0.4549304   0.3897937
   1.0634474   0.0747087  -0.9049013   0.5006326   0.9946270   0.7069534
