default_name                                                                    
  -3.666   1.095   0.714  -2.738   1.226   1.265  -2.898   0.961   2.305  -2.418
   2.262   1.192  -1.668   0.333   0.686  -1.922  -0.391  -0.274  -0.480   0.382
   1.292  -0.391   1.017   2.075   0.713  -0.419   0.961   1.495  -0.090   1.649
   0.436  -1.903   1.272   1.372  -2.463   1.250  -0.241  -2.332   0.529   0.006
  -2.008   2.262   1.317  -0.211  -0.458   2.224  -0.951  -0.859   0.852   0.805
  -1.204   0.099   1.354  -0.816   1.326   1.161  -2.542   2.393   1.395  -2.506
   1.170   0.327  -3.223   0.779   2.035  -2.916
  -3.650   1.069   0.732  -2.735   1.221   1.278  -2.918   0.970   2.321  -2.402
   2.252   1.194  -1.670   0.326   0.685  -1.921  -0.377  -0.285  -0.490   0.354
   1.306  -0.414   0.971   2.099   0.700  -0.439   0.958   1.489  -0.117   1.637
   0.441  -1.923   1.291   1.373  -2.489   1.275  -0.264  -2.333   0.580   0.037
  -1.997   2.296   1.300  -0.218  -0.462   2.215  -0.958  -0.864   0.838   0.788
  -1.209   0.118   1.359  -0.793   1.315   1.150  -2.539   2.372   1.421  -2.504
   1.182   0.309  -3.218   0.738   1.997  -2.936
  -3.672   1.096   0.724  -2.729   1.215   1.241  -2.839   1.011   2.295  -2.409
   2.241   1.165  -1.663   0.320   0.661  -1.907  -0.392  -0.305  -0.490   0.349
   1.288  -0.400   0.984   2.067   0.700  -0.447   0.966   1.482  -0.098   1.624
   0.441  -1.921   1.319   1.380  -2.484   1.301  -0.226  -2.373   0.585  -0.017
  -1.983   2.315   1.282  -0.232  -0.456   2.189  -0.967  -0.852   0.807   0.757
  -1.208   0.041   1.305  -0.840   1.318   1.134  -2.529   2.373   1.386  -2.470
   1.197   0.301  -3.201   0.761   1.993  -2.918
  -3.626   1.101   0.687  -2.712   1.230   1.254  -2.856   0.951   2.302  -2.386
   2.256   1.179  -1.670   0.335   0.677  -1.923  -0.378  -0.302  -0.495   0.347
   1.303  -0.410   0.971   2.100   0.705  -0.452   0.985   1.497  -0.116   1.661
   0.432  -1.926   1.327   1.352  -2.489   1.286  -0.272  -2.361   0.617   0.017
  -2.022   2.338   1.290  -0.246  -0.433   2.181  -0.985  -0.852   0.816   0.747
  -1.201   0.051   1.305  -0.846   1.333   1.109  -2.523   2.386   1.406  -2.476
   1.198   0.282  -3.216   0.781   1.980  -2.899
  -3.648   1.118   0.711  -2.713   1.250   1.252  -2.894   0.959   2.294  -2.382
   2.276   1.216  -1.670   0.327   0.700  -1.902  -0.359  -0.275  -0.492   0.324
   1.314  -0.415   0.926   2.117   0.680  -0.448   0.946   1.450  -0.068   1.616
   0.437  -1.918   1.325   1.391  -2.452   1.261  -0.297  -2.380   0.673   0.054
  -1.987   2.339   1.269  -0.262  -0.472   2.196  -0.994  -0.862   0.805   0.749
  -1.232   0.044   1.275  -0.837   1.330   1.107  -2.552   2.379   1.396  -2.511
   1.213   0.251  -3.238   0.750   1.951  -2.953
  -3.639   1.167   0.696  -2.728   1.246   1.292  -2.955   0.959   2.314  -2.344
   2.272   1.257  -1.675   0.323   0.709  -1.914  -0.373  -0.264  -0.494   0.329
   1.342  -0.420   0.911   2.177   0.687  -0.459   0.959   1.475  -0.100   1.639
   0.448  -1.925   1.336   1.351  -2.484   1.199  -0.313  -2.331   0.699   0.187
  -2.029   2.388   1.271  -0.256  -0.466   2.142  -1.005  -0.886   0.816   0.742
  -1.240   0.076   1.300  -0.839   1.293   1.062  -2.586   2.346   1.351  -2.539
   1.166   0.226  -3.264   0.735   1.883  -2.991
  -3.607   1.120   0.745  -2.702   1.231   1.330  -2.867   0.938   2.369  -2.348
   2.264   1.237  -1.668   0.323   0.748  -1.914  -0.338  -0.268  -0.464   0.339
   1.323  -0.368   0.943   2.105   0.700  -0.459   0.967   1.490  -0.099   1.617
   0.446  -1.930   1.341   1.358  -2.526   1.322  -0.303  -2.372   0.691   0.076
  -1.998   2.370   1.280  -0.277  -0.473   2.157  -1.044  -0.870   0.795   0.718
  -1.230   0.078   1.282  -0.824   1.286   1.064  -2.583   2.339   1.315  -2.584
   1.153   0.217  -3.256   0.723   1.920  -2.968
  -3.659   1.129   0.756  -2.718   1.244   1.308  -2.896   0.963   2.337  -2.373
   2.267   1.172  -1.655   0.327   0.728  -1.927  -0.389  -0.220  -0.459   0.353
   1.321  -0.363   0.997   2.109   0.722  -0.457   0.989   1.512  -0.128   1.673
   0.448  -1.919   1.322   1.368  -2.514   1.169  -0.337  -2.332   0.708   0.226
  -1.990   2.393   1.276  -0.296  -0.457   2.168  -1.042  -0.877   0.765   0.661
  -1.242   0.051   1.245  -0.836   1.296   1.023  -2.551   2.356   1.248  -2.468
   1.136   0.201  -3.259   0.765   1.893  -2.924
  -3.605   1.183   0.731  -2.703   1.246   1.332  -2.895   0.895   2.344  -2.363
   2.263   1.334  -1.642   0.335   0.732  -1.909  -0.417  -0.203  -0.446   0.378
   1.317  -0.348   0.963   2.151   0.739  -0.450   0.968   1.558  -0.120   1.587
   0.470  -1.902   1.373   1.411  -2.480   1.319  -0.268  -2.351   0.694   0.111
  -1.900   2.410   1.273  -0.303  -0.480   2.173  -1.051  -0.893   0.776   0.686
  -1.246   0.061   1.270  -0.829   1.250   1.041  -2.584   2.305   1.298  -2.532
   1.048   0.249  -3.303   0.703   1.911  -2.944
  -3.635   1.193   0.787  -2.678   1.210   1.331  -2.852   0.922   2.353  -2.328
   2.226   1.306  -1.635   0.292   0.736  -1.929  -0.422  -0.214  -0.447   0.368
   1.314  -0.324   0.989   2.102   0.715  -0.461   0.962   1.516  -0.102   1.611
   0.479  -1.922   1.378   1.418  -2.505   1.290  -0.298  -2.354   0.746   0.146
  -1.978   2.420   1.250  -0.303  -0.477   2.195  -1.017  -0.856   0.778   0.694
  -1.241  -0.024   1.219  -0.930   1.245   1.055  -2.602   2.319   1.235  -2.575
   1.028   0.243  -3.291   0.733   1.963  -2.934
  -3.578   1.175   0.723  -2.707   1.223   1.360  -2.948   0.892   2.348  -2.373
   2.290   1.365  -1.634   0.356   0.734  -1.947  -0.369  -0.198  -0.427   0.379
   1.320  -0.319   0.974   2.137   0.755  -0.458   0.975   1.558  -0.125   1.668
   0.472  -1.914   1.349   1.398  -2.471   1.284  -0.272  -2.343   0.657   0.107
  -1.969   2.377   1.270  -0.282  -0.477   2.190  -1.005  -0.878   0.743   0.682
  -1.262   0.013   1.281  -0.890   1.253   1.012  -2.605   2.327   1.244  -2.520
   1.130   0.168  -3.289   0.727   1.851  -3.000
  -3.601   1.113   0.800  -2.685   1.200   1.350  -2.855   0.948   2.397  -2.355
   2.239   1.327  -1.620   0.339   0.755  -1.902  -0.360  -0.221  -0.413   0.390
   1.333  -0.293   1.015   2.113   0.746  -0.472   0.983   1.520  -0.138   1.666
   0.428  -1.952   1.335   1.343  -2.529   1.334  -0.328  -2.348   0.653   0.062
  -2.065   2.354   1.287  -0.265  -0.497   2.204  -1.008  -0.914   0.755   0.681
  -1.282   0.073   1.289  -0.864   1.245   1.004  -2.612   2.326   1.190  -2.600
   1.008   0.170  -3.302   0.739   1.910  -2.953
  -3.570   1.243   0.840  -2.654   1.282   1.411  -2.829   0.907   2.439  -2.279
   2.275   1.452  -1.619   0.390   0.756  -1.897  -0.304  -0.224  -0.420   0.383
   1.346  -0.347   0.985   2.112   0.745  -0.436   0.980   1.568  -0.137   1.612
   0.433  -1.903   1.327   1.321  -2.513   1.214  -0.367  -2.312   0.679   0.080
  -1.976   2.350   1.311  -0.259  -0.447   2.165  -1.029  -0.892   0.809   0.682
  -1.246   0.162   1.338  -0.860   1.259   0.984  -2.610   2.347   1.201  -2.574
   1.071   0.158  -3.304   0.706   1.821  -3.016
  -3.508   1.300   0.815  -2.592   1.307   1.391  -2.850   1.103   2.448  -2.238
   2.314   1.324  -1.556   0.372   0.830  -1.888  -0.342  -0.141  -0.343   0.420
   1.362  -0.287   0.971   2.201   0.807  -0.416   0.961   1.627  -0.079   1.608
   0.488  -1.872   1.344   1.378  -2.473   1.207  -0.292  -2.258   0.696   0.144
  -1.973   2.375   1.304  -0.242  -0.483   2.159  -0.989  -0.948   0.791   0.710
  -1.265   0.053   1.265  -0.805   1.169   0.999  -2.634   2.221   1.260  -2.686
   1.018   0.115  -3.274   0.618   1.860  -2.987
  -3.558   1.088   0.883  -2.635   1.240   1.428  -2.803   0.915   2.467  -2.280
   2.255   1.438  -1.562   0.362   0.791  -1.891  -0.365  -0.154  -0.331   0.410
   1.354  -0.148   1.092   2.094   0.814  -0.431   0.947   1.660  -0.107   1.584
   0.533  -1.894   1.305   1.434  -2.512   1.209  -0.194  -2.354   0.645   0.091
  -1.946   2.325   1.298  -0.214  -0.521   2.125  -1.006  -0.988   0.828   0.804
  -1.224   0.155   1.393  -0.807   1.175   1.049  -2.639   2.247   1.181  -2.732
   0.892   0.180  -3.245   0.670   1.941  -3.062
  -3.540   1.180   0.779  -2.633   1.243   1.394  -2.825   0.993   2.427  -2.289
   2.267   1.338  -1.609   0.324   0.824  -1.894  -0.402  -0.140  -0.367   0.410
   1.339  -0.286   1.004   2.152   0.832  -0.369   0.928   1.660  -0.058   1.559
   0.556  -1.847   1.344   1.417  -2.469   1.196  -0.244  -2.225   0.724   0.266
  -1.854   2.420   1.357  -0.184  -0.520   2.170  -1.011  -0.970   0.861   0.811
  -1.241   0.217   1.457  -0.806   1.182   1.054  -2.676   2.261   1.060  -2.825
   0.815   0.196  -3.273   0.732   1.983  -3.074
  -3.585   1.191   0.914  -2.632   1.232   1.476  -2.778   0.879   2.508  -2.303
   2.281   1.487  -1.573   0.329   0.834  -1.890  -0.354  -0.127  -0.340   0.410
   1.342  -0.196   1.100   2.053   0.852  -0.381   0.963   1.694  -0.009   1.576
   0.572  -1.883   1.327   1.480  -2.419   1.067  -0.278  -2.234   0.729   0.322
  -1.922   2.388   1.389  -0.178  -0.490   2.223  -0.940  -0.946   0.878   0.746
  -1.249   0.207   1.357  -0.823   1.226   1.029  -2.635   2.312   1.038  -2.802
   0.748   0.282  -3.232   0.801   1.989  -2.945
  -3.543   1.252   0.778  -2.654   1.233   1.470  -2.904   0.729   2.418  -2.286
   2.260   1.622  -1.553   0.410   0.798  -1.843  -0.271  -0.198  -0.332   0.455
   1.357  -0.233   1.039   2.177   0.834  -0.375   0.933   1.618   0.035   1.577
   0.604  -1.842   1.326   1.505  -2.420   1.220  -0.157  -2.281   0.676   0.264
  -1.921   2.342   1.369  -0.204  -0.494   2.290  -0.925  -0.933   0.918   0.816
  -1.249   0.167   1.335  -0.830   1.239   1.056  -2.641   2.314   0.951  -2.852
   0.696   0.372  -3.287   0.893   2.045  -2.889
  -3.499   1.266   0.763  -2.662   1.211   1.441  -2.951   0.686   2.342  -2.305
   2.209   1.660  -1.574   0.399   0.762  -1.863  -0.287  -0.220  -0.352   0.427
   1.285  -0.260   1.072   2.049   0.849  -0.412   0.945   1.673  -0.026   1.568
   0.623  -1.872   1.366   1.549  -2.422   1.300  -0.120  -2.347   0.726   0.245
  -1.916   2.393   1.376  -0.218  -0.512   2.274  -0.942  -0.944   0.935   0.821
  -1.245   0.213   1.378  -0.836   1.255   1.075  -2.679   2.310   0.905  -2.921
   0.669   0.327  -3.230   0.949   2.092  -2.987
  -3.466   1.293   0.801  -2.617   1.205   1.424  -2.846   0.733   2.355  -2.224
   2.207   1.598  -1.557   0.375   0.725  -1.847  -0.329  -0.246  -0.324   0.434
   1.249  -0.201   1.088   2.016   0.842  -0.403   0.923   1.606  -0.009   1.617
   0.540  -1.825   1.333   1.448  -2.408   1.348  -0.142  -2.303   0.634   0.112
  -1.865   2.312   1.441  -0.214  -0.512   2.331  -0.905  -0.977   0.998   0.860
  -1.209   0.193   1.335  -0.769   1.225   1.130  -2.622   2.286   1.117  -2.864
   0.790   0.416  -3.280   0.791   2.074  -2.875
  -3.469   1.234   0.727  -2.595   1.201   1.384  -2.890   0.807   2.348  -2.192
   2.211   1.494  -1.558   0.360   0.740  -1.852  -0.286  -0.251  -0.321   0.454
   1.216  -0.150   1.153   1.923   0.865  -0.378   0.868   1.653  -0.091   1.595
   0.580  -1.835   1.275   1.453  -2.455   1.238  -0.206  -2.219   0.586   0.194
  -1.898   2.304   1.454  -0.190  -0.556   2.372  -0.904  -0.964   0.950   0.831
  -1.262   0.097   1.227  -0.897   1.245   1.157  -2.659   2.300   1.034  -2.836
   0.668   0.482  -3.310   0.952   2.188  -2.868
  -3.542   1.159   0.794  -2.628   1.208   1.384  -2.857   0.808   2.364  -2.283
   2.220   1.545  -1.552   0.387   0.701  -1.805  -0.295  -0.252  -0.345   0.456
   1.278  -0.229   1.031   2.093   0.823  -0.329   0.912   1.624  -0.023   1.558
   0.570  -1.812   1.266   1.486  -2.397   1.128  -0.166  -2.221   0.632   0.212
  -1.945   2.297   1.387  -0.152  -0.528   2.284  -0.883  -0.917   0.942   0.848
  -1.295   0.212   1.413  -0.903   1.317   1.075  -2.699   2.416   0.955  -2.813
   0.867   0.361  -3.370   1.081   2.105  -3.031
  -3.494   1.163   0.723  -2.643   1.149   1.380  -2.919   0.678   2.292  -2.445
   2.172   1.581  -1.512   0.367   0.730  -1.797  -0.346  -0.240  -0.283   0.442
   1.319  -0.118   1.117   2.080   0.893  -0.340   0.928   1.727   0.026   1.557
   0.585  -1.842   1.239   1.520  -2.392   1.209  -0.088  -2.234   0.481   0.210
  -1.914   2.255   1.462  -0.109  -0.513   2.325  -0.869  -0.881   0.941   0.820
  -1.361   0.314   1.487  -0.928   1.406   1.153  -2.703   2.484   0.988  -2.759
   0.945   0.491  -3.450   1.127   2.183  -3.018
  -3.423   1.213   0.556  -2.632   1.209   1.313  -2.957   0.660   2.212  -2.282
   2.217   1.554  -1.488   0.393   0.758  -1.781  -0.317  -0.222  -0.283   0.450
   1.315  -0.243   1.054   2.125   0.879  -0.361   0.961   1.675  -0.043   1.635
   0.688  -1.840   1.302   1.600  -2.382   1.228  -0.081  -2.283   0.685   0.324
  -1.836   2.335   1.424  -0.171  -0.491   2.360  -0.868  -0.945   0.891   0.765
  -1.294   0.096   1.275  -0.909   1.314   1.113  -2.706   2.393   1.109  -2.740
   0.845   0.428  -3.412   0.989   2.137  -2.893
  -3.532   1.034   0.728  -2.650   1.119   1.362  -2.883   0.748   2.353  -2.335
   2.181   1.394  -1.497   0.318   0.706  -1.793  -0.300  -0.297  -0.309   0.403
   1.331  -0.245   1.026   2.126   0.888  -0.348   0.949   1.680   0.069   1.566
   0.605  -1.854   1.268   1.484  -2.458   1.143  -0.157  -2.254   0.602   0.310
  -1.931   2.301   1.425  -0.139  -0.486   2.347  -0.868  -0.915   0.902   0.857
  -1.240   0.121   1.320  -0.883   1.298   1.121  -2.631   2.405   1.054  -2.690
   0.840   0.441  -3.362   1.036   2.120  -2.886
  -3.501   1.089   0.746  -2.632   1.155   1.368  -2.821   0.747   2.374  -2.299
   2.181   1.451  -1.505   0.356   0.755  -1.680  -0.278  -0.278  -0.323   0.427
   1.355  -0.254   1.055   2.184   0.867  -0.381   0.999   1.724  -0.180   1.637
   0.484  -1.881   1.208   1.437  -2.457   1.210  -0.155  -2.232   0.388   0.003
  -2.003   2.185   1.390  -0.156  -0.442   2.327  -0.858  -0.857   0.878   0.811
  -1.237   0.042   1.259  -0.941   1.343   1.165  -2.605   2.403   0.940  -2.674
   0.900   0.523  -3.351   1.189   2.237  -2.807
  -3.481   1.166   0.689  -2.627   1.202   1.355  -2.969   0.741   2.319  -2.279
   2.232   1.593  -1.531   0.303   0.829  -1.732  -0.335  -0.203  -0.302   0.405
   1.363  -0.137   1.007   2.160   0.859  -0.366   0.921   1.644  -0.091   1.634
   0.539  -1.877   1.143   1.422  -2.496   1.220  -0.024  -2.276   0.264  -0.058
  -2.026   2.033   1.400  -0.097  -0.483   2.341  -0.773  -0.921   0.904   0.871
  -1.223   0.030   1.228  -0.932   1.356   1.192  -2.539   2.432   1.006  -2.652
   0.816   0.587  -3.259   1.115   2.248  -2.744
  -3.436   1.249   0.682  -2.640   1.174   1.424  -3.063   0.667   2.308  -2.272
   2.177   1.705  -1.535   0.342   0.785  -1.750  -0.297  -0.275  -0.313   0.366
   1.331  -0.197   0.961   2.143   0.872  -0.396   0.919   1.603  -0.038   1.637
   0.589  -1.871   1.161   1.501  -2.430   1.060  -0.134  -2.253   0.453   0.188
  -2.059   2.112   1.402  -0.154  -0.549   2.344  -0.807  -0.971   0.879   0.871
  -1.242   0.143   1.420  -0.787   1.242   1.229  -2.617   2.320   0.918  -2.829
   0.568   0.720  -3.283   1.151   2.318  -2.768
  -3.487   1.296   0.923  -2.563   1.189   1.442  -2.834   0.789   2.440  -2.186
   2.183   1.654  -1.520   0.368   0.733  -1.759  -0.293  -0.283  -0.292   0.364
   1.335  -0.179   1.006   2.101   0.878  -0.421   0.877   1.696  -0.155   1.563
   0.541  -1.893   1.112   1.468  -2.473   0.995  -0.133  -2.302   0.382   0.162
  -2.004   2.138   1.489  -0.078  -0.541   2.354  -0.815  -1.006   0.941   0.941
  -1.216   0.234   1.490  -0.771   1.313   1.262  -2.609   2.368   1.033  -2.777
   0.721   0.595  -3.239   1.014   2.323  -2.751
  -3.495   1.231   0.655  -2.631   1.249   1.328  -2.927   0.884   2.327  -2.333
   2.260   1.441  -1.533   0.386   0.732  -1.802  -0.223  -0.297  -0.303   0.385
   1.298  -0.226   1.011   2.089   0.851  -0.403   0.869   1.677  -0.111   1.524
   0.558  -1.936   1.102   1.451  -2.548   1.081  -0.069  -2.256   0.292   0.125
  -2.120   2.105   1.407  -0.080  -0.557   2.291  -0.812  -0.966   1.015   1.011
  -1.242   0.294   1.565  -0.837   1.406   1.313  -2.626   2.483   1.358  -2.724
   1.018   0.578  -3.351   1.071   2.318  -2.871
  -3.441   1.472   0.676  -2.563   1.317   1.285  -2.775   0.802   2.229  -2.228
   2.356   1.476  -1.516   0.399   0.647  -1.742  -0.213  -0.397  -0.351   0.350
   1.295  -0.229   0.943   2.088   0.810  -0.378   0.846   1.668  -0.011   1.475
   0.595  -1.866   1.096   1.549  -2.420   0.986  -0.084  -2.327   0.388   0.257
  -1.992   2.146   1.492  -0.045  -0.570   2.338  -0.814  -0.999   1.071   1.042
  -1.262   0.398   1.671  -0.833   1.477   1.311  -2.681   2.600   1.412  -2.729
   1.154   0.460  -3.316   1.081   2.228  -3.079
  -3.354   1.730   0.549  -2.578   1.387   1.257  -3.101   0.891   2.048  -2.124
   2.313   1.699  -1.549   0.491   0.614  -1.779  -0.200  -0.394  -0.332   0.421
   1.193  -0.167   0.871   2.070   0.863  -0.388   0.767   1.705  -0.094   1.378
   0.661  -1.885   1.069   1.583  -2.409   0.788  -0.120  -2.230   0.486   0.503
  -1.987   2.139   1.417  -0.021  -0.626   2.281  -0.773  -1.074   0.988   1.036
  -1.305   0.401   1.760  -0.861   1.475   1.300  -2.693   2.552   1.440  -2.696
   1.301   0.439  -3.343   0.995   2.146  -3.142
  -3.399   1.431   0.612  -2.536   1.356   1.291  -2.832   0.872   2.280  -2.117
   2.348   1.507  -1.518   0.469   0.618  -1.854  -0.179  -0.368  -0.336   0.439
   1.201  -0.187   1.046   2.023   0.826  -0.388   0.765   1.628  -0.093   1.437
   0.618  -1.864   1.089   1.488  -2.491   0.833  -0.231  -2.285   0.553   0.385
  -2.022   2.160   1.490  -0.077  -0.605   2.377  -0.804  -1.052   1.065   0.994
  -1.327   0.280   1.526  -0.973   1.498   1.353  -2.678   2.535   1.633  -2.597
   1.435   0.540  -3.417   0.872   2.118  -3.058
  -3.356   1.448   0.442  -2.592   1.328   1.223  -3.045   0.859   2.128  -2.120
   2.318   1.403  -1.567   0.398   0.596  -1.899  -0.218  -0.427  -0.350   0.360
   1.156  -0.256   0.827   2.053   0.842  -0.424   0.755   1.521  -0.156   1.544
   0.590  -1.935   1.036   1.475  -2.544   0.758  -0.281  -2.316   0.431   0.463
  -2.053   2.118   1.565  -0.109  -0.612   2.577  -0.710  -0.985   1.047   0.971
  -1.264   0.296   1.497  -0.818   1.522   1.465  -2.561   2.507   1.930  -2.498
   1.494   0.602  -3.249   0.847   2.184  -2.936
  -3.526   1.263   0.575  -2.626   1.305   1.205  -2.911   0.949   2.202  -2.226
   2.301   1.410  -1.546   0.425   0.516  -1.866  -0.210  -0.520  -0.359   0.284
   1.162  -0.265   0.724   2.043   0.891  -0.442   0.780   1.648  -0.242   1.516
   0.580  -1.929   1.049   1.369  -2.595   0.736  -0.294  -2.262   0.482   0.308
  -2.078   2.137   1.595  -0.070  -0.526   2.552  -0.717  -0.948   1.083   0.984
  -1.233   0.189   1.348  -0.888   1.572   1.499  -2.506   2.631   1.817  -2.394
   1.479   0.748  -3.267   0.971   2.340  -2.806
  -3.523   1.205   0.676  -2.527   1.254   1.238  -2.683   0.880   2.262  -2.181
   2.267   1.240  -1.504   0.364   0.571  -1.799  -0.201  -0.495  -0.277   0.371
   1.164  -0.236   0.947   2.050   0.928  -0.447   0.781   1.702  -0.321   1.528
   0.599  -1.955   1.024   1.459  -2.557   0.654  -0.267  -2.207   0.393   0.256
  -2.148   2.052   1.575  -0.081  -0.578   2.510  -0.777  -0.996   1.061   0.953
  -1.246   0.342   1.434  -0.749   1.486   1.431  -2.522   2.602   1.451  -2.440
   1.152   0.745  -3.342   1.042   2.444  -2.688
  -3.476   1.072   0.601  -2.573   1.258   1.201  -2.822   0.892   2.191  -2.281
   2.318   1.114  -1.483   0.374   0.560  -1.732  -0.219  -0.500  -0.329   0.317
   1.206  -0.256   0.792   2.108   0.884  -0.502   0.804   1.634  -0.274   1.558
   0.579  -2.020   0.985   1.501  -2.572   0.910  -0.140  -2.343   0.214   0.241
  -2.240   2.013   1.547  -0.150  -0.552   2.474  -0.861  -0.914   1.040   0.903
  -1.207   0.306   1.380  -0.772   1.501   1.439  -2.482   2.571   1.525  -2.503
   1.208   0.819  -3.339   1.180   2.458  -2.637
  -3.532   1.057   0.763  -2.581   1.184   1.200  -2.611   0.869   2.247  -2.319
   2.233   1.139  -1.562   0.292   0.572  -1.808  -0.267  -0.473  -0.393   0.243
   1.171  -0.319   0.717   2.045   0.839  -0.511   0.803   1.527  -0.329   1.616
   0.568  -2.014   0.890   1.518  -2.549   0.884  -0.149  -2.333   0.065   0.076
  -2.263   1.823   1.647  -0.101  -0.456   2.494  -0.847  -0.942   1.183   0.942
  -1.150   0.337   1.292  -0.744   1.585   1.447  -2.476   2.721   1.406  -2.560
   1.100   0.859  -3.237   1.259   2.453  -2.526
  -3.362   1.322   0.610  -2.446   1.320   1.152  -2.701   1.103   2.255  -2.072
   2.342   1.127  -1.487   0.354   0.551  -1.808  -0.316  -0.415  -0.307   0.300
   1.175  -0.203   0.851   2.025   0.869  -0.548   0.736   1.623  -0.365   1.506
   0.487  -2.033   0.909   1.353  -2.728   0.826  -0.249  -2.295   0.175  -0.017
  -2.168   1.866   1.571  -0.183  -0.552   2.502  -0.827  -1.017   1.129   0.926
  -1.195   0.421   1.481  -0.726   1.580   1.430  -2.495   2.658   1.498  -2.553
   1.153   0.761  -3.256   1.159   2.455  -2.595
  -3.401   1.339   0.646  -2.454   1.311   1.154  -2.597   1.245   2.229  -1.955
   2.283   0.921  -1.586   0.222   0.611  -1.852  -0.264  -0.499  -0.409   0.117
   1.147  -0.333   0.602   1.999   0.802  -0.636   0.705   1.553  -0.474   1.453
   0.572  -2.091   0.919   1.566  -2.558   0.923   0.023  -2.438   0.064   0.007
  -2.320   1.755   1.554  -0.271  -0.597   2.529  -0.928  -1.048   1.177   0.922
  -1.159   0.490   1.439  -0.657   1.549   1.389  -2.472   2.594   1.220  -2.632
   1.005   0.851  -3.252   1.299   2.428  -2.602
  -3.522   1.109   0.731  -2.590   1.351   1.210  -2.667   1.210   2.297  -2.284
   2.399   0.944  -1.538   0.376   0.582  -1.828  -0.227  -0.456  -0.371   0.184
   1.165  -0.219   0.546   2.111   0.776  -0.595   0.702   1.484  -0.381   1.481
   0.516  -2.104   0.816   1.460  -2.676   0.891  -0.009  -2.452  -0.076  -0.049
  -2.279   1.754   1.543  -0.239  -0.591   2.433  -0.968  -1.013   1.209   0.896
  -1.176   0.568   1.472  -0.685   1.504   1.394  -2.520   2.493   1.095  -2.881
   0.767   1.119  -3.266   1.554   2.477  -2.511
  -3.452   1.324   0.611  -2.546   1.233   1.158  -2.783   0.902   2.134  -2.191
   2.293   1.181  -1.549   0.241   0.509  -1.872  -0.345  -0.498  -0.356   0.066
   1.162  -0.110   0.655   1.960   0.843  -0.655   0.654   1.641  -0.525   1.416
   0.509  -2.132   0.732   1.462  -2.737   0.817  -0.015  -2.475  -0.219  -0.188
  -2.281   1.590   1.535  -0.220  -0.670   2.387  -0.947  -1.173   1.143   1.002
  -1.142   0.467   1.545  -0.590   1.449   1.354  -2.538   2.284   0.729  -2.905
   0.536   1.215  -3.207   1.759   2.365  -2.563
  -3.522   1.259   0.503  -2.537   1.218   1.074  -2.666   1.017   2.126  -2.038
   2.210   1.065  -1.487   0.198   0.448  -1.925  -0.433  -0.491  -0.296   0.150
   1.088  -0.180   0.717   1.922   0.881  -0.623   0.680   1.587  -0.548   1.483
   0.497  -2.099   0.699   1.418  -2.737   0.700  -0.217  -2.402  -0.121   0.015
  -2.318   1.633   1.546  -0.194  -0.635   2.396  -0.890  -1.177   1.091   0.945
  -1.165   0.462   1.537  -0.657   1.419   1.365  -2.488   2.135   0.682  -2.980
   0.470   1.473  -3.075   1.842   2.393  -2.372
  -3.499   1.199   0.651  -2.537   1.177   1.211  -2.758   0.802   2.210  -2.142
   2.189   1.362  -1.489   0.253   0.558  -1.839  -0.459  -0.436  -0.267   0.231
   1.098  -0.123   0.855   1.892   0.849  -0.643   0.707   1.551  -0.361   1.450
   0.576  -2.150   0.853   1.570  -2.628   0.677  -0.117  -2.449   0.033   0.266
  -2.331   1.846   1.548  -0.243  -0.641   2.454  -0.951  -1.145   1.068   0.885
  -1.193   0.369   1.437  -0.697   1.410   1.251  -2.540   2.276   0.651  -2.891
   0.570   1.174  -3.207   1.652   2.287  -2.590
  -3.528   0.899   0.910  -2.537   1.068   1.340  -2.475   0.821   2.406  -2.278
   2.079   1.182  -1.519   0.234   0.548  -1.892  -0.433  -0.439  -0.259   0.164
   1.100  -0.199   0.627   2.007   0.904  -0.683   0.736   1.709  -0.490   1.486
   0.540  -2.191   0.880   1.467  -2.824   0.827  -0.165  -2.502   0.052   0.133
  -2.299   1.887   1.612  -0.311  -0.565   2.540  -1.004  -1.069   1.150   0.782
  -1.205   0.444   1.317  -0.691   1.450   1.288  -2.498   2.107   0.622  -3.113
   0.481   1.439  -3.031   1.930   2.254  -2.402
  -3.500   1.027   0.778  -2.522   1.171   1.273  -2.522   0.968   2.359  -2.219
   2.236   1.104  -1.530   0.192   0.591  -1.881  -0.559  -0.324  -0.296   0.257
   1.029  -0.214   0.752   1.908   0.854  -0.660   0.702   1.621  -0.474   1.495
   0.447  -2.173   0.866   1.434  -2.648   0.845  -0.214  -2.476   0.078  -0.061
  -2.417   1.820   1.635  -0.275  -0.617   2.559  -0.970  -1.060   1.099   0.817
  -1.219   0.282   1.185  -0.745   1.460   1.269  -2.555   2.102   0.580  -3.035
   0.567   1.549  -3.126   2.080   2.135  -2.385
  -3.472   1.172   0.678  -2.546   1.192   1.214  -2.719   0.948   2.270  -2.132
   2.226   1.177  -1.551   0.217   0.591  -1.838  -0.550  -0.280  -0.360   0.172
   1.167  -0.167   0.769   1.947   0.785  -0.648   0.737   1.598  -0.465   1.520
   0.465  -2.154   0.821   1.383  -2.739   0.789  -0.145  -2.536   0.023  -0.047
  -2.345   1.732   1.539  -0.221  -0.544   2.495  -0.897  -1.028   1.098   0.863
  -1.243   0.318   1.342  -0.879   1.540   1.194  -2.603   2.034   0.364  -3.064
   0.683   1.454  -3.283   2.253   2.051  -2.463
  -3.358   1.301   0.552  -2.459   1.204   1.161  -2.780   0.982   2.192  -2.036
   2.172   1.095  -1.533   0.157   0.681  -1.845  -0.532  -0.283  -0.337   0.139
   1.241  -0.178   0.722   2.033   0.824  -0.636   0.698   1.599  -0.305   1.371
   0.610  -2.108   0.771   1.537  -2.704   0.614  -0.079  -2.469  -0.021   0.257
  -2.339   1.724   1.490  -0.296  -0.634   2.437  -0.976  -1.049   1.108   0.793
  -1.230   0.388   1.402  -0.797   1.494   1.195  -2.624   1.931   0.350  -3.147
   0.661   1.656  -3.188   2.296   1.947  -2.534
  -3.443   1.187   0.595  -2.527   1.266   1.165  -2.589   1.393   2.268  -2.060
   2.165   0.643  -1.562   0.130   0.711  -1.963  -0.623  -0.170  -0.320   0.139
   1.222  -0.141   0.813   1.948   0.902  -0.656   0.773   1.594  -0.437   1.518
   0.609  -2.206   0.983   1.492  -2.778   0.792  -0.153  -2.617   0.328   0.355
  -2.259   2.033   1.529  -0.249  -0.574   2.356  -1.029  -1.077   1.148   0.863
  -1.199   0.507   1.461  -0.698   1.504   1.314  -2.588   1.989   0.513  -3.117
   0.614   1.626  -3.124   2.231   2.151  -2.481
  -3.560   0.983   0.754  -2.578   1.185   1.193  -2.539   1.112   2.311  -2.202
   2.199   0.833  -1.582   0.174   0.722  -1.925  -0.608  -0.152  -0.319   0.181
   1.208  -0.125   0.793   1.985   0.858  -0.618   0.791   1.614  -0.341   1.486
   0.611  -2.145   1.020   1.534  -2.691   0.795  -0.171  -2.607   0.393   0.306
  -2.393   2.004   1.481  -0.282  -0.620   2.357  -1.026  -1.132   1.131   0.857
  -1.210   0.465   1.454  -0.726   1.445   1.241  -2.600   1.918   0.443  -3.129
   0.572   1.613  -3.066   2.185   2.081  -2.617
  -3.484   0.816   0.823  -2.566   1.141   1.237  -2.608   1.156   2.291  -2.318
   2.121   0.879  -1.603   0.144   0.691  -1.946  -0.619  -0.183  -0.382   0.142
   1.183  -0.201   0.956   1.808   0.772  -0.642   0.782   1.572  -0.306   1.435
   0.513  -2.149   1.018   1.413  -2.672   0.785  -0.245  -2.483   0.296   0.248
  -2.348   2.046   1.460  -0.295  -0.597   2.317  -1.066  -1.090   1.120   0.836
  -1.249   0.493   1.478  -0.744   1.700   1.236  -2.541   2.033   0.379  -3.157
   0.983   1.782  -3.115   2.559   1.914  -2.461
  -3.553   1.025   0.859  -2.567   1.155   1.333  -2.650   1.076   2.422  -2.243
   2.143   1.091  -1.565   0.181   0.694  -1.929  -0.495  -0.252  -0.333   0.162
   1.221  -0.209   0.674   2.043   0.835  -0.639   0.814   1.607  -0.354   1.510
   0.488  -2.099   1.069   1.392  -2.828   0.913  -0.269  -2.483   0.386   0.081
  -2.251   2.098   1.511  -0.297  -0.641   2.432  -1.045  -1.044   1.109   0.764
  -1.356   0.313   1.257  -0.989   1.752   1.244  -2.580   2.041   0.480  -3.269
   1.177   2.074  -3.067   2.601   1.786  -2.268
  -3.573   0.970   1.020  -2.589   1.076   1.432  -2.601   0.715   2.399  -2.241
   2.101   1.441  -1.496   0.312   0.641  -1.885  -0.446  -0.266  -0.267   0.252
   1.175  -0.122   0.778   2.005   0.803  -0.584   0.739   1.555  -0.408   1.582
   0.393  -2.101   0.936   1.286  -2.788   0.668  -0.411  -2.368   0.351   0.103
  -2.348   2.005   1.446  -0.306  -0.637   2.396  -1.079  -1.009   1.034   0.782
  -1.333   0.303   1.380  -0.962   1.770   1.186  -2.498   1.985   0.391  -3.175
   1.090   1.887  -3.091   2.716   1.630  -2.099
  -3.509   1.339   1.082  -2.490   1.224   1.488  -2.656   0.791   2.460  -1.943
   2.138   1.578  -1.607   0.303   0.722  -1.962  -0.434  -0.247  -0.358   0.285
   1.169  -0.133   0.866   1.948   0.677  -0.626   0.684   1.437  -0.379   1.401
   0.329  -2.095   0.948   1.098  -2.764   0.598  -0.517  -2.437   0.310  -0.047
  -2.347   1.931   1.418  -0.353  -0.607   2.324  -1.114  -1.019   1.087   0.733
  -1.308   0.260   1.242  -1.043   1.801   1.231  -2.529   2.024   0.345  -3.187
   1.227   1.976  -3.068   2.690   1.731  -2.271
  -3.570   1.149   1.038  -2.526   1.160   1.405  -2.494   0.875   2.475  -2.087
   2.143   1.315  -1.564   0.245   0.665  -2.040  -0.417  -0.255  -0.328   0.243
   1.124  -0.235   0.843   1.937   0.785  -0.637   0.798   1.516  -0.324   1.586
   0.306  -2.096   1.036   1.151  -2.816   0.909  -0.456  -2.365   0.330  -0.046
  -2.131   2.089   1.460  -0.306  -0.606   2.210  -1.163  -1.114   1.189   0.805
  -1.316   0.443   1.342  -0.881   1.699   1.261  -2.580   1.777   0.348  -3.221
   0.972   1.993  -3.031   2.689   1.714  -2.578
  -3.566   0.881   1.211  -2.535   1.086   1.514  -2.544   0.740   2.508  -2.246
   2.111   1.289  -1.551   0.299   0.786  -1.935  -0.441  -0.151  -0.286   0.397
   1.151  -0.072   1.116   1.889   0.764  -0.526   0.756   1.562  -0.338   1.497
   0.301  -2.008   1.040   1.207  -2.632   1.128  -0.439  -2.489   0.350  -0.256
  -1.979   1.947   1.478  -0.299  -0.574   2.310  -1.131  -0.972   1.129   0.829
  -1.269   0.569   1.437  -0.711   1.709   1.248  -2.603   1.867   0.361  -3.181
   0.993   1.881  -3.185   2.674   1.736  -2.501
  -3.575   0.769   1.265  -2.572   1.024   1.576  -2.396   0.847   2.588  -2.497
   2.099   1.371  -1.552   0.300   0.751  -1.936  -0.484  -0.135  -0.243   0.416
   1.054  -0.119   1.067   1.810   0.803  -0.512   0.728   1.682  -0.355   1.437
   0.316  -1.954   1.034   1.149  -2.633   1.197  -0.223  -2.377   0.195  -0.359
  -1.960   1.858   1.454  -0.275  -0.694   2.311  -1.080  -1.006   1.227   0.863
  -1.371   0.621   1.488  -0.865   1.748   1.156  -2.683   2.018   0.300  -3.326
   1.040   1.810  -3.199   2.648   1.782  -2.611
  -3.634   0.461   1.121  -2.649   0.841   1.461  -2.457   0.570   2.526  -2.592
   1.973   1.433  -1.587   0.282   0.674  -1.888  -0.486  -0.239  -0.339   0.475
   1.093  -0.160   0.939   1.958   0.737  -0.488   0.746   1.559  -0.230   1.412
   0.382  -1.938   1.064   1.290  -2.410   1.315  -0.003  -2.474   0.214  -0.388
  -2.096   1.785   1.420  -0.248  -0.613   2.276  -1.096  -0.938   1.146   0.858
  -1.330   0.513   1.564  -0.967   1.684   1.142  -2.681   2.103   0.224  -3.153
   0.808   1.498  -3.201   2.461   1.915  -2.675
  -3.506   0.612   0.977  -2.604   1.001   1.415  -2.582   0.609   2.450  -2.596
   2.108   1.394  -1.547   0.293   0.631  -1.849  -0.395  -0.351  -0.329   0.473
   1.048  -0.199   0.949   1.949   0.771  -0.449   0.788   1.620  -0.224   1.498
   0.378  -1.898   1.154   1.237  -2.510   1.438   0.111  -2.469   0.215  -0.351
  -2.054   1.925   1.428  -0.299  -0.541   2.286  -1.082  -0.940   1.206   0.835
  -1.185   0.520   1.460  -0.837   1.722   1.088  -2.557   2.226   0.191  -3.014
   0.832   1.380  -3.154   2.340   1.974  -2.572
  -3.672   0.667   0.866  -2.669   0.986   1.291  -2.723   0.834   2.398  -2.533
   2.066   1.075  -1.575   0.284   0.559  -1.752  -0.366  -0.445  -0.271   0.541
   1.065  -0.344   0.973   1.956   0.829  -0.424   0.787   1.661  -0.297   1.427
   0.341  -1.858   1.045   1.120  -2.450   1.460  -0.083  -2.252   0.090  -0.343
  -1.799   1.921   1.496  -0.249  -0.608   2.244  -1.141  -1.063   1.291   0.902
  -1.227   0.498   1.376  -0.871   1.703   1.147  -2.626   2.132   0.223  -3.174
   0.816   1.580  -3.105   2.485   1.914  -2.566
  -3.562   0.782   0.881  -2.728   0.965   1.388  -2.859   0.579   2.385  -2.673
   2.017   1.513  -1.547   0.312   0.593  -1.809  -0.350  -0.384  -0.339   0.391
   1.133  -0.178   0.990   1.950   0.825  -0.479   0.843   1.632  -0.314   1.593
   0.316  -1.953   1.057   1.146  -2.606   1.389  -0.075  -2.251   0.126  -0.464
  -1.980   1.830   1.552  -0.299  -0.496   2.247  -1.263  -1.011   1.331   0.832
  -1.168   0.704   1.445  -0.636   1.716   1.125  -2.568   2.101   0.213  -3.002
   0.822   1.401  -3.143   2.445   1.882  -2.629
  -3.500   0.941   0.819  -2.549   0.902   1.401  -2.748   0.314   2.339  -2.388
   1.942   1.578  -1.467   0.273   0.638  -1.750  -0.324  -0.348  -0.239   0.432
   1.144  -0.151   0.854   1.998   0.864  -0.511   0.831   1.620  -0.321   1.618
   0.331  -1.957   1.001   1.098  -2.634   1.284  -0.197  -2.291   0.084  -0.333
  -2.048   1.870   1.540  -0.313  -0.541   2.353  -1.148  -0.958   1.297   0.872
  -1.198   0.618   1.516  -0.809   1.643   1.248  -2.579   2.175   0.417  -3.042
   0.705   1.304  -3.154   2.279   2.169  -2.717
  -3.607   1.147   1.020  -2.614   0.929   1.534  -2.736   0.290   2.379  -2.337
   1.966   1.760  -1.564   0.414   0.582  -1.879  -0.232  -0.401  -0.292   0.426
   1.044  -0.164   0.983   1.893   0.805  -0.547   0.783   1.591  -0.225   1.455
   0.370  -1.978   1.092   1.215  -2.582   1.166  -0.263  -2.355   0.310  -0.264
  -1.900   2.036   1.525  -0.330  -0.538   2.318  -1.161  -1.036   1.179   0.793
  -1.198   0.624   1.487  -0.702   1.673   1.211  -2.518   2.132   0.299  -3.057
   0.856   1.513  -3.191   2.384   2.012  -2.473
  -3.330   1.500   0.806  -2.550   1.130   1.406  -2.913   0.438   2.201  -2.059
   1.953   1.979  -1.528   0.410   0.566  -1.871  -0.129  -0.496  -0.262   0.371
   1.107  -0.067   1.048   1.796   0.857  -0.584   0.789   1.667  -0.482   1.477
   0.277  -1.963   0.894   1.025  -2.745   1.009  -0.410  -2.178   0.058  -0.358
  -1.957   1.784   1.481  -0.366  -0.601   2.215  -1.174  -1.100   1.226   0.802
  -1.242   0.507   1.479  -0.890   1.720   1.159  -2.543   1.859   0.379  -3.204
   1.090   1.818  -3.017   2.661   1.715  -2.484
  -3.464   1.445   0.699  -2.611   1.146   1.344  -3.023   0.429   2.026  -2.086
   1.967   1.850  -1.491   0.415   0.607  -1.827  -0.120  -0.452  -0.258   0.467
   1.138  -0.106   0.996   2.004   0.842  -0.511   0.798   1.491  -0.305   1.596
   0.344  -1.970   0.931   1.263  -2.606   0.961  -0.124  -2.220  -0.061  -0.311
  -2.047   1.820   1.537  -0.287  -0.576   2.292  -1.125  -1.058   1.194   0.821
  -1.272   0.547   1.466  -0.927   1.784   1.244  -2.549   1.867   0.457  -3.308
   1.061   1.972  -3.020   2.706   1.770  -2.556
  -3.472   1.457   0.971  -2.603   1.102   1.561  -2.918   0.303   2.253  -2.172
   1.984   2.087  -1.531   0.474   0.608  -1.884   0.080  -0.462  -0.275   0.380
   1.113  -0.202   0.814   2.037   0.813  -0.507   0.722   1.531  -0.450   1.523
   0.320  -1.931   0.904   1.151  -2.678   0.847  -0.655  -1.995   0.244  -0.049
  -1.914   1.933   1.504  -0.307  -0.631   2.450  -0.996  -1.027   1.162   0.759
  -1.311   0.308   1.312  -1.091   1.738   1.252  -2.531   1.827   0.526  -3.287
   1.183   2.018  -3.039   2.680   1.628  -2.277
  -3.377   1.596   0.907  -2.588   1.073   1.539  -2.902   0.223   2.114  -2.176
   1.925   2.092  -1.486   0.519   0.583  -1.817   0.041  -0.442  -0.289   0.321
   1.144  -0.022   0.866   1.936   0.787  -0.594   0.697   1.540  -0.464   1.480
   0.330  -2.029   1.052   1.194  -2.618   0.792  -0.532  -2.210   0.429   0.167
  -2.171   2.069   1.521  -0.325  -0.638   2.425  -1.059  -1.072   1.206   0.844
  -1.251   0.335   1.203  -1.026   1.730   1.208  -2.545   1.719   0.429  -3.282
   1.178   2.163  -2.822   2.711   1.602  -2.356
  -3.323   1.596   1.212  -2.485   0.983   1.674  -2.753   0.092   2.262  -1.889
   1.618   2.326  -1.484   0.501   0.594  -1.910   0.117  -0.528  -0.235   0.388
   1.141  -0.168   0.756   2.053   0.813  -0.548   0.749   1.537  -0.355   1.535
   0.384  -1.974   0.938   1.146  -2.675   0.741  -0.526  -2.241   0.331   0.150
  -2.135   1.995   1.596  -0.259  -0.611   2.525  -0.973  -1.004   1.239   0.833
  -1.257   0.618   1.390  -0.694   1.629   1.277  -2.636   1.697   0.455  -3.314
   0.824   1.954  -3.021   2.640   1.716  -2.490
  -3.251   1.514   1.044  -2.481   1.053   1.651  -3.046   0.142   1.960  -2.122
   1.732   2.465  -1.458   0.562   0.677  -1.711   0.246  -0.482  -0.239   0.459
   1.189  -0.134   0.858   2.084   0.838  -0.491   0.810   1.582  -0.403   1.620
   0.265  -1.921   0.991   1.019  -2.563   0.520  -0.620  -2.158   0.431   0.161
  -2.296   2.036   1.505  -0.292  -0.568   2.518  -0.918  -0.928   1.103   0.788
  -1.256   0.278   1.267  -0.931   1.670   1.357  -2.501   2.028   0.537  -3.197
   0.823   1.879  -2.929   2.494   2.127  -2.279
  -3.318   1.496   0.988  -2.530   1.217   1.655  -2.747   0.366   2.277  -2.105
   2.047   2.277  -1.505   0.616   0.708  -1.811   0.315  -0.429  -0.309   0.487
   1.184  -0.123   0.790   2.104   0.820  -0.447   0.751   1.685  -0.352   1.396
   0.272  -1.895   0.986   1.087  -2.512   0.547  -0.620  -1.977   0.305   0.147
  -1.986   2.069   1.514  -0.186  -0.566   2.452  -0.894  -0.906   1.131   0.856
  -1.222   0.286   1.304  -0.841   1.665   1.348  -2.505   2.025   0.520  -3.096
   0.869   1.800  -3.065   2.483   2.065  -2.400
  -3.484   1.463   1.104  -2.590   1.155   1.655  -3.013   0.389   2.248  -2.153
   1.967   2.258  -1.488   0.633   0.688  -1.788   0.354  -0.495  -0.242   0.432
   1.244  -0.119   0.773   2.166   0.797  -0.473   0.848   1.697  -0.351   1.561
   0.257  -1.913   0.978   1.001  -2.693   0.742  -0.695  -2.006   0.402  -0.032
  -2.060   2.008   1.400  -0.159  -0.498   2.431  -0.834  -0.732   1.017   0.883
  -1.281   0.168   1.386  -1.011   1.631   1.306  -2.587   2.136   0.462  -3.109
   0.858   1.739  -3.239   2.450   2.007  -2.347
  -3.553   1.107   1.082  -2.624   1.072   1.596  -2.728   0.363   2.414  -2.460
   1.995   2.079  -1.480   0.636   0.673  -1.709   0.477  -0.541  -0.324   0.452
   1.308  -0.201   0.742   2.286   0.743  -0.426   0.931   1.603  -0.418   1.623
   0.286  -1.946   1.085   1.193  -2.571   0.992  -0.435  -2.237   0.323  -0.156
  -2.126   2.060   1.387  -0.148  -0.467   2.357  -0.858  -0.767   1.005   0.910
  -1.244   0.102   1.317  -1.058   1.604   1.402  -2.506   2.219   0.689  -3.011
   0.761   1.644  -3.154   2.191   2.260  -2.184
  -3.684   1.096   1.167  -2.689   1.105   1.661  -2.645   0.375   2.451  -2.536
   2.094   2.018  -1.553   0.747   0.744  -1.698   0.585  -0.490  -0.429   0.505
   1.452  -0.466   0.640   2.444   0.686  -0.305   1.010   1.551  -0.135   1.650
   0.348  -1.799   1.144   1.199  -2.447   0.774  -0.474  -2.108   0.432   0.059
  -2.080   2.146   1.363  -0.118  -0.448   2.316  -0.806  -0.829   0.891   0.895
  -1.182   0.037   1.380  -0.890   1.617   1.391  -2.473   2.275   0.612  -2.781
   0.872   1.496  -3.273   2.238   2.268  -2.241
  -3.659   0.969   1.085  -2.717   1.082   1.633  -2.593   0.415   2.468  -2.629
   2.066   2.086  -1.489   0.775   0.755  -1.602   0.673  -0.419  -0.375   0.502
   1.412  -0.411   0.686   2.446   0.831  -0.284   1.033   1.678  -0.055   1.721
   0.387  -1.761   1.220   1.001  -2.514   0.737  -0.562  -1.869   0.677   0.372
  -2.076   2.273   1.448  -0.088  -0.404   2.305  -0.934  -0.802   1.000   0.952
  -1.252   0.175   1.434  -0.896   1.702   1.486  -2.414   2.250   0.658  -2.853
   0.940   1.877  -3.039   2.458   2.215  -2.197
  -3.585   0.903   0.966  -2.691   1.039   1.594  -2.713   0.275   2.420  -2.712
   2.031   2.094  -1.452   0.793   0.789  -1.643   0.685  -0.396  -0.257   0.621
   1.403  -0.291   0.843   2.432   0.782  -0.339   0.973   1.633  -0.215   1.579
   0.393  -1.790   1.317   1.133  -2.352   0.829  -0.580  -2.037   0.895   0.393
  -2.045   2.378   1.447  -0.178  -0.404   2.348  -0.943  -0.777   0.973   0.841
  -1.197   0.066   1.271  -1.000   1.711   1.391  -2.307   2.275   0.598  -2.775
   0.931   1.732  -2.978   2.369   2.207  -1.966
  -3.588   0.883   1.009  -2.703   1.132   1.594  -2.742   0.467   2.461  -2.820
   2.181   1.894  -1.472   0.875   0.755  -1.595   0.800  -0.440  -0.381   0.575
   1.464  -0.504   0.556   2.517   0.744  -0.300   1.020   1.653  -0.117   1.584
   0.363  -1.696   1.368   1.120  -2.396   0.968  -0.588  -1.814   0.923   0.300
  -1.795   2.370   1.373  -0.069  -0.422   2.260  -0.826  -0.741   0.886   0.856
  -1.266   0.046   1.376  -1.026   1.613   1.429  -2.424   2.173   0.700  -2.924
   0.911   1.898  -3.035   2.265   2.254  -1.997
  -3.623   1.373   0.907  -2.746   1.159   1.474  -2.929   0.271   2.018  -2.603
   2.106   2.051  -1.498   0.791   0.684  -1.595   0.746  -0.491  -0.420   0.551
   1.399  -0.608   0.594   2.363   0.725  -0.307   0.991   1.562  -0.094   1.688
   0.318  -1.744   1.362   1.065  -2.504   1.231  -0.689  -1.889   0.952   0.109
  -1.708   2.392   1.286  -0.145  -0.413   2.268  -0.864  -0.741   0.880   0.882
  -1.177   0.095   1.459  -0.969   1.624   1.308  -2.276   1.899   0.587  -3.080
   1.096   2.132  -2.819   2.524   1.742  -1.886
  -3.772   1.310   0.936  -2.784   1.303   1.522  -2.824   0.616   2.357  -2.666
   2.219   2.056  -1.559   0.803   0.743  -1.633   0.606  -0.483  -0.442   0.555
   1.497  -0.460   0.737   2.463   0.665  -0.287   1.080   1.488  -0.030   1.738
   0.331  -1.746   1.414   0.975  -2.450   0.867  -0.739  -2.064   1.197   0.337
  -1.898   2.453   1.304  -0.153  -0.351   2.250  -0.861  -0.723   0.945   0.875
  -1.125  -0.003   1.252  -0.945   1.603   1.252  -2.378   1.881   0.381  -2.867
   0.938   1.795  -3.027   2.579   1.742  -2.135
  -3.709   1.057   0.902  -2.815   1.323   1.472  -2.907   0.898   2.455  -2.952
   2.393   1.618  -1.521   0.853   0.733  -1.640   0.579  -0.455  -0.430   0.623
   1.412  -0.463   0.933   2.404   0.665  -0.241   0.997   1.467   0.046   1.641
   0.286  -1.719   1.352   1.113  -2.430   0.959  -0.638  -2.040   0.890   0.399
  -1.825   2.428   1.425  -0.081  -0.357   2.336  -0.841  -0.688   1.081   0.998
  -1.128   0.206   1.403  -0.774   1.594   1.385  -2.477   1.514   0.522  -3.192
   1.018   2.257  -2.836   2.636   1.814  -2.514
  -3.695   1.053   0.861  -2.797   1.287   1.435  -2.841   0.767   2.399  -2.663
   2.370   1.587  -1.564   0.773   0.689  -1.602   0.563  -0.535  -0.468   0.592
   1.443  -0.606   0.795   2.432   0.640  -0.268   0.988   1.493   0.085   1.591
   0.290  -1.768   1.354   1.214  -2.376   1.100  -0.581  -2.214   0.790   0.138
  -1.874   2.448   1.301  -0.154  -0.493   2.353  -0.795  -0.785   1.074   0.947
  -1.217   0.249   1.500  -0.907   1.652   1.323  -2.440   1.435   0.568  -3.297
   1.274   2.316  -2.722   2.723   1.372  -2.242
