default_name                                                                    
   22  0.2000000E+02
  -4.0352908  -0.0620588   1.1895121  -3.2185892   0.6057152   1.4236430
  -3.0859049   0.7350098   2.4892914  -3.4422037   1.5327721   0.8704711
  -1.9339806  -0.0925056   0.9170846  -1.9281216  -0.6535586  -0.1509949
  -0.8347022   0.0571438   1.6719088  -0.9407658   0.5391880   2.5418603
   0.4625070  -0.6072221   1.3892324   1.2287819  -0.1462748   2.0637559
   0.2871795  -2.0547026   1.8586033   1.2685296  -2.4784634   1.9470093
  -0.2411139  -2.6795432   1.1176731  -0.2211895  -2.1100648   2.8223947
   1.0052854  -0.2830594   0.0254504   1.8227727  -1.0810305  -0.5229942
   0.7621105   0.9896144  -0.4667374   0.0014415   1.4528935   0.0495500
   0.9481066   1.3515153  -1.8435059   1.6079319   0.6949502  -2.3640965
  -0.0128514   1.4450738  -2.4441785   1.5442890   2.2664944  -1.9990380
  -0.2532448   0.2138485  -0.3296404   0.3386568  -0.2438687   0.0463906
   0.8712587   0.5980816  -1.1178277   0.1741476  -2.3963500   0.2936180
   0.1194294   0.1336476  -0.0749246   0.1586362   0.2345147  -0.1078781
  -0.0029727   0.0507390  -0.0182386  -0.4618768   0.0220632  -0.4645815
   0.4333642   0.1009681  -0.1071413  -0.3647463  -0.3882990   0.7246022
   0.0324395  -0.0114675  -0.3039024  -0.2595821   0.2629294   0.1007579
   0.9450195  -0.1034268  -0.4044367   0.6921051   0.2385973  -0.2678499
   0.0203772  -0.2461507   0.1709073   0.1030555  -0.3228655  -0.0605439
   0.4279880  -0.3123734  -0.1603067   0.6335658   1.4106919  -0.4301391
  -0.1594322   0.4229350   0.1273242   0.6814266   1.0322256   0.7245965
   0.3027254   0.1283226   0.5989509   0.9305999   0.5516594  -0.4415319
