default_name                                                                    
  -3.523   1.518   1.022  -3.064   0.529   0.992  -3.402  -0.007   0.101  -3.345
  -0.051   1.872  -1.562   0.676   0.928  -1.061   1.799   0.940  -0.857  -0.454
   0.863  -1.354  -1.337   0.880   0.612  -0.511   0.836   1.007   0.274   1.490
   1.028  -1.864   1.413   2.115  -1.911   1.497   0.681  -2.677   0.774   0.593
  -1.977   2.410   1.235  -0.261  -0.567   2.463  -0.183  -0.683   0.416  -0.128
  -1.621  -0.572  -0.211  -1.462   0.853   0.110  -2.999   1.395   1.056  -3.049
   1.516  -0.695  -3.325  -0.006   0.150  -3.669
  -3.532   1.504   1.072  -3.064   0.523   1.006  -3.413   0.035   0.098  -3.339
  -0.081   1.875  -1.573   0.673   0.946  -1.064   1.800   0.956  -0.857  -0.450
   0.881  -1.355  -1.325   0.883   0.611  -0.513   0.842   1.019   0.258   1.496
   1.047  -1.870   1.402   2.145  -1.909   1.460   0.693  -2.680   0.760   0.644
  -1.986   2.421   1.240  -0.271  -0.555   2.464  -0.181  -0.685   0.409  -0.126
  -1.607  -0.584  -0.176  -1.420   0.848   0.109  -2.988   1.397   1.047  -3.053
   1.499  -0.708  -3.304  -0.007   0.170  -3.668
  -3.541   1.509   1.097  -3.062   0.531   1.016  -3.432   0.036   0.106  -3.286
  -0.098   1.869  -1.555   0.693   0.938  -1.051   1.812   0.972  -0.838  -0.433
   0.872  -1.329  -1.312   0.837   0.629  -0.495   0.848   1.025   0.263   1.541
   1.047  -1.867   1.404   2.143  -1.911   1.482   0.707  -2.666   0.735   0.594
  -1.998   2.393   1.233  -0.244  -0.549   2.459  -0.180  -0.687   0.404  -0.127
  -1.593  -0.582  -0.218  -1.409   0.822   0.103  -2.962   1.392   1.036  -3.051
   1.454  -0.717  -3.307  -0.051   0.173  -3.614
  -3.542   1.497   1.037  -3.068   0.513   0.997  -3.409  -0.005   0.100  -3.332
  -0.040   1.891  -1.563   0.678   0.905  -1.062   1.803   0.918  -0.848  -0.449
   0.876  -1.371  -1.319   0.876   0.610  -0.505   0.839   0.981   0.277   1.507
   1.056  -1.865   1.384   2.131  -1.903   1.467   0.700  -2.662   0.721   0.639
  -2.021   2.358   1.220  -0.243  -0.538   2.447  -0.169  -0.658   0.373  -0.102
  -1.572  -0.621  -0.129  -1.366   0.786   0.135  -2.960   1.387   1.044  -2.986
   1.391  -0.698  -3.334  -0.099   0.233  -3.579
  -3.538   1.510   1.007  -3.063   0.543   1.000  -3.400  -0.021   0.124  -3.329
   0.000   1.894  -1.558   0.680   0.938  -1.068   1.809   0.903  -0.845  -0.446
   0.885  -1.362  -1.336   0.873   0.615  -0.494   0.855   1.012   0.260   1.534
   1.054  -1.850   1.402   2.136  -1.839   1.517   0.750  -2.633   0.712   0.604
  -2.052   2.379   1.253  -0.217  -0.549   2.466  -0.152  -0.683   0.397  -0.045
  -1.583  -0.575  -0.138  -1.379   0.799   0.135  -2.967   1.347   1.083  -3.068
   1.465  -0.676  -3.284  -0.069   0.140  -3.623
  -3.518   1.528   1.006  -3.062   0.533   0.996  -3.400   0.009   0.111  -3.305
  -0.021   1.905  -1.560   0.673   0.925  -1.051   1.796   0.887  -0.848  -0.445
   0.905  -1.300  -1.348   0.959   0.621  -0.457   0.864   1.005   0.307   1.535
   1.061  -1.823   1.417   2.142  -1.880   1.486   0.754  -2.612   0.712   0.614
  -2.005   2.377   1.236  -0.199  -0.529   2.449  -0.136  -0.671   0.412  -0.010
  -1.563  -0.576  -0.099  -1.405   0.843   0.167  -2.962   1.311   1.137  -3.080
   1.558  -0.614  -3.193   0.005   0.132  -3.647
  -3.528   1.528   1.012  -3.067   0.551   0.989  -3.397  -0.010   0.117  -3.349
   0.011   1.885  -1.568   0.693   0.930  -1.041   1.805   0.890  -0.862  -0.433
   0.934  -1.351  -1.308   0.976   0.615  -0.479   0.868   1.000   0.297   1.547
   1.035  -1.844   1.430   2.126  -1.870   1.534   0.727  -2.636   0.744   0.611
  -2.003   2.426   1.219  -0.186  -0.526   2.456  -0.145  -0.657   0.403  -0.007
  -1.573  -0.581   0.013  -1.359   0.848   0.181  -2.963   1.292   1.166  -3.124
   1.584  -0.582  -3.249  -0.012   0.094  -3.598
  -3.502   1.499   0.973  -3.055   0.527   0.996  -3.436  -0.078   0.163  -3.318
   0.022   1.927  -1.546   0.683   0.939  -1.020   1.806   0.862  -0.850  -0.444
   0.928  -1.353  -1.320   0.962   0.605  -0.465   0.880   0.984   0.302   1.560
   1.014  -1.830   1.451   2.096  -1.881   1.608   0.724  -2.629   0.741   0.533
  -1.977   2.417   1.235  -0.193  -0.513   2.469  -0.140  -0.650   0.421  -0.012
  -1.546  -0.565   0.042  -1.340   0.847   0.152  -2.945   1.329   1.144  -3.061
   1.551  -0.636  -3.228  -0.018   0.077  -3.611
  -3.554   1.521   1.087  -3.050   0.550   1.027  -3.422  -0.010   0.171  -3.252
  -0.017   1.934  -1.554   0.714   0.925  -1.036   1.821   0.901  -0.846  -0.416
   0.930  -1.364  -1.307   1.027   0.590  -0.491   0.883   0.980   0.266   1.571
   1.032  -1.864   1.426   2.114  -1.938   1.559   0.661  -2.662   0.768   0.566
  -1.997   2.400   1.207  -0.175  -0.485   2.450  -0.084  -0.623   0.414  -0.005
  -1.550  -0.573  -0.028  -1.363   0.857   0.199  -2.919   1.463   1.102  -2.985
   1.491  -0.640  -3.225   0.028   0.271  -3.598
  -3.580   1.493   1.026  -3.066   0.535   1.036  -3.419  -0.042   0.191  -3.310
  -0.005   1.932  -1.558   0.696   0.967  -1.033   1.817   0.895  -0.865  -0.441
   0.912  -1.370  -1.293   0.895   0.592  -0.495   0.882   0.980   0.239   1.577
   1.029  -1.859   1.425   2.121  -1.886   1.512   0.742  -2.633   0.705   0.587
  -2.025   2.398   1.246  -0.203  -0.479   2.461  -0.104  -0.601   0.429  -0.052
  -1.525  -0.565  -0.101  -1.337   0.843   0.164  -2.905   1.438   1.083  -2.980
   1.467  -0.686  -3.258  -0.063   0.275  -3.519
  -3.596   1.478   0.945  -3.105   0.505   1.014  -3.407  -0.135   0.208  -3.434
   0.043   1.939  -1.595   0.658   0.953  -1.088   1.781   0.876  -0.872  -0.452
   0.961  -1.369  -1.321   0.956   0.608  -0.478   0.904   1.002   0.260   1.580
   1.021  -1.866   1.449   2.091  -1.902   1.592   0.718  -2.678   0.756   0.529
  -2.029   2.384   1.248  -0.183  -0.456   2.474  -0.101  -0.594   0.443  -0.085
  -1.522  -0.540  -0.064  -1.333   0.829   0.169  -2.920   1.445   1.057  -3.009
   1.385  -0.704  -3.261  -0.073   0.246  -3.555
  -3.564   1.534   0.888  -3.107   0.529   0.940  -3.399  -0.024   0.032  -3.416
  -0.042   1.806  -1.568   0.682   0.941  -1.074   1.811   0.885  -0.845  -0.434
   0.964  -1.319  -1.326   1.088   0.600  -0.493   0.909   1.008   0.223   1.623
   1.016  -1.893   1.437   2.086  -1.933   1.527   0.670  -2.678   0.748   0.552
  -2.044   2.423   1.244  -0.215  -0.476   2.475  -0.124  -0.594   0.442  -0.084
  -1.520  -0.546  -0.277  -1.330   0.857   0.207  -2.904   1.569   1.029  -2.953
   1.339  -0.718  -3.264  -0.044   0.377  -3.507
  -3.536   1.495   0.875  -3.079   0.500   0.923  -3.416  -0.049   0.051  -3.387
   0.062   1.859  -1.549   0.657   0.906  -1.046   1.777   0.894  -0.847  -0.479
   0.912  -1.366  -1.362   0.929   0.639  -0.519   0.894   0.999   0.201   1.602
   1.019  -1.902   1.409   2.104  -1.970   1.469   0.666  -2.653   0.714   0.585
  -2.083   2.418   1.266  -0.190  -0.480   2.507  -0.073  -0.605   0.455  -0.132
  -1.540  -0.521  -0.273  -1.366   0.853   0.167  -2.912   1.467   1.066  -2.931
   1.413  -0.673  -3.312  -0.011   0.322  -3.573
  -3.536   1.518   0.911  -3.106   0.519   0.917  -3.406   0.001  -0.010  -3.488
  -0.041   1.770  -1.591   0.693   0.910  -1.096   1.812   0.905  -0.842  -0.423
   0.946  -1.315  -1.324   0.980   0.636  -0.472   0.897   1.002   0.255   1.646
   0.979  -1.891   1.371   2.062  -2.031   1.442   0.563  -2.630   0.633   0.499
  -2.085   2.349   1.299  -0.176  -0.476   2.533  -0.097  -0.539   0.495  -0.110
  -1.528  -0.481  -0.237  -1.320   0.864   0.118  -2.948   1.396   1.053  -3.013
   1.499  -0.673  -3.343  -0.048   0.196  -3.574
  -3.543   1.556   0.972  -3.087   0.553   0.934  -3.453   0.096   0.010  -3.373
  -0.098   1.775  -1.570   0.697   0.896  -1.040   1.799   0.863  -0.819  -0.403
   0.955  -1.310  -1.287   1.042   0.677  -0.431   0.944   1.056   0.305   1.655
   1.025  -1.857   1.427   2.123  -1.981   1.549   0.700  -2.596   0.729   0.597
  -2.021   2.416   1.320  -0.184  -0.443   2.533  -0.107  -0.578   0.487  -0.137
  -1.497  -0.507  -0.215  -1.331   0.885   0.070  -2.893   1.416   1.027  -2.980
   1.603  -0.659  -3.283  -0.015   0.114  -3.509
  -3.431   1.599   0.914  -3.031   0.582   0.898  -3.351   0.081  -0.026  -3.317
  -0.023   1.762  -1.553   0.706   0.895  -1.058   1.841   0.845  -0.806  -0.404
   0.931  -1.288  -1.283   0.973   0.645  -0.443   0.905   1.035   0.310   1.579
   1.054  -1.806   1.473   2.140  -1.870   1.538   0.674  -2.615   0.819   0.597
  -1.953   2.450   1.294  -0.186  -0.472   2.505  -0.104  -0.588   0.491  -0.052
  -1.526  -0.472  -0.136  -1.344   0.900   0.146  -2.929   1.361   1.115  -3.020
   1.655  -0.598  -3.236   0.011   0.112  -3.556
  -3.536   1.506   0.979  -3.081   0.541   0.864  -3.353   0.093  -0.088  -3.432
  -0.100   1.688  -1.580   0.682   0.932  -1.067   1.791   0.894  -0.831  -0.419
   0.969  -1.334  -1.274   1.045   0.647  -0.486   0.919   1.041   0.290   1.616
   1.026  -1.858   1.458   2.092  -1.896   1.587   0.693  -2.611   0.773   0.524
  -2.016   2.422   1.292  -0.195  -0.476   2.517  -0.089  -0.583   0.468  -0.037
  -1.516  -0.508  -0.119  -1.318   0.862   0.169  -2.903   1.333   1.151  -2.920
   1.551  -0.614  -3.238  -0.016   0.144  -3.503
  -3.490   1.536   0.826  -3.080   0.535   0.838  -3.421  -0.021  -0.054  -3.365
  -0.031   1.735  -1.572   0.713   0.885  -1.090   1.835   0.914  -0.846  -0.404
   0.914  -1.342  -1.269   0.963   0.616  -0.480   0.909   1.033   0.223   1.641
   1.035  -1.883   1.456   2.135  -1.900   1.574   0.695  -2.700   0.817   0.636
  -2.011   2.437   1.251  -0.167  -0.460   2.485  -0.040  -0.573   0.435  -0.029
  -1.526  -0.554  -0.088  -1.381   0.877   0.130  -2.911   1.354   1.100  -2.995
   1.562  -0.693  -3.233   0.027   0.140  -3.633
  -3.539   1.592   1.002  -3.100   0.600   0.858  -3.434   0.166  -0.084  -3.440
  -0.009   1.711  -1.574   0.748   0.839  -1.047   1.836   0.835  -0.849  -0.347
   0.940  -1.393  -1.185   1.019   0.633  -0.447   0.897   1.023   0.307   1.590
   1.031  -1.848   1.471   2.096  -1.919   1.527   0.631  -2.683   0.838   0.581
  -1.942   2.451   1.280  -0.164  -0.498   2.514  -0.064  -0.559   0.456  -0.033
  -1.562  -0.500  -0.105  -1.368   0.865   0.108  -2.964   1.308   1.082  -3.158
   1.605  -0.658  -3.186  -0.013  -0.027  -3.595
  -3.520   1.590   0.914  -3.065   0.588   0.870  -3.343   0.100  -0.054  -3.384
  -0.076   1.690  -1.566   0.751   0.910  -1.047   1.882   0.879  -0.820  -0.359
   0.922  -1.369  -1.208   0.934   0.658  -0.431   0.915   1.055   0.333   1.554
   1.007  -1.803   1.463   2.104  -1.976   1.401   0.555  -2.616   0.870   0.691
  -1.860   2.493   1.301  -0.177  -0.471   2.514  -0.078  -0.559   0.467  -0.017
  -1.497  -0.513  -0.123  -1.302   0.838   0.174  -2.904   1.230   1.201  -3.022
   1.577  -0.570  -3.283  -0.012   0.010  -3.566
  -3.490   1.550   0.970  -3.018   0.583   0.917  -3.319   0.032  -0.011  -3.317
  -0.021   1.764  -1.492   0.776   0.944  -1.008   1.885   0.948  -0.757  -0.312
   0.947  -1.231  -1.208   0.911   0.704  -0.381   0.926   1.132   0.335   1.625
   1.050  -1.759   1.452   2.088  -2.035   1.355   0.514  -2.531   0.900   0.782
  -1.871   2.492   1.297  -0.154  -0.487   2.517  -0.099  -0.597   0.468  -0.092
  -1.517  -0.512  -0.218  -1.382   0.876   0.235  -2.856   1.321   1.219  -2.884
   1.554  -0.491  -3.320   0.048   0.216  -3.555
  -3.535   1.502   0.918  -2.993   0.542   0.895  -3.288   0.015  -0.009  -3.233
  -0.040   1.788  -1.498   0.782   0.929  -1.028   1.944   0.949  -0.800  -0.349
   0.960  -1.334  -1.216   1.004   0.634  -0.433   0.942   1.059   0.354   1.603
   1.039  -1.816   1.481   2.141  -1.942   1.456   0.595  -2.627   0.910   0.792
  -1.902   2.552   1.261  -0.192  -0.467   2.482  -0.108  -0.606   0.456  -0.058
  -1.514  -0.533  -0.090  -1.350   0.903   0.216  -2.880   1.291   1.235  -2.952
   1.597  -0.594  -3.171   0.016   0.124  -3.522
  -3.537   1.469   0.858  -3.021   0.518   0.921  -3.252  -0.133   0.078  -3.315
   0.074   1.869  -1.548   0.764   1.012  -1.069   1.891   0.966  -0.841  -0.355
   1.015  -1.331  -1.229   0.965   0.620  -0.428   0.957   1.075   0.308   1.669
   1.022  -1.856   1.489   2.098  -1.964   1.346   0.546  -2.663   0.959   0.767
  -1.988   2.525   1.246  -0.176  -0.454   2.476  -0.189  -0.601   0.414  -0.061
  -1.507  -0.538  -0.332  -1.334   0.813   0.207  -2.877   1.427   1.103  -2.994
   1.373  -0.659  -3.269  -0.103   0.242  -3.493
  -3.363   1.587   0.661  -3.002   0.610   0.965  -3.286  -0.060   0.177  -3.373
   0.255   1.911  -1.508   0.778   1.015  -0.979   1.909   0.960  -0.797  -0.366
   1.027  -1.321  -1.227   1.161   0.671  -0.453   0.891   1.106   0.323   1.564
   1.036  -1.839   1.447   2.107  -1.964   1.343   0.509  -2.612   0.928   0.677
  -1.988   2.464   1.274  -0.218  -0.470   2.493  -0.244  -0.591   0.441  -0.036
  -1.516  -0.564  -0.079  -1.363   0.875   0.178  -2.906   1.497   1.073  -2.931
   1.414  -0.678  -3.294   0.016   0.335  -3.560
  -3.448   1.614   1.095  -2.944   0.625   1.103  -3.333   0.015   0.244  -3.254
   0.170   2.032  -1.468   0.755   1.003  -0.952   1.863   0.937  -0.799  -0.363
   1.042  -1.325  -1.203   1.091   0.646  -0.494   0.979   1.033   0.310   1.621
   1.057  -1.859   1.467   2.138  -2.052   1.387   0.572  -2.600   0.828   0.716
  -2.010   2.452   1.243  -0.212  -0.474   2.452  -0.242  -0.615   0.413   0.032
  -1.529  -0.608   0.078  -1.386   0.885   0.176  -2.903   1.575   1.025  -2.923
   1.449  -0.692  -3.251   0.046   0.356  -3.557
  -3.564   1.560   0.889  -3.026   0.652   1.132  -3.329  -0.138   0.455  -3.264
   0.336   2.180  -1.511   0.815   1.036  -0.992   1.895   0.921  -0.791  -0.362
   1.027  -1.291  -1.198   1.114   0.656  -0.460   0.968   1.098   0.312   1.632
   1.033  -1.862   1.495   2.070  -2.020   1.406   0.498  -2.594   0.867   0.800
  -1.976   2.550   1.201  -0.258  -0.472   2.432  -0.209  -0.664   0.359  -0.031
  -1.484  -0.632   0.019  -1.277   0.771   0.172  -2.877   1.421   1.034  -2.938
   1.290  -0.738  -3.247  -0.131   0.468  -3.459
  -3.567   1.493   0.903  -3.035   0.586   1.189  -3.362  -0.159   0.483  -3.240
   0.333   2.200  -1.527   0.794   1.031  -1.000   1.920   0.935  -0.835  -0.343
   1.026  -1.340  -1.206   1.164   0.630  -0.434   0.968   1.087   0.299   1.642
   1.074  -1.858   1.483   2.154  -1.924   1.549   0.626  -2.610   0.790   0.723
  -2.013   2.502   1.204  -0.239  -0.458   2.413  -0.226  -0.669   0.299  -0.066
  -1.462  -0.651  -0.003  -1.204   0.723   0.232  -2.847   1.275   1.144  -2.868
   1.264  -0.675  -3.253  -0.178   0.308  -3.467
  -3.527   1.619   0.846  -3.033   0.644   1.112  -3.438  -0.209   0.498  -3.332
   0.423   2.135  -1.535   0.792   1.013  -1.040   1.938   0.917  -0.850  -0.388
   1.018  -1.381  -1.220   1.152   0.605  -0.482   0.902   1.019   0.280   1.568
   1.034  -1.808   1.521   2.113  -1.889   1.626   0.725  -2.655   0.874   0.575
  -1.924   2.469   1.180  -0.199  -0.520   2.421  -0.189  -0.679   0.280   0.003
  -1.463  -0.689   0.030  -1.178   0.646   0.188  -2.826   1.402   0.984  -2.968
   1.142  -0.717  -3.178  -0.213   0.343  -3.484
  -3.581   1.570   0.915  -3.087   0.647   1.166  -3.340  -0.167   0.513  -3.400
   0.426   2.175  -1.572   0.822   1.021  -1.077   1.970   0.862  -0.837  -0.296
   1.066  -1.359  -1.163   1.268   0.617  -0.395   0.926   1.031   0.365   1.601
   1.064  -1.764   1.517   2.143  -1.777   1.609   0.799  -2.614   0.844   0.674
  -1.926   2.539   1.181  -0.219  -0.449   2.408  -0.253  -0.630   0.302   0.034
  -1.445  -0.682   0.055  -1.256   0.632   0.241  -2.850   1.408   0.996  -2.969
   0.975  -0.727  -3.281  -0.252   0.580  -3.341
  -3.523   1.625   1.045  -3.042   0.653   1.203  -3.379  -0.083   0.452  -3.254
   0.330   2.222  -1.571   0.769   0.990  -1.112   1.909   0.798  -0.842  -0.347
   1.105  -1.336  -1.184   1.311   0.614  -0.401   0.985   1.048   0.395   1.610
   1.049  -1.720   1.607   2.155  -1.787   1.524   0.589  -2.516   1.058   0.735
  -1.704   2.671   1.180  -0.185  -0.458   2.376  -0.305  -0.724   0.313   0.108
  -1.433  -0.687   0.061  -1.188   0.712   0.227  -2.811   1.570   0.913  -2.919
   0.980  -0.751  -3.238  -0.095   0.676  -3.373
  -3.505   1.633   1.037  -3.064   0.662   1.214  -3.441  -0.049   0.487  -3.392
   0.320   2.185  -1.530   0.780   1.048  -1.042   1.876   0.783  -0.807  -0.358
   1.153  -1.296  -1.257   1.211   0.656  -0.383   1.016   1.114   0.437   1.582
   1.069  -1.715   1.602   2.181  -1.752   1.615   0.768  -2.524   0.925   0.706
  -1.850   2.627   1.215  -0.239  -0.432   2.435  -0.288  -0.693   0.335   0.057
  -1.418  -0.580   0.191  -1.124   0.706   0.218  -2.839   1.559   0.876  -2.961
   1.031  -0.701  -3.331  -0.135   0.542  -3.416
  -3.460   1.618   0.951  -3.042   0.660   1.096  -3.409   0.015   0.293  -3.322
   0.262   2.081  -1.539   0.813   1.001  -1.047   1.875   0.767  -0.771  -0.293
   1.212  -1.302  -1.097   1.414   0.719  -0.420   1.022   1.265   0.399   1.573
   1.042  -1.757   1.616   2.130  -1.860   1.677   0.586  -2.607   1.064   0.598
  -1.782   2.619   1.256  -0.301  -0.447   2.461  -0.420  -0.608   0.389  -0.007
  -1.451  -0.573   0.030  -1.132   0.701   0.131  -2.872   1.679   0.598  -2.913
   0.777  -0.852  -3.335  -0.043   0.771  -3.362
  -3.498   1.581   0.927  -3.013   0.655   1.075  -3.315   0.013   0.294  -3.307
   0.176   1.997  -1.493   0.802   1.017  -1.014   1.907   0.817  -0.771  -0.275
   1.219  -1.253  -1.115   1.562   0.674  -0.453   1.024   1.239   0.229   1.597
   1.090  -1.811   1.589   2.214  -1.824   1.628   0.678  -2.580   0.917   0.772
  -1.928   2.636   1.252  -0.276  -0.414   2.469  -0.345  -0.615   0.413  -0.100
  -1.447  -0.529   0.093  -1.199   0.743   0.139  -2.833   1.688   0.660  -2.884
   0.875  -0.817  -3.326  -0.033   0.783  -3.323
  -3.436   1.558   1.144  -2.978   0.588   1.141  -3.340  -0.057   0.355  -3.159
   0.128   2.083  -1.497   0.792   1.043  -0.975   1.848   0.757  -0.829  -0.343
   1.135  -1.331  -1.169   1.454   0.630  -0.444   1.039   1.089   0.364   1.641
   1.084  -1.850   1.638   2.198  -1.925   1.589   0.674  -2.683   1.081   0.853
  -1.852   2.713   1.268  -0.330  -0.394   2.448  -0.378  -0.517   0.410  -0.154
  -1.427  -0.544  -0.043  -1.196   0.802   0.126  -2.794   1.737   0.745  -2.851
   1.123  -0.764  -3.305   0.026   0.596  -3.383
  -3.494   1.672   1.192  -3.023   0.684   1.213  -3.330   0.026   0.358  -3.303
   0.227   2.159  -1.558   0.777   0.991  -1.101   1.892   0.811  -0.836  -0.327
   1.101  -1.266  -1.232   1.107   0.641  -0.409   1.062   1.061   0.431   1.630
   0.976  -1.765   1.721   2.030  -1.971   1.669   0.487  -2.549   1.140   0.655
  -1.845   2.730   1.234  -0.319  -0.369   2.469  -0.316  -0.479   0.411  -0.099
  -1.436  -0.557   0.006  -1.230   0.918   0.065  -2.790   1.784   0.700  -2.754
   1.077  -0.905  -3.272   0.164   0.604  -3.355
  -3.574   1.612   1.123  -3.132   0.581   1.070  -3.492   0.088   0.141  -3.449
   0.054   1.957  -1.599   0.708   1.011  -1.091   1.824   0.814  -0.870  -0.374
   1.100  -1.368  -1.221   1.141   0.582  -0.384   1.072   0.924   0.441   1.658
   0.985  -1.733   1.685   2.056  -1.819   1.808   0.554  -2.494   1.029   0.539
  -1.770   2.725   1.249  -0.253  -0.319   2.471  -0.332  -0.495   0.447  -0.086
  -1.373  -0.538   0.001  -1.140   0.814  -0.011  -2.796   1.607   0.741  -2.905
   1.229  -0.949  -3.155  -0.075   0.269  -3.377
  -3.519   1.522   1.252  -3.069   0.577   1.064  -3.533   0.245   0.153  -3.320
  -0.020   1.943  -1.568   0.696   0.935  -1.043   1.794   0.748  -0.869  -0.407
   1.069  -1.404  -1.254   1.265   0.606  -0.412   1.047   0.887   0.475   1.705
   1.018  -1.742   1.712   2.108  -1.794   1.990   0.726  -2.539   1.058   0.499
  -1.897   2.685   1.283  -0.298  -0.333   2.512  -0.313  -0.530   0.445  -0.104
  -1.397  -0.551   0.036  -1.155   0.772  -0.140  -2.806   1.482   0.645  -3.052
   1.166  -1.149  -3.092  -0.129  -0.063  -3.415
  -3.535   1.434   1.457  -3.050   0.546   1.105  -3.477   0.319   0.128  -3.245
  -0.181   1.859  -1.529   0.746   0.949  -1.120   1.922   0.765  -0.821  -0.387
   0.995  -1.410  -1.211   1.186   0.649  -0.466   0.994   1.097   0.378   1.586
   1.154  -1.769   1.725   2.251  -1.838   1.879   0.916  -2.605   1.117   0.615
  -1.839   2.664   1.259  -0.319  -0.418   2.500  -0.323  -0.539   0.403  -0.229
  -1.442  -0.592  -0.217  -1.193   0.809  -0.159  -2.864   1.432   0.755  -2.984
   1.249  -1.143  -3.079  -0.087  -0.047  -3.506
  -3.445   1.443   1.366  -3.034   0.498   1.087  -3.415   0.105   0.138  -3.129
  -0.233   1.842  -1.515   0.688   0.972  -1.102   1.830   0.817  -0.785  -0.417
   1.066  -1.271  -1.311   1.128   0.703  -0.475   0.988   1.070   0.334   1.608
   1.177  -1.717   1.758   2.249  -1.780   1.823   0.871  -2.666   1.232   0.811
  -1.653   2.783   1.304  -0.313  -0.424   2.520  -0.273  -0.575   0.433  -0.198
  -1.447  -0.542  -0.230  -1.212   0.844  -0.169  -2.835   1.675   0.554  -3.023
   1.199  -1.176  -3.221  -0.081   0.080  -3.423
  -3.534   1.398   1.479  -3.019   0.477   1.191  -3.411  -0.053   0.353  -3.083
  -0.204   2.002  -1.565   0.724   0.995  -1.145   1.847   0.779  -0.806  -0.364
   1.101  -1.285  -1.271   1.270   0.671  -0.472   1.013   1.046   0.429   1.550
   1.155  -1.754   1.763   2.245  -1.880   1.700   0.662  -2.610   1.274   0.859
  -1.743   2.851   1.241  -0.335  -0.463   2.458  -0.243  -0.683   0.376  -0.227
  -1.464  -0.644  -0.354  -1.276   0.799  -0.187  -2.834   1.446   0.694  -2.951
   1.456  -1.049  -3.031  -0.092  -0.024  -3.417
  -3.595   1.385   1.122  -3.009   0.492   1.090  -3.378  -0.189   0.290  -3.214
  -0.022   2.050  -1.525   0.703   0.980  -1.093   1.839   0.707  -0.770  -0.374
   1.175  -1.190  -1.209   1.524   0.717  -0.436   1.041   1.183   0.400   1.636
   1.136  -1.750   1.717   2.203  -1.842   1.794   0.726  -2.616   1.163   0.696
  -1.757   2.732   1.209  -0.365  -0.408   2.421  -0.274  -0.656   0.365  -0.224
  -1.467  -0.633  -0.211  -1.262   0.791  -0.105  -2.875   1.378   0.796  -2.963
   1.257  -0.998  -3.217  -0.138   0.021  -3.395
  -3.689   1.317   1.232  -3.061   0.408   1.037  -3.431  -0.083   0.103  -3.197
  -0.246   1.870  -1.546   0.738   0.954  -1.103   1.867   0.708  -0.750  -0.325
   1.140  -1.198  -1.194   1.388   0.725  -0.402   1.012   1.156   0.414   1.635
   1.167  -1.740   1.673   2.281  -1.827   1.681   0.750  -2.563   1.027   0.750
  -1.862   2.702   1.253  -0.250  -0.414   2.459  -0.259  -0.625   0.306  -0.281
  -1.408  -0.678  -0.244  -1.113   0.732  -0.258  -2.820   1.367   0.669  -3.021
   1.250  -1.158  -3.032  -0.154  -0.150  -3.447
  -3.640   1.239   1.408  -3.033   0.337   1.107  -3.423  -0.140   0.203  -3.164
  -0.403   1.864  -1.567   0.643   1.009  -1.186   1.782   0.763  -0.782  -0.395
   1.184  -1.226  -1.313   1.413   0.687  -0.362   1.050   1.127   0.468   1.694
   1.190  -1.710   1.702   2.252  -1.852   1.555   0.718  -2.506   1.135   0.849
  -1.660   2.731   1.235  -0.214  -0.393   2.453  -0.142  -0.603   0.395  -0.225
  -1.416  -0.597  -0.181  -1.189   0.765  -0.296  -2.843   1.551   0.421  -3.075
   1.165  -1.270  -3.021  -0.059  -0.155  -3.531
  -3.563   1.311   1.066  -3.031   0.310   1.120  -3.313  -0.389   0.333  -3.308
  -0.066   2.104  -1.563   0.653   1.058  -1.183   1.779   0.790  -0.719  -0.401
   1.181  -1.171  -1.258   1.350   0.739  -0.410   1.057   1.144   0.445   1.601
   1.178  -1.706   1.696   2.256  -1.700   1.856   0.852  -2.551   1.067   0.765
  -1.829   2.745   1.276  -0.250  -0.383   2.473  -0.156  -0.579   0.371  -0.197
  -1.351  -0.595  -0.118  -1.107   0.756  -0.238  -2.753   1.316   0.628  -3.045
   1.348  -1.173  -3.034  -0.147  -0.290  -3.291
  -3.616   1.179   0.960  -3.083   0.285   1.127  -3.317  -0.441   0.350  -3.373
  -0.216   2.072  -1.578   0.642   1.126  -1.156   1.799   0.847  -0.747  -0.381
   1.296  -1.210  -1.229   1.540   0.740  -0.401   1.179   1.222   0.421   1.722
   1.235  -1.678   1.756   2.328  -1.634   1.700   1.042  -2.557   1.151   0.831
  -1.854   2.768   1.224  -0.279  -0.335   2.413  -0.228  -0.572   0.340  -0.281
  -1.367  -0.656  -0.268  -1.128   0.696  -0.170  -2.760   1.279   0.748  -2.935
   1.388  -1.010  -3.031  -0.187  -0.100  -3.402
  -3.625   1.322   0.938  -3.015   0.448   1.140  -3.187  -0.235   0.275  -3.304
   0.082   2.125  -1.539   0.726   1.128  -1.114   1.863   0.836  -0.762  -0.376
   1.335  -1.245  -1.242   1.430   0.691  -0.415   1.127   1.117   0.418   1.721
   1.171  -1.759   1.732   2.301  -1.716   1.781   0.941  -2.599   1.134   0.716
  -1.920   2.737   1.252  -0.340  -0.322   2.457  -0.244  -0.579   0.353  -0.331
  -1.309  -0.617  -0.449  -1.043   0.646  -0.151  -2.709   1.345   0.696  -2.768
   1.037  -1.115  -3.092  -0.181   0.126  -3.314
  -3.577   1.296   1.088  -2.947   0.420   1.130  -3.187  -0.309   0.371  -3.140
   0.018   2.129  -1.469   0.691   1.074  -0.989   1.807   0.799  -0.687  -0.344
   1.223  -1.139  -1.215   1.421   0.779  -0.372   1.130   1.213   0.536   1.594
   1.185  -1.684   1.827   2.300  -1.727   1.766   0.786  -2.588   1.388   0.865
  -1.586   2.856   1.267  -0.334  -0.360   2.485  -0.249  -0.566   0.338  -0.222
  -1.338  -0.585   0.021  -1.042   0.583  -0.083  -2.698   1.379   0.638  -2.854
   0.959  -1.041  -3.050  -0.352   0.140  -3.243
  -3.571   1.353   0.930  -2.976   0.443   1.167  -3.242  -0.281   0.454  -3.146
   0.124   2.161  -1.431   0.749   0.984  -1.019   1.859   0.867  -0.641  -0.301
   1.176  -1.087  -1.183   1.346   0.806  -0.318   1.146   1.174   0.590   1.625
   1.222  -1.596   1.911   2.196  -1.941   1.593   0.556  -2.333   1.461   1.056
  -1.429   2.972   1.307  -0.304  -0.293   2.468  -0.341  -0.504   0.394  -0.224
  -1.298  -0.582  -0.334  -1.029   0.767  -0.116  -2.690   1.493   0.739  -2.928
   1.190  -1.061  -3.097  -0.149   0.108  -3.295
  -3.516   1.216   0.762  -2.938   0.373   1.097  -3.134  -0.424   0.405  -3.367
   0.026   2.025  -1.525   0.660   1.045  -1.135   1.818   0.815  -0.724  -0.322
   1.256  -1.195  -1.198   1.483   0.771  -0.312   1.145   1.114   0.614   1.544
   1.352  -1.518   1.879   2.429  -1.591   1.686   0.935  -2.439   1.475   1.133
  -1.428   2.951   1.295  -0.288  -0.288   2.522  -0.325  -0.467   0.407  -0.288
  -1.248  -0.598  -0.254  -1.012   0.778  -0.178  -2.708   1.437   0.650  -2.726
   1.242  -1.128  -3.039  -0.168  -0.050  -3.236
  -3.377   1.368   0.835  -2.969   0.424   1.011  -3.304  -0.201   0.185  -3.318
   0.003   2.004  -1.500   0.596   1.046  -1.068   1.748   0.893  -0.691  -0.477
   1.271  -1.119  -1.338   1.517   0.769  -0.458   1.103   1.111   0.488   1.594
   1.268  -1.576   1.953   2.371  -1.431   2.108   1.096  -2.546   1.478   0.795
  -1.536   2.959   1.340  -0.372  -0.327   2.605  -0.358  -0.489   0.423  -0.256
  -1.282  -0.487  -0.404  -1.056   0.798  -0.139  -2.693   1.646   0.543  -2.821
   1.143  -1.127  -2.992  -0.009   0.145  -3.309
  -3.643   1.195   0.666  -3.006   0.351   0.965  -3.154  -0.443   0.304  -3.308
   0.003   1.938  -1.477   0.650   1.026  -1.032   1.819   0.821  -0.701  -0.384
   1.227  -1.135  -1.247   1.560   0.750  -0.419   1.180   1.135   0.477   1.710
   1.334  -1.593   1.942   2.396  -1.437   2.019   1.119  -2.579   1.548   0.940
  -1.683   2.931   1.333  -0.294  -0.290   2.536  -0.296  -0.438   0.454  -0.321
  -1.325  -0.494  -0.590  -1.099   0.840  -0.179  -2.746   1.565   0.607  -2.893
   1.297  -1.045  -3.162  -0.041  -0.021  -3.345
  -3.462   1.186   0.609  -2.910   0.283   0.941  -3.053  -0.508   0.229  -3.180
  -0.043   1.976  -1.460   0.629   1.067  -1.017   1.757   0.734  -0.643  -0.351
   1.257  -1.080  -1.211   1.371   0.807  -0.321   1.178   1.147   0.604   1.650
   1.360  -1.501   1.966   2.485  -1.448   2.086   1.230  -2.356   1.349   0.895
  -1.485   2.919   1.318  -0.304  -0.271   2.543  -0.280  -0.450   0.407  -0.244
  -1.236  -0.516  -0.490  -1.050   0.726  -0.089  -2.618   1.493   0.693  -2.778
   1.068  -1.002  -3.062  -0.184   0.236  -3.074
  -3.440   1.326   0.992  -2.938   0.363   1.028  -3.297  -0.244   0.155  -3.226
  -0.046   1.982  -1.406   0.595   1.013  -0.998   1.711   0.597  -0.582  -0.434
   1.308  -0.941  -1.367   1.513   0.863  -0.333   1.225   1.278   0.552   1.637
   1.465  -1.439   2.042   2.567  -1.494   2.020   1.158  -2.395   1.653   1.130
  -1.434   3.128   1.379  -0.304  -0.201   2.571  -0.189  -0.409   0.460  -0.296
  -1.206  -0.479  -0.275  -0.917   0.693  -0.073  -2.668   1.522   0.654  -2.819
   0.924  -1.046  -3.154  -0.234   0.171  -3.156
  -3.459   1.356   0.984  -2.920   0.387   0.935  -3.130  -0.288   0.058  -3.164
  -0.228   1.821  -1.430   0.709   0.975  -1.017   1.773   0.603  -0.615  -0.313
   1.249  -0.937  -1.193   1.550   0.830  -0.200   1.274   1.221   0.729   1.791
   1.465  -1.417   2.030   2.577  -1.449   1.837   1.163  -2.348   1.567   1.099
  -1.362   3.130   1.369  -0.179  -0.196   2.603  -0.205  -0.417   0.450  -0.214
  -1.198  -0.484  -0.264  -0.932   0.773  -0.106  -2.654   1.714   0.519  -2.749
   0.998  -1.132  -3.096  -0.102   0.317  -3.170
  -3.457   1.358   1.132  -2.945   0.422   0.952  -3.220  -0.009  -0.001  -3.143
  -0.281   1.684  -1.453   0.691   0.937  -1.086   1.823   0.545  -0.614  -0.327
   1.302  -1.047  -1.200   1.531   0.829  -0.249   1.233   1.111   0.709   1.713
   1.461  -1.467   2.014   2.539  -1.242   2.264   1.277  -2.473   1.621   0.947
  -1.463   2.994   1.359  -0.260  -0.225   2.537  -0.186  -0.489   0.451  -0.255
  -1.198  -0.484  -0.434  -0.871   0.706  -0.048  -2.626   1.503   0.673  -2.707
   0.949  -0.926  -3.194  -0.160   0.406  -3.051
  -3.475   1.337   0.803  -2.919   0.391   0.905  -3.204  -0.291   0.091  -3.232
  -0.139   1.812  -1.435   0.690   0.910  -1.083   1.828   0.551  -0.615  -0.286
   1.340  -1.050  -1.109   1.729   0.859  -0.221   1.201   1.220   0.757   1.609
   1.540  -1.378   1.878   2.532  -1.035   2.272   1.624  -2.228   1.193   1.014
  -1.768   2.690   1.350  -0.183  -0.267   2.542  -0.189  -0.507   0.488  -0.341
  -1.259  -0.443  -0.444  -1.022   0.794  -0.093  -2.703   1.678   0.526  -2.831
   0.922  -0.984  -3.231  -0.026   0.489  -3.118
  -3.338   1.297   0.852  -2.860   0.351   0.884  -3.114  -0.259  -0.017  -3.246
  -0.101   1.808  -1.422   0.648   0.885  -1.006   1.791   0.544  -0.634  -0.302
   1.358  -1.131  -1.015   1.855   0.822  -0.221   1.243   1.141   0.622   1.784
   1.429  -1.411   1.866   2.499  -1.264   2.052   1.394  -2.273   1.215   0.919
  -1.574   2.799   1.316  -0.173  -0.227   2.576  -0.086  -0.492   0.403  -0.345
  -1.218  -0.606  -0.535  -1.034   0.828  -0.025  -2.617   1.634   0.672  -2.509
   1.134  -0.926  -3.125   0.001   0.423  -3.144
  -3.403   1.277   1.094  -2.888   0.352   0.905  -3.269  -0.111  -0.001  -3.106
  -0.331   1.679  -1.382   0.649   0.966  -0.939   1.749   0.665  -0.628  -0.311
   1.353  -1.217  -1.037   1.545   0.830  -0.300   1.224   1.136   0.601   1.753
   1.484  -1.468   1.969   2.526  -1.240   2.392   1.538  -2.444   1.344   0.774
  -1.731   2.789   1.303  -0.157  -0.174   2.508   0.023  -0.410   0.440  -0.283
  -1.162  -0.520  -0.561  -1.007   0.803  -0.067  -2.583   1.735   0.589  -2.633
   0.965  -0.973  -3.176  -0.050   0.435  -3.114
  -3.527   1.179   1.056  -2.956   0.267   1.089  -3.210  -0.361   0.263  -3.230
  -0.331   1.954  -1.420   0.642   1.010  -1.014   1.710   0.561  -0.598  -0.375
   1.398  -1.026  -1.215   1.817   0.903  -0.338   1.258   1.297   0.572   1.773
   1.548  -1.576   1.911   2.628  -1.355   2.068   1.411  -2.402   1.225   1.049
  -1.685   2.863   1.290  -0.187  -0.238   2.423   0.136  -0.492   0.411  -0.314
  -1.238  -0.500  -0.625  -0.955   0.711  -0.182  -2.600   1.293   0.746  -2.767
   1.434  -0.931  -2.843  -0.172  -0.265  -3.198
  -3.512   1.179   0.693  -2.895   0.320   1.029  -2.985  -0.475   0.277  -3.228
  -0.079   1.944  -1.410   0.609   1.056  -1.020   1.680   0.613  -0.533  -0.370
   1.389  -0.919  -1.272   1.464   0.885  -0.377   1.210   1.274   0.528   1.707
   1.504  -1.601   1.920   2.581  -1.401   2.058   1.324  -2.515   1.402   0.994
  -1.758   2.863   1.322  -0.297  -0.319   2.491   0.062  -0.554   0.325  -0.274
  -1.233  -0.616  -0.529  -1.008   0.660  -0.208  -2.638   1.277   0.679  -2.843
   1.295  -1.018  -2.830  -0.221  -0.278  -3.262
  -3.338   0.991   0.864  -2.750   0.099   0.942  -2.845  -0.574   0.114  -2.975
  -0.264   1.858  -1.329   0.565   1.014  -1.027   1.704   0.654  -0.512  -0.395
   1.468  -0.959  -1.243   1.781   0.894  -0.440   1.212   1.407   0.382   1.741
   1.460  -1.704   1.828   2.549  -1.668   1.726   1.075  -2.641   1.461   1.278
  -1.728   2.875   1.395  -0.185  -0.230   2.545   0.106  -0.505   0.466  -0.316
  -1.208  -0.394  -0.629  -0.815   0.652  -0.243  -2.632   1.261   0.599  -2.858
   1.256  -1.095  -2.973  -0.315  -0.294  -3.097
  -3.382   0.940   0.819  -2.772   0.105   1.000  -2.909  -0.508   0.148  -3.073
  -0.314   2.001  -1.328   0.581   1.056  -1.091   1.733   0.819  -0.472  -0.371
   1.308  -0.883  -1.304   1.425   1.008  -0.335   1.224   1.438   0.432   1.844
   1.540  -1.663   1.832   2.578  -1.641   1.669   1.155  -2.577   1.334   1.186
  -1.757   2.899   1.427  -0.067  -0.287   2.583   0.197  -0.582   0.497  -0.304
  -1.182  -0.460  -0.546  -0.917   0.740  -0.184  -2.602   1.191   0.748  -2.962
   1.253  -1.090  -2.992  -0.167  -0.198  -3.116
  -3.445   0.903   0.801  -2.784   0.133   1.007  -3.073  -0.598   0.239  -2.935
  -0.149   2.045  -1.346   0.614   0.972  -1.007   1.802   0.828  -0.486  -0.344
   1.309  -0.839  -1.300   1.394   1.025  -0.260   1.205   1.448   0.538   1.809
   1.574  -1.657   1.800   2.661  -1.660   1.824   1.235  -2.433   1.118   1.268
  -1.891   2.820   1.482  -0.087  -0.236   2.630   0.232  -0.551   0.539  -0.309
  -1.145  -0.318  -0.676  -0.734   0.709  -0.330  -2.645   0.926   0.661  -3.096
   1.431  -1.112  -3.027  -0.261  -0.586  -3.018
  -3.443   0.871   0.833  -2.746   0.108   0.997  -2.801  -0.740   0.317  -2.993
  -0.338   1.941  -1.297   0.625   1.037  -1.002   1.791   0.940  -0.439  -0.371
   1.241  -0.802  -1.317   1.238   0.977  -0.245   1.232   1.378   0.596   1.813
   1.631  -1.593   1.723   2.720  -1.582   1.631   1.185  -2.383   0.985   1.350
  -1.790   2.755   1.403  -0.056  -0.240   2.496   0.365  -0.543   0.563  -0.470
  -1.192  -0.331  -0.842  -0.850   0.754  -0.238  -2.676   0.510   0.785  -2.982
   1.826  -0.382  -2.955   0.071  -0.869  -3.303
  -3.308   0.953   0.430  -2.784   0.262   1.035  -2.910  -0.656   0.418  -3.247
  -0.019   1.987  -1.333   0.598   1.077  -0.983   1.769   0.917  -0.439  -0.336
   1.292  -0.745  -1.282   1.454   1.051  -0.253   1.257   1.397   0.567   1.879
   1.518  -1.598   1.815   2.559  -1.519   2.058   1.336  -2.304   1.027   0.968
  -1.962   2.717   1.471  -0.005  -0.218   2.523   0.511  -0.518   0.632  -0.376
  -1.157  -0.351  -0.542  -0.831   0.780  -0.242  -2.582   0.201   0.649  -2.856
   1.796  -0.084  -2.770   0.436  -1.052  -3.121
  -3.219   1.070   0.599  -2.737   0.303   1.181  -3.002  -0.654   0.760  -3.086
   0.464   2.217  -1.252   0.651   1.078  -0.910   1.809   0.812  -0.413  -0.315
   1.388  -0.681  -1.239   1.595   1.046  -0.259   1.323   1.388   0.610   1.860
   1.588  -1.555   1.930   2.619  -1.377   2.217   1.461  -2.329   1.109   0.947
  -1.746   2.778   1.504   0.001  -0.151   2.600   0.546  -0.408   0.652  -0.387
  -1.141  -0.169  -0.933  -0.921   0.898  -0.290  -2.537   0.123   0.388  -2.999
   1.914   0.053  -2.764   0.874  -1.287  -2.978
  -3.323   1.106   0.759  -2.661   0.286   1.091  -2.943  -0.558   0.435  -2.964
   0.089   2.132  -1.197   0.572   1.043  -0.829   1.677   0.670  -0.357  -0.412
   1.412  -0.697  -1.318   1.684   1.095  -0.196   1.434   1.366   0.636   2.059
   1.759  -1.464   1.966   2.861  -1.420   1.978   1.541  -2.239   1.300   1.399
  -1.605   2.993   1.476   0.018  -0.086   2.575   0.453  -0.425   0.581  -0.331
  -1.085  -0.233  -0.901  -0.852   0.849  -0.388  -2.505   0.040  -0.035  -3.104
   1.782   0.194  -2.742   0.996  -1.444  -2.769
  -3.235   0.968   0.715  -2.639   0.159   1.075  -2.654  -0.692   0.426  -3.090
  -0.097   2.034  -1.165   0.540   1.094  -0.902   1.691   0.676  -0.308  -0.410
   1.496  -0.617  -1.167   2.045   1.159  -0.207   1.324   1.579   0.709   1.831
   1.871  -1.429   1.859   2.938  -1.251   1.898   1.631  -2.362   1.293   1.423
  -1.678   2.827   1.540   0.021  -0.119   2.635   0.439  -0.420   0.578  -0.305
  -1.088  -0.255  -0.638  -0.718   0.771  -0.372  -2.492  -0.055   0.136  -3.006
   1.657   0.031  -2.775   0.771  -1.359  -2.934
  -3.227   1.053   0.728  -2.594   0.193   1.159  -2.830  -0.634   0.515  -2.930
  -0.064   2.148  -1.120   0.556   1.173  -0.798   1.666   0.766  -0.230  -0.351
   1.514  -0.692  -1.175   1.976   1.211  -0.187   1.343   1.569   0.660   1.952
   1.934  -1.425   1.896   3.008  -1.178   1.950   1.782  -2.316   1.264   1.578
  -1.652   2.903   1.459  -0.008  -0.124   2.557   0.423  -0.509   0.571  -0.363
  -0.993  -0.312  -0.604  -0.679   0.751  -0.277  -2.420  -0.028   0.253  -2.960
   1.736   0.112  -2.693   0.800  -1.308  -2.764
  -3.226   1.077   1.066  -2.641   0.165   1.241  -2.972  -0.660   0.559  -2.902
  -0.009   2.253  -1.202   0.531   1.115  -0.889   1.720   0.861  -0.213  -0.272
   1.497  -0.489  -1.203   1.566   1.196  -0.114   1.372   1.354   0.771   2.019
   1.815  -1.419   1.970   2.890  -1.268   2.114   1.623  -2.295   1.356   1.352
  -1.665   2.899   1.550   0.023  -0.141   2.660   0.448  -0.534   0.552  -0.325
  -1.050  -0.374  -0.491  -0.702   0.711  -0.382  -2.474  -0.030   0.217  -2.968
   1.721   0.070  -2.813   0.658  -1.416  -2.811
  -3.159   0.963   1.035  -2.575   0.108   1.224  -2.670  -0.586   0.402  -2.843
  -0.314   2.196  -1.116   0.579   1.167  -0.794   1.663   0.786  -0.222  -0.263
   1.565  -0.536  -1.139   1.934   1.187  -0.112   1.380   1.472   0.772   1.879
   1.848  -1.370   1.901   2.947  -1.326   1.932   1.447  -2.245   1.411   1.545
  -1.484   2.959   1.461  -0.006  -0.119   2.573   0.430  -0.544   0.541  -0.450
  -1.018  -0.378  -0.875  -0.748   0.728  -0.405  -2.471  -0.105   0.068  -2.935
   1.594   0.069  -2.846   0.889  -1.358  -2.899
  -3.152   1.060   1.464  -2.634   0.143   1.241  -2.980  -0.262   0.245  -2.793
  -0.712   1.860  -1.151   0.546   1.172  -0.809   1.649   0.691  -0.254  -0.363
   1.584  -0.625  -1.210   1.916   1.197  -0.238   1.396   1.518   0.664   1.946
   1.871  -1.475   1.922   2.980  -1.412   1.786   1.399  -2.390   1.623   1.738
  -1.496   2.987   1.495  -0.044  -0.143   2.578   0.362  -0.538   0.545  -0.415
  -0.989  -0.246  -0.878  -0.604   0.840  -0.516  -2.420  -0.019  -0.038  -2.845
   1.718   0.009  -2.667   0.744  -1.568  -2.638
  -3.139   1.011   1.259  -2.548   0.123   1.335  -2.731  -0.515   0.481  -2.583
  -0.511   2.241  -1.107   0.555   1.208  -0.787   1.612   0.637  -0.160  -0.301
   1.672  -0.459  -1.061   2.289   1.275  -0.214   1.389   1.589   0.642   1.918
   1.935  -1.476   1.904   2.978  -1.633   1.631   1.480  -2.397   1.597   1.870
  -1.383   3.041   1.531  -0.025  -0.147   2.641   0.356  -0.545   0.549  -0.382
  -1.001  -0.385  -0.633  -0.695   0.870  -0.619  -2.413  -0.039  -0.435  -3.115
   1.646   0.104  -2.695   1.205  -1.622  -2.515
  -3.162   1.023   1.278  -2.557   0.098   1.274  -2.873  -0.527   0.487  -2.766
  -0.538   2.112  -1.081   0.491   1.151  -0.833   1.509   0.581  -0.146  -0.304
   1.700  -0.434  -1.042   2.325   1.219  -0.220   1.394   1.757   0.699   1.827
   1.950  -1.432   2.030   3.010  -1.419   1.768   1.550  -2.343   1.548   1.841
  -1.425   3.148   1.551  -0.067  -0.176   2.637   0.378  -0.582   0.644  -0.418
  -1.105  -0.195  -0.770  -0.696   0.850  -0.580  -2.520  -0.035  -0.304  -3.149
   1.764  -0.045  -2.790   1.167  -1.640  -2.568
  -3.059   0.897   1.621  -2.546   0.002   1.182  -2.831  -0.065   0.140  -2.781
  -0.859   1.757  -1.100   0.472   1.163  -0.808   1.578   0.736  -0.206  -0.368
   1.660  -0.492  -1.252   1.985   1.239  -0.189   1.423   1.625   0.667   2.006
   1.908  -1.476   1.887   2.990  -1.311   1.710   1.575  -2.380   1.289   1.718
  -1.577   2.955   1.543  -0.004  -0.154   2.692   0.411  -0.440   0.730  -0.373
  -1.117  -0.209  -0.474  -0.843   0.970  -0.489  -2.593   0.050  -0.410  -3.178
   1.703   0.192  -3.065   1.328  -1.482  -2.714
  -3.073   0.845   2.052  -2.548   0.184   1.383  -2.958   0.129   0.382  -2.625
  -0.796   1.843  -1.029   0.473   1.233  -0.722   1.634   0.832  -0.163  -0.492
   1.594  -0.555  -1.415   1.876   1.262  -0.296   1.373   1.565   0.609   1.918
   1.967  -1.546   1.824   3.044  -1.456   1.892   1.755  -2.433   1.236   1.664
  -1.864   2.843   1.657  -0.072  -0.138   2.767   0.370  -0.405   0.751  -0.382
  -1.069  -0.160  -0.700  -0.710   0.920  -0.467  -2.594  -0.033  -0.199  -3.078
   1.782   0.159  -2.972   1.230  -1.517  -2.963
  -3.092   1.035   1.960  -2.577   0.223   1.421  -2.980   0.241   0.392  -2.733
  -0.707   1.908  -1.062   0.546   1.254  -0.675   1.600   0.833  -0.199  -0.402
   1.629  -0.442  -1.305   1.875   1.227  -0.333   1.311   1.584   0.574   1.824
   1.961  -1.568   1.873   3.020  -1.467   1.450   1.431  -2.441   1.558   1.969
  -1.620   2.885   1.664  -0.023  -0.092   2.735   0.403  -0.319   0.811  -0.361
  -1.074  -0.114  -0.583  -0.744   1.095  -0.364  -2.551   0.349   0.068  -3.160
   2.039  -0.004  -2.834   0.996  -1.414  -2.755
  -3.141   1.111   1.999  -2.588   0.304   1.530  -3.001   0.143   0.477  -2.701
  -0.639   2.138  -1.115   0.586   1.396  -0.722   1.708   0.930  -0.246  -0.451
   1.601  -0.627  -1.251   2.045   1.205  -0.249   1.405   1.484   0.687   1.978
   1.926  -1.422   1.970   2.962  -1.400   1.763   1.472  -2.356   1.600   1.805
  -1.486   3.109   1.637   0.006  -0.077   2.796   0.411  -0.344   0.782  -0.375
  -1.076  -0.039  -0.742  -0.712   1.116  -0.418  -2.483   0.548   0.326  -3.036
   2.163  -0.236  -2.635   0.943  -1.472  -2.801
  -2.922   1.329   1.978  -2.552   0.380   1.553  -3.098   0.269   0.602  -2.791
  -0.437   2.188  -1.047   0.601   1.352  -0.673   1.718   0.988  -0.203  -0.366
   1.670  -0.653  -1.180   2.079   1.231  -0.186   1.426   1.660   0.618   2.002
   1.968  -1.384   2.106   3.027  -1.257   1.895   1.727  -2.307   1.692   1.780
  -1.404   3.190   1.679   0.053  -0.045   2.800   0.498  -0.363   0.849  -0.335
  -0.972  -0.044  -0.772  -0.658   1.097  -0.338  -2.419   0.544   0.503  -2.960
   2.125  -0.296  -2.655   0.773  -1.313  -2.797
  -2.889   1.247   2.123  -2.444   0.349   1.583  -2.920   0.293   0.602  -2.709
  -0.484   2.177  -0.992   0.617   1.404  -0.676   1.721   1.013  -0.137  -0.353
   1.628  -0.488  -1.217   1.826   1.271  -0.125   1.404   1.622   0.738   1.943
   1.910  -1.350   2.031   2.981  -1.463   1.783   1.504  -2.270   1.685   1.823
  -1.368   3.146   1.610   0.049  -0.103   2.742   0.357  -0.428   0.799  -0.439
  -1.059  -0.112  -0.857  -0.835   1.023  -0.335  -2.512   0.629   0.592  -2.970
   2.145  -0.406  -2.666   0.582  -1.193  -2.981
