default_name                                                                    
  -3.533   1.528   1.047  -3.080   0.535   1.000  -3.420   0.021   0.098  -3.339
  -0.051   1.876  -1.576   0.683   0.928  -1.067   1.799   0.941  -0.872  -0.444
   0.852  -1.376  -1.314   0.838   0.598  -0.508   0.826   0.993   0.258   1.497
   1.018  -1.870   1.405   2.110  -1.930   1.454   0.660  -2.687   0.774   0.600
  -1.975   2.409   1.238  -0.267  -0.565   2.467  -0.190  -0.678   0.429  -0.141
  -1.640  -0.567  -0.188  -1.473   0.863   0.102  -3.010   1.392   1.050  -3.069
   1.531  -0.702  -3.328   0.007   0.124  -3.687
  -3.528   1.511   1.117  -3.081   0.530   0.996  -3.447   0.062   0.081  -3.340
  -0.087   1.864  -1.572   0.679   0.928  -1.065   1.796   0.941  -0.859  -0.441
   0.866  -1.360  -1.321   0.858   0.605  -0.502   0.827   0.988   0.273   1.495
   1.018  -1.870   1.394   2.108  -1.942   1.428   0.639  -2.686   0.772   0.626
  -1.982   2.401   1.235  -0.264  -0.564   2.464  -0.196  -0.668   0.427  -0.133
  -1.626  -0.559  -0.191  -1.447   0.859   0.090  -3.011   1.350   1.065  -3.102
   1.560  -0.692  -3.306  -0.011   0.053  -3.679
  -3.527   1.545   1.042  -3.072   0.551   0.985  -3.427   0.019   0.085  -3.343
  -0.044   1.860  -1.567   0.701   0.930  -1.058   1.818   0.937  -0.856  -0.422
   0.886  -1.356  -1.299   0.943   0.611  -0.505   0.830   1.031   0.252   1.485
   1.028  -1.877   1.396   2.114  -1.923   1.479   0.711  -2.656   0.694   0.610
  -2.042   2.389   1.214  -0.267  -0.564   2.441  -0.195  -0.680   0.401  -0.115
  -1.630  -0.599  -0.191  -1.447   0.843   0.095  -3.008   1.329   1.066  -3.089
   1.566  -0.669  -3.269   0.010   0.048  -3.711
  -3.504   1.510   1.110  -3.065   0.512   0.976  -3.409   0.051   0.049  -3.340
  -0.128   1.807  -1.567   0.678   0.922  -1.087   1.809   0.891  -0.854  -0.446
   0.897  -1.344  -1.317   0.960   0.617  -0.533   0.831   1.014   0.260   1.470
   1.043  -1.878   1.393   2.127  -1.979   1.426   0.628  -2.682   0.769   0.654
  -1.992   2.409   1.223  -0.260  -0.573   2.449  -0.187  -0.701   0.403  -0.128
  -1.631  -0.584  -0.203  -1.434   0.857   0.070  -3.008   1.333   1.049  -3.118
   1.562  -0.727  -3.278   0.012   0.012  -3.692
  -3.533   1.464   1.100  -3.061   0.497   0.925  -3.438   0.114  -0.024  -3.344
  -0.171   1.749  -1.552   0.658   0.906  -1.074   1.788   0.883  -0.840  -0.468
   0.905  -1.329  -1.350   0.899   0.622  -0.518   0.841   1.033   0.244   1.512
   1.050  -1.892   1.391   2.142  -1.985   1.406   0.663  -2.706   0.775   0.708
  -2.005   2.438   1.223  -0.267  -0.569   2.448  -0.174  -0.719   0.412  -0.154
  -1.619  -0.577  -0.269  -1.450   0.859   0.085  -2.997   1.320   1.081  -3.070
   1.548  -0.705  -3.306  -0.032   0.062  -3.652
  -3.523   1.488   1.049  -3.061   0.519   0.897  -3.351   0.095  -0.054  -3.331
  -0.169   1.700  -1.563   0.653   0.918  -1.054   1.762   0.878  -0.848  -0.474
   0.919  -1.348  -1.344   0.944   0.625  -0.525   0.844   1.053   0.265   1.489
   1.046  -1.889   1.381   2.130  -1.974   1.346   0.580  -2.674   0.800   0.700
  -1.966   2.421   1.209  -0.261  -0.567   2.436  -0.167  -0.685   0.410  -0.176
  -1.629  -0.581  -0.244  -1.466   0.855   0.076  -2.997   1.406   1.023  -3.066
   1.487  -0.743  -3.366  -0.024   0.132  -3.624
  -3.546   1.456   1.157  -3.062   0.512   0.901  -3.376   0.150  -0.087  -3.325
  -0.264   1.646  -1.548   0.677   0.904  -1.047   1.796   0.869  -0.834  -0.441
   0.913  -1.317  -1.327   0.892   0.634  -0.514   0.860   1.054   0.262   1.494
   1.055  -1.901   1.382   2.145  -2.008   1.366   0.638  -2.694   0.779   0.714
  -2.052   2.411   1.225  -0.263  -0.546   2.451  -0.166  -0.669   0.404  -0.180
  -1.602  -0.590  -0.302  -1.431   0.844   0.068  -2.969   1.339   1.037  -3.018
   1.523  -0.699  -3.344  -0.043   0.122  -3.625
  -3.535   1.493   1.148  -3.065   0.531   0.907  -3.394   0.163  -0.058  -3.362
  -0.214   1.628  -1.550   0.678   0.882  -1.044   1.787   0.805  -0.840  -0.447
   0.902  -1.377  -1.321   1.001   0.628  -0.510   0.863   1.043   0.265   1.499
   1.102  -1.859   1.417   2.208  -1.925   1.354   0.706  -2.695   0.830   0.766
  -1.934   2.464   1.225  -0.272  -0.545   2.462  -0.119  -0.678   0.377  -0.158
  -1.581  -0.625  -0.238  -1.383   0.819   0.078  -2.934   1.263   1.084  -3.025
   1.580  -0.687  -3.213   0.000   0.037  -3.655
  -3.525   1.457   1.176  -3.061   0.523   0.868  -3.353   0.240  -0.151  -3.301
  -0.251   1.592  -1.561   0.701   0.871  -1.054   1.821   0.824  -0.856  -0.436
   0.894  -1.359  -1.304   1.020   0.616  -0.492   0.877   1.022   0.274   1.530
   1.119  -1.851   1.417   2.196  -1.895   1.373   0.706  -2.653   0.812   0.842
  -1.964   2.485   1.216  -0.239  -0.527   2.442  -0.094  -0.658   0.385  -0.201
  -1.566  -0.591  -0.326  -1.369   0.791   0.113  -2.941   1.266   1.086  -3.004
   1.478  -0.621  -3.304  -0.060   0.115  -3.605
  -3.538   1.475   1.073  -3.037   0.540   0.832  -3.295   0.155  -0.147  -3.362
  -0.188   1.607  -1.544   0.716   0.875  -1.020   1.829   0.855  -0.835  -0.411
   0.899  -1.335  -1.293   0.931   0.646  -0.493   0.872   1.033   0.320   1.495
   1.115  -1.863   1.468   2.205  -1.942   1.403   0.681  -2.684   0.900   0.795
  -1.989   2.509   1.250  -0.244  -0.522   2.460  -0.060  -0.662   0.405  -0.222
  -1.570  -0.557  -0.385  -1.328   0.735   0.127  -2.945   1.135   1.168  -2.959
   1.481  -0.543  -3.356  -0.151   0.043  -3.575
  -3.539   1.476   1.091  -3.037   0.544   0.827  -3.376   0.199  -0.156  -3.333
  -0.187   1.598  -1.526   0.667   0.852  -1.064   1.796   0.847  -0.794  -0.458
   0.874  -1.293  -1.312   0.938   0.659  -0.522   0.874   1.015   0.278   1.508
   1.087  -1.885   1.469   2.196  -1.902   1.489   0.727  -2.714   0.851   0.701
  -1.992   2.480   1.243  -0.266  -0.546   2.450  -0.074  -0.693   0.377  -0.227
  -1.569  -0.607  -0.440  -1.388   0.708   0.123  -2.954   1.183   1.108  -3.027
   1.432  -0.584  -3.348  -0.156   0.054  -3.616
  -3.471   1.423   1.024  -2.996   0.477   0.835  -3.278   0.069  -0.136  -3.266
  -0.205   1.654  -1.511   0.660   0.864  -1.043   1.801   0.862  -0.798  -0.459
   0.877  -1.256  -1.335   0.910   0.662  -0.506   0.838   1.071   0.266   1.463
   1.078  -1.874   1.432   2.166  -1.928   1.545   0.671  -2.643   0.783   0.642
  -2.018   2.438   1.255  -0.260  -0.569   2.472  -0.095  -0.677   0.404  -0.270
  -1.604  -0.557  -0.424  -1.365   0.714   0.106  -2.972   1.220   1.087  -3.005
   1.370  -0.656  -3.390  -0.202   0.185  -3.566
  -3.596   1.437   1.256  -3.080   0.526   0.874  -3.420   0.299  -0.127  -3.312
  -0.338   1.496  -1.563   0.677   0.887  -1.057   1.797   0.820  -0.839  -0.441
   0.925  -1.368  -1.295   1.014   0.620  -0.506   0.865   0.963   0.285   1.548
   1.072  -1.886   1.388   2.173  -1.865   1.430   0.725  -2.675   0.724   0.705
  -2.036   2.418   1.247  -0.241  -0.526   2.479  -0.077  -0.654   0.385  -0.242
  -1.558  -0.572  -0.481  -1.290   0.725   0.082  -2.955   1.205   1.078  -2.960
   1.370  -0.689  -3.393  -0.198   0.113  -3.546
  -3.536   1.394   1.354  -3.063   0.528   0.897  -3.420   0.403  -0.119  -3.306
  -0.347   1.495  -1.569   0.678   0.874  -1.039   1.810   0.837  -0.859  -0.435
   0.925  -1.339  -1.314   1.081   0.606  -0.506   0.874   1.024   0.242   1.523
   1.041  -1.873   1.374   2.147  -1.923   1.461   0.685  -2.637   0.708   0.620
  -2.060   2.367   1.252  -0.289  -0.521   2.477  -0.144  -0.602   0.419  -0.276
  -1.589  -0.561  -0.435  -1.414   0.802   0.125  -2.961   1.265   1.115  -2.960
   1.518  -0.552  -3.362  -0.117   0.175  -3.578
  -3.493   1.358   1.418  -3.064   0.484   0.963  -3.503   0.384  -0.064  -3.319
  -0.408   1.533  -1.579   0.703   0.908  -1.081   1.833   0.855  -0.866  -0.436
   0.909  -1.349  -1.307   0.954   0.622  -0.507   0.866   1.032   0.253   1.528
   1.020  -1.875   1.383   2.102  -1.981   1.413   0.611  -2.639   0.724   0.623
  -1.972   2.426   1.217  -0.242  -0.531   2.429  -0.049  -0.678   0.419  -0.321
  -1.592  -0.545  -0.606  -1.455   0.798   0.114  -2.929   1.231   1.092  -2.907
   1.573  -0.537  -3.327  -0.090   0.105  -3.594
  -3.507   1.438   1.322  -3.069   0.536   0.851  -3.433   0.447  -0.174  -3.286
  -0.364   1.416  -1.577   0.711   0.902  -1.080   1.840   0.872  -0.866  -0.410
   0.906  -1.362  -1.303   0.933   0.605  -0.491   0.842   1.088   0.246   1.509
   0.990  -1.863   1.317   2.068  -1.940   1.362   0.560  -2.575   0.662   0.561
  -2.004   2.285   1.219  -0.241  -0.578   2.414   0.031  -0.676   0.419  -0.345
  -1.630  -0.567  -0.598  -1.489   0.807   0.108  -2.940   1.235   1.105  -2.870
   1.522  -0.618  -3.323  -0.088   0.179  -3.558
  -3.476   1.452   1.309  -3.036   0.568   0.883  -3.373   0.408  -0.125  -3.307
  -0.291   1.465  -1.540   0.700   0.882  -1.009   1.815   0.885  -0.844  -0.434
   0.890  -1.384  -1.292   0.872   0.607  -0.536   0.849   1.009   0.202   1.557
   0.997  -1.921   1.315   2.083  -2.036   1.402   0.676  -2.689   0.627   0.548
  -2.095   2.304   1.220  -0.270  -0.544   2.409   0.075  -0.608   0.453  -0.318
  -1.636  -0.523  -0.636  -1.497   0.842   0.110  -3.023   1.187   1.143  -3.078
   1.668  -0.519  -3.361   0.021  -0.027  -3.700
  -3.471   1.559   1.076  -3.060   0.581   0.810  -3.326   0.320  -0.223  -3.389
  -0.176   1.496  -1.568   0.732   0.909  -1.054   1.849   0.880  -0.853  -0.420
   0.886  -1.415  -1.231   0.752   0.588  -0.560   0.854   1.061   0.178   1.516
   0.950  -1.980   1.312   2.035  -2.039   1.372   0.551  -2.699   0.617   0.500
  -2.187   2.300   1.223  -0.223  -0.522   2.440   0.097  -0.608   0.435  -0.216
  -1.619  -0.528  -0.432  -1.475   0.859   0.122  -2.977   1.273   1.132  -3.004
   1.631  -0.574  -3.341   0.015   0.074  -3.672
  -3.461   1.519   1.296  -3.058   0.599   0.862  -3.425   0.578  -0.171  -3.389
  -0.243   1.479  -1.529   0.765   0.856  -1.011   1.878   0.876  -0.852  -0.371
   0.848  -1.428  -1.200   0.925   0.624  -0.514   0.813   1.090   0.184   1.535
   0.937  -1.953   1.294   2.021  -2.040   1.442   0.700  -2.671   0.536   0.461
  -2.118   2.233   1.242  -0.167  -0.541   2.423   0.115  -0.631   0.451  -0.252
  -1.623  -0.522  -0.499  -1.469   0.835   0.127  -2.974   1.250   1.108  -3.033
   1.586  -0.578  -3.415  -0.094   0.053  -3.559
  -3.465   1.575   1.029  -3.022   0.637   0.823  -3.356   0.380  -0.191  -3.460
  -0.089   1.566  -1.516   0.690   0.874  -0.969   1.812   0.934  -0.857  -0.458
   0.869  -1.366  -1.320   1.010   0.623  -0.510   0.864   0.982   0.290   1.539
   1.002  -1.898   1.392   2.060  -1.932   1.546   0.662  -2.699   0.740   0.554
  -2.014   2.363   1.247  -0.191  -0.535   2.436   0.174  -0.648   0.444  -0.299
  -1.604  -0.467  -0.692  -1.469   0.792   0.136  -2.992   1.259   1.120  -2.953
   1.510  -0.587  -3.418  -0.127   0.215  -3.584
  -3.498   1.607   1.056  -3.034   0.631   0.868  -3.364   0.263  -0.107  -3.312
  -0.093   1.623  -1.521   0.739   0.949  -0.963   1.846   0.992  -0.837  -0.414
   0.921  -1.380  -1.259   1.027   0.650  -0.512   0.879   1.037   0.241   1.556
   1.025  -1.890   1.396   2.123  -2.029   1.350   0.599  -2.649   0.735   0.627
  -2.012   2.401   1.249  -0.245  -0.547   2.420   0.138  -0.649   0.446  -0.341
  -1.596  -0.485  -0.699  -1.429   0.817   0.103  -2.933   1.264   1.101  -2.984
   1.554  -0.593  -3.344  -0.063   0.144  -3.508
  -3.453   1.652   0.757  -3.011   0.672   0.766  -3.265   0.245  -0.199  -3.439
   0.021   1.518  -1.531   0.748   0.868  -0.956   1.819   1.057  -0.858  -0.403
   0.873  -1.383  -1.274   0.728   0.621  -0.518   0.844   1.019   0.282   1.488
   1.027  -1.894   1.386   2.119  -1.942   1.372   0.579  -2.700   0.800   0.685
  -1.969   2.417   1.252  -0.281  -0.569   2.424   0.111  -0.635   0.467  -0.382
  -1.670  -0.498  -0.560  -1.494   0.865   0.071  -2.998   1.419   1.020  -2.949
   1.576  -0.629  -3.388  -0.011   0.143  -3.652
  -3.423   1.755   0.763  -3.035   0.738   0.737  -3.382   0.283  -0.220  -3.480
   0.125   1.504  -1.501   0.721   0.899  -0.944   1.757   1.146  -0.822  -0.415
   0.870  -1.313  -1.297   0.761   0.655  -0.482   0.834   1.077   0.294   1.503
   1.050  -1.843   1.368   2.129  -1.941   1.426   0.620  -2.622   0.749   0.622
  -1.898   2.379   1.231  -0.203  -0.576   2.394   0.147  -0.694   0.422  -0.337
  -1.638  -0.529  -0.651  -1.463   0.822  -0.029  -3.036   1.361   0.906  -3.035
   1.532  -0.753  -3.405  -0.087   0.041  -3.660
  -3.304   1.750   0.782  -3.013   0.728   0.757  -3.262   0.285  -0.162  -3.501
   0.167   1.603  -1.507   0.688   0.937  -0.913   1.753   1.098  -0.807  -0.453
   0.918  -1.344  -1.310   0.829   0.677  -0.520   0.829   1.096   0.211   1.499
   1.097  -1.900   1.311   2.182  -1.933   1.360   0.760  -2.686   0.688   0.638
  -1.978   2.295   1.244  -0.177  -0.569   2.401   0.246  -0.658   0.435  -0.270
  -1.626  -0.526  -0.604  -1.427   0.789  -0.036  -3.036   1.298   0.916  -3.197
   1.446  -0.793  -3.448  -0.153  -0.016  -3.565
  -3.427   1.704   0.824  -2.977   0.705   0.733  -3.217   0.268  -0.228  -3.463
   0.064   1.460  -1.489   0.762   0.961  -0.914   1.839   1.078  -0.839  -0.409
   0.859  -1.307  -1.331   0.675   0.656  -0.490   0.833   1.011   0.226   1.557
   1.028  -1.881   1.316   2.068  -1.933   1.431   0.748  -2.665   0.621   0.587
  -2.070   2.296   1.216  -0.128  -0.589   2.381   0.310  -0.669   0.397  -0.237
  -1.637  -0.568  -0.506  -1.477   0.782   0.063  -3.025   1.392   0.961  -3.071
   1.345  -0.758  -3.472  -0.127   0.197  -3.657
  -3.341   1.741   0.612  -2.999   0.700   0.746  -3.238   0.130  -0.139  -3.406
   0.180   1.590  -1.483   0.756   0.905  -0.942   1.842   1.082  -0.805  -0.415
   0.863  -1.330  -1.238   0.863   0.644  -0.490   0.818   1.000   0.204   1.564
   1.039  -1.906   1.273   2.152  -2.000   1.246   0.570  -2.638   0.583   0.681
  -2.065   2.283   1.238  -0.123  -0.558   2.380   0.316  -0.658   0.472  -0.241
  -1.645  -0.451  -0.592  -1.458   0.832   0.033  -3.013   1.468   0.909  -3.082
   1.371  -0.820  -3.396  -0.078   0.229  -3.648
  -3.476   1.677   0.716  -2.996   0.651   0.802  -3.219   0.076  -0.073  -3.381
   0.151   1.703  -1.487   0.768   0.893  -0.917   1.869   0.996  -0.833  -0.396
   0.889  -1.389  -1.207   0.741   0.651  -0.465   0.848   1.007   0.256   1.619
   1.024  -1.915   1.270   2.083  -2.124   1.215   0.486  -2.563   0.624   0.699
  -2.146   2.306   1.232  -0.067  -0.564   2.401   0.337  -0.627   0.476  -0.283
  -1.640  -0.504  -0.618  -1.431   0.892  -0.088  -3.022   1.666   0.702  -3.060
   1.380  -0.972  -3.369   0.024   0.100  -3.652
  -3.341   1.683   0.755  -2.961   0.680   0.821  -3.191   0.132  -0.081  -3.284
   0.157   1.706  -1.459   0.763   0.856  -0.941   1.872   0.953  -0.831  -0.395
   0.850  -1.388  -1.224   0.717   0.620  -0.499   0.856   1.054   0.210   1.581
   0.948  -1.922   1.214   2.013  -2.044   1.272   0.492  -2.689   0.573   0.542
  -2.080   2.194   1.217  -0.147  -0.544   2.375   0.220  -0.643   0.464  -0.296
  -1.665  -0.475  -0.568  -1.554   0.971  -0.145  -3.015   1.620   0.710  -3.113
   1.585  -1.005  -3.211   0.150  -0.026  -3.795
  -3.400   1.669   0.582  -2.997   0.697   0.830  -3.307  -0.100   0.167  -3.321
   0.422   1.846  -1.476   0.785   0.855  -0.878   1.861   0.889  -0.821  -0.383
   0.833  -1.407  -1.225   0.740   0.644  -0.510   0.826   1.123   0.170   1.544
   0.958  -1.916   1.199   2.004  -2.187   1.192   0.405  -2.599   0.518   0.540
  -2.091   2.187   1.224  -0.159  -0.560   2.391   0.218  -0.691   0.424  -0.299
  -1.646  -0.531  -0.589  -1.486   0.937  -0.136  -3.028   1.433   0.851  -2.990
   1.680  -0.854  -3.284   0.104  -0.144  -3.790
  -3.344   1.798   0.778  -2.936   0.770   0.879  -3.316   0.083   0.112  -3.260
   0.458   1.852  -1.422   0.776   0.864  -0.805   1.845   0.917  -0.812  -0.392
   0.830  -1.419  -1.202   0.750   0.628  -0.569   0.790   1.057   0.133   1.550
   0.949  -2.020   1.205   2.014  -2.139   1.373   0.605  -2.724   0.425   0.420
  -2.339   2.120   1.228  -0.191  -0.579   2.386   0.227  -0.620   0.496  -0.277
  -1.660  -0.511  -0.434  -1.526   0.999  -0.076  -3.006   1.469   0.867  -3.069
   1.724  -0.823  -3.314   0.191  -0.003  -3.711
  -3.271   1.665   0.571  -2.870   0.707   0.862  -3.233  -0.056   0.160  -3.143
   0.460   1.898  -1.373   0.759   0.904  -0.794   1.869   0.912  -0.757  -0.407
   0.929  -1.312  -1.233   0.986   0.679  -0.528   0.787   1.154   0.084   1.599
   1.007  -1.973   1.195   2.105  -2.056   1.277   0.660  -2.669   0.420   0.672
  -2.141   2.229   1.251  -0.105  -0.579   2.407   0.318  -0.624   0.485  -0.309
  -1.690  -0.435  -0.649  -1.567   0.975  -0.117  -3.052   1.588   0.805  -3.078
   1.608  -0.984  -3.279   0.113  -0.095  -3.754
  -3.361   1.563   0.393  -2.897   0.672   0.917  -3.248  -0.223   0.443  -3.202
   0.614   1.987  -1.395   0.733   0.842  -0.806   1.810   0.820  -0.754  -0.404
   0.893  -1.293  -1.222   0.999   0.707  -0.504   0.852   1.219   0.154   1.564
   1.055  -1.944   1.210   2.155  -1.985   1.280   0.606  -2.669   0.506   0.747
  -2.188   2.210   1.280  -0.119  -0.550   2.410   0.309  -0.649   0.512  -0.334
  -1.623  -0.440  -0.556  -1.347   0.931  -0.192  -3.015   1.411   0.734  -3.174
   1.543  -1.029  -3.247   0.077  -0.171  -3.628
  -3.398   1.654   0.570  -2.920   0.734   0.947  -3.336  -0.135   0.433  -3.144
   0.675   1.976  -1.395   0.795   0.833  -0.815   1.898   0.807  -0.737  -0.384
   0.850  -1.250  -1.255   0.952   0.742  -0.489   0.791   1.214   0.190   1.486
   1.102  -1.954   1.174   2.200  -2.035   1.142   0.695  -2.723   0.444   0.829
  -2.176   2.188   1.305  -0.152  -0.638   2.435   0.317  -0.708   0.487  -0.355
  -1.679  -0.426  -0.703  -1.471   0.895  -0.203  -3.053   1.267   0.765  -3.261
   1.587  -0.977  -3.286   0.120  -0.212  -3.822
  -3.366   1.671   0.618  -2.857   0.757   0.984  -3.309  -0.065   0.399  -3.100
   0.664   2.083  -1.361   0.865   0.807  -0.752   1.928   0.848  -0.774  -0.324
   0.790  -1.374  -1.077   0.944   0.700  -0.559   0.785   1.171   0.144   1.505
   0.981  -1.932   1.322   2.078  -2.037   1.347   0.743  -2.677   0.591   0.485
  -2.072   2.268   1.342  -0.147  -0.577   2.466   0.324  -0.732   0.488  -0.395
  -1.647  -0.429  -0.802  -1.429   0.811  -0.193  -3.037   1.456   0.671  -3.212
   1.340  -1.093  -3.391  -0.113  -0.092  -3.607
  -3.383   1.700   0.592  -2.915   0.805   0.996  -3.342  -0.072   0.496  -3.163
   0.664   2.042  -1.414   0.856   0.824  -0.781   1.909   0.807  -0.778  -0.353
   0.841  -1.322  -1.165   0.841   0.702  -0.538   0.813   1.175   0.146   1.596
   0.949  -2.002   1.267   2.013  -2.185   1.469   0.658  -2.721   0.495   0.316
  -2.184   2.159   1.331  -0.193  -0.555   2.441   0.308  -0.619   0.552  -0.520
  -1.632  -0.355  -0.959  -1.507   0.922  -0.297  -3.018   1.487   0.648  -3.136
   1.470  -1.160  -3.453  -0.011  -0.218  -3.596
  -3.277   1.786   0.685  -2.867   0.876   1.059  -3.323   0.036   0.545  -3.020
   0.830   2.169  -1.377   0.859   0.846  -0.788   1.939   0.754  -0.791  -0.361
   0.867  -1.395  -1.139   1.078   0.667  -0.529   0.890   1.146   0.192   1.613
   0.963  -1.954   1.241   2.015  -2.015   1.545   0.728  -2.615   0.388   0.366
  -2.185   2.095   1.238  -0.172  -0.513   2.370   0.336  -0.605   0.496  -0.490
  -1.568  -0.444  -0.899  -1.406   0.857  -0.383  -2.962   1.403   0.549  -3.095
   1.496  -1.190  -3.207  -0.032  -0.355  -3.524
  -3.456   1.698   0.787  -2.933   0.798   1.052  -3.336  -0.027   0.459  -3.091
   0.690   2.178  -1.443   0.888   0.881  -0.837   1.975   0.815  -0.818  -0.303
   0.870  -1.438  -1.089   0.884   0.640  -0.500   0.860   1.163   0.103   1.589
   0.912  -1.991   1.179   1.978  -2.312   1.091   0.360  -2.633   0.475   0.621
  -2.253   2.190   1.247  -0.184  -0.508   2.338   0.367  -0.603   0.506  -0.509
  -1.591  -0.400  -0.936  -1.358   0.856  -0.374  -2.988   1.474   0.522  -3.126
   1.452  -1.241  -3.229  -0.056  -0.338  -3.627
  -3.425   1.740   0.875  -2.921   0.799   1.114  -3.383   0.098   0.450  -3.171
   0.539   2.146  -1.453   0.874   0.884  -0.818   1.908   0.795  -0.841  -0.337
   0.853  -1.465  -1.085   1.118   0.622  -0.515   0.850   1.063   0.128   1.618
   0.899  -2.016   1.161   1.961  -2.178   0.949   0.273  -2.650   0.579   0.767
  -2.228   2.183   1.255  -0.200  -0.547   2.337   0.435  -0.633   0.544  -0.480
  -1.660  -0.289  -1.033  -1.461   0.946  -0.260  -3.010   1.628   0.604  -3.070
   1.458  -1.148  -3.469   0.073  -0.020  -3.619
  -3.205   1.977   0.944  -2.883   0.921   1.065  -3.343   0.191   0.387  -2.981
   0.566   2.084  -1.397   0.902   0.906  -0.788   1.976   0.935  -0.834  -0.282
   0.842  -1.448  -1.070   0.695   0.576  -0.581   0.794   1.091  -0.009   1.541
   0.874  -2.045   1.123   1.937  -2.299   1.026   0.311  -2.793   0.572   0.549
  -2.206   2.140   1.206  -0.184  -0.553   2.313   0.381  -0.552   0.522  -0.500
  -1.631  -0.387  -0.886  -1.554   1.000  -0.089  -2.948   1.577   0.843  -2.914
   1.627  -0.863  -3.342   0.120   0.012  -3.631
  -3.227   1.951   0.791  -2.893   0.920   1.059  -3.397   0.231   0.428  -3.169
   0.721   2.046  -1.392   0.883   0.997  -0.708   1.945   1.022  -0.829  -0.305
   0.845  -1.459  -1.065   0.992   0.601  -0.578   0.833   1.069   0.003   1.559
   0.858  -2.059   1.183   1.933  -2.303   0.973   0.201  -2.738   0.570   0.721
  -2.063   2.282   1.252  -0.242  -0.487   2.425   0.202  -0.528   0.515  -0.447
  -1.596  -0.271  -0.992  -1.442   0.972  -0.124  -2.966   1.584   0.762  -3.048
   1.581  -0.932  -3.419   0.112  -0.100  -3.604
  -3.130   1.917   0.670  -2.876   0.944   0.949  -3.300   0.234   0.244  -3.300
   0.714   1.949  -1.371   0.924   0.965  -0.702   1.966   0.975  -0.842  -0.293
   0.896  -1.496  -1.108   1.023   0.586  -0.551   0.866   1.142   0.007   1.633
   0.757  -2.035   1.237   1.803  -2.265   0.967   0.077  -2.704   0.606   0.549
  -2.269   2.239   1.260  -0.185  -0.475   2.451   0.175  -0.472   0.558  -0.362
  -1.595  -0.421  -0.684  -1.469   1.043  -0.083  -2.956   1.628   0.819  -3.029
   1.611  -0.966  -3.351   0.099   0.015  -3.584
  -3.267   2.093   0.943  -2.943   1.022   0.968  -3.315   0.429   0.105  -3.305
   0.497   1.852  -1.394   0.914   0.989  -0.705   1.963   0.960  -0.824  -0.292
   0.902  -1.498  -1.099   0.818   0.611  -0.550   0.824   1.118  -0.025   1.629
   0.756  -2.050   1.191   1.845  -2.233   0.989   0.192  -2.697   0.590   0.418
  -2.272   2.252   1.332  -0.234  -0.523   2.492   0.183  -0.517   0.590  -0.361
  -1.603  -0.316  -0.730  -1.449   0.978  -0.082  -2.976   1.644   0.744  -3.057
   1.373  -0.948  -3.447   0.128   0.202  -3.627
  -3.310   2.000   0.723  -2.954   0.986   0.860  -3.379   0.333   0.122  -3.343
   0.661   1.821  -1.418   0.956   0.966  -0.710   1.950   1.010  -0.826  -0.286
   0.948  -1.478  -1.103   0.946   0.641  -0.608   0.856   1.129  -0.035   1.659
   0.819  -2.068   1.104   1.854  -2.312   0.968   0.211  -2.712   0.431   0.628
  -2.292   2.174   1.246  -0.274  -0.513   2.409   0.147  -0.580   0.538  -0.402
  -1.635  -0.374  -0.774  -1.488   0.984  -0.106  -2.984   1.619   0.756  -2.978
   1.436  -1.006  -3.442   0.089   0.158  -3.583
  -3.330   1.836   0.619  -2.893   0.842   0.885  -3.234   0.188   0.130  -3.125
   0.636   1.960  -1.372   0.901   0.922  -0.731   1.986   1.001  -0.779  -0.279
   0.934  -1.421  -1.101   1.075   0.629  -0.542   0.855   1.244   0.009   1.599
   0.817  -2.043   1.169   1.855  -2.301   1.003   0.197  -2.655   0.541   0.601
  -2.314   2.183   1.222  -0.224  -0.528   2.374   0.157  -0.594   0.568  -0.423
  -1.676  -0.418  -0.695  -1.577   1.093  -0.199  -3.037   1.793   0.647  -3.002
   1.545  -1.093  -3.474   0.319   0.202  -3.702
  -3.291   1.860   0.657  -2.913   0.862   1.023  -3.222   0.015   0.440  -3.249
   0.748   2.000  -1.370   0.871   1.011  -0.706   1.888   0.912  -0.790  -0.337
   0.949  -1.368  -1.097   0.935   0.635  -0.666   0.802   1.257  -0.100   1.509
   0.775  -2.160   1.169   1.810  -2.439   1.117   0.185  -2.845   0.502   0.438
  -2.312   2.216   1.274  -0.354  -0.546   2.375   0.125  -0.571   0.557  -0.453
  -1.670  -0.391  -0.736  -1.597   1.143  -0.198  -3.015   1.923   0.555  -2.991
   1.544  -1.147  -3.356   0.416   0.127  -3.679
  -3.203   1.821   0.883  -2.875   0.816   1.140  -3.358   0.151   0.480  -3.147
   0.453   2.091  -1.359   0.808   0.944  -0.739   1.860   0.822  -0.762  -0.418
   0.936  -1.358  -1.211   1.053   0.667  -0.669   0.780   1.113  -0.062   1.565
   0.832  -2.174   1.141   1.871  -2.525   1.056   0.214  -2.807   0.518   0.485
  -2.436   2.161   1.314  -0.366  -0.603   2.443   0.098  -0.565   0.542  -0.530
  -1.713  -0.394  -0.845  -1.559   1.161  -0.240  -3.068   1.851   0.597  -3.058
   1.681  -1.083  -3.415   0.333  -0.012  -3.792
  -3.352   1.779   0.773  -2.903   0.857   1.153  -3.319   0.114   0.474  -3.237
   0.635   2.142  -1.357   0.802   1.021  -0.696   1.827   1.002  -0.768  -0.388
   0.820  -1.335  -1.183   0.609   0.681  -0.654   0.750   1.127  -0.161   1.630
   0.735  -2.168   1.066   1.789  -2.490   1.159   0.232  -2.769   0.258   0.332
  -2.465   2.069   1.359  -0.341  -0.563   2.521   0.063  -0.632   0.652  -0.496
  -1.733  -0.320  -0.824  -1.655   1.152  -0.255  -3.087   1.810   0.589  -3.237
   1.601  -1.203  -3.431   0.229  -0.023  -3.681
  -3.203   1.826   0.692  -2.890   0.847   1.035  -3.278   0.083   0.460  -3.133
   0.795   2.107  -1.356   0.830   0.985  -0.726   1.869   1.077  -0.741  -0.331
   0.889  -1.436  -1.065   0.731   0.672  -0.651   0.822   1.289  -0.172   1.605
   0.871  -2.178   1.036   1.938  -2.429   1.114   0.395  -2.749   0.216   0.413
  -2.488   1.980   1.302  -0.337  -0.564   2.490   0.135  -0.621   0.590  -0.498
  -1.707  -0.419  -0.728  -1.604   1.020  -0.259  -3.074   1.727   0.614  -3.036
   1.553  -1.134  -3.506   0.152  -0.084  -3.669
  -3.178   1.889   0.695  -2.879   0.840   0.913  -3.216   0.183   0.088  -3.249
   0.571   1.872  -1.377   0.819   1.009  -0.710   1.851   1.074  -0.808  -0.391
   0.866  -1.403  -1.208   1.026   0.606  -0.647   0.784   1.123  -0.001   1.475
   0.781  -2.119   1.192   1.770  -2.411   1.291   0.307  -2.720   0.467   0.328
  -2.318   2.139   1.277  -0.313  -0.610   2.467   0.185  -0.598   0.572  -0.444
  -1.730  -0.362  -0.746  -1.570   0.913  -0.197  -3.120   1.370   0.765  -3.272
   1.693  -0.931  -3.477  -0.018  -0.191  -3.755
  -3.184   2.038   0.574  -2.960   1.022   0.908  -3.383   0.276   0.209  -3.412
   0.784   1.882  -1.396   0.802   0.908  -0.713   1.810   1.008  -0.876  -0.399
   0.939  -1.568  -1.162   0.937   0.570  -0.652   0.806   1.011   0.025   1.623
   0.687  -2.120   1.171   1.738  -2.466   1.271   0.379  -2.705   0.323   0.104
  -2.380   2.081   1.273  -0.221  -0.594   2.418   0.290  -0.626   0.550  -0.512
  -1.713  -0.371  -0.923  -1.566   0.908  -0.185  -3.075   1.018   0.919  -3.169
   1.765  -0.748  -3.418   0.154  -0.375  -3.803
  -3.147   1.880   0.640  -2.893   0.898   0.921  -3.430   0.224   0.250  -3.216
   0.819   1.976  -1.409   0.781   0.911  -0.714   1.764   1.045  -0.871  -0.401
   0.744  -1.548  -1.151   0.797   0.540  -0.734   0.794   1.009  -0.184   1.600
   0.743  -2.227   1.028   1.788  -2.449   1.254   0.307  -2.804   0.185   0.254
  -2.454   1.995   1.205  -0.256  -0.501   2.373   0.186  -0.584   0.430  -0.314
  -1.571  -0.463  -0.817  -1.464   0.942  -0.056  -2.959   1.159   1.004  -3.067
   1.885  -0.558  -3.147   0.208  -0.329  -3.642
  -3.243   1.932   0.613  -2.969   0.974   1.010  -3.467   0.264   0.394  -3.333
   0.809   2.019  -1.406   0.792   0.922  -0.689   1.769   1.061  -0.918  -0.437
   0.892  -1.574  -1.195   0.960   0.529  -0.700   0.795   1.044  -0.143   1.497
   0.763  -2.178   1.041   1.788  -2.396   0.825   0.176  -2.799   0.380   0.533
  -2.511   2.059   1.227  -0.238  -0.473   2.381   0.185  -0.524   0.489  -0.347
  -1.576  -0.351  -0.832  -1.553   0.926  -0.087  -2.931   1.062   0.945  -3.104
   1.835  -0.656  -3.120   0.125  -0.231  -3.702
  -3.310   2.006   0.903  -2.993   0.969   0.910  -3.332   0.519  -0.007  -3.419
   0.381   1.761  -1.451   0.841   0.970  -0.713   1.804   1.038  -0.947  -0.390
   0.913  -1.568  -1.199   0.813   0.524  -0.698   0.791   0.975  -0.180   1.648
   0.722  -2.224   0.911   1.727  -2.525   0.738   0.103  -2.854   0.283   0.672
  -2.444   1.933   1.209  -0.169  -0.501   2.428   0.231  -0.484   0.501  -0.331
  -1.588  -0.428  -0.611  -1.399   1.011  -0.030  -2.984   1.175   1.035  -3.054
   1.987  -0.489  -3.246   0.292  -0.292  -3.738
  -3.132   2.104   0.575  -2.940   1.069   0.866  -3.419   0.437   0.173  -3.369
   0.954   1.909  -1.422   0.796   0.955  -0.757   1.755   1.204  -0.961  -0.429
   0.837  -1.557  -1.194   0.815   0.506  -0.782   0.760   0.988  -0.348   1.621
   0.660  -2.296   0.873   1.723  -2.612   0.722   0.047  -2.794   0.116   0.282
  -2.587   1.836   1.169  -0.210  -0.570   2.324   0.240  -0.508   0.490  -0.333
  -1.736  -0.460  -0.781  -1.682   1.074   0.044  -3.034   1.031   1.143  -3.228
   2.134  -0.290  -3.109   0.439  -0.428  -3.799
  -2.952   2.073   0.602  -2.876   1.021   0.913  -3.227   0.364   0.109  -3.362
   0.897   1.910  -1.425   0.759   1.005  -0.706   1.730   1.178  -0.960  -0.505
   0.768  -1.644  -1.171   0.561   0.457  -0.778   0.613   0.976  -0.172   1.448
   0.708  -2.265   0.787   1.780  -2.448   0.771   0.169  -2.931   0.108   0.487
  -2.539   1.876   1.121  -0.246  -0.644   2.265   0.268  -0.628   0.489  -0.398
  -1.786  -0.486  -0.558  -1.721   0.994   0.042  -3.087   0.916   1.127  -3.217
   2.091  -0.169  -3.151   0.537  -0.553  -3.889
  -3.060   2.122   0.729  -2.931   1.036   0.882  -3.457   0.552  -0.003  -3.457
   0.779   1.785  -1.384   0.797   0.997  -0.565   1.726   1.160  -0.971  -0.440
   0.729  -1.656  -1.106   0.567   0.463  -0.803   0.611   0.983  -0.387   1.425
   0.739  -2.322   0.730   1.846  -2.410   0.706   0.311  -2.790  -0.114   0.372
  -2.751   1.690   1.180  -0.305  -0.672   2.292   0.263  -0.588   0.490  -0.353
  -1.840  -0.441  -0.718  -1.770   1.011   0.123  -3.101   0.753   1.173  -3.245
   2.063   0.032  -3.140   0.502  -0.420  -3.891
  -3.004   2.104   0.797  -2.898   1.025   0.819  -3.255   0.574  -0.093  -3.483
   0.653   1.645  -1.427   0.724   0.961  -0.596   1.641   1.129  -1.004  -0.489
   0.690  -1.697  -1.254   0.582   0.448  -0.804   0.654   0.954  -0.387   1.477
   0.663  -2.330   0.767   1.735  -2.599   0.724   0.153  -2.760  -0.093   0.124
  -2.686   1.626   1.174  -0.255  -0.621   2.303   0.248  -0.521   0.573  -0.420
  -1.845  -0.325  -0.839  -1.912   1.052   0.128  -3.101   1.033   1.214  -3.122
   2.097  -0.073  -3.205   0.397  -0.211  -3.873
  -3.213   2.137   0.672  -2.937   1.060   0.888  -3.493   0.464   0.139  -3.273
   0.757   1.919  -1.460   0.806   0.825  -0.678   1.744   1.000  -0.976  -0.461
   0.661  -1.647  -1.217   0.809   0.436  -0.741   0.639   0.865  -0.233   1.515
   0.739  -2.275   0.840   1.817  -2.376   1.006   0.475  -2.794  -0.033   0.224
  -2.655   1.700   1.176  -0.219  -0.607   2.245   0.330  -0.454   0.538  -0.379
  -1.791  -0.402  -0.660  -1.701   1.053   0.069  -3.098   0.853   1.107  -3.202
   2.098  -0.060  -3.188   0.478  -0.539  -3.827
  -3.020   2.071   0.391  -2.855   1.075   0.675  -3.277   0.326   0.005  -3.222
   0.853   1.671  -1.405   0.766   0.815  -0.575   1.709   0.934  -1.006  -0.471
   0.648  -1.646  -1.262   0.626   0.480  -0.689   0.681   0.908  -0.128   1.487
   0.827  -2.203   0.934   1.907  -2.386   0.848   0.431  -2.921   0.180   0.438
  -2.579   1.889   1.204  -0.195  -0.580   2.297   0.334  -0.457   0.598  -0.367
  -1.768  -0.319  -0.845  -1.730   1.128   0.007  -3.031   1.060   1.042  -3.350
   2.196  -0.205  -3.191   0.562  -0.486  -3.816
  -3.074   2.193   0.762  -2.888   1.107   0.698  -3.332   0.645  -0.199  -3.250
   0.725   1.620  -1.409   0.839   0.693  -0.628   1.765   0.807  -0.993  -0.471
   0.595  -1.721  -1.140   0.715   0.484  -0.763   0.627   0.865  -0.266   1.545
   0.736  -2.249   0.888   1.786  -2.371   0.846   0.186  -2.826   0.133   0.410
  -2.588   1.883   1.224  -0.272  -0.601   2.250   0.373  -0.487   0.583  -0.423
  -1.841  -0.197  -1.077  -1.897   1.161   0.118  -3.073   1.036   1.235  -3.087
   2.239  -0.086  -3.196   0.624  -0.318  -3.970
  -2.996   2.212   0.867  -2.908   1.143   0.681  -3.313   0.889  -0.329  -3.477
   0.596   1.467  -1.420   0.837   0.641  -0.615   1.765   0.701  -1.019  -0.435
   0.536  -1.691  -1.160   0.455   0.379  -0.768   0.605   0.800  -0.329   1.502
   0.607  -2.304   0.878   1.665  -2.428   0.978   0.163  -2.802   0.049   0.091
  -2.544   1.819   1.198  -0.286  -0.603   2.246   0.377  -0.470   0.614  -0.527
  -1.863  -0.325  -0.888  -1.888   1.072   0.077  -3.133   0.682   1.063  -3.295
   2.155   0.051  -3.188   0.683  -0.600  -3.939
  -3.033   2.254   0.655  -2.898   1.216   0.646  -3.283   0.991  -0.330  -3.517
   0.738   1.416  -1.440   0.840   0.605  -0.631   1.773   0.670  -1.046  -0.432
   0.599  -1.826  -1.080   0.400   0.468  -0.815   0.677   0.884  -0.321   1.541
   0.614  -2.322   0.784   1.605  -2.686   1.081   0.306  -2.815  -0.111  -0.114
  -2.677   1.508   1.173  -0.304  -0.555   2.235   0.365  -0.465   0.575  -0.556
  -1.779  -0.356  -0.973  -1.733   0.944  -0.042  -3.155   0.431   0.864  -3.268
   2.014   0.150  -3.157   0.643  -0.737  -3.917
  -3.027   2.248   0.741  -2.966   1.151   0.696  -3.425   0.746  -0.204  -3.398
   0.769   1.636  -1.499   0.862   0.709  -0.694   1.772   0.729  -1.040  -0.452
   0.588  -1.692  -1.244   0.662   0.427  -0.839   0.644   0.936  -0.333   1.498
   0.607  -2.334   0.834   1.644  -2.616   1.023   0.345  -2.949  -0.039   0.018
  -2.598   1.697   1.130  -0.330  -0.615   2.169   0.370  -0.592   0.430  -0.486
  -1.760  -0.386  -1.075  -1.700   0.976  -0.087  -3.058   0.387   0.706  -3.604
   2.038   0.152  -3.058   0.841  -0.897  -3.704
  -3.128   2.122   0.893  -2.951   1.027   0.792  -3.419   0.645  -0.113  -3.336
   0.461   1.659  -1.457   0.751   0.659  -0.683   1.704   0.809  -1.030  -0.516
   0.580  -1.675  -1.279   0.640   0.434  -0.822   0.559   0.820  -0.321   1.382
   0.591  -2.367   0.868   1.628  -2.559   0.847   0.205  -2.926  -0.016  -0.053
  -2.606   1.725   1.155  -0.334  -0.679   2.264   0.239  -0.593   0.516  -0.543
  -1.899  -0.327  -1.146  -1.906   1.069  -0.101  -3.177   0.400   0.678  -3.549
   1.998   0.475  -3.020   1.210  -0.912  -3.878
  -3.004   2.212   0.623  -2.854   1.127   0.607  -3.325   0.861  -0.335  -3.491
   0.768   1.423  -1.406   0.746   0.673  -0.637   1.707   0.782  -0.963  -0.536
   0.586  -1.690  -1.265   0.704   0.454  -0.799   0.636   0.816  -0.264   1.518
   0.630  -2.292   0.977   1.625  -2.474   1.276   0.328  -2.905   0.142  -0.037
  -2.588   1.819   1.206  -0.260  -0.614   2.317   0.229  -0.554   0.616  -0.488
  -1.787  -0.261  -0.995  -1.798   1.209  -0.215  -3.167   0.660   0.592  -3.689
   2.227   0.154  -3.128   1.104  -1.078  -3.746
  -3.031   2.164   0.435  -2.903   1.123   0.520  -3.389   0.533  -0.288  -3.379
   0.817   1.464  -1.437   0.815   0.612  -0.654   1.712   0.798  -1.050  -0.489
   0.599  -1.782  -1.212   0.469   0.389  -0.810   0.631   0.795  -0.212   1.393
   0.585  -2.241   1.050   1.613  -2.438   1.314   0.297  -2.921   0.225  -0.040
  -2.392   1.899   1.224  -0.340  -0.632   2.364   0.211  -0.422   0.673  -0.514
  -1.816  -0.205  -0.960  -1.856   1.151  -0.136  -3.159   0.490   0.481  -3.744
   2.063   0.503  -3.122   1.294  -1.036  -3.704
  -3.105   2.165   0.730  -2.975   1.124   0.578  -3.186   0.819  -0.534  -3.592
   0.483   1.233  -1.457   0.883   0.609  -0.580   1.774   0.779  -1.039  -0.402
   0.487  -1.747  -1.082   0.590   0.366  -0.768   0.714   0.792  -0.244   1.594
   0.397  -2.288   0.988   1.420  -2.610   1.241   0.089  -2.912   0.111  -0.326
  -2.461   1.858   1.266  -0.376  -0.524   2.329   0.181  -0.331   0.649  -0.546
  -1.738  -0.205  -1.065  -1.661   1.208  -0.126  -3.060   0.309   0.434  -3.468
   2.081   0.456  -3.045   1.387  -0.951  -3.763
  -3.221   2.111   0.725  -2.996   1.082   0.544  -3.381   0.857  -0.469  -3.544
   0.379   1.238  -1.488   0.887   0.558  -0.745   1.882   0.776  -1.053  -0.373
   0.456  -1.707  -1.169   0.452   0.341  -0.753   0.689   0.798  -0.191   1.471
   0.430  -2.242   1.093   1.504  -2.383   1.216  -0.034  -2.992   0.348  -0.083
  -2.341   1.987   1.163  -0.347  -0.502   2.290   0.123  -0.284   0.729  -0.608
  -1.745  -0.002  -1.243  -1.839   1.244  -0.182  -3.043   0.450   0.307  -3.631
   2.183   0.480  -2.968   1.478  -1.096  -3.609
  -3.147   2.213   0.409  -2.947   1.183   0.318  -3.124   0.852  -0.671  -3.520
   0.699   1.057  -1.473   0.955   0.554  -0.700   1.915   0.641  -0.998  -0.335
   0.520  -1.677  -1.102   0.469   0.333  -0.787   0.717   0.756  -0.161   1.526
   0.297  -2.324   1.048   1.322  -2.543   1.383   0.115  -2.786   0.055  -0.407
  -2.558   1.949   1.181  -0.350  -0.446   2.296   0.165  -0.298   0.673  -0.573
  -1.710  -0.289  -0.823  -1.763   1.292  -0.256  -2.965   0.755   0.446  -3.628
   2.183   0.215  -2.784   1.508  -1.208  -3.489
  -3.167   2.072   0.704  -3.008   1.093   0.319  -3.295   0.982  -0.754  -3.500
   0.326   0.911  -1.498   0.904   0.501  -0.741   1.819   0.787  -1.090  -0.351
   0.459  -1.702  -1.119   0.239   0.273  -0.724   0.688   0.612  -0.048   1.457
   0.388  -2.211   1.129   1.417  -2.380   1.525   0.202  -2.927   0.325  -0.361
  -2.425   1.908   1.204  -0.359  -0.464   2.318   0.180  -0.374   0.809  -0.774
  -1.670  -0.024  -1.391  -1.740   1.345  -0.278  -2.961   0.781   0.560  -3.253
   2.316   0.112  -2.798   1.348  -1.093  -3.760
  -3.079   2.048   0.693  -2.912   1.127   0.266  -3.236   1.023  -0.752  -3.547
   0.405   0.753  -1.487   0.878   0.539  -0.772   1.870   0.766  -1.077  -0.375
   0.501  -1.868  -1.082   0.594   0.337  -0.732   0.711   0.638  -0.144   1.576
   0.547  -2.201   1.127   1.515  -2.320   1.532   0.457  -2.831   0.261  -0.219
  -2.554   1.874   1.222  -0.466  -0.500   2.269   0.173  -0.369   0.784  -0.781
  -1.735  -0.006  -1.341  -1.857   1.390  -0.303  -2.920   0.903   0.683  -3.230
   2.499  -0.184  -2.700   1.278  -1.014  -3.763
  -3.344   2.029   0.665  -2.964   1.042   0.342  -3.275   0.793  -0.673  -3.452
   0.216   0.901  -1.438   0.929   0.558  -0.708   1.923   0.636  -0.951  -0.319
   0.453  -1.583  -1.021   0.190   0.380  -0.701   0.601   0.737   0.028   1.369
   0.518  -2.190   1.140   1.575  -2.492   1.362   0.095  -2.947   0.559  -0.019
  -2.219   2.097   1.263  -0.465  -0.609   2.337   0.149  -0.493   0.826  -0.929
  -1.782  -0.005  -1.472  -1.704   1.378  -0.388  -3.019   0.916   0.554  -3.165
   2.510  -0.274  -2.912   1.248  -1.075  -3.943
  -3.227   2.183   0.694  -2.999   1.179   0.363  -3.112   1.031  -0.686  -3.585
   0.411   0.842  -1.455   0.931   0.454  -0.713   1.885   0.709  -1.070  -0.363
   0.453  -1.875  -1.008   0.280   0.312  -0.821   0.704   0.670  -0.283   1.587
   0.404  -2.325   1.089   1.486  -2.573   1.115   0.012  -3.022   0.321   0.013
  -2.584   2.097   1.234  -0.568  -0.488   2.298   0.159  -0.429   0.842  -1.079
  -1.680   0.220  -1.785  -1.578   1.323  -0.476  -2.938   1.096   0.565  -2.982
   2.428  -0.590  -2.955   0.923  -0.997  -3.828
  -3.213   2.136   0.642  -3.003   1.114   0.468  -3.352   0.812  -0.535  -3.662
   0.506   1.150  -1.572   0.942   0.588  -0.823   1.912   0.667  -1.132  -0.318
   0.663  -1.798  -1.059   0.572   0.256  -0.760   0.792   0.718  -0.190   1.608
   0.323  -2.270   1.174   1.387  -2.593   1.098  -0.156  -2.929   0.406   0.039
  -2.470   2.250   1.223  -0.553  -0.434   2.245   0.109  -0.299   0.832  -1.021
  -1.640  -0.059  -1.565  -1.675   1.451  -0.515  -2.886   1.179   0.540  -2.866
   2.548  -0.474  -2.836   1.112  -0.931  -3.859
  -3.385   2.044   0.834  -3.076   1.118   0.496  -3.330   1.104  -0.571  -3.604
   0.359   1.063  -1.580   0.887   0.673  -0.856   1.852   0.926  -1.159  -0.355
   0.634  -1.905  -1.067   0.477   0.240  -0.801   0.795   0.697  -0.388   1.679
   0.256  -2.295   1.073   1.321  -2.551   1.135  -0.328  -2.955   0.373  -0.144
  -2.470   2.089   1.184  -0.439  -0.397   2.246   0.154  -0.199   0.813  -0.861
  -1.606   0.016  -1.515  -1.626   1.441  -0.480  -2.842   1.278   0.582  -3.179
   2.550  -0.494  -2.685   1.084  -1.176  -3.631
  -3.166   2.162   0.844  -3.108   1.136   0.500  -3.405   1.048  -0.550  -3.641
   0.420   1.016  -1.547   0.936   0.640  -0.802   1.867   0.969  -1.128  -0.359
   0.551  -1.868  -1.063   0.420   0.285  -0.823   0.745   0.678  -0.204   1.541
   0.364  -2.275   1.133   1.427  -2.554   1.117  -0.109  -2.964   0.433  -0.045
  -2.390   2.111   1.234  -0.530  -0.415   2.257   0.091  -0.167   0.759  -0.778
  -1.612  -0.024  -1.353  -1.683   1.399  -0.377  -2.873   1.195   0.667  -2.980
   2.464  -0.500  -2.782   1.017  -0.988  -3.733
  -3.261   2.153   1.053  -3.033   1.225   0.478  -3.136   1.362  -0.585  -3.547
   0.344   0.766  -1.570   0.888   0.672  -0.800   1.820   0.960  -1.134  -0.383
   0.502  -1.728  -1.127   0.158   0.273  -0.797   0.803   0.644  -0.191   1.602
   0.385  -2.345   1.111   1.465  -2.625   1.299   0.098  -2.896   0.246  -0.229
  -2.797   1.877   1.215  -0.429  -0.387   2.230   0.248  -0.164   0.799  -0.787
  -1.667  -0.011  -1.438  -1.718   1.433  -0.278  -2.917   1.320   0.733  -3.080
   2.496  -0.519  -2.833   0.859  -0.807  -3.647
  -3.230   2.120   0.953  -2.974   1.183   0.426  -3.190   1.229  -0.683  -3.630
   0.432   0.862  -1.501   0.913   0.666  -0.701   1.802   1.042  -1.124  -0.371
   0.572  -1.875  -1.045   0.269   0.250  -0.797   0.818   0.544  -0.247   1.701
   0.235  -2.283   1.052   1.237  -2.714   1.352  -0.138  -2.784   0.129  -0.438
  -2.523   1.953   1.202  -0.359  -0.358   2.244   0.304  -0.142   0.832  -0.618
  -1.649   0.018  -1.173  -1.695   1.474  -0.294  -2.914   1.251   0.722  -3.140
   2.500  -0.447  -2.850   1.077  -0.912  -3.727
  -3.303   2.203   0.846  -2.950   1.233   0.419  -2.925   1.326  -0.637  -3.602
   0.421   0.774  -1.556   0.925   0.778  -0.778   1.806   1.170  -1.156  -0.318
   0.515  -1.835  -1.000   0.283   0.210  -0.782   0.749   0.561  -0.435   1.779
   0.175  -2.318   0.769   1.202  -2.719   0.919  -0.201  -2.800  -0.179  -0.461
  -2.655   1.618   1.186  -0.420  -0.345   2.243   0.224  -0.149   0.732  -0.591
  -1.566  -0.155  -0.923  -1.646   1.481  -0.209  -2.793   1.190   0.740  -3.129
   2.565  -0.400  -2.594   1.136  -0.939  -3.508
  -3.199   2.204   0.879  -2.838   1.256   0.420  -2.961   1.398  -0.682  -3.469
   0.383   0.640  -1.417   0.902   0.741  -0.731   1.786   1.293  -1.057  -0.368
   0.522  -1.704  -1.108   0.268   0.280  -0.806   0.814   0.627  -0.383   1.800
   0.266  -2.301   0.794   1.243  -2.617   0.967  -0.165  -2.675  -0.103  -0.307
  -2.740   1.599   1.175  -0.298  -0.344   2.287   0.180  -0.087   0.741  -0.465
  -1.593  -0.203  -0.825  -1.694   1.421  -0.123  -2.822   1.143   0.877  -3.153
   2.515  -0.349  -2.753   1.089  -0.779  -3.615
