default_name                                                                    
  -3.683   1.081   0.715  -2.749   1.222   1.266  -2.903   0.949   2.306  -2.435
   2.262   1.203  -1.676   0.335   0.688  -1.917  -0.383  -0.275  -0.487   0.382
   1.288  -0.396   1.029   2.059   0.704  -0.419   0.955   1.474  -0.102   1.663
   0.419  -1.901   1.282   1.348  -2.466   1.212  -0.298  -2.310   0.572   0.034
  -1.981   2.300   1.322  -0.204  -0.454   2.226  -0.941  -0.858   0.852   0.806
  -1.208   0.109   1.370  -0.818   1.338   1.151  -2.550   2.399   1.403  -2.515
   1.190   0.309  -3.224   0.785   2.015  -2.931
  -3.677   1.098   0.692  -2.757   1.236   1.254  -2.923   0.950   2.290  -2.447
   2.273   1.186  -1.668   0.339   0.681  -1.911  -0.400  -0.276  -0.489   0.393
   1.289  -0.421   1.020   2.082   0.706  -0.411   0.948   1.500  -0.103   1.623
   0.420  -1.884   1.279   1.351  -2.465   1.236  -0.281  -2.302   0.557   0.011
  -1.966   2.286   1.306  -0.210  -0.475   2.211  -0.951  -0.873   0.850   0.801
  -1.224   0.104   1.351  -0.821   1.333   1.154  -2.546   2.386   1.452  -2.504
   1.213   0.325  -3.234   0.758   1.989  -2.937
  -3.698   1.088   0.732  -2.749   1.220   1.257  -2.881   0.962   2.313  -2.419
   2.254   1.171  -1.689   0.334   0.663  -1.930  -0.393  -0.299  -0.498   0.374
   1.275  -0.425   0.952   2.106   0.704  -0.418   0.940   1.475  -0.072   1.630
   0.448  -1.889   1.279   1.372  -2.451   1.158  -0.309  -2.317   0.602   0.099
  -1.996   2.306   1.309  -0.214  -0.474   2.202  -0.959  -0.881   0.844   0.793
  -1.217   0.108   1.360  -0.814   1.338   1.175  -2.548   2.382   1.473  -2.477
   1.232   0.333  -3.241   0.761   2.006  -2.935
  -3.642   1.135   0.644  -2.748   1.231   1.238  -2.954   0.931   2.258  -2.417
   2.259   1.208  -1.685   0.329   0.671  -1.919  -0.388  -0.308  -0.495   0.370
   1.275  -0.388   1.008   2.048   0.700  -0.419   0.935   1.486  -0.086   1.609
   0.435  -1.893   1.282   1.365  -2.479   1.231  -0.302  -2.324   0.589   0.040
  -1.989   2.290   1.305  -0.228  -0.485   2.203  -0.970  -0.904   0.855   0.803
  -1.228   0.100   1.343  -0.829   1.363   1.170  -2.558   2.423   1.351  -2.459
   1.198   0.377  -3.271   0.850   2.050  -2.966
  -3.640   1.150   0.595  -2.769   1.216   1.227  -3.005   0.919   2.265  -2.407
   2.240   1.241  -1.687   0.320   0.674  -1.906  -0.392  -0.292  -0.494   0.359
   1.279  -0.426   0.968   2.087   0.699  -0.437   0.936   1.484  -0.093   1.626
   0.440  -1.920   1.283   1.370  -2.495   1.231  -0.289  -2.351   0.588   0.035
  -2.030   2.303   1.293  -0.230  -0.481   2.190  -0.972  -0.905   0.832   0.803
  -1.190   0.074   1.333  -0.779   1.313   1.167  -2.538   2.387   1.381  -2.545
   1.094   0.392  -3.285   0.783   2.072  -2.865
  -3.674   1.116   0.645  -2.777   1.221   1.210  -2.978   0.942   2.247  -2.433
   2.255   1.221  -1.682   0.327   0.666  -1.893  -0.367  -0.319  -0.491   0.383
   1.276  -0.430   1.012   2.068   0.709  -0.426   0.950   1.493  -0.095   1.633
   0.473  -1.912   1.290   1.397  -2.465   1.256  -0.240  -2.371   0.584   0.089
  -2.005   2.298   1.286  -0.238  -0.474   2.191  -0.980  -0.886   0.820   0.780
  -1.216   0.070   1.348  -0.834   1.301   1.196  -2.525   2.390   1.355  -2.512
   1.094   0.409  -3.260   0.815   2.125  -2.850
  -3.669   1.114   0.573  -2.785   1.259   1.193  -3.001   0.925   2.210  -2.480
   2.310   1.213  -1.697   0.349   0.657  -1.934  -0.372  -0.306  -0.497   0.377
   1.275  -0.377   1.044   2.019   0.701  -0.434   0.936   1.485  -0.074   1.610
   0.423  -1.899   1.315   1.328  -2.493   1.212  -0.319  -2.311   0.632   0.085
  -1.999   2.350   1.290  -0.241  -0.471   2.173  -1.004  -0.853   0.826   0.774
  -1.192   0.109   1.353  -0.765   1.321   1.179  -2.515   2.387   1.355  -2.452
   1.130   0.385  -3.244   0.821   2.099  -2.865
  -3.709   1.170   0.579  -2.799   1.242   1.184  -3.021   0.959   2.213  -2.441
   2.271   1.151  -1.695   0.337   0.649  -1.932  -0.393  -0.325  -0.517   0.356
   1.262  -0.459   1.024   2.020   0.664  -0.453   0.925   1.463  -0.139   1.599
   0.418  -1.910   1.300   1.346  -2.454   1.167  -0.393  -2.299   0.697   0.146
  -1.985   2.345   1.290  -0.251  -0.483   2.208  -1.003  -0.883   0.825   0.765
  -1.230   0.090   1.313  -0.852   1.319   1.148  -2.562   2.419   1.288  -2.496
   1.120   0.337  -3.252   0.805   2.038  -2.903
  -3.685   1.157   0.612  -2.797   1.224   1.225  -3.011   0.934   2.256  -2.451
   2.266   1.230  -1.702   0.345   0.640  -1.908  -0.369  -0.345  -0.530   0.356
   1.280  -0.454   0.911   2.108   0.644  -0.467   0.934   1.432  -0.082   1.572
   0.404  -1.943   1.276   1.387  -2.450   1.244  -0.243  -2.410   0.516  -0.010
  -2.050   2.272   1.257  -0.260  -0.488   2.189  -0.998  -0.881   0.851   0.790
  -1.216   0.133   1.370  -0.805   1.326   1.129  -2.547   2.386   1.385  -2.490
   1.193   0.314  -3.226   0.792   2.024  -2.894
  -3.656   1.218   0.608  -2.776   1.189   1.245  -3.020   0.790   2.224  -2.408
   2.232   1.372  -1.686   0.322   0.635  -1.930  -0.385  -0.311  -0.502   0.353
   1.250  -0.440   0.984   2.032   0.698  -0.426   0.936   1.477  -0.092   1.638
   0.394  -1.900   1.267   1.321  -2.456   1.170  -0.314  -2.325   0.579   0.015
  -1.983   2.288   1.273  -0.264  -0.486   2.166  -1.028  -0.876   0.860   0.774
  -1.229   0.165   1.381  -0.796   1.335   1.107  -2.558   2.379   1.399  -2.544
   1.229   0.260  -3.244   0.730   1.920  -2.958
  -3.616   1.206   0.571  -2.780   1.161   1.277  -3.118   0.710   2.209  -2.368
   2.174   1.384  -1.693   0.314   0.659  -1.983  -0.373  -0.314  -0.497   0.345
   1.251  -0.397   0.978   2.042   0.675  -0.458   0.907   1.479  -0.120   1.539
   0.370  -1.908   1.293   1.280  -2.495   1.239  -0.400  -2.323   0.650  -0.023
  -1.928   2.297   1.305  -0.248  -0.497   2.149  -1.038  -0.890   0.881   0.762
  -1.245   0.219   1.397  -0.820   1.350   1.089  -2.585   2.420   1.378  -2.613
   1.212   0.217  -3.212   0.748   1.899  -2.965
  -3.618   1.370   0.571  -2.794   1.165   1.273  -3.176   0.614   2.142  -2.400
   2.161   1.583  -1.721   0.330   0.641  -1.936  -0.364  -0.352  -0.550   0.344
   1.263  -0.466   0.984   2.039   0.665  -0.431   0.906   1.419  -0.039   1.607
   0.415  -1.874   1.365   1.355  -2.398   1.379  -0.303  -2.374   0.693   0.045
  -1.871   2.379   1.310  -0.241  -0.478   2.192  -1.005  -0.900   0.884   0.803
  -1.232   0.118   1.339  -0.862   1.336   1.113  -2.578   2.382   1.373  -2.534
   1.276   0.222  -3.238   0.761   1.928  -3.007
  -3.602   1.255   0.551  -2.824   1.154   1.260  -3.273   0.666   2.100  -2.422
   2.130   1.565  -1.726   0.280   0.675  -1.905  -0.326  -0.363  -0.531   0.344
   1.268  -0.472   0.943   2.077   0.679  -0.406   0.917   1.467  -0.032   1.581
   0.435  -1.868   1.379   1.353  -2.431   1.425  -0.250  -2.370   0.689  -0.024
  -1.861   2.375   1.294  -0.240  -0.490   2.159  -1.017  -0.918   0.913   0.836
  -1.233   0.193   1.422  -0.867   1.347   1.129  -2.594   2.429   1.380  -2.570
   1.244   0.238  -3.240   0.752   1.939  -3.025
  -3.657   1.210   0.478  -2.857   1.121   1.208  -3.245   0.524   2.049  -2.489
   2.095   1.519  -1.730   0.315   0.610  -1.885  -0.348  -0.411  -0.556   0.386
   1.211  -0.508   0.939   2.033   0.657  -0.409   0.949   1.421  -0.103   1.670
   0.386  -1.871   1.372   1.304  -2.451   1.407  -0.223  -2.359   0.602  -0.086
  -1.928   2.349   1.334  -0.224  -0.451   2.174  -1.033  -0.873   0.941   0.829
  -1.207   0.250   1.439  -0.750   1.344   1.128  -2.594   2.410   1.424  -2.678
   1.096   0.290  -3.240   0.744   1.924  -2.991
  -3.730   1.067   0.419  -2.907   1.064   1.121  -3.226   0.619   2.072  -2.592
   2.124   1.335  -1.739   0.267   0.543  -1.884  -0.396  -0.462  -0.589   0.377
   1.214  -0.584   0.982   2.040   0.654  -0.406   0.921   1.412   0.013   1.586
   0.431  -1.872   1.331   1.432  -2.356   1.350  -0.176  -2.384   0.621   0.025
  -1.915   2.356   1.310  -0.235  -0.470   2.167  -1.049  -0.885   0.980   0.849
  -1.201   0.242   1.444  -0.786   1.344   1.131  -2.573   2.427   1.271  -2.701
   0.996   0.311  -3.231   0.907   2.082  -2.891
  -3.716   0.987   0.497  -2.866   1.071   1.135  -3.104   0.699   2.098  -2.524
   2.120   1.243  -1.707   0.273   0.560  -1.871  -0.409  -0.446  -0.541   0.375
   1.193  -0.485   1.060   1.934   0.691  -0.371   0.941   1.412   0.065   1.632
   0.479  -1.808   1.354   1.421  -2.327   1.440  -0.166  -2.329   0.645   0.052
  -1.875   2.336   1.340  -0.202  -0.446   2.159  -1.007  -0.886   0.976   0.849
  -1.160   0.304   1.479  -0.689   1.364   1.173  -2.552   2.448   1.239  -2.663
   0.971   0.458  -3.214   0.930   2.136  -2.869
  -3.698   0.964   0.387  -2.883   1.125   1.061  -3.175   0.806   2.074  -2.594
   2.174   1.041  -1.729   0.293   0.557  -1.913  -0.457  -0.400  -0.550   0.369
   1.211  -0.532   1.006   2.013   0.701  -0.406   0.965   1.459  -0.084   1.697
   0.435  -1.891   1.259   1.332  -2.476   1.374  -0.152  -2.324   0.420  -0.146
  -1.990   2.186   1.353  -0.173  -0.442   2.139  -1.055  -0.883   0.959   0.882
  -1.167   0.316   1.572  -0.749   1.416   1.082  -2.555   2.500   1.185  -2.562
   1.105   0.257  -3.217   0.982   2.018  -2.971
  -3.726   1.038   0.466  -2.813   1.138   1.082  -3.074   0.815   2.110  -2.466
   2.173   1.061  -1.693   0.271   0.522  -1.877  -0.494  -0.421  -0.521   0.364
   1.186  -0.465   0.979   1.987   0.671  -0.454   0.916   1.396  -0.079   1.666
   0.441  -1.898   1.301   1.388  -2.398   1.232  -0.215  -2.389   0.575   0.074
  -1.990   2.289   1.325  -0.227  -0.458   2.160  -1.009  -0.900   1.005   0.884
  -1.158   0.356   1.532  -0.742   1.438   1.131  -2.550   2.546   1.205  -2.625
   1.149   0.294  -3.185   0.965   1.990  -3.014
  -3.704   1.127   0.413  -2.825   1.155   1.061  -3.097   0.819   2.067  -2.556
   2.215   1.099  -1.696   0.325   0.518  -1.884  -0.474  -0.404  -0.518   0.405
   1.170  -0.482   1.073   1.920   0.684  -0.400   0.955   1.369  -0.003   1.715
   0.454  -1.867   1.366   1.414  -2.390   1.442  -0.196  -2.321   0.592  -0.022
  -1.881   2.370   1.378  -0.185  -0.418   2.155  -1.057  -0.856   1.086   0.898
  -1.135   0.532   1.617  -0.654   1.475   1.124  -2.530   2.552   1.285  -2.628
   1.203   0.281  -3.162   0.916   2.004  -2.878
  -3.657   1.149   0.273  -2.826   1.187   0.990  -3.171   0.815   1.984  -2.458
   2.195   1.109  -1.681   0.299   0.544  -1.853  -0.488  -0.401  -0.544   0.333
   1.281  -0.470   0.915   2.129   0.683  -0.431   0.967   1.490  -0.161   1.636
   0.449  -1.889   1.357   1.367  -2.427   1.258  -0.264  -2.365   0.689   0.069
  -1.998   2.353   1.290  -0.225  -0.479   2.134  -1.034  -0.895   0.959   0.854
  -1.179   0.357   1.546  -0.705   1.483   1.196  -2.518   2.514   1.585  -2.466
   1.462   0.342  -3.214   0.890   1.957  -2.954
  -3.663   1.019   0.340  -2.797   1.167   1.018  -3.068   0.797   1.995  -2.521
   2.216   1.037  -1.687   0.302   0.557  -1.882  -0.400  -0.452  -0.547   0.301
   1.283  -0.578   0.923   2.082   0.704  -0.460   1.009   1.448  -0.115   1.715
   0.387  -1.943   1.377   1.229  -2.620   1.195  -0.476  -2.268   0.796   0.130
  -2.043   2.428   1.303  -0.230  -0.452   2.093  -1.058  -0.906   0.979   0.858
  -1.129   0.400   1.502  -0.631   1.445   1.230  -2.475   2.475   1.663  -2.407
   1.492   0.407  -3.152   0.734   1.940  -2.884
  -3.707   1.008   0.424  -2.829   1.136   1.097  -3.006   0.802   2.111  -2.514
   2.168   1.081  -1.670   0.318   0.566  -1.862  -0.290  -0.504  -0.553   0.299
   1.262  -0.620   0.791   2.134   0.708  -0.455   0.950   1.450  -0.148   1.676
   0.493  -1.928   1.272   1.311  -2.539   0.922  -0.360  -2.314   0.775   0.376
  -2.064   2.344   1.332  -0.233  -0.460   2.170  -0.987  -0.926   0.982   0.864
  -1.122   0.304   1.470  -0.672   1.448   1.284  -2.470   2.421   1.705  -2.349
   1.504   0.423  -3.146   0.800   2.109  -2.872
  -3.742   0.949   0.571  -2.831   1.145   1.171  -3.031   0.837   2.205  -2.688
   2.207   1.207  -1.728   0.308   0.560  -1.918  -0.285  -0.486  -0.565   0.344
   1.252  -0.528   0.931   2.028   0.641  -0.445   0.910   1.346  -0.138   1.659
   0.426  -1.929   1.308   1.194  -2.481   0.860  -0.552  -2.305   0.921   0.410
  -2.033   2.396   1.355  -0.171  -0.472   2.154  -0.976  -0.925   0.989   0.933
  -1.152   0.265   1.512  -0.755   1.488   1.300  -2.489   2.535   1.671  -2.353
   1.387   0.477  -3.178   0.882   2.129  -2.899
  -3.746   0.870   0.603  -2.852   1.119   1.121  -3.005   0.932   2.162  -2.654
   2.186   0.950  -1.741   0.293   0.601  -1.919  -0.303  -0.472  -0.582   0.321
   1.298  -0.555   0.874   2.125   0.681  -0.375   0.942   1.425  -0.009   1.591
   0.459  -1.871   1.274   1.328  -2.460   0.949  -0.413  -2.310   0.719   0.311
  -2.005   2.342   1.249  -0.164  -0.463   2.052  -1.011  -0.896   0.997   0.962
  -1.139   0.375   1.618  -0.732   1.445   1.260  -2.479   2.523   1.477  -2.421
   1.268   0.407  -3.171   0.861   2.089  -2.901
  -3.835   0.748   0.712  -2.889   1.141   1.134  -2.813   1.039   2.192  -2.776
   2.171   0.805  -1.712   0.340   0.551  -1.851  -0.366  -0.452  -0.562   0.388
   1.228  -0.579   0.918   2.084   0.660  -0.367   0.946   1.421   0.008   1.619
   0.445  -1.830   1.317   1.319  -2.428   1.118  -0.380  -2.261   0.755   0.221
  -1.954   2.400   1.304  -0.163  -0.454   2.069  -1.012  -0.911   0.937   0.949
  -1.108   0.398   1.615  -0.569   1.403   1.310  -2.430   2.398   1.684  -2.358
   1.520   0.462  -3.105   0.793   2.033  -2.926
  -3.863   0.649   0.710  -2.931   1.051   1.144  -2.919   0.946   2.233  -2.832
   2.086   0.902  -1.703   0.292   0.568  -1.797  -0.322  -0.468  -0.574   0.356
   1.247  -0.580   0.810   2.149   0.673  -0.363   0.998   1.403   0.001   1.729
   0.422  -1.844   1.324   1.301  -2.436   1.200  -0.302  -2.237   0.658   0.070
  -1.972   2.337   1.289  -0.195  -0.411   2.079  -1.025  -0.865   0.940   0.942
  -1.044   0.265   1.540  -0.607   1.414   1.341  -2.398   2.406   1.776  -2.262
   1.404   0.461  -3.072   0.717   2.087  -2.760
  -3.810   0.695   0.766  -2.893   1.067   1.199  -2.960   0.909   2.290  -2.827
   2.133   0.958  -1.699   0.326   0.590  -1.841  -0.280  -0.483  -0.571   0.358
   1.303  -0.583   0.837   2.197   0.666  -0.384   1.015   1.477  -0.010   1.672
   0.451  -1.930   1.384   1.402  -2.480   1.302  -0.300  -2.369   0.719   0.081
  -1.984   2.395   1.260  -0.167  -0.420   2.019  -1.011  -0.886   0.949   0.953
  -1.086   0.255   1.554  -0.662   1.380   1.294  -2.430   2.330   1.789  -2.355
   1.401   0.406  -3.103   0.675   2.016  -2.831
  -3.828   0.766   0.684  -2.879   1.018   1.168  -2.867   0.919   2.244  -2.709
   2.098   0.906  -1.688   0.276   0.564  -1.794  -0.287  -0.513  -0.594   0.326
   1.287  -0.615   0.961   2.076   0.650  -0.387   1.024   1.394  -0.024   1.696
   0.525  -1.881   1.347   1.519  -2.380   1.277  -0.213  -2.304   0.645   0.259
  -2.024   2.402   1.246  -0.142  -0.399   2.032  -0.965  -0.825   0.964   0.967
  -1.107   0.365   1.614  -0.612   1.426   1.329  -2.454   2.463   1.758  -2.433
   1.379   0.479  -3.148   0.807   2.058  -2.898
  -3.712   0.632   0.519  -2.865   1.021   1.095  -3.061   0.711   2.160  -2.759
   2.147   0.979  -1.662   0.301   0.550  -1.736  -0.291  -0.511  -0.571   0.348
   1.309  -0.630   0.870   2.186   0.658  -0.352   1.011   1.384   0.000   1.719
   0.475  -1.839   1.377   1.465  -2.286   1.418  -0.149  -2.301   0.627  -0.049
  -1.946   2.327   1.277  -0.093  -0.385   2.123  -0.897  -0.836   0.983   1.021
  -1.099   0.436   1.740  -0.623   1.450   1.310  -2.459   2.526   1.475  -2.395
   1.172   0.431  -3.078   1.074   2.244  -2.849
  -3.781   0.765   0.528  -2.901   0.992   1.129  -3.104   0.699   2.159  -2.729
   2.080   1.030  -1.697   0.248   0.539  -1.745  -0.238  -0.576  -0.571   0.349
   1.272  -0.592   0.896   2.118   0.662  -0.330   0.953   1.345   0.075   1.715
   0.474  -1.825   1.371   1.419  -2.390   1.333  -0.168  -2.300   0.626   0.053
  -1.831   2.377   1.317  -0.066  -0.419   2.155  -0.894  -0.829   1.000   1.053
  -1.111   0.275   1.590  -0.688   1.407   1.370  -2.448   2.521   1.487  -2.462
   1.096   0.623  -3.171   0.922   2.353  -2.700
  -3.814   0.783   0.506  -2.917   1.016   1.077  -3.080   0.712   2.102  -2.722
   2.081   1.104  -1.710   0.271   0.530  -1.789  -0.263  -0.550  -0.632   0.388
   1.299  -0.725   0.874   2.194   0.662  -0.267   1.025   1.355   0.139   1.774
   0.492  -1.787   1.401   1.491  -2.283   1.502  -0.122  -2.293   0.633  -0.049
  -1.877   2.346   1.315  -0.041  -0.399   2.184  -0.825  -0.857   1.025   1.061
  -1.048   0.262   1.610  -0.662   1.373   1.336  -2.453   2.469   1.342  -2.600
   0.910   0.655  -3.153   0.996   2.305  -2.767
  -3.819   0.871   0.340  -3.014   0.953   1.046  -3.277   0.566   2.066  -2.908
   2.022   1.103  -1.736   0.322   0.526  -1.810  -0.240  -0.564  -0.612   0.397
   1.241  -0.673   0.924   2.100   0.675  -0.289   1.007   1.380   0.143   1.731
   0.528  -1.800   1.354   1.522  -2.189   1.463  -0.074  -2.308   0.554   0.031
  -1.931   2.313   1.349   0.014  -0.390   2.148  -0.773  -0.869   0.988   1.118
  -1.063   0.264   1.692  -0.607   1.354   1.398  -2.448   2.410   1.217  -2.641
   0.811   0.724  -3.105   1.091   2.407  -2.746
  -3.831   0.804   0.345  -3.039   0.938   1.114  -3.268   0.264   1.946  -2.873
   1.951   1.444  -1.755   0.327   0.499  -1.827  -0.240  -0.565  -0.617   0.459
   1.195  -0.661   1.023   2.007   0.636  -0.254   1.049   1.352   0.107   1.808
   0.346  -1.731   1.373   1.286  -2.269   1.452  -0.288  -2.164   0.580  -0.086
  -1.832   2.331   1.358   0.027  -0.334   2.129  -0.774  -0.842   1.004   1.120
  -1.076   0.355   1.732  -0.644   1.306   1.361  -2.502   2.373   1.270  -2.679
   0.779   0.642  -3.115   0.989   2.391  -2.814
  -3.843   0.713   0.456  -2.983   0.827   1.139  -3.173   0.315   2.076  -2.818
   1.874   1.328  -1.731   0.260   0.516  -1.807  -0.319  -0.571  -0.601   0.440
   1.196  -0.670   0.911   2.112   0.661  -0.262   0.994   1.366   0.134   1.743
   0.400  -1.750   1.365   1.341  -2.281   1.576  -0.127  -2.316   0.570  -0.189
  -1.756   2.286   1.332  -0.002  -0.376   2.140  -0.821  -0.797   1.004   1.077
  -1.072   0.392   1.711  -0.587   1.343   1.336  -2.456   2.448   1.213  -2.651
   0.761   0.651  -3.073   1.097   2.377  -2.653
  -3.853   0.670   0.456  -3.022   0.717   1.146  -3.190   0.154   2.122  -2.909
   1.746   1.382  -1.741   0.286   0.497  -1.766  -0.272  -0.598  -0.645   0.431
   1.214  -0.799   0.939   2.078   0.607  -0.255   1.031   1.359   0.129   1.745
   0.414  -1.764   1.382   1.394  -2.239   1.532  -0.144  -2.218   0.602  -0.197
  -1.797   2.241   1.322  -0.049  -0.359   2.082  -0.859  -0.805   1.002   1.045
  -1.051   0.457   1.744  -0.569   1.384   1.320  -2.444   2.445   1.104  -2.692
   0.797   0.678  -3.096   1.164   2.335  -2.653
  -3.946   0.482   0.496  -3.104   0.696   1.162  -3.240   0.170   2.106  -3.089
   1.798   1.406  -1.802   0.214   0.503  -1.814  -0.360  -0.578  -0.716   0.395
   1.229  -0.831   0.998   2.050   0.577  -0.268   0.969   1.254   0.152   1.711
   0.410  -1.722   1.355   1.343  -2.277   1.401  -0.204  -2.321   0.602  -0.055
  -1.790   2.361   1.267  -0.032  -0.396   2.092  -0.863  -0.797   0.909   1.065
  -1.068   0.056   1.498  -0.756   1.347   1.430  -2.402   2.341   1.102  -2.534
   0.660   0.900  -3.098   1.208   2.516  -2.570
  -3.869   0.637   0.461  -3.044   0.602   1.167  -3.273  -0.106   1.938  -2.916
   1.601   1.591  -1.769   0.189   0.488  -1.883  -0.468  -0.570  -0.636   0.437
   1.181  -0.806   0.903   2.082   0.630  -0.276   0.974   1.401   0.151   1.627
   0.432  -1.771   1.333   1.367  -2.325   1.383  -0.282  -2.232   0.633  -0.036
  -1.880   2.287   1.267  -0.063  -0.428   2.158  -0.809  -0.810   0.859   0.998
  -1.139   0.232   1.616  -0.643   1.327   1.363  -2.452   2.337   1.011  -2.643
   0.693   0.892  -3.148   1.313   2.502  -2.524
  -3.817   0.799   0.360  -3.051   0.643   1.171  -3.431  -0.081   1.920  -2.917
   1.619   1.609  -1.788   0.207   0.543  -1.773  -0.417  -0.566  -0.674   0.436
   1.246  -0.794   0.912   2.115   0.629  -0.272   0.994   1.383   0.139   1.709
   0.429  -1.787   1.333   1.344  -2.382   1.420  -0.149  -2.333   0.583  -0.095
  -1.929   2.331   1.287  -0.069  -0.374   2.147  -0.866  -0.752   0.896   1.023
  -1.111   0.176   1.576  -0.733   1.342   1.456  -2.434   2.261   0.904  -2.739
   0.488   1.324  -3.070   1.615   2.513  -2.448
  -3.802   0.966   0.386  -3.084   0.697   1.149  -3.418  -0.079   1.815  -2.925
   1.645   1.657  -1.760   0.245   0.554  -1.825  -0.289  -0.543  -0.671   0.404
   1.268  -0.756   0.914   2.117   0.610  -0.244   1.002   1.331   0.166   1.760
   0.461  -1.743   1.331   1.474  -2.190   1.461  -0.217  -2.287   0.669  -0.033
  -1.707   2.307   1.242  -0.089  -0.407   2.147  -0.815  -0.824   0.905   0.979
  -1.152   0.161   1.586  -0.822   1.476   1.329  -2.502   2.419   0.812  -2.804
   0.742   1.196  -3.248   1.565   2.428  -2.514
  -3.847   0.692   0.366  -3.098   0.581   1.148  -3.410  -0.093   1.993  -2.977
   1.555   1.638  -1.777   0.217   0.521  -1.751  -0.325  -0.567  -0.614   0.397
   1.157  -0.796   0.773   2.088   0.669  -0.266   0.918   1.392   0.106   1.662
   0.481  -1.728   1.397   1.470  -2.198   1.518  -0.252  -2.282   0.788   0.084
  -1.644   2.398   1.237  -0.092  -0.530   2.142  -0.826  -0.829   0.829   0.936
  -1.303   0.044   1.443  -0.912   1.371   1.474  -2.551   2.373   1.008  -2.766
   0.757   1.152  -3.357   1.410   2.577  -2.495
  -3.797   0.929   0.266  -3.101   0.681   1.085  -3.518  -0.102   1.677  -2.858
   1.555   1.670  -1.763   0.160   0.510  -1.754  -0.413  -0.567  -0.658   0.374
   1.246  -0.737   0.778   2.160   0.623  -0.293   0.910   1.395   0.125   1.569
   0.478  -1.772   1.435   1.375  -2.295   1.266  -0.178  -2.389   0.925   0.334
  -1.893   2.529   1.268  -0.069  -0.506   2.165  -0.859  -0.901   0.883   0.996
  -1.253   0.178   1.506  -0.761   1.305   1.520  -2.589   2.386   1.204  -2.751
   0.757   1.163  -3.458   1.317   2.603  -2.566
  -3.741   0.971   0.313  -3.025   0.794   1.100  -3.448   0.111   1.848  -2.811
   1.743   1.561  -1.750   0.217   0.547  -1.752  -0.322  -0.534  -0.659   0.446
   1.248  -0.747   0.828   2.202   0.640  -0.182   0.894   1.407   0.290   1.545
   0.497  -1.641   1.327   1.473  -2.146   1.397  -0.177  -2.166   0.581   0.053
  -1.637   2.305   1.197  -0.017  -0.546   1.938  -0.884  -0.969   0.864   1.034
  -1.296   0.256   1.694  -0.815   1.332   1.492  -2.606   2.380   1.169  -2.659
   0.798   1.157  -3.494   1.253   2.569  -2.601
  -3.957   0.643   0.391  -3.085   0.854   1.044  -3.283   0.391   2.021  -3.024
   1.885   1.219  -1.790   0.275   0.501  -1.813  -0.395  -0.548  -0.616   0.548
   1.193  -0.627   1.133   1.986   0.639  -0.167   0.910   1.362   0.244   1.554
   0.499  -1.650   1.290   1.470  -2.158   1.223  -0.100  -2.152   0.536   0.016
  -1.781   2.234   1.174  -0.004  -0.532   1.977  -0.899  -0.902   0.868   1.068
  -1.185   0.008   1.453  -0.812   1.422   1.405  -2.524   2.404   0.908  -2.667
   0.717   1.149  -3.294   1.619   2.495  -2.544
  -3.877   0.417   0.426  -2.999   0.875   0.980  -3.157   0.484   1.975  -2.934
   1.972   0.840  -1.771   0.266   0.475  -1.792  -0.336  -0.568  -0.651   0.460
   1.183  -0.615   1.110   1.952   0.654  -0.216   0.895   1.382   0.265   1.522
   0.498  -1.651   1.358   1.483  -2.074   1.570  -0.045  -2.240   0.575  -0.056
  -1.656   2.238   1.176  -0.043  -0.513   2.022  -0.856  -0.947   0.803   1.047
  -1.222   0.147   1.746  -0.811   1.397   1.412  -2.545   2.378   0.918  -2.720
   0.729   1.387  -3.371   1.677   2.439  -2.474
  -3.807   0.767   0.210  -3.030   0.867   0.926  -3.353   0.581   1.892  -2.809
   1.959   0.972  -1.776   0.226   0.479  -1.759  -0.379  -0.561  -0.637   0.535
   1.190  -0.676   1.231   1.948   0.615  -0.183   0.883   1.333   0.233   1.533
   0.484  -1.650   1.351   1.443  -2.088   1.579   0.095  -2.343   0.573  -0.005
  -1.744   2.303   1.190  -0.039  -0.562   1.959  -0.914  -1.026   0.870   1.054
  -1.284   0.211   1.693  -0.853   1.428   1.407  -2.597   2.162   0.630  -2.887
   0.662   1.474  -3.391   1.933   2.416  -2.478
  -3.895   0.702   0.153  -3.124   0.858   0.886  -3.425   0.392   1.812  -2.895
   1.894   1.081  -1.814   0.163   0.414  -1.815  -0.464  -0.643  -0.711   0.508
   1.059  -0.800   1.166   1.867   0.601  -0.142   0.844   1.287   0.345   1.489
   0.434  -1.618   1.332   1.445  -2.038   1.440  -0.099  -2.183   0.571  -0.028
  -1.632   2.303   1.244  -0.065  -0.572   1.984  -0.941  -1.031   0.925   1.048
  -1.306   0.323   1.695  -0.799   1.439   1.470  -2.611   2.353   0.981  -2.896
   0.676   1.361  -3.383   1.731   2.564  -2.573
  -3.873   0.921   0.039  -3.159   0.767   0.858  -3.589   0.138   1.617  -2.980
   1.752   1.259  -1.845   0.177   0.383  -1.854  -0.561  -0.581  -0.737   0.469
   1.069  -0.757   1.157   1.825   0.565  -0.189   0.798   1.343   0.370   1.351
   0.611  -1.638   1.363   1.567  -2.055   1.407  -0.016  -2.238   0.724   0.215
  -1.609   2.383   1.218  -0.007  -0.613   1.931  -0.923  -1.083   0.942   1.081
  -1.278   0.372   1.733  -0.783   1.498   1.515  -2.565   2.272   0.900  -2.922
   0.834   1.390  -3.441   1.954   2.494  -2.438
  -3.869   0.699   0.074  -3.131   0.677   0.861  -3.455   0.121   1.723  -2.987
   1.738   1.054  -1.850   0.157   0.355  -1.946  -0.652  -0.529  -0.729   0.502
   0.958  -0.826   1.172   1.723   0.628  -0.091   0.752   1.301   0.434   1.398
   0.570  -1.549   1.346   1.514  -2.041   1.424  -0.118  -2.253   0.865   0.282
  -1.510   2.393   1.220  -0.024  -0.665   1.989  -0.895  -1.066   0.923   1.101
  -1.339   0.172   1.633  -0.857   1.610   1.556  -2.588   2.557   0.985  -2.638
   0.964   1.259  -3.439   1.853   2.610  -2.576
  -3.840   0.779   0.297  -3.004   0.731   1.011  -3.284   0.058   1.885  -2.799
   1.784   1.302  -1.790   0.173   0.340  -1.913  -0.639  -0.570  -0.651   0.561
   0.928  -0.639   1.123   1.752   0.638  -0.087   0.733   1.370   0.499   1.287
   0.584  -1.484   1.357   1.627  -1.842   1.465   0.010  -2.106   0.659   0.126
  -1.560   2.380   1.207   0.004  -0.661   2.020  -0.858  -1.056   0.791   1.005
  -1.423   0.006   1.533  -1.097   1.623   1.508  -2.560   2.604   1.081  -2.499
   1.229   1.029  -3.432   1.602   2.612  -2.502
  -3.881   0.299   0.313  -3.080   0.596   1.012  -3.046   0.031   1.938  -2.981
   1.665   1.263  -1.801   0.183   0.376  -1.842  -0.632  -0.556  -0.652   0.546
   0.974  -0.725   1.092   1.770   0.639  -0.087   0.782   1.416   0.461   1.299
   0.595  -1.495   1.346   1.604  -1.953   1.458   0.113  -2.146   0.620   0.073
  -1.576   2.351   1.158  -0.032  -0.651   1.912  -0.885  -1.126   0.883   1.029
  -1.383   0.313   1.721  -0.902   1.507   1.358  -2.734   2.453   0.881  -2.865
   0.907   0.998  -3.617   1.464   2.449  -2.836
  -3.832   0.519   0.276  -3.081   0.524   1.032  -3.253  -0.092   1.864  -3.097
   1.535   1.469  -1.729   0.125   0.431  -1.720  -0.590  -0.551  -0.623   0.590
   1.015  -0.727   1.218   1.789   0.677  -0.036   0.760   1.387   0.510   1.455
   0.567  -1.446   1.311   1.558  -1.743   1.670   0.209  -2.248   0.603  -0.068
  -1.494   2.171   1.148   0.028  -0.737   1.848  -0.906  -1.177   0.892   1.090
  -1.503   0.381   1.856  -1.086   1.484   1.407  -2.798   2.535   1.111  -2.815
   0.854   0.912  -3.621   1.527   2.497  -2.998
  -3.905   0.378   0.518  -2.967   0.524   1.097  -3.020   0.085   2.099  -2.898
   1.600   1.184  -1.732   0.072   0.411  -1.793  -0.722  -0.520  -0.613   0.540
   0.956  -0.701   1.208   1.702   0.683  -0.052   0.729   1.401   0.512   1.325
   0.616  -1.506   1.316   1.648  -1.775   1.614   0.291  -2.155   0.533  -0.069
  -1.573   2.133   1.225   0.048  -0.698   1.952  -0.855  -1.158   0.964   1.183
  -1.410   0.410   1.894  -1.049   1.431   1.337  -2.800   2.505   1.147  -2.873
   0.969   0.697  -3.509   1.093   2.358  -3.060
  -3.798   0.083   0.479  -2.979   0.432   1.128  -2.953  -0.015   2.093  -3.047
   1.550   1.252  -1.737   0.008   0.408  -1.854  -0.875  -0.438  -0.600   0.580
   0.853  -0.666   1.306   1.490   0.683  -0.070   0.717   1.440   0.509   1.259
   0.637  -1.497   1.285   1.648  -1.814   1.461   0.213  -2.158   0.512   0.187
  -1.638   2.273   1.252   0.031  -0.713   1.951  -0.869  -1.214   1.059   1.158
  -1.395   0.491   1.883  -0.990   1.583   1.505  -2.744   2.636   1.264  -2.704
   1.000   0.891  -3.451   1.502   2.557  -2.928
  -3.932   0.153   0.299  -3.099   0.418   1.001  -3.126  -0.097   1.946  -3.222
   1.504   1.163  -1.806  -0.020   0.403  -1.796  -0.861  -0.510  -0.721   0.473
   0.939  -0.920   1.234   1.536   0.677  -0.083   0.713   1.369   0.581   1.237
   0.667  -1.486   1.281   1.732  -1.786   1.458   0.194  -2.145   0.659   0.188
  -1.546   2.283   1.249   0.035  -0.714   1.864  -0.882  -1.250   0.963   1.173
  -1.419   0.282   1.772  -1.001   1.495   1.540  -2.721   2.567   1.405  -2.781
   0.994   1.035  -3.517   1.276   2.643  -2.763
  -3.916   0.186   0.285  -3.152   0.435   1.002  -3.421  -0.164   1.922  -3.021
   1.447   1.344  -1.865  -0.094   0.475  -1.847  -0.896  -0.476  -0.750   0.427
   0.981  -0.964   1.092   1.735   0.607  -0.065   0.737   1.269   0.612   1.299
   0.719  -1.464   1.303   1.776  -1.749   1.424   0.119  -2.231   0.754   0.335
  -1.508   2.290   1.193   0.052  -0.710   1.909  -0.824  -1.234   0.861   1.173
  -1.401   0.260   1.915  -0.943   1.466   1.593  -2.668   2.559   1.323  -2.706
   0.884   1.159  -3.525   1.430   2.650  -2.781
  -3.955   0.171   0.140  -3.200   0.440   0.941  -3.486   0.021   1.929  -3.190
   1.565   0.987  -1.881  -0.111   0.448  -1.858  -1.010  -0.400  -0.796   0.414
   0.950  -0.882   1.052   1.641   0.556  -0.082   0.671   1.137   0.599   1.212
   0.676  -1.450   1.410   1.745  -1.805   1.403   0.043  -2.217   0.884   0.315
  -1.289   2.432   1.052   0.026  -0.745   1.907  -0.761  -1.263   0.792   1.171
  -1.366   0.129   1.780  -0.925   1.470   1.516  -2.657   2.477   1.036  -2.642
   0.969   1.101  -3.490   1.553   2.598  -2.693
  -3.850   0.336   0.090  -3.150   0.519   0.927  -3.449  -0.099   1.819  -3.084
   1.585   1.121  -1.867  -0.029   0.393  -1.872  -0.999  -0.375  -0.808   0.409
   0.993  -0.908   1.165   1.645   0.581  -0.075   0.786   1.182   0.705   1.333
   0.766  -1.468   1.436   1.776  -1.751   1.182   0.146  -2.261   0.982   0.606
  -1.363   2.558   1.142   0.033  -0.688   1.879  -0.815  -1.114   0.832   1.126
  -1.379   0.487   1.926  -0.856   1.445   1.518  -2.697   2.509   1.319  -2.703
   0.947   0.968  -3.484   1.362   2.595  -2.867
  -3.925  -0.083   0.349  -3.152   0.442   0.886  -3.210   0.266   2.000  -3.206
   1.530   0.665  -1.840  -0.120   0.418  -1.833  -0.986  -0.437  -0.762   0.395
   1.015  -0.972   1.180   1.629   0.611  -0.065   0.792   1.185   0.655   1.299
   0.870  -1.421   1.553   1.880  -1.751   1.543   0.233  -2.199   1.162   0.678
  -1.152   2.611   1.140   0.037  -0.693   1.790  -0.919  -1.092   0.827   1.102
  -1.441   0.164   1.718  -1.026   1.322   1.486  -2.762   2.396   1.248  -2.837
   0.806   0.877  -3.563   1.168   2.567  -2.902
  -3.877   0.099   0.230  -3.172   0.472   1.027  -3.364  -0.019   2.015  -3.068
   1.512   1.026  -1.799  -0.062   0.446  -1.792  -0.925  -0.434  -0.701   0.424
   1.073  -0.899   0.983   1.946   0.685   0.017   0.855   1.340   0.768   1.287
   0.931  -1.298   1.558   1.957  -1.615   1.408   0.357  -2.110   1.166   0.782
  -1.238   2.691   1.133   0.034  -0.636   1.774  -0.882  -1.132   0.756   1.032
  -1.388   0.091   1.672  -0.987   1.268   1.320  -2.686   2.319   1.003  -2.760
   0.692   0.965  -3.505   1.302   2.374  -2.794
  -3.901   0.047   0.547  -3.147   0.456   1.137  -3.188  -0.009   2.140  -3.114
   1.557   1.121  -1.828  -0.061   0.517  -1.850  -0.885  -0.407  -0.705   0.410
   1.021  -0.877   1.134   1.699   0.705  -0.017   0.820   1.385   0.648   1.286
   0.952  -1.341   1.645   2.048  -1.506   1.578   0.296  -2.150   1.224   0.659
  -1.324   2.665   1.108  -0.011  -0.637   1.715  -0.936  -1.151   0.741   1.052
  -1.368   0.142   1.734  -0.927   1.383   1.305  -2.687   2.449   1.144  -2.544
   1.011   0.459  -3.302   1.163   2.326  -3.062
  -3.988  -0.188   0.677  -3.169   0.322   1.128  -3.112   0.060   2.186  -3.271
   1.412   0.909  -1.851  -0.043   0.480  -1.833  -0.995  -0.356  -0.718   0.530
   1.002  -0.920   1.187   1.771   0.697   0.052   0.817   1.454   0.682   1.323
   0.817  -1.286   1.602   1.929  -1.580   1.493   0.255  -2.031   1.143   0.492
  -1.148   2.619   1.117   0.005  -0.679   1.815  -0.933  -1.146   0.788   1.020
  -1.410   0.168   1.667  -1.030   1.314   1.235  -2.768   2.403   1.404  -2.672
   1.096   0.395  -3.381   0.846   2.096  -3.329
  -3.952  -0.381   0.487  -3.176   0.336   0.973  -3.260   0.281   2.062  -3.453
   1.363   0.667  -1.790  -0.055   0.484  -1.826  -1.016  -0.269  -0.724   0.564
   1.022  -0.816   1.350   1.653   0.652   0.089   0.800   1.248   0.825   1.286
   0.956  -1.191   1.624   1.986  -1.377   1.757   0.458  -2.038   1.092   0.430
  -1.088   2.549   1.186   0.090  -0.645   1.854  -0.861  -1.107   0.773   1.042
  -1.490  -0.059   1.451  -1.186   1.304   1.101  -2.891   2.417   1.193  -2.931
   1.070   0.248  -3.527   0.861   2.003  -3.308
  -3.968  -0.172   0.430  -3.129   0.251   1.013  -3.210   0.119   2.087  -3.279
   1.295   0.818  -1.781  -0.153   0.522  -1.647  -1.012  -0.346  -0.812   0.551
   1.013  -1.002   1.228   1.700   0.534   0.088   0.784   1.205   0.844   1.150
   0.824  -1.212   1.638   1.879  -1.346   1.830   0.559  -2.078   1.064   0.322
  -1.239   2.585   1.154   0.068  -0.642   1.960  -0.740  -1.065   0.802   1.059
  -1.381   0.089   1.653  -1.009   1.208   1.187  -2.808   2.308   1.132  -2.850
   0.657   0.416  -3.461   1.041   2.151  -3.333
  -3.809  -0.602   0.648  -3.198   0.222   0.937  -3.131   0.327   2.037  -3.487
   1.172   0.513  -1.801  -0.055   0.451  -1.669  -1.051  -0.296  -0.741   0.635
   0.989  -0.934   1.362   1.657   0.637   0.191   0.849   1.216   1.038   1.344
   0.858  -1.116   1.681   1.887  -1.211   2.139   0.592  -1.983   1.111   0.140
  -1.016   2.537   1.153   0.152  -0.623   1.848  -0.763  -1.026   0.785   1.150
  -1.444   0.192   1.913  -1.059   1.104   1.184  -2.873   2.163   1.090  -3.005
   0.669   0.267  -3.375   0.708   2.048  -3.274
  -3.864  -0.570   0.958  -3.217   0.275   0.966  -3.171   0.677   1.998  -3.663
   0.975   0.352  -1.800  -0.088   0.518  -1.598  -0.994  -0.333  -0.766   0.637
   1.076  -0.943   1.463   1.652   0.643   0.218   0.936   1.251   0.928   1.439
   0.846  -1.007   1.714   1.925  -1.127   1.991   0.582  -1.948   1.167   0.345
  -0.938   2.626   1.229   0.136  -0.510   1.888  -0.785  -1.012   0.831   1.121
  -1.298   0.290   1.844  -0.846   1.041   1.237  -2.743   2.082   1.533  -3.018
   0.828   0.254  -3.080   0.411   1.946  -3.191
  -3.816  -0.513   1.019  -3.165   0.316   0.970  -3.007   0.752   1.951  -3.442
   1.084   0.290  -1.763  -0.126   0.494  -1.606  -1.051  -0.289  -0.771   0.552
   1.003  -1.079   1.327   1.613   0.646   0.163   0.881   1.161   1.021   1.326
   0.859  -1.099   1.788   1.889  -0.952   2.144   0.819  -1.998   1.233   0.260
  -1.180   2.685   1.239   0.152  -0.519   1.873  -0.858  -0.949   0.874   1.236
  -1.277   0.380   1.919  -0.819   0.937   1.249  -2.776   2.045   1.390  -2.982
   0.640   0.308  -3.192   0.450   2.115  -3.165
  -3.972  -0.429   0.499  -3.204   0.252   0.890  -3.291   0.211   2.028  -3.483
   1.238   0.514  -1.789  -0.149   0.514  -1.664  -0.999  -0.364  -0.843   0.579
   1.097  -1.064   1.381   1.663   0.600   0.227   0.880   1.103   1.123   1.384
   0.934  -0.987   1.753   1.971  -1.144   1.965   0.502  -1.877   1.333   0.453
  -0.743   2.748   1.205   0.222  -0.526   1.939  -0.725  -0.929   0.873   1.298
  -1.322   0.273   1.979  -0.941   0.956   1.305  -2.786   2.027   1.267  -3.121
   0.388   0.402  -3.124   0.338   2.214  -2.970
  -4.025  -0.209   0.415  -3.241   0.293   0.912  -3.366   0.036   1.977  -3.361
   1.370   0.765  -1.858  -0.161   0.444  -1.763  -1.037  -0.423  -0.810   0.379
   1.081  -1.081   1.103   1.716   0.600   0.134   0.910   0.953   1.077   1.450
   1.058  -1.019   1.776   2.123  -1.203   1.459   0.567  -1.901   1.454   0.974
  -0.854   2.852   1.179   0.243  -0.493   1.872  -0.664  -0.894   0.907   1.299
  -1.237   0.365   2.035  -0.758   0.825   1.181  -2.677   1.857   1.355  -3.091
   0.479   0.215  -2.990   0.122   1.910  -3.098
  -3.959  -0.047   0.244  -3.168   0.263   0.978  -3.436  -0.075   1.957  -3.172
   1.308   1.086  -1.828  -0.275   0.493  -1.773  -1.117  -0.374  -0.808   0.365
   1.052  -1.016   1.091   1.660   0.628   0.118   0.949   1.097   0.921   1.445
   1.244  -1.022   1.817   2.332  -0.996   1.740   0.939  -1.990   1.350   0.817
  -0.941   2.804   1.247   0.219  -0.477   1.896  -0.729  -1.038   0.907   1.349
  -1.222   0.295   2.029  -0.792   0.739   1.293  -2.707   1.728   1.173  -3.222
   0.175   0.442  -2.993   0.319   2.240  -3.083
  -3.724   0.082  -0.070  -3.108   0.202   0.811  -3.484  -0.366   1.701  -3.189
   1.308   1.010  -1.756  -0.332   0.515  -1.621  -1.287  -0.248  -0.764   0.454
   1.027  -1.032   1.232   1.642   0.708   0.164   0.948   1.203   1.030   1.437
   1.116  -1.042   1.730   2.223  -1.092   1.718   0.632  -1.966   1.206   0.813
  -0.988   2.781   1.171   0.148  -0.561   1.880  -0.690  -1.051   0.782   1.197
  -1.292   0.314   1.923  -0.785   0.923   1.364  -2.748   1.934   1.116  -3.052
   0.108   0.809  -3.304   0.758   2.419  -2.983
  -3.720  -0.122  -0.009  -3.102   0.124   0.834  -3.441  -0.454   1.634  -3.044
   1.224   0.863  -1.669  -0.364   0.564  -1.513  -1.191  -0.350  -0.673   0.371
   1.090  -0.988   1.132   1.665   0.784   0.118   0.922   1.224   1.040   1.393
   1.127  -1.127   1.801   2.202  -1.354   1.809   0.642  -2.079   1.479   0.744
  -0.959   2.808   1.220   0.167  -0.564   1.943  -0.754  -0.974   0.876   1.206
  -1.312   0.403   1.985  -0.847   0.929   1.293  -2.723   1.822   0.800  -3.100
   0.008   0.835  -3.075   1.009   2.321  -3.132
  -3.721  -0.182   0.097  -3.074   0.158   0.891  -3.405  -0.170   1.916  -3.245
   1.230   0.992  -1.662  -0.240   0.519  -1.467  -1.153  -0.253  -0.713   0.374
   1.208  -1.012   1.010   1.879   0.719   0.113   0.976   1.223   1.009   1.352
   1.291  -1.090   1.691   2.385  -1.201   1.541   0.902  -1.973   1.163   1.059
  -0.982   2.750   1.243   0.184  -0.522   1.974  -0.674  -1.012   0.790   1.148
  -1.259   0.337   2.005  -0.810   0.988   1.191  -2.682   1.992   0.938  -2.902
   0.281   0.406  -3.118   0.755   2.163  -3.153
  -3.736  -0.473   0.287  -3.090   0.110   0.861  -3.263  -0.105   1.927  -3.216
   1.186   0.581  -1.648  -0.310   0.592  -1.417  -1.259  -0.195  -0.674   0.370
   1.202  -0.984   0.968   1.958   0.764   0.150   0.950   1.201   1.031   1.405
   1.356  -1.053   1.691   2.458  -1.032   1.590   0.983  -2.013   1.428   1.263
  -1.022   2.728   1.253   0.187  -0.473   1.995  -0.701  -0.885   0.756   1.101
  -1.328   0.159   1.786  -0.918   1.104   1.096  -2.778   2.187   1.173  -2.935
   0.792   0.210  -3.191   0.681   2.039  -3.200
  -3.793  -0.658   0.440  -3.067   0.114   0.903  -3.286   0.128   1.910  -3.199
   1.044   0.367  -1.721  -0.444   0.668  -1.414  -1.349  -0.153  -0.750   0.367
   1.107  -1.080   1.093   1.701   0.702   0.208   0.901   1.127   1.110   1.382
   1.156  -0.953   1.762   2.169  -0.948   1.952   0.817  -1.867   1.291   0.804
  -0.794   2.785   1.205   0.197  -0.538   1.988  -0.719  -0.899   0.655   1.025
  -1.418  -0.019   1.755  -1.168   1.147   1.179  -2.805   2.253   1.038  -2.758
   0.751   0.484  -3.542   0.733   2.161  -3.219
  -3.776  -0.636   0.271  -3.127   0.033   0.882  -3.417   0.015   1.925  -3.213
   0.975   0.487  -1.696  -0.337   0.595  -1.495  -1.324  -0.129  -0.733   0.475
   1.122  -0.994   1.289   1.624   0.717   0.244   0.869   1.169   1.163   1.280
   1.060  -1.019   1.788   2.071  -1.237   1.670   0.518  -1.901   1.416   0.865
  -0.755   2.876   1.174   0.132  -0.570   1.990  -0.701  -0.959   0.597   1.031
  -1.396  -0.156   1.662  -1.010   1.109   1.243  -2.770   2.233   1.313  -2.769
   0.825   0.382  -3.427   0.724   2.099  -3.222
  -3.954  -0.724   0.576  -3.169   0.064   0.857  -3.263   0.383   1.925  -3.496
   0.990   0.377  -1.675  -0.357   0.587  -1.463  -1.306  -0.126  -0.725   0.449
   1.082  -1.051   1.182   1.681   0.755   0.179   0.915   1.261   1.040   1.317
   1.095  -1.017   1.844   2.197  -1.121   1.921   0.739  -1.975   1.388   0.676
  -0.855   2.900   1.225   0.041  -0.558   1.921  -0.858  -0.960   0.699   0.927
  -1.450  -0.015   1.526  -1.027   0.990   1.102  -2.839   2.037   1.006  -2.959
   0.388   0.419  -3.474   0.582   2.109  -3.100
  -3.745  -0.882   0.867  -3.140   0.041   0.904  -3.390   0.554   1.792  -3.439
   0.728   0.109  -1.672  -0.307   0.588  -1.398  -1.232  -0.115  -0.739   0.533
   1.100  -1.065   1.256   1.770   0.706   0.231   0.871   1.189   1.132   1.020
   1.119  -0.926   1.873   2.222  -1.002   1.842   0.684  -1.782   1.410   0.806
  -0.820   2.948   1.122  -0.037  -0.598   1.961  -0.899  -0.959   0.735   0.977
  -1.395   0.193   1.735  -0.935   1.001   1.093  -2.852   1.994   0.697  -3.038
   0.280   0.422  -3.336   0.947   2.145  -3.230
  -3.670  -0.833   1.057  -3.123   0.048   0.911  -3.110   0.716   1.726  -3.484
   0.587   0.037  -1.681  -0.291   0.568  -1.412  -1.268  -0.133  -0.779   0.527
   1.070  -1.042   1.376   1.545   0.668   0.337   0.889   1.156   1.278   1.232
   1.114  -0.813   1.916   2.217  -0.889   1.907   0.652  -1.766   1.621   0.721
  -0.673   2.932   1.134   0.084  -0.588   1.877  -0.848  -0.938   0.691   1.068
  -1.369   0.092   1.728  -0.854   0.995   1.217  -2.787   2.003   0.765  -2.961
   0.221   0.861  -3.410   1.072   2.264  -2.868
  -3.700  -0.675   1.374  -3.100   0.087   0.913  -3.136   0.921   1.693  -3.687
   0.399  -0.005  -1.654  -0.301   0.588  -1.412  -1.192  -0.168  -0.718   0.561
   1.038  -1.032   1.367   1.496   0.683   0.323   0.988   1.177   1.194   1.465
   1.107  -0.860   1.908   2.207  -0.886   1.979   0.809  -1.853   1.416   0.681
  -0.695   2.932   1.197   0.135  -0.528   1.831  -0.872  -0.850   0.689   1.065
  -1.385   0.184   1.779  -0.893   0.896   1.261  -2.817   1.896   0.891  -3.050
   0.192   0.674  -3.446   0.789   2.340  -2.995
  -3.566  -0.921   1.383  -3.127   0.050   1.077  -3.186   0.884   1.876  -3.675
   0.392   0.094  -1.733  -0.254   0.644  -1.482  -1.320   0.027  -0.787   0.545
   1.148  -1.117   1.293   1.704   0.626   0.287   0.984   1.004   1.174   1.446
   1.012  -0.879   1.977   2.023  -0.997   1.711   0.639  -1.847   1.583   0.922
  -0.893   3.066   1.174   0.198  -0.476   1.847  -0.727  -0.835   0.763   1.138
  -1.308   0.119   1.797  -0.938   0.894   1.199  -2.737   1.854   0.904  -3.199
   0.056   0.566  -3.183   0.651   2.145  -3.028
