default_name                                                                    
  -3.525   1.517   1.017  -3.069   0.532   0.984  -3.423   0.027   0.088  -3.348
  -0.034   1.880  -1.568   0.681   0.925  -1.052   1.798   0.929  -0.863  -0.453
   0.856  -1.371  -1.325   0.860   0.606  -0.510   0.828   0.998   0.264   1.491
   1.035  -1.868   1.414   2.116  -1.907   1.501   0.704  -2.671   0.758   0.608
  -2.006   2.418   1.242  -0.256  -0.562   2.467  -0.182  -0.685   0.426  -0.139
  -1.618  -0.559  -0.211  -1.446   0.857   0.105  -2.998   1.390   1.052  -3.055
   1.511  -0.699  -3.345  -0.010   0.155  -3.661
  -3.536   1.494   1.045  -3.069   0.511   1.002  -3.443  -0.019   0.134  -3.317
  -0.044   1.912  -1.570   0.664   0.924  -1.053   1.785   0.921  -0.861  -0.457
   0.860  -1.353  -1.339   0.879   0.606  -0.508   0.835   0.987   0.257   1.502
   1.036  -1.871   1.399   2.122  -1.909   1.469   0.661  -2.686   0.771   0.631
  -1.987   2.401   1.249  -0.265  -0.551   2.481  -0.188  -0.669   0.424  -0.122
  -1.603  -0.557  -0.188  -1.424   0.858   0.103  -2.986   1.347   1.064  -3.058
   1.566  -0.673  -3.294  -0.016   0.097  -3.663
  -3.545   1.497   1.083  -3.069   0.506   1.011  -3.439  -0.037   0.143  -3.328
  -0.063   1.901  -1.565   0.661   0.932  -1.048   1.787   0.919  -0.856  -0.464
   0.867  -1.360  -1.343   0.882   0.622  -0.523   0.851   0.987   0.261   1.526
   1.046  -1.871   1.436   2.131  -1.898   1.527   0.721  -2.672   0.776   0.609
  -2.006   2.422   1.249  -0.265  -0.540   2.477  -0.190  -0.647   0.438  -0.132
  -1.608  -0.558  -0.227  -1.449   0.869   0.125  -2.994   1.347   1.090  -3.031
   1.557  -0.656  -3.344   0.009   0.153  -3.668
  -3.552   1.512   1.121  -3.067   0.530   1.018  -3.440   0.048   0.119  -3.345
  -0.084   1.865  -1.572   0.673   0.932  -1.055   1.783   0.896  -0.862  -0.455
   0.876  -1.374  -1.334   0.927   0.604  -0.507   0.855   0.999   0.289   1.506
   1.023  -1.858   1.459   2.117  -1.912   1.488   0.652  -2.700   0.857   0.633
  -1.935   2.480   1.228  -0.271  -0.544   2.457  -0.219  -0.684   0.408  -0.124
  -1.593  -0.589  -0.212  -1.422   0.857   0.102  -2.964   1.381   1.048  -3.010
   1.544  -0.691  -3.281  -0.003   0.139  -3.637
  -3.595   1.484   1.100  -3.081   0.522   1.038  -3.439  -0.016   0.188  -3.315
  -0.077   1.915  -1.583   0.696   0.929  -1.090   1.822   0.877  -0.872  -0.426
   0.882  -1.376  -1.307   0.910   0.593  -0.520   0.866   0.994   0.257   1.536
   1.046  -1.869   1.443   2.151  -1.910   1.489   0.686  -2.688   0.828   0.627
  -1.974   2.438   1.237  -0.255  -0.533   2.468  -0.196  -0.671   0.415  -0.112
  -1.592  -0.581  -0.096  -1.393   0.856   0.125  -2.973   1.394   1.078  -3.033
   1.524  -0.654  -3.325   0.007   0.157  -3.665
  -3.564   1.538   1.121  -3.079   0.561   1.056  -3.443   0.017   0.184  -3.279
  -0.028   1.952  -1.573   0.709   0.933  -1.068   1.828   0.851  -0.862  -0.419
   0.919  -1.372  -1.293   0.952   0.611  -0.481   0.885   0.984   0.302   1.531
   1.029  -1.830   1.469   2.118  -1.885   1.483   0.642  -2.634   0.857   0.646
  -1.895   2.495   1.232  -0.255  -0.528   2.453  -0.186  -0.639   0.426  -0.102
  -1.615  -0.571  -0.169  -1.452   0.870   0.108  -2.976   1.341   1.096  -3.052
   1.608  -0.654  -3.225   0.011   0.082  -3.645
  -3.555   1.546   1.101  -3.064   0.571   1.064  -3.461   0.060   0.185  -3.295
   0.024   1.975  -1.559   0.715   0.924  -1.048   1.837   0.819  -0.840  -0.403
   0.924  -1.322  -1.288   0.996   0.624  -0.506   0.862   0.991   0.271   1.488
   1.025  -1.880   1.435   2.094  -1.918   1.490   0.671  -2.674   0.779   0.641
  -1.964   2.450   1.241  -0.268  -0.560   2.478  -0.206  -0.644   0.444  -0.101
  -1.626  -0.567  -0.119  -1.429   0.893   0.104  -3.013   1.343   1.079  -3.101
   1.611  -0.667  -3.320   0.020   0.041  -3.665
  -3.542   1.557   1.130  -3.047   0.563   1.097  -3.420   0.030   0.225  -3.256
   0.009   2.008  -1.548   0.726   0.935  -1.022   1.846   0.861  -0.856  -0.398
   0.916  -1.378  -1.260   0.971   0.621  -0.485   0.836   1.046   0.302   1.450
   1.035  -1.859   1.431   2.122  -1.961   1.489   0.655  -2.695   0.837   0.672
  -1.946   2.465   1.252  -0.247  -0.567   2.481  -0.229  -0.686   0.425  -0.056
  -1.605  -0.557  -0.109  -1.404   0.840   0.129  -2.983   1.402   1.075  -3.087
   1.536  -0.665  -3.285   0.002   0.111  -3.683
  -3.499   1.601   1.169  -3.059   0.609   1.058  -3.416   0.109   0.145  -3.359
   0.002   1.909  -1.551   0.741   0.935  -1.009   1.829   0.808  -0.858  -0.408
   0.916  -1.359  -1.286   1.040   0.610  -0.499   0.851   1.004   0.272   1.476
   1.051  -1.850   1.434   2.136  -1.906   1.469   0.662  -2.595   0.740   0.597
  -1.985   2.407   1.237  -0.248  -0.527   2.464  -0.216  -0.690   0.415  -0.099
  -1.579  -0.564  -0.118  -1.360   0.831   0.096  -2.964   1.354   1.029  -3.084
   1.463  -0.720  -3.329  -0.062   0.137  -3.588
  -3.493   1.618   1.079  -3.059   0.612   1.074  -3.421   0.045   0.223  -3.283
   0.081   2.020  -1.554   0.721   0.931  -1.029   1.835   0.794  -0.841  -0.421
   0.890  -1.365  -1.284   0.973   0.635  -0.484   0.850   1.015   0.272   1.525
   1.072  -1.873   1.358   2.163  -1.950   1.408   0.694  -2.604   0.652   0.650
  -2.077   2.337   1.222  -0.215  -0.559   2.447  -0.178  -0.696   0.393  -0.097
  -1.613  -0.594  -0.234  -1.431   0.794   0.108  -2.999   1.332   1.047  -3.134
   1.390  -0.755  -3.317  -0.108   0.163  -3.580
  -3.490   1.614   1.107  -3.053   0.608   1.099  -3.484   0.094   0.239  -3.283
   0.078   2.018  -1.558   0.699   0.927  -1.008   1.800   0.842  -0.848  -0.430
   0.899  -1.355  -1.296   1.004   0.627  -0.494   0.838   1.072   0.233   1.521
   1.053  -1.866   1.349   2.131  -1.877   1.481   0.793  -2.630   0.644   0.620
  -2.045   2.342   1.214  -0.204  -0.579   2.428  -0.176  -0.748   0.373  -0.054
  -1.624  -0.604  -0.096  -1.461   0.846   0.123  -2.973   1.425   1.021  -3.076
   1.418  -0.737  -3.290  -0.053   0.182  -3.622
  -3.493   1.592   1.223  -3.089   0.577   1.093  -3.526   0.071   0.256  -3.248
   0.041   2.042  -1.578   0.696   0.901  -1.051   1.812   0.840  -0.863  -0.435
   0.916  -1.380  -1.304   0.966   0.616  -0.521   0.828   1.045   0.206   1.524
   1.044  -1.882   1.355   2.083  -1.856   1.651   0.879  -2.644   0.630   0.467
  -2.102   2.237   1.218  -0.205  -0.568   2.447  -0.135  -0.714   0.391  -0.027
  -1.591  -0.596  -0.120  -1.409   0.812   0.146  -2.976   1.459   1.015  -3.158
   1.315  -0.753  -3.294  -0.096   0.266  -3.569
  -3.501   1.525   1.103  -3.066   0.553   1.077  -3.490   0.008   0.255  -3.261
   0.035   2.020  -1.548   0.690   0.915  -1.043   1.807   0.778  -0.881  -0.456
   0.931  -1.434  -1.303   1.024   0.591  -0.517   0.838   0.940   0.323   1.469
   1.056  -1.871   1.434   2.125  -1.875   1.604   0.814  -2.646   0.692   0.572
  -2.035   2.385   1.193  -0.224  -0.548   2.432  -0.158  -0.698   0.381  -0.116
  -1.590  -0.615  -0.298  -1.449   0.790   0.166  -2.946   1.425   1.044  -2.971
   1.413  -0.704  -3.265  -0.066   0.277  -3.628
  -3.569   1.500   1.064  -3.092   0.509   1.102  -3.518  -0.058   0.273  -3.325
  -0.013   2.036  -1.586   0.657   0.953  -1.047   1.744   0.812  -0.893  -0.480
   0.956  -1.422  -1.351   0.994   0.585  -0.544   0.857   0.971   0.228   1.512
   1.063  -1.900   1.366   2.147  -1.931   1.471   0.759  -2.649   0.635   0.601
  -2.079   2.332   1.193  -0.252  -0.521   2.428  -0.169  -0.655   0.378  -0.075
  -1.560  -0.597  -0.197  -1.391   0.805   0.153  -2.932   1.402   1.085  -2.966
   1.476  -0.648  -3.254  -0.034   0.294  -3.612
  -3.547   1.522   1.131  -3.079   0.540   1.119  -3.492  -0.026   0.301  -3.319
   0.071   2.056  -1.595   0.645   0.962  -1.065   1.747   0.818  -0.888  -0.500
   0.966  -1.410  -1.343   1.145   0.597  -0.563   0.867   1.022   0.170   1.544
   1.073  -1.918   1.335   2.143  -2.020   1.242   0.627  -2.703   0.724   0.767
  -2.047   2.373   1.182  -0.240  -0.549   2.413  -0.114  -0.726   0.330  -0.087
  -1.565  -0.647  -0.128  -1.345   0.754   0.086  -2.933   1.437   0.953  -2.928
   1.323  -0.796  -3.289  -0.124   0.312  -3.545
  -3.577   1.491   0.980  -3.054   0.537   1.116  -3.457  -0.143   0.386  -3.203
   0.170   2.122  -1.566   0.635   0.946  -1.079   1.762   0.767  -0.857  -0.482
   1.033  -1.383  -1.333   1.192   0.624  -0.557   0.873   1.035   0.217   1.545
   1.152  -1.925   1.375   2.213  -1.907   1.418   0.867  -2.748   0.734   0.774
  -2.132   2.357   1.173  -0.219  -0.532   2.374  -0.130  -0.755   0.334  -0.028
  -1.544  -0.648  -0.187  -1.343   0.765   0.099  -2.957   1.486   0.910  -3.102
   1.226  -0.833  -3.277  -0.099   0.235  -3.613
  -3.563   1.531   0.940  -3.081   0.557   1.072  -3.455  -0.190   0.381  -3.293
   0.157   2.069  -1.589   0.673   0.934  -1.092   1.789   0.780  -0.876  -0.442
   1.021  -1.353  -1.319   1.207   0.614  -0.512   0.934   1.013   0.267   1.571
   1.120  -1.876   1.412   2.214  -1.870   1.428   0.751  -2.647   0.743   0.726
  -2.082   2.433   1.149  -0.222  -0.529   2.356  -0.129  -0.698   0.300  -0.115
  -1.541  -0.706  -0.081  -1.369   0.764   0.059  -2.925   1.422   0.905  -3.041
   1.369  -0.806  -3.238  -0.087   0.161  -3.613
  -3.604   1.459   1.034  -3.058   0.519   1.128  -3.452  -0.145   0.383  -3.281
   0.117   2.110  -1.567   0.657   0.938  -1.046   1.768   0.768  -0.866  -0.440
   0.972  -1.375  -1.326   1.091   0.572  -0.486   0.927   1.007   0.317   1.539
   1.081  -1.839   1.405   2.190  -1.899   1.390   0.674  -2.548   0.683   0.757
  -1.941   2.414   1.116  -0.230  -0.500   2.331  -0.168  -0.705   0.271  -0.134
  -1.554  -0.711  -0.262  -1.383   0.714   0.086  -2.946   1.307   1.001  -2.991
   1.296  -0.764  -3.285  -0.124   0.162  -3.610
  -3.631   1.404   0.980  -3.098   0.457   1.127  -3.454  -0.164   0.324  -3.327
   0.006   2.107  -1.592   0.612   0.922  -1.089   1.745   0.767  -0.872  -0.522
   0.968  -1.344  -1.418   1.025   0.598  -0.517   0.932   0.969   0.319   1.542
   1.133  -1.822   1.481   2.220  -1.885   1.409   0.693  -2.632   0.919   0.841
  -1.909   2.492   1.167  -0.269  -0.474   2.389  -0.201  -0.672   0.303  -0.083
  -1.500  -0.687  -0.203  -1.251   0.679   0.094  -2.906   1.263   1.013  -2.973
   1.197  -0.769  -3.273  -0.217   0.241  -3.525
  -3.588   1.434   1.218  -3.100   0.463   1.170  -3.520  -0.088   0.307  -3.324
  -0.055   2.099  -1.599   0.607   0.957  -1.107   1.699   0.693  -0.852  -0.502
   0.976  -1.365  -1.357   1.111   0.633  -0.503   0.918   1.027   0.326   1.503
   1.073  -1.838   1.480   2.134  -1.935   1.432   0.614  -2.697   0.992   0.721
  -1.973   2.522   1.208  -0.233  -0.527   2.435  -0.207  -0.664   0.376  -0.031
  -1.518  -0.587  -0.069  -1.291   0.772   0.169  -2.874   1.230   1.134  -3.010
   1.488  -0.587  -3.139  -0.044   0.096  -3.575
  -3.510   1.455   1.132  -3.078   0.464   1.169  -3.465  -0.180   0.406  -3.282
   0.027   2.174  -1.593   0.604   0.924  -1.073   1.713   0.684  -0.861  -0.487
   1.001  -1.320  -1.362   1.240   0.624  -0.536   0.918   1.039   0.294   1.533
   1.073  -1.884   1.418   2.175  -1.979   1.345   0.668  -2.673   0.826   0.710
  -2.006   2.470   1.172  -0.268  -0.510   2.423  -0.209  -0.663   0.291  -0.112
  -1.511  -0.719  -0.092  -1.288   0.743   0.115  -2.881   1.132   1.133  -3.007
   1.553  -0.604  -3.144  -0.103  -0.040  -3.536
  -3.585   1.401   0.872  -3.109   0.421   1.085  -3.589  -0.317   0.420  -3.302
   0.113   2.110  -1.628   0.587   0.907  -1.114   1.672   0.714  -0.892  -0.536
   0.981  -1.414  -1.392   1.136   0.568  -0.537   0.927   0.936   0.226   1.611
   1.061  -1.884   1.437   2.139  -1.856   1.478   0.774  -2.727   0.802   0.748
  -2.096   2.473   1.200  -0.255  -0.471   2.425  -0.194  -0.669   0.338  -0.128
  -1.493  -0.636  -0.153  -1.278   0.715   0.016  -2.877   1.134   1.027  -3.047
   1.473  -0.714  -3.169  -0.162  -0.047  -3.518
  -3.676   1.359   0.618  -3.125   0.491   1.042  -3.370  -0.366   0.405  -3.407
   0.238   2.081  -1.619   0.610   0.973  -1.104   1.711   0.785  -0.918  -0.529
   0.924  -1.392  -1.390   1.057   0.542  -0.525   0.854   0.933   0.255   1.546
   1.018  -1.937   1.276   2.111  -1.992   1.321   0.586  -2.665   0.569   0.619
  -2.125   2.279   1.184  -0.249  -0.528   2.425  -0.168  -0.651   0.304  -0.166
  -1.545  -0.668  -0.333  -1.394   0.740   0.010  -2.906   1.241   0.973  -3.076
   1.458  -0.764  -3.185  -0.062  -0.064  -3.629
  -3.554   1.388   0.777  -3.099   0.445   1.118  -3.484  -0.384   0.520  -3.287
   0.250   2.181  -1.608   0.618   0.897  -1.120   1.758   0.860  -0.896  -0.507
   0.821  -1.394  -1.357   0.944   0.577  -0.587   0.836   0.940   0.169   1.547
   0.988  -1.993   1.327   2.070  -2.140   1.287   0.582  -2.718   0.632   0.552
  -2.129   2.320   1.185  -0.251  -0.565   2.399  -0.165  -0.689   0.333  -0.088
  -1.581  -0.664  -0.152  -1.384   0.697   0.061  -2.989   1.226   1.069  -3.139
   1.359  -0.777  -3.257  -0.187  -0.005  -3.618
  -3.497   1.441   0.675  -3.064   0.548   1.151  -3.401  -0.317   0.608  -3.364
   0.459   2.191  -1.585   0.636   0.963  -1.081   1.772   0.879  -0.891  -0.489
   0.833  -1.430  -1.337   0.815   0.583  -0.559   0.788   0.978   0.197   1.457
   1.012  -1.931   1.367   2.119  -1.980   1.580   0.702  -2.766   0.703   0.483
  -2.098   2.309   1.196  -0.273  -0.582   2.410  -0.160  -0.665   0.349  -0.162
  -1.581  -0.627  -0.225  -1.355   0.701   0.109  -2.973   1.312   1.018  -3.105
   1.273  -0.766  -3.352  -0.210   0.261  -3.541
  -3.541   1.410   0.460  -3.118   0.585   1.091  -3.561  -0.376   0.760  -3.405
   0.753   2.096  -1.630   0.650   0.909  -1.082   1.756   0.885  -0.924  -0.462
   0.840  -1.389  -1.336   0.780   0.554  -0.497   0.830   0.931   0.293   1.463
   0.991  -1.822   1.509   2.100  -1.855   1.577   0.676  -2.644   0.888   0.544
  -1.928   2.503   1.192  -0.238  -0.570   2.422  -0.172  -0.691   0.361  -0.097
  -1.606  -0.615  -0.184  -1.353   0.752   0.110  -3.016   1.355   1.028  -3.079
   1.325  -0.726  -3.438  -0.111   0.317  -3.621
  -3.552   1.459   0.553  -3.136   0.602   1.068  -3.490  -0.336   0.649  -3.444
   0.652   2.122  -1.630   0.656   0.952  -1.102   1.781   0.960  -0.955  -0.457
   0.835  -1.465  -1.303   0.786   0.520  -0.471   0.820   0.872   0.330   1.424
   0.967  -1.813   1.502   2.055  -1.853   1.645   0.642  -2.669   0.909   0.501
  -1.891   2.500   1.187  -0.234  -0.597   2.413  -0.159  -0.727   0.367  -0.098
  -1.634  -0.588  -0.028  -1.382   0.723   0.151  -3.040   1.455   0.964  -3.172
   1.254  -0.742  -3.436  -0.128   0.414  -3.683
  -3.689   1.351   0.551  -3.131   0.536   1.004  -3.422  -0.459   0.601  -3.360
   0.546   2.051  -1.630   0.665   0.869  -1.116   1.779   0.969  -0.882  -0.442
   0.747  -1.351  -1.320   0.593   0.575  -0.480   0.820   0.918   0.268   1.538
   1.025  -1.786   1.467   2.120  -1.772   1.580   0.744  -2.683   0.892   0.513
  -1.962   2.446   1.186  -0.262  -0.565   2.388  -0.132  -0.651   0.377  -0.087
  -1.649  -0.647  -0.219  -1.550   0.735   0.209  -3.042   1.297   1.131  -3.123
   1.310  -0.608  -3.512  -0.214   0.323  -3.590
  -3.612   1.381   0.558  -3.145   0.501   0.969  -3.434  -0.439   0.493  -3.327
   0.466   2.073  -1.642   0.674   0.853  -1.131   1.776   0.940  -0.968  -0.464
   0.706  -1.487  -1.311   0.648   0.517  -0.527   0.745   0.801   0.257   1.440
   0.973  -1.788   1.475   2.036  -1.800   1.593   0.616  -2.650   0.977   0.529
  -1.795   2.487   1.241  -0.250  -0.549   2.470  -0.134  -0.642   0.432  -0.170
  -1.606  -0.558  -0.202  -1.430   0.826   0.133  -2.984   1.291   1.151  -3.007
   1.580  -0.562  -3.300  -0.019   0.221  -3.711
  -3.624   1.382   0.490  -3.153   0.573   0.985  -3.542  -0.356   0.556  -3.391
   0.507   2.060  -1.665   0.683   0.837  -1.138   1.801   0.915  -0.959  -0.463
   0.746  -1.445  -1.361   0.678   0.519  -0.457   0.795   0.848   0.381   1.405
   0.976  -1.754   1.474   2.059  -1.754   1.585   0.565  -2.559   0.832   0.559
  -1.796   2.475   1.257  -0.269  -0.601   2.501  -0.089  -0.646   0.473  -0.178
  -1.714  -0.531  -0.164  -1.509   0.978   0.213  -3.035   1.327   1.235  -2.997
   1.778  -0.407  -3.398   0.110   0.111  -3.683
  -3.569   1.404   0.507  -3.077   0.560   0.997  -3.330  -0.321   0.420  -3.428
   0.498   2.018  -1.616   0.739   0.895  -1.171   1.849   0.967  -0.892  -0.381
   0.696  -1.407  -1.294   0.707   0.558  -0.437   0.736   0.947   0.377   1.329
   1.020  -1.747   1.398   2.127  -1.756   1.371   0.622  -2.660   0.937   0.711
  -1.763   2.453   1.227  -0.259  -0.616   2.434  -0.051  -0.675   0.499  -0.190
  -1.720  -0.478  -0.173  -1.569   0.972   0.202  -3.067   1.674   1.060  -2.973
   1.541  -0.623  -3.558   0.170   0.593  -3.688
  -3.622   1.433   0.575  -3.134   0.531   0.927  -3.495  -0.294   0.292  -3.387
   0.311   1.999  -1.627   0.748   0.805  -1.108   1.847   0.864  -0.880  -0.345
   0.694  -1.376  -1.200   0.758   0.580  -0.438   0.767   0.936   0.304   1.486
   1.010  -1.786   1.342   2.098  -1.724   1.450   0.738  -2.562   0.616   0.551
  -1.935   2.276   1.279  -0.262  -0.629   2.476  -0.010  -0.770   0.504  -0.234
  -1.707  -0.468  -0.188  -1.521   0.883   0.131  -3.080   1.608   0.968  -3.022
   1.318  -0.641  -3.663  -0.038   0.378  -3.620
  -3.554   1.516   0.645  -3.094   0.556   0.921  -3.430  -0.246   0.272  -3.340
   0.184   1.899  -1.590   0.647   0.795  -1.099   1.791   0.841  -0.863  -0.460
   0.761  -1.387  -1.354   0.749   0.643  -0.492   0.721   0.954   0.317   1.425
   1.072  -1.858   1.308   2.161  -1.917   1.407   0.793  -2.675   0.630   0.632
  -1.928   2.276   1.280  -0.239  -0.671   2.504   0.028  -0.671   0.545  -0.125
  -1.794  -0.440  -0.252  -1.678   0.998   0.257  -3.154   1.752   0.982  -3.076
   1.390  -0.549  -3.702   0.148   0.700  -3.701
  -3.495   1.501   0.614  -3.108   0.500   0.871  -3.421  -0.243   0.110  -3.456
   0.186   1.859  -1.599   0.603   0.846  -1.061   1.704   0.858  -0.909  -0.525
   0.730  -1.393  -1.390   0.592   0.578  -0.539   0.709   0.877   0.285   1.310
   1.093  -1.804   1.338   2.158  -1.932   1.391   0.784  -2.652   0.773   0.610
  -1.922   2.323   1.225  -0.209  -0.688   2.383   0.127  -0.674   0.472  -0.161
  -1.800  -0.411  -0.570  -1.736   0.861   0.307  -3.140   1.459   1.211  -2.994
   1.516  -0.432  -3.649  -0.066   0.454  -3.737
  -3.434   1.558   0.768  -3.084   0.518   0.884  -3.543  -0.044   0.027  -3.354
   0.137   1.885  -1.594   0.607   0.834  -1.111   1.718   0.849  -0.860  -0.527
   0.752  -1.300  -1.416   0.524   0.594  -0.576   0.738   0.894   0.204   1.379
   1.090  -1.879   1.322   2.147  -1.811   1.407   0.784  -2.694   0.658   0.694
  -2.006   2.320   1.201  -0.248  -0.650   2.382   0.093  -0.694   0.442  -0.313
  -1.742  -0.498  -0.586  -1.567   0.829   0.185  -3.072   1.595   0.941  -2.939
   1.246  -0.593  -3.644  -0.031   0.619  -3.651
  -3.524   1.449   0.966  -3.101   0.462   0.902  -3.440   0.015  -0.014  -3.366
  -0.148   1.761  -1.610   0.620   0.817  -1.123   1.741   0.880  -0.917  -0.527
   0.833  -1.436  -1.415   0.921   0.570  -0.545   0.777   0.913   0.269   1.466
   1.055  -1.895   1.352   2.178  -1.932   1.408   0.733  -2.720   0.704   0.652
  -2.118   2.370   1.193  -0.280  -0.647   2.394  -0.028  -0.729   0.457  -0.306
  -1.750  -0.482  -0.592  -1.639   0.872   0.194  -3.062   1.297   1.194  -2.987
   1.492  -0.510  -3.571  -0.026   0.359  -3.645
  -3.526   1.471   0.769  -3.017   0.501   0.879  -3.362  -0.028  -0.033  -3.367
   0.017   1.775  -1.540   0.649   0.825  -1.074   1.775   0.962  -0.878  -0.495
   0.689  -1.376  -1.343   0.677   0.595  -0.604   0.678   0.966   0.154   1.347
   1.079  -1.955   1.257   2.144  -1.854   1.407   0.857  -2.774   0.598   0.558
  -2.162   2.204   1.248  -0.315  -0.688   2.438  -0.039  -0.748   0.431  -0.286
  -1.734  -0.527  -0.580  -1.621   0.916   0.025  -3.071   1.416   0.994  -2.993
   1.584  -0.719  -3.458   0.053   0.216  -3.733
  -3.480   1.477   0.656  -3.108   0.441   0.787  -3.470  -0.168  -0.106  -3.492
  -0.004   1.686  -1.587   0.592   0.891  -1.127   1.736   0.983  -0.848  -0.485
   0.691  -1.312  -1.357   0.603   0.605  -0.521   0.692   0.979   0.226   1.387
   0.981  -1.965   1.254   2.063  -2.012   1.373   0.602  -2.677   0.545   0.595
  -2.179   2.279   1.261  -0.268  -0.708   2.479  -0.079  -0.782   0.414  -0.273
  -1.768  -0.568  -0.459  -1.573   0.819  -0.006  -3.119   1.298   0.996  -3.154
   1.608  -0.667  -3.376  -0.065   0.014  -3.765
  -3.501   1.303   0.343  -3.118   0.374   0.728  -3.250  -0.463   0.046  -3.451
   0.070   1.703  -1.612   0.603   0.871  -1.144   1.722   0.937  -0.856  -0.453
   0.810  -1.335  -1.359   0.715   0.608  -0.503   0.768   0.969   0.217   1.500
   1.072  -1.892   1.265   2.154  -1.914   1.295   0.754  -2.644   0.598   0.546
  -2.062   2.193   1.214  -0.238  -0.630   2.460  -0.063  -0.701   0.448  -0.278
  -1.730  -0.538  -0.499  -1.575   0.887   0.064  -3.070   1.080   1.154  -3.182
   1.787  -0.442  -3.397   0.107  -0.237  -3.754
  -3.558   1.341   0.101  -3.112   0.468   0.613  -3.341  -0.422   0.053  -3.557
   0.449   1.621  -1.631   0.648   0.796  -1.157   1.776   0.924  -0.893  -0.465
   0.779  -1.364  -1.326   0.697   0.578  -0.496   0.780   0.872   0.287   1.469
   1.104  -1.880   1.250   2.174  -1.874   1.446   0.961  -2.638   0.541   0.707
  -2.135   2.176   1.174  -0.212  -0.618   2.380  -0.017  -0.741   0.386  -0.224
  -1.672  -0.508  -0.676  -1.545   0.778   0.097  -3.019   1.148   1.164  -3.011
   1.575  -0.582  -3.392  -0.066  -0.018  -3.718
  -3.705   1.322   0.271  -3.131   0.492   0.700  -3.285  -0.378   0.055  -3.538
   0.267   1.707  -1.645   0.663   0.798  -1.140   1.797   0.916  -0.945  -0.501
   0.780  -1.504  -1.317   0.828   0.527  -0.528   0.730   0.934   0.248   1.419
   1.026  -1.849   1.276   2.131  -1.659   1.415   0.937  -2.639   0.548   0.433
  -2.027   2.146   1.171  -0.212  -0.653   2.374   0.091  -0.710   0.400  -0.262
  -1.710  -0.549  -0.531  -1.566   0.727   0.143  -3.102   1.146   1.112  -3.118
   1.493  -0.573  -3.465  -0.200   0.057  -3.683
  -3.560   1.442   0.202  -3.179   0.530   0.652  -3.359  -0.283  -0.066  -3.720
   0.242   1.541  -1.654   0.641   0.781  -1.132   1.763   0.908  -0.902  -0.464
   0.761  -1.287  -1.350   0.729   0.566  -0.425   0.722   0.953   0.316   1.489
   1.058  -1.814   1.183   2.159  -1.807   1.341   0.785  -2.551   0.446   0.564
  -2.145   2.078   1.182  -0.134  -0.640   2.397   0.078  -0.729   0.373  -0.228
  -1.681  -0.542  -0.616  -1.479   0.672   0.149  -3.075   1.124   1.123  -3.067
   1.353  -0.537  -3.586  -0.273   0.233  -3.587
  -3.572   1.548   0.214  -3.157   0.579   0.544  -3.329  -0.210  -0.235  -3.669
   0.243   1.439  -1.632   0.669   0.788  -1.168   1.772   0.800  -0.916  -0.448
   0.800  -1.451  -1.294   0.719   0.562  -0.485   0.731   0.905   0.273   1.375
   1.139  -1.783   1.284   2.213  -1.832   1.337   0.776  -2.643   0.693   0.693
  -1.960   2.243   1.187  -0.198  -0.663   2.430  -0.039  -0.771   0.360  -0.213
  -1.726  -0.630  -0.274  -1.555   0.679   0.144  -3.038   1.259   1.012  -3.067
   1.216  -0.621  -3.589  -0.305   0.297  -3.624
  -3.478   1.650   0.274  -3.172   0.601   0.602  -3.444  -0.090  -0.222  -3.563
   0.396   1.611  -1.679   0.697   0.752  -1.128   1.789   0.801  -0.933  -0.438
   0.787  -1.350  -1.325   0.673   0.556  -0.454   0.752   0.928   0.337   1.441
   1.021  -1.775   1.314   2.145  -1.766   1.357   0.657  -2.615   0.803   0.655
  -1.944   2.303   1.168  -0.172  -0.645   2.380   0.000  -0.838   0.352  -0.085
  -1.697  -0.643  -0.189  -1.456   0.658   0.159  -3.093   1.321   1.023  -3.159
   0.963  -0.758  -3.510  -0.224   0.418  -3.648
  -3.647   1.617   0.510  -3.183   0.614   0.600  -3.503  -0.071  -0.192  -3.510
   0.156   1.481  -1.662   0.720   0.703  -1.109   1.827   0.771  -0.913  -0.383
   0.771  -1.372  -1.299   0.728   0.548  -0.400   0.725   0.914   0.396   1.375
   1.004  -1.786   1.241   2.092  -1.823   1.121   0.531  -2.596   0.617   0.756
  -1.928   2.312   1.162  -0.122  -0.705   2.382   0.003  -0.854   0.369   0.026
  -1.767  -0.600  -0.018  -1.488   0.795   0.117  -3.162   1.464   0.951  -3.309
   1.315  -0.874  -3.411   0.011   0.301  -3.881
  -3.630   1.583   0.780  -3.160   0.625   0.560  -3.437   0.253  -0.427  -3.432
  -0.030   1.340  -1.668   0.762   0.666  -1.225   1.898   0.791  -0.936  -0.357
   0.639  -1.451  -1.203   0.608   0.528  -0.497   0.614   0.842   0.237   1.282
   0.973  -1.873   1.216   2.045  -2.053   1.167   0.497  -2.664   0.665   0.717
  -1.851   2.240   1.182  -0.171  -0.740   2.408   0.035  -0.907   0.378  -0.096
  -1.805  -0.610  -0.232  -1.650   0.912   0.100  -3.175   1.340   1.091  -3.249
   1.535  -0.747  -3.398   0.112  -0.064  -3.944
  -3.711   1.543   0.686  -3.221   0.599   0.604  -3.541  -0.003  -0.354  -3.516
  -0.061   1.382  -1.718   0.799   0.732  -1.235   1.886   0.889  -1.005  -0.328
   0.629  -1.547  -1.146   0.345   0.500  -0.376   0.678   0.953   0.395   1.245
   0.925  -1.792   1.098   1.993  -1.899   1.058   0.438  -2.584   0.457   0.607
  -1.873   2.142   1.162  -0.163  -0.710   2.375  -0.078  -0.852   0.378  -0.073
  -1.750  -0.634  -0.094  -1.549   0.850   0.078  -3.110   1.140   1.104  -3.271
   1.698  -0.569  -3.313   0.046  -0.206  -3.819
  -3.727   1.551   0.481  -3.177   0.627   0.542  -3.425   0.131  -0.456  -3.612
   0.034   1.337  -1.689   0.796   0.725  -1.187   1.916   0.918  -0.998  -0.333
   0.641  -1.528  -1.197   0.746   0.473  -0.442   0.659   0.837   0.269   1.405
   0.915  -1.842   1.234   2.022  -1.911   1.235   0.423  -2.688   0.688   0.484
  -1.858   2.221   1.136  -0.139  -0.674   2.371  -0.125  -0.866   0.305   0.009
  -1.735  -0.689  -0.062  -1.559   0.826   0.056  -3.140   1.332   1.020  -3.291
   1.534  -0.730  -3.252   0.023  -0.206  -3.867
  -3.631   1.650   0.841  -3.167   0.713   0.561  -3.283   0.409  -0.429  -3.548
   0.023   1.311  -1.718   0.767   0.720  -1.233   1.896   0.909  -1.005  -0.367
   0.776  -1.579  -1.181   0.778   0.424  -0.478   0.697   0.863   0.147   1.414
   0.828  -1.876   1.108   1.869  -2.011   0.855   0.261  -2.575   0.497   0.760
  -2.050   2.200   1.052  -0.142  -0.665   2.309  -0.023  -0.806   0.273  -0.058
  -1.763  -0.765  -0.029  -1.664   0.718   0.030  -3.128   1.276   0.985  -3.323
   1.360  -0.767  -3.451  -0.161   0.112  -3.706
  -3.715   1.621   0.762  -3.218   0.651   0.597  -3.457   0.336  -0.385  -3.723
  -0.036   1.272  -1.693   0.817   0.797  -1.169   1.968   0.877  -1.012  -0.323
   0.699  -1.483  -1.203   0.511   0.481  -0.422   0.712   0.862   0.332   1.395
   0.869  -1.850   1.185   1.978  -1.960   1.111   0.353  -2.559   0.559   0.654
  -2.066   2.224   1.053  -0.081  -0.698   2.227  -0.024  -0.815   0.246  -0.168
  -1.798  -0.737  -0.317  -1.613   0.665   0.043  -3.180   1.303   0.854  -3.205
   1.244  -0.808  -3.564  -0.168   0.199  -3.832
  -3.590   1.661   1.006  -3.136   0.774   0.605  -3.385   0.667  -0.419  -3.600
  -0.023   1.153  -1.675   0.843   0.698  -1.114   1.933   0.882  -1.037  -0.310
   0.594  -1.605  -1.169   0.440   0.454  -0.475   0.674   0.820   0.248   1.366
   0.807  -1.870   1.145   1.851  -2.025   1.097   0.345  -2.619   0.554   0.493
  -2.057   2.181   1.011  -0.127  -0.720   2.233   0.070  -0.832   0.175  -0.118
  -1.747  -0.763  -0.478  -1.661   0.648   0.007  -3.151   1.212   0.926  -3.221
   1.277  -0.848  -3.554  -0.193   0.130  -3.810
  -3.716   1.575   1.230  -3.216   0.791   0.596  -3.502   0.859  -0.502  -3.638
  -0.075   1.034  -1.683   0.834   0.758  -1.102   1.895   0.863  -1.050  -0.365
   0.589  -1.682  -1.222   0.514   0.405  -0.450   0.638   0.790   0.285   1.305
   0.838  -1.828   1.217   1.922  -1.930   1.130   0.525  -2.629   0.527   0.425
  -2.008   2.303   1.027  -0.073  -0.756   2.271   0.066  -0.857   0.213  -0.080
  -1.829  -0.757  -0.083  -1.603   0.613   0.018  -3.205   0.819   0.962  -3.546
   1.469  -0.619  -3.330  -0.158  -0.338  -3.938
  -3.691   1.492   1.100  -3.180   0.711   0.535  -3.397   0.852  -0.555  -3.603
  -0.232   0.947  -1.699   0.825   0.774  -1.129   1.903   0.988  -1.022  -0.301
   0.539  -1.577  -1.090   0.329   0.392  -0.503   0.531   0.711   0.215   1.282
   0.791  -1.840   1.236   1.800  -2.071   1.334   0.302  -2.630   0.697   0.315
  -1.894   2.249   0.992  -0.119  -0.841   2.206   0.093  -0.948   0.161   0.074
  -1.917  -0.836  -0.159  -1.850   0.706  -0.033  -3.236   1.014   0.940  -3.612
   1.626  -0.648  -3.213   0.009  -0.515  -3.905
  -3.454   1.692   0.815  -3.136   0.765   0.531  -3.329   0.801  -0.532  -3.569
  -0.093   1.020  -1.658   0.779   0.733  -1.044   1.848   0.879  -1.021  -0.393
   0.634  -1.577  -1.174   0.513   0.437  -0.494   0.582   0.859   0.265   1.291
   0.871  -1.816   1.184   1.947  -1.923   1.216   0.408  -2.698   0.639   0.540
  -1.856   2.217   0.963  -0.126  -0.862   2.176   0.040  -0.918   0.144   0.078
  -1.927  -0.859  -0.056  -1.771   0.703   0.021  -3.277   0.666   1.015  -3.645
   1.762  -0.260  -3.260   0.047  -0.615  -3.864
  -3.665   1.608   0.736  -3.172   0.678   0.456  -3.376   0.535  -0.543  -3.665
  -0.162   1.012  -1.698   0.717   0.744  -1.111   1.749   0.945  -1.056  -0.421
   0.658  -1.593  -1.256   0.408   0.404  -0.433   0.502   0.834   0.336   1.142
   0.861  -1.792   1.018   1.950  -1.748   1.054   0.435  -2.538   0.374   0.445
  -1.919   1.996   0.949  -0.102  -0.874   2.188   0.041  -1.062   0.119   0.078
  -1.902  -0.849   0.095  -1.651   0.512   0.008  -3.273   0.666   1.019  -3.686
   1.450  -0.585  -3.386  -0.188  -0.573  -3.841
  -3.695   1.678   0.688  -3.156   0.713   0.571  -3.473   0.389  -0.389  -3.464
   0.019   1.315  -1.649   0.761   0.643  -1.061   1.813   0.857  -0.994  -0.421
   0.576  -1.508  -1.289   0.387   0.466  -0.496   0.514   0.842   0.164   1.341
   0.838  -1.871   1.006   1.917  -1.946   0.932   0.492  -2.687   0.358   0.327
  -2.070   1.949   1.036  -0.108  -0.899   2.265  -0.026  -1.093   0.148   0.165
  -1.923  -0.837   0.038  -1.740   0.515   0.089  -3.315   0.773   1.118  -3.742
   1.377  -0.492  -3.480  -0.295  -0.253  -3.877
  -3.621   1.628   0.784  -3.237   0.679   0.498  -3.490   0.421  -0.545  -3.605
  -0.153   1.142  -1.664   0.735   0.658  -1.146   1.851   0.867  -0.964  -0.408
   0.585  -1.499  -1.174   0.343   0.452  -0.460   0.499   0.855   0.270   1.181
   0.959  -1.914   0.924   2.058  -1.834   1.085   0.688  -2.774   0.324   0.574
  -2.091   1.915   0.980  -0.030  -0.921   2.202   0.053  -1.085   0.130   0.205
  -1.918  -0.849   0.084  -1.693   0.432   0.098  -3.373   0.642   1.095  -3.790
   1.291  -0.583  -3.427  -0.433  -0.373  -3.821
  -3.508   1.629   0.154  -3.151   0.637   0.493  -3.376  -0.121  -0.251  -3.570
   0.427   1.483  -1.655   0.776   0.586  -1.128   1.858   0.801  -0.950  -0.383
   0.541  -1.462  -1.289   0.528   0.485  -0.389   0.567   0.858   0.344   1.313
   0.900  -1.787   0.966   1.986  -1.830   0.868   0.535  -2.474   0.208   0.599
  -2.047   2.009   0.965  -0.101  -0.829   2.190   0.017  -1.030   0.118   0.077
  -1.845  -0.915  -0.030  -1.648   0.403   0.085  -3.341   0.478   1.072  -3.757
   1.305  -0.476  -3.531  -0.341  -0.399  -3.974
  -3.470   1.664   0.158  -3.135   0.673   0.511  -3.408  -0.199  -0.071  -3.655
   0.462   1.508  -1.645   0.814   0.651  -1.080   1.906   0.816  -1.010  -0.363
   0.632  -1.522  -1.199   0.438   0.485  -0.411   0.516   0.921   0.275   1.170
   0.934  -1.802   0.941   2.044  -1.867   0.881   0.556  -2.616   0.296   0.630
  -1.991   1.941   0.980  -0.109  -0.936   2.151  -0.001  -1.198   0.046   0.034
  -1.905  -0.881  -0.065  -1.537   0.290   0.174  -3.339   0.187   1.241  -3.588
   1.130  -0.337  -3.724  -0.526  -0.332  -3.755
  -3.457   1.674  -0.075  -3.115   0.755   0.398  -3.437  -0.157  -0.205  -3.600
   0.717   1.365  -1.629   0.806   0.649  -1.044   1.836   0.751  -0.956  -0.339
   0.679  -1.444  -1.229   0.626   0.489  -0.341   0.490   0.991   0.379   1.118
   0.945  -1.736   0.869   2.025  -1.659   0.974   0.599  -2.549   0.177   0.502
  -1.910   1.904   0.945  -0.053  -0.926   2.151   0.076  -1.208  -0.032   0.067
  -1.839  -0.933  -0.142  -1.451   0.231   0.120  -3.310   0.440   1.164  -3.554
   1.064  -0.482  -3.613  -0.556  -0.233  -3.912
  -3.542   1.411  -0.120  -3.151   0.606   0.481  -3.290  -0.343  -0.137  -3.531
   0.635   1.521  -1.660   0.747   0.698  -1.100   1.880   0.620  -0.954  -0.352
   0.748  -1.479  -1.217   0.754   0.504  -0.386   0.535   1.006   0.278   1.254
   0.944  -1.811   0.951   1.994  -1.782   1.105   0.585  -2.593   0.253   0.538
  -2.067   1.930   0.908  -0.083  -0.974   2.065   0.073  -1.292  -0.027  -0.111
  -1.891  -0.930  -0.325  -1.606   0.153   0.057  -3.360   0.378   1.059  -3.486
   1.002  -0.568  -3.714  -0.738  -0.272  -3.920
  -3.562   1.610   0.178  -3.209   0.628   0.555  -3.536  -0.074  -0.205  -3.582
   0.257   1.455  -1.699   0.758   0.598  -1.222   1.917   0.570  -0.931  -0.373
   0.668  -1.547  -1.208   0.698   0.496  -0.467   0.471   1.005   0.287   1.073
   1.125  -1.755   1.004   2.176  -1.670   1.083   0.751  -2.530   0.251   0.602
  -2.109   1.891   0.891  -0.247  -1.095   2.101  -0.027  -1.316  -0.091  -0.157
  -2.017  -1.057  -0.336  -1.684   0.123  -0.013  -3.483   0.400   1.022  -3.692
   0.896  -0.735  -3.759  -0.781  -0.269  -4.028
  -3.602   1.510   0.190  -3.118   0.659   0.629  -3.567  -0.150   0.070  -3.383
   0.653   1.743  -1.678   0.782   0.641  -1.168   1.917   0.514  -0.951  -0.335
   0.739  -1.438  -1.239   0.873   0.476  -0.556   0.330   1.003   0.242   0.855
   1.106  -1.875   0.900   2.184  -1.878   0.648   0.725  -2.720   0.365   0.985
  -1.896   2.024   0.860  -0.327  -1.178   2.047  -0.165  -1.473  -0.081  -0.210
  -2.121  -1.054  -0.342  -1.839   0.136  -0.002  -3.538   0.515   1.017  -3.661
   0.907  -0.694  -3.960  -0.850  -0.150  -4.081
  -3.753   1.519   0.295  -3.189   0.632   0.731  -3.502  -0.208   0.150  -3.498
   0.387   1.772  -1.639   0.766   0.584  -1.167   1.848   0.349  -0.915  -0.335
   0.651  -1.429  -1.170   0.978   0.518  -0.514   0.282   1.064   0.272   0.775
   0.987  -1.861   0.800   1.923  -2.120   0.312   0.180  -2.500   0.476   0.927
  -1.936   1.873   0.842  -0.303  -1.228   2.027  -0.163  -1.512  -0.162  -0.324
  -2.146  -1.072  -0.456  -1.836  -0.030  -0.027  -3.557   0.291   1.023  -3.557
   0.793  -0.549  -4.004  -1.002  -0.050  -4.023
  -3.615   1.494   0.205  -3.149   0.612   0.654  -3.393  -0.287   0.013  -3.432
   0.459   1.644  -1.621   0.765   0.474  -1.158   1.865   0.152  -0.856  -0.335
   0.630  -1.372  -1.152   0.984   0.533  -0.420   0.258   1.054   0.385   0.743
   1.055  -1.805   0.758   2.127  -1.924   0.500   0.450  -2.595   0.336   0.965
  -1.927   1.865   0.833  -0.285  -1.233   1.981  -0.203  -1.585  -0.173  -0.229
  -2.164  -1.111  -0.487  -1.831  -0.115   0.035  -3.591   0.094   1.064  -3.780
   0.876  -0.408  -3.851  -1.003  -0.363  -4.063
  -3.712   1.184   0.203  -3.116   0.444   0.616  -3.405  -0.549   0.156  -3.276
   0.367   1.704  -1.671   0.658   0.373  -1.214   1.842   0.158  -0.859  -0.412
   0.614  -1.282  -1.208   1.057   0.582  -0.482   0.258   1.041   0.373   0.814
   1.112  -1.866   0.681   2.144  -1.857   0.320   0.514  -2.610   0.160   0.901
  -2.028   1.769   0.908  -0.255  -1.252   2.072  -0.025  -1.612  -0.157  -0.168
  -2.138  -1.113  -0.165  -1.807  -0.037   0.124  -3.561  -0.204   1.182  -3.740
   1.038   0.019  -3.887  -0.665  -0.488  -4.150
  -3.795   1.221   0.414  -3.210   0.362   0.751  -3.505  -0.545   0.214  -3.385
   0.256   1.835  -1.715   0.653   0.503  -1.311   1.709   0.085  -0.876  -0.378
   0.598  -1.293  -1.285   0.799   0.584  -0.451   0.274   0.956   0.369   0.861
   1.155  -1.794   0.829   2.238  -1.854   0.695   0.670  -2.640   0.266   0.930
  -1.908   1.884   0.967  -0.219  -1.205   2.123  -0.076  -1.589  -0.076  -0.177
  -2.037  -0.909  -0.626  -1.670  -0.033   0.197  -3.442  -0.330   1.171  -3.542
   0.979   0.195  -3.790  -0.661  -0.481  -4.005
  -3.638   1.303   0.448  -3.109   0.437   0.744  -3.436  -0.495   0.186  -3.353
   0.254   1.795  -1.630   0.627   0.526  -1.213   1.714   0.184  -0.855  -0.424
   0.490  -1.251  -1.320   0.622   0.615  -0.476   0.310   1.023   0.402   0.892
   1.196  -1.805   0.882   2.255  -1.755   0.681   0.753  -2.664   0.363   1.100
  -1.909   1.999   1.064  -0.262  -1.175   2.295  -0.163  -1.453   0.025  -0.101
  -2.001  -0.904  -0.379  -1.675   0.100   0.202  -3.473  -0.473   1.047  -3.736
   1.139   0.342  -3.704  -0.322  -0.595  -4.066
  -3.690   1.292   0.571  -3.084   0.426   0.707  -3.516  -0.416   0.152  -3.222
   0.302   1.753  -1.602   0.709   0.492  -1.097   1.828   0.267  -0.861  -0.373
   0.542  -1.325  -1.268   0.645   0.588  -0.371   0.388   0.982   0.430   1.030
   1.270  -1.708   0.870   2.391  -1.506   0.755   0.959  -2.618   0.240   1.046
  -1.967   1.923   1.057  -0.238  -1.079   2.207  -0.178  -1.474   0.053  -0.060
  -2.031  -0.931  -0.183  -1.656   0.100   0.188  -3.465  -0.398   1.185  -3.495
   1.099   0.287  -3.789  -0.534  -0.490  -4.019
  -3.652   1.207   0.525  -3.041   0.368   0.850  -3.365  -0.540   0.249  -3.151
   0.185   1.911  -1.560   0.672   0.579  -1.162   1.822   0.469  -0.851  -0.416
   0.597  -1.398  -1.264   0.801   0.603  -0.393   0.383   1.029   0.438   0.993
   1.187  -1.699   0.849   2.278  -1.691   0.800   0.865  -2.491   0.184   0.838
  -2.001   1.847   1.015  -0.180  -1.144   2.179  -0.207  -1.577  -0.017   0.013
  -1.979  -0.923  -0.132  -1.551   0.019   0.179  -3.424  -0.571   1.116  -3.576
   0.999   0.284  -3.751  -0.535  -0.616  -3.905
  -3.667   0.985   0.494  -2.999   0.291   0.878  -3.292  -0.641   0.410  -3.161
   0.177   1.966  -1.507   0.612   0.595  -1.117   1.793   0.509  -0.808  -0.514
   0.593  -1.355  -1.338   0.631   0.640  -0.491   0.292   1.186   0.357   0.842
   1.219  -1.812   0.900   2.270  -1.776   1.084   0.951  -2.632   0.227   0.796
  -2.018   1.878   1.045  -0.274  -1.158   2.228  -0.272  -1.499   0.032  -0.062
  -2.013  -0.884   0.103  -1.601   0.050   0.147  -3.465  -0.513   1.063  -3.716
   1.027   0.190  -3.911  -0.456  -0.658  -4.013
  -3.463   1.186   0.424  -3.024   0.332   0.919  -3.263  -0.593   0.345  -3.180
   0.198   2.024  -1.594   0.666   0.627  -1.279   1.823   0.388  -0.839  -0.437
   0.572  -1.254  -1.295   0.910   0.568  -0.509   0.286   1.011   0.361   0.768
   1.117  -1.800   0.986   2.105  -1.574   1.253   1.094  -2.750   0.387   0.588
  -1.966   1.902   0.990  -0.297  -1.208   2.200  -0.229  -1.570  -0.063  -0.064
  -1.986  -1.013  -0.172  -1.567   0.029   0.219  -3.469  -0.674   1.012  -3.650
   0.981   0.577  -3.711  -0.244  -0.653  -4.059
  -3.548   1.382   0.812  -2.999   0.433   0.950  -3.446  -0.307   0.309  -3.052
  -0.030   1.965  -1.579   0.685   0.579  -1.157   1.819   0.333  -0.802  -0.375
   0.679  -1.333  -1.146   0.956   0.647  -0.476   0.317   1.080   0.198   1.038
   1.101  -1.793   0.969   2.211  -1.766   1.123   0.844  -2.558   0.248   0.646
  -1.926   1.884   1.034  -0.262  -1.180   2.224  -0.311  -1.482   0.046  -0.058
  -2.055  -0.898  -0.055  -1.652   0.200   0.334  -3.499  -0.370   1.158  -3.803
   1.260   0.420  -3.779  -0.033  -0.529  -4.120
  -3.479   1.452   0.765  -3.008   0.516   0.880  -3.366  -0.320   0.258  -3.092
   0.232   1.932  -1.582   0.679   0.597  -1.056   1.820   0.300  -0.794  -0.426
   0.588  -1.226  -1.286   0.788   0.618  -0.438   0.317   1.025   0.353   0.986
   1.119  -1.752   0.901   2.206  -1.724   1.032   0.803  -2.456   0.136   0.642
  -1.987   1.873   1.047  -0.168  -1.208   2.302  -0.103  -1.428   0.096  -0.068
  -2.170  -0.792  -0.048  -1.808   0.190   0.290  -3.547  -0.263   1.298  -3.618
   1.203   0.304  -3.928  -0.403  -0.451  -4.059
  -3.590   1.471   0.977  -3.099   0.498   0.883  -3.433   0.020   0.046  -3.183
  -0.072   1.834  -1.603   0.659   0.602  -1.108   1.777   0.223  -0.926  -0.454
   0.579  -1.361  -1.243   1.036   0.567  -0.468   0.340   0.947   0.385   0.952
   1.137  -1.816   0.809   2.156  -1.657   0.865   0.964  -2.660   0.096   0.734
  -2.048   1.800   1.033  -0.170  -1.179   2.223  -0.133  -1.483   0.104  -0.131
  -2.187  -0.860  -0.317  -1.874   0.280   0.419  -3.505   0.035   1.486  -3.369
   1.286   0.362  -3.861  -0.415  -0.140  -4.183
  -3.357   1.507   1.243  -3.059   0.571   0.884  -3.535   0.329  -0.022  -3.218
  -0.206   1.659  -1.573   0.670   0.687  -1.121   1.732   0.390  -0.861  -0.438
   0.749  -1.284  -1.353   0.937   0.574  -0.519   0.325   1.137   0.119   0.977
   1.126  -1.880   0.833   2.196  -1.905   0.767   0.796  -2.725   0.153   0.712
  -2.163   1.821   1.055  -0.254  -1.200   2.296  -0.122  -1.439   0.110  -0.138
  -2.168  -0.882  -0.334  -1.884   0.354   0.472  -3.450   0.479   1.547  -3.328
   1.207   0.076  -3.941  -0.475   0.090  -4.115
  -3.368   1.530   1.195  -2.967   0.566   0.894  -3.389   0.311  -0.064  -3.123
  -0.254   1.623  -1.455   0.777   0.684  -1.058   1.897   0.364  -0.742  -0.385
   0.736  -1.247  -1.228   0.538   0.699  -0.489   0.421   1.246   0.181   1.028
   1.102  -1.894   0.831   2.181  -2.054   0.642   0.593  -2.712   0.296   0.968
  -1.998   1.946   1.081  -0.263  -1.082   2.258  -0.138  -1.393   0.186  -0.118
  -2.067  -0.789  -0.199  -1.736   0.320   0.537  -3.407  -0.063   1.510  -3.256
   1.318   0.569  -3.671  -0.235  -0.035  -4.194
  -3.267   1.647   1.286  -2.887   0.662   0.872  -3.282   0.282   0.020  -2.996
  -0.152   1.655  -1.423   0.693   0.579  -0.945   1.778   0.287  -0.717  -0.446
   0.585  -1.200  -1.265   0.766   0.710  -0.545   0.385   1.282   0.210   0.987
   1.159  -2.025   0.671   2.130  -2.129   0.268   0.550  -2.859   0.308   1.362
  -2.251   1.675   1.067  -0.228  -1.091   2.256  -0.068  -1.348   0.140  -0.140
  -2.028  -0.811  -0.340  -1.692   0.308   0.500  -3.316  -0.127   1.516  -3.294
   1.354   0.635  -3.506  -0.200  -0.117  -4.073
  -3.230   1.503   1.256  -2.870   0.526   0.932  -3.339   0.264  -0.020  -2.945
  -0.201   1.715  -1.405   0.780   0.547  -0.997   1.883   0.145  -0.736  -0.369
   0.669  -1.313  -1.196   0.820   0.689  -0.524   0.407   1.197   0.229   1.011
   1.062  -1.946   0.816   1.977  -2.198   0.328   0.340  -2.690   0.467   1.036
  -2.008   1.884   1.115  -0.192  -1.077   2.284   0.023  -1.371   0.151  -0.041
  -2.001  -0.771  -0.047  -1.592   0.279   0.441  -3.340  -0.247   1.426  -3.296
   1.381   0.464  -3.573  -0.332  -0.175  -3.999
  -3.325   1.467   1.225  -2.917   0.522   0.832  -3.531   0.303   0.027  -2.929
  -0.269   1.617  -1.487   0.737   0.505  -1.078   1.842   0.178  -0.725  -0.377
   0.667  -1.282  -1.208   0.944   0.688  -0.452   0.337   1.296   0.187   1.007
   1.059  -1.913   0.720   2.127  -2.141   0.779   0.469  -2.693   0.284   0.818
  -2.029   1.799   1.099  -0.171  -1.143   2.258   0.055  -1.447   0.168  -0.160
  -2.135  -0.764  -0.303  -1.826   0.349   0.413  -3.430  -0.038   1.456  -3.554
   1.419   0.497  -3.597  -0.048  -0.224  -4.247
