default_name                                                                    
  -3.526   1.521   1.070  -3.075   0.533   0.998  -3.414   0.042   0.089  -3.344
  -0.056   1.865  -1.575   0.681   0.930  -1.054   1.793   0.949  -0.866  -0.446
   0.858  -1.384  -1.311   0.859   0.603  -0.514   0.827   0.993   0.243   1.508
   1.018  -1.875   1.407   2.107  -1.934   1.485   0.667  -2.691   0.778   0.600
  -1.991   2.402   1.240  -0.265  -0.561   2.468  -0.178  -0.670   0.428  -0.145
  -1.625  -0.562  -0.215  -1.449   0.872   0.101  -3.002   1.406   1.048  -3.067
   1.541  -0.696  -3.327   0.005   0.145  -3.660
  -3.516   1.527   1.092  -3.077   0.533   0.983  -3.424   0.066   0.052  -3.361
  -0.106   1.828  -1.576   0.682   0.926  -1.067   1.799   0.949  -0.859  -0.439
   0.836  -1.367  -1.318   0.802   0.601  -0.511   0.817   1.001   0.272   1.481
   1.031  -1.873   1.403   2.128  -1.923   1.458   0.676  -2.698   0.789   0.633
  -1.985   2.408   1.242  -0.271  -0.569   2.470  -0.166  -0.675   0.433  -0.165
  -1.628  -0.560  -0.223  -1.464   0.871   0.103  -2.999   1.432   1.042  -3.044
   1.502  -0.712  -3.351  -0.004   0.186  -3.655
  -3.544   1.494   1.133  -3.077   0.517   0.996  -3.414   0.045   0.077  -3.349
  -0.100   1.847  -1.572   0.678   0.931  -1.047   1.792   0.962  -0.871  -0.456
   0.843  -1.384  -1.321   0.863   0.595  -0.513   0.828   0.975   0.259   1.496
   1.034  -1.862   1.402   2.123  -1.944   1.472   0.668  -2.679   0.778   0.619
  -1.989   2.417   1.249  -0.249  -0.557   2.479  -0.168  -0.664   0.445  -0.172
  -1.634  -0.549  -0.251  -1.478   0.892   0.083  -2.994   1.503   1.000  -3.026
   1.496  -0.751  -3.349   0.039   0.197  -3.675
  -3.569   1.473   1.097  -3.082   0.501   1.006  -3.407   0.022   0.103  -3.351
  -0.119   1.860  -1.589   0.669   0.948  -1.095   1.787   0.963  -0.873  -0.454
   0.842  -1.374  -1.334   0.775   0.595  -0.494   0.810   0.945   0.302   1.472
   1.024  -1.847   1.408   2.115  -1.864   1.474   0.703  -2.665   0.748   0.626
  -1.976   2.415   1.232  -0.279  -0.579   2.461  -0.169  -0.675   0.428  -0.179
  -1.645  -0.568  -0.253  -1.500   0.910   0.071  -3.024   1.505   0.988  -3.034
   1.584  -0.734  -3.331   0.067   0.171  -3.692
  -3.604   1.400   1.137  -3.083   0.471   0.985  -3.393   0.074   0.020  -3.350
  -0.234   1.784  -1.591   0.663   0.953  -1.117   1.795   0.997  -0.858  -0.449
   0.869  -1.339  -1.340   0.877   0.595  -0.489   0.816   0.982   0.272   1.490
   1.014  -1.839   1.374   2.107  -1.860   1.475   0.706  -2.659   0.716   0.551
  -1.996   2.350   1.234  -0.250  -0.576   2.461  -0.167  -0.703   0.437  -0.148
  -1.639  -0.559  -0.174  -1.492   0.885   0.050  -3.025   1.536   0.914  -3.134
   1.476  -0.808  -3.361   0.023   0.165  -3.696
  -3.516   1.442   1.178  -3.084   0.469   1.025  -3.405   0.047   0.067  -3.287
  -0.211   1.865  -1.597   0.662   0.953  -1.112   1.802   0.977  -0.855  -0.456
   0.873  -1.352  -1.345   0.854   0.617  -0.486   0.839   0.985   0.321   1.486
   1.055  -1.824   1.438   2.142  -1.859   1.545   0.709  -2.623   0.768   0.610
  -1.970   2.404   1.228  -0.249  -0.582   2.447  -0.137  -0.709   0.438  -0.135
  -1.641  -0.554  -0.229  -1.505   0.893   0.040  -3.026   1.546   0.933  -3.099
   1.425  -0.860  -3.340   0.033   0.174  -3.678
  -3.579   1.449   1.158  -3.093   0.480   1.041  -3.450   0.045   0.128  -3.396
  -0.161   1.881  -1.593   0.669   0.971  -1.144   1.823   0.993  -0.847  -0.440
   0.849  -1.329  -1.334   0.816   0.614  -0.463   0.820   0.996   0.308   1.480
   1.040  -1.829   1.388   2.132  -1.882   1.475   0.718  -2.655   0.749   0.648
  -1.995   2.377   1.242  -0.251  -0.579   2.478  -0.158  -0.688   0.451  -0.184
  -1.644  -0.546  -0.215  -1.488   0.878   0.020  -3.028   1.543   0.881  -3.074
   1.403  -0.861  -3.404   0.018   0.190  -3.658
  -3.591   1.479   1.214  -3.132   0.503   1.007  -3.486   0.112   0.047  -3.352
  -0.218   1.772  -1.621   0.671   0.932  -1.143   1.805   0.964  -0.878  -0.424
   0.800  -1.374  -1.312   0.823   0.611  -0.479   0.797   0.926   0.313   1.471
   1.056  -1.835   1.349   2.131  -1.893   1.364   0.653  -2.630   0.738   0.704
  -1.890   2.356   1.276  -0.240  -0.568   2.498  -0.151  -0.686   0.451  -0.173
  -1.631  -0.524  -0.271  -1.464   0.889   0.041  -2.996   1.595   0.867  -3.065
   1.358  -0.859  -3.388  -0.034   0.282  -3.554
  -3.610   1.441   1.188  -3.099   0.493   0.970  -3.428   0.163  -0.004  -3.368
  -0.263   1.707  -1.608   0.680   0.925  -1.136   1.815   1.019  -0.882  -0.430
   0.775  -1.385  -1.308   0.710   0.608  -0.457   0.806   0.996   0.345   1.435
   1.054  -1.788   1.447   2.120  -1.849   1.518   0.691  -2.616   0.847   0.577
  -1.929   2.430   1.250  -0.212  -0.571   2.470  -0.133  -0.680   0.430  -0.179
  -1.657  -0.580  -0.207  -1.505   0.878   0.043  -3.024   1.538   0.926  -3.076
   1.384  -0.863  -3.365   0.019   0.260  -3.668
  -3.608   1.438   1.136  -3.086   0.500   0.943  -3.399   0.105  -0.017  -3.399
  -0.238   1.708  -1.602   0.694   0.940  -1.113   1.822   0.978  -0.885  -0.406
   0.817  -1.349  -1.299   0.810   0.562  -0.434   0.813   0.889   0.374   1.464
   1.057  -1.764   1.453   2.133  -1.733   1.564   0.768  -2.635   0.850   0.624
  -1.903   2.468   1.213  -0.226  -0.579   2.452  -0.156  -0.670   0.439  -0.185
  -1.659  -0.542  -0.324  -1.527   0.880   0.039  -3.050   1.660   0.822  -3.100
   1.302  -0.883  -3.459   0.026   0.327  -3.634
  -3.647   1.473   1.162  -3.132   0.515   0.958  -3.519   0.126   0.012  -3.411
  -0.214   1.716  -1.625   0.694   0.904  -1.149   1.843   0.955  -0.893  -0.394
   0.763  -1.375  -1.277   0.724   0.572  -0.435   0.759   0.953   0.379   1.358
   1.040  -1.710   1.473   2.157  -1.702   1.541   0.740  -2.600   0.912   0.620
  -1.773   2.476   1.232  -0.247  -0.608   2.460  -0.183  -0.649   0.452  -0.160
  -1.693  -0.546  -0.265  -1.564   0.906   0.048  -3.055   1.696   0.809  -3.091
   1.222  -0.890  -3.501   0.089   0.429  -3.638
  -3.560   1.536   1.271  -3.102   0.574   1.009  -3.515   0.237   0.062  -3.334
  -0.133   1.810  -1.619   0.726   0.898  -1.118   1.859   0.941  -0.903  -0.378
   0.800  -1.356  -1.272   0.701   0.579  -0.375   0.804   0.939   0.431   1.424
   1.018  -1.690   1.508   2.081  -1.691   1.669   0.714  -2.564   0.947   0.614
  -1.778   2.521   1.260  -0.232  -0.582   2.499  -0.246  -0.668   0.470  -0.142
  -1.672  -0.523  -0.241  -1.490   0.895  -0.015  -3.084   1.602   0.820  -3.115
   1.363  -0.917  -3.451   0.050   0.210  -3.722
  -3.559   1.503   1.298  -3.110   0.565   0.976  -3.482   0.309  -0.017  -3.362
  -0.212   1.711  -1.602   0.707   0.895  -1.094   1.823   0.955  -0.872  -0.391
   0.794  -1.331  -1.290   0.754   0.604  -0.396   0.821   0.962   0.472   1.393
   1.010  -1.668   1.541   2.069  -1.615   1.755   0.755  -2.518   0.943   0.476
  -1.762   2.488   1.268  -0.259  -0.593   2.512  -0.226  -0.706   0.483  -0.154
  -1.696  -0.527  -0.141  -1.544   0.934   0.096  -3.073   1.671   0.892  -3.108
   1.437  -0.770  -3.505   0.110   0.373  -3.706
  -3.621   1.444   1.120  -3.075   0.530   0.905  -3.332   0.163  -0.092  -3.364
  -0.269   1.612  -1.596   0.763   0.919  -1.081   1.864   1.004  -0.880  -0.369
   0.799  -1.417  -1.228   0.667   0.597  -0.415   0.808   0.915   0.469   1.399
   1.043  -1.662   1.539   2.108  -1.656   1.673   0.780  -2.561   0.972   0.580
  -1.696   2.532   1.234  -0.271  -0.589   2.470  -0.260  -0.667   0.468  -0.092
  -1.681  -0.523  -0.085  -1.545   0.960   0.096  -3.048   1.634   0.973  -3.099
   1.432  -0.827  -3.418   0.125   0.311  -3.742
  -3.593   1.433   1.095  -3.079   0.514   0.902  -3.346   0.061  -0.018  -3.276
  -0.200   1.707  -1.611   0.729   0.891  -1.134   1.837   0.974  -0.882  -0.365
   0.744  -1.373  -1.231   0.625   0.586  -0.364   0.806   0.956   0.489   1.418
   1.028  -1.663   1.530   2.108  -1.704   1.688   0.828  -2.544   0.920   0.521
  -1.748   2.478   1.237  -0.194  -0.591   2.460  -0.228  -0.683   0.472  -0.068
  -1.667  -0.538  -0.176  -1.529   0.972   0.139  -3.042   1.751   0.895  -3.022
   1.306  -0.828  -3.431   0.160   0.462  -3.662
  -3.583   1.496   1.083  -3.113   0.528   0.927  -3.424   0.049   0.011  -3.397
  -0.058   1.746  -1.611   0.705   0.882  -1.119   1.827   0.931  -0.889  -0.370
   0.782  -1.354  -1.258   0.781   0.568  -0.361   0.769   0.876   0.484   1.419
   0.981  -1.645   1.487   2.058  -1.568   1.595   0.709  -2.503   0.894   0.472
  -1.688   2.451   1.241  -0.250  -0.623   2.455  -0.247  -0.730   0.466  -0.080
  -1.725  -0.524  -0.080  -1.519   0.955   0.086  -3.085   1.691   0.862  -3.137
   1.349  -0.851  -3.403   0.115   0.348  -3.728
  -3.600   1.484   1.142  -3.132   0.537   0.962  -3.515   0.119   0.022  -3.390
  -0.177   1.778  -1.618   0.747   0.893  -1.100   1.849   0.943  -0.873  -0.335
   0.720  -1.357  -1.234   0.745   0.611  -0.364   0.764   0.950   0.504   1.352
   1.022  -1.617   1.525   2.101  -1.614   1.715   0.834  -2.506   0.896   0.432
  -1.666   2.446   1.269  -0.223  -0.649   2.492  -0.241  -0.754   0.492  -0.154
  -1.737  -0.486  -0.168  -1.488   0.897   0.119  -3.110   1.635   0.914  -3.181
   1.335  -0.776  -3.542   0.034   0.333  -3.734
  -3.690   1.479   0.977  -3.159   0.520   0.937  -3.436   0.065  -0.026  -3.431
  -0.144   1.795  -1.646   0.744   0.882  -1.137   1.869   0.991  -0.890  -0.324
   0.727  -1.376  -1.216   0.675   0.571  -0.347   0.724   0.948   0.519   1.278
   0.958  -1.611   1.495   2.024  -1.680   1.529   0.536  -2.478   0.991   0.546
  -1.548   2.520   1.258  -0.255  -0.645   2.493  -0.186  -0.737   0.453  -0.169
  -1.726  -0.560  -0.181  -1.564   0.911   0.112  -3.078   1.717   0.839  -3.038
   1.279  -0.773  -3.601   0.103   0.567  -3.649
  -3.637   1.499   0.998  -3.112   0.517   0.950  -3.453  -0.048   0.040  -3.424
  -0.144   1.777  -1.630   0.725   0.939  -1.176   1.860   0.971  -0.880  -0.366
   0.770  -1.354  -1.244   0.768   0.590  -0.390   0.781   0.965   0.463   1.403
   0.982  -1.695   1.519   2.040  -1.814   1.561   0.611  -2.541   0.985   0.563
  -1.706   2.506   1.234  -0.276  -0.644   2.471  -0.271  -0.789   0.442  -0.189
  -1.711  -0.580  -0.204  -1.525   0.924   0.102  -3.091   1.747   0.790  -3.067
   1.248  -0.799  -3.578   0.080   0.534  -3.658
  -3.542   1.507   1.173  -3.154   0.545   0.939  -3.527   0.226  -0.038  -3.378
  -0.194   1.698  -1.643   0.709   0.907  -1.127   1.831   1.021  -0.880  -0.376
   0.772  -1.357  -1.267   0.623   0.602  -0.390   0.789   0.952   0.401   1.409
   0.996  -1.700   1.476   2.082  -1.817   1.552   0.663  -2.554   0.926   0.619
  -1.738   2.506   1.235  -0.269  -0.629   2.471  -0.295  -0.744   0.474  -0.110
  -1.693  -0.522  -0.243  -1.574   0.991   0.107  -3.065   1.846   0.777  -2.973
   1.276  -0.850  -3.562   0.254   0.545  -3.680
  -3.680   1.366   1.342  -3.161   0.499   0.928  -3.446   0.328  -0.110  -3.357
  -0.425   1.499  -1.638   0.718   0.909  -1.180   1.886   1.018  -0.844  -0.364
   0.750  -1.292  -1.256   0.693   0.614  -0.380   0.786   0.958   0.456   1.381
   1.045  -1.692   1.472   2.114  -1.686   1.596   0.713  -2.581   0.915   0.576
  -1.730   2.436   1.277  -0.226  -0.625   2.514  -0.227  -0.736   0.450  -0.092
  -1.671  -0.537  -0.174  -1.479   0.945   0.123  -3.054   1.828   0.800  -3.022
   1.283  -0.808  -3.478   0.203   0.479  -3.767
  -3.583   1.406   1.359  -3.124   0.507   0.920  -3.478   0.290  -0.094  -3.332
  -0.355   1.563  -1.618   0.740   0.890  -1.179   1.884   1.016  -0.874  -0.343
   0.764  -1.340  -1.227   0.559   0.595  -0.403   0.758   1.007   0.434   1.303
   1.022  -1.658   1.482   2.100  -1.722   1.649   0.698  -2.531   0.894   0.523
  -1.699   2.463   1.240  -0.251  -0.650   2.476  -0.275  -0.696   0.471  -0.080
  -1.717  -0.519  -0.096  -1.513   0.936   0.105  -3.083   1.673   0.894  -3.188
   1.415  -0.834  -3.409   0.060   0.363  -3.694
  -3.722   1.346   1.280  -3.122   0.502   0.876  -3.436   0.267  -0.168  -3.303
  -0.404   1.445  -1.636   0.838   0.931  -1.175   1.955   1.052  -0.883  -0.256
   0.741  -1.384  -1.119   0.646   0.599  -0.324   0.745   0.936   0.511   1.303
   1.041  -1.603   1.495   2.116  -1.599   1.588   0.747  -2.477   0.897   0.616
  -1.652   2.503   1.262  -0.198  -0.636   2.510  -0.263  -0.761   0.440  -0.093
  -1.695  -0.585  -0.106  -1.563   0.984   0.087  -3.075   1.723   0.901  -3.050
   1.435  -0.890  -3.394   0.182   0.404  -3.768
  -3.579   1.390   1.433  -3.107   0.542   0.897  -3.469   0.413  -0.120  -3.295
  -0.376   1.493  -1.621   0.838   0.904  -1.179   1.988   1.006  -0.867  -0.254
   0.799  -1.369  -1.122   0.822   0.584  -0.341   0.745   0.949   0.503   1.322
   1.000  -1.625   1.470   2.087  -1.596   1.628   0.818  -2.506   0.874   0.639
  -1.624   2.471   1.240  -0.190  -0.644   2.474  -0.229  -0.760   0.462  -0.072
  -1.730  -0.540  -0.040  -1.639   0.977   0.055  -3.109   1.680   0.904  -3.130
   1.503  -0.854  -3.384   0.198   0.237  -3.813
  -3.670   1.490   1.206  -3.128   0.593   0.888  -3.523   0.405  -0.114  -3.420
  -0.287   1.532  -1.622   0.853   0.897  -1.174   1.954   0.960  -0.874  -0.289
   0.781  -1.364  -1.173   0.744   0.592  -0.273   0.734   0.964   0.607   1.263
   1.046  -1.510   1.553   2.148  -1.573   1.661   0.710  -2.400   0.976   0.579
  -1.442   2.560   1.217  -0.190  -0.654   2.437  -0.185  -0.802   0.435  -0.060
  -1.765  -0.552  -0.004  -1.661   0.906   0.030  -3.120   1.607   0.819  -3.190
   1.445  -0.901  -3.355   0.096   0.191  -3.892
  -3.712   1.461   1.092  -3.177   0.574   0.737  -3.432   0.333  -0.300  -3.500
  -0.228   1.391  -1.681   0.806   0.850  -1.192   1.922   0.953  -0.895  -0.259
   0.757  -1.281  -1.170   0.745   0.568  -0.218   0.764   0.896   0.685   1.337
   1.089  -1.463   1.495   2.188  -1.438   1.609   0.792  -2.396   0.984   0.608
  -1.420   2.494   1.191  -0.148  -0.682   2.414  -0.168  -0.776   0.416  -0.062
  -1.773  -0.601   0.022  -1.670   0.909   0.042  -3.151   1.640   0.832  -3.246
   1.379  -0.903  -3.371   0.050   0.149  -3.850
  -3.660   1.488   1.032  -3.151   0.565   0.787  -3.431   0.328  -0.241  -3.462
  -0.233   1.462  -1.667   0.779   0.814  -1.267   1.934   0.994  -0.895  -0.311
   0.731  -1.323  -1.219   0.577   0.567  -0.238   0.690   0.850   0.631   1.268
   1.052  -1.462   1.498   2.147  -1.413   1.609   0.760  -2.370   1.023   0.580
  -1.452   2.518   1.203  -0.205  -0.693   2.450  -0.320  -0.805   0.397  -0.032
  -1.764  -0.543   0.245  -1.637   0.877  -0.091  -3.129   1.672   0.630  -3.213
   1.342  -1.042  -3.361   0.074   0.159  -3.792
  -3.661   1.403   1.169  -3.142   0.532   0.829  -3.502   0.404  -0.173  -3.341
  -0.326   1.471  -1.657   0.784   0.867  -1.271   1.943   0.994  -0.868  -0.310
   0.811  -1.328  -1.249   0.737   0.609  -0.253   0.794   0.978   0.611   1.310
   1.162  -1.518   1.498   2.261  -1.472   1.599   0.830  -2.442   1.077   0.860
  -1.513   2.528   1.214  -0.192  -0.650   2.423  -0.353  -0.838   0.368  -0.080
  -1.691  -0.625  -0.061  -1.483   0.851  -0.104  -3.062   1.688   0.585  -3.145
   1.235  -1.108  -3.334   0.125   0.300  -3.775
  -3.683   1.490   1.082  -3.126   0.534   0.861  -3.362   0.029  -0.102  -3.279
  -0.200   1.676  -1.627   0.826   0.901  -1.262   1.988   0.964  -0.833  -0.234
   0.789  -1.271  -1.147   0.734   0.651  -0.249   0.776   0.911   0.668   1.313
   1.087  -1.477   1.617   2.161  -1.450   1.716   0.785  -2.371   1.178   0.664
  -1.355   2.633   1.233  -0.273  -0.665   2.423  -0.425  -0.762   0.419  -0.107
  -1.710  -0.559   0.017  -1.500   0.828  -0.067  -3.090   1.680   0.629  -3.163
   1.207  -1.114  -3.385  -0.008   0.233  -3.751
  -3.685   1.514   1.008  -3.087   0.581   0.929  -3.333   0.168  -0.067  -3.374
  -0.064   1.753  -1.611   0.804   0.855  -1.170   1.938   0.922  -0.812  -0.287
   0.764  -1.281  -1.197   0.787   0.678  -0.277   0.764   0.987   0.679   1.310
   1.121  -1.510   1.563   2.161  -1.709   1.507   0.647  -2.429   1.185   0.803
  -1.393   2.579   1.284  -0.244  -0.659   2.518  -0.271  -0.817   0.436  -0.128
  -1.676  -0.518   0.012  -1.395   0.834  -0.087  -3.080   1.551   0.740  -3.246
   1.266  -1.051  -3.319  -0.063   0.107  -3.631
  -3.623   1.486   1.108  -3.094   0.568   0.840  -3.557   0.299  -0.112  -3.330
  -0.200   1.568  -1.610   0.806   0.824  -1.150   1.955   0.824  -0.802  -0.239
   0.862  -1.215  -1.155   0.762   0.669  -0.206   0.778   1.110   0.647   1.335
   1.117  -1.446   1.584   2.222  -1.501   1.531   0.706  -2.336   1.093   0.760
  -1.410   2.632   1.284  -0.227  -0.657   2.509  -0.305  -0.855   0.472  -0.085
  -1.686  -0.496   0.109  -1.448   0.791  -0.026  -3.104   1.380   0.841  -3.444
   1.329  -0.996  -3.317  -0.153  -0.051  -3.660
  -3.593   1.558   0.992  -3.083   0.630   0.731  -3.399   0.329  -0.268  -3.282
  -0.159   1.444  -1.578   0.812   0.805  -1.140   1.976   0.835  -0.769  -0.225
   0.810  -1.169  -1.134   0.921   0.683  -0.252   0.744   0.971   0.692   1.163
   1.176  -1.371   1.656   2.243  -1.283   1.782   0.971  -2.298   1.166   0.731
  -1.328   2.695   1.302  -0.194  -0.652   2.538  -0.265  -0.796   0.458  -0.081
  -1.713  -0.566  -0.093  -1.525   0.861  -0.098  -3.125   1.477   0.769  -3.360
   1.405  -1.006  -3.337  -0.021  -0.018  -3.716
  -3.604   1.635   1.017  -3.138   0.694   0.714  -3.331   0.433  -0.325  -3.508
  -0.082   1.365  -1.619   0.841   0.787  -1.152   1.963   0.833  -0.851  -0.220
   0.760  -1.293  -1.119   0.856   0.662  -0.147   0.728   1.006   0.743   1.277
   1.229  -1.363   1.567   2.310  -1.252   1.643   0.928  -2.289   1.034   0.719
  -1.369   2.524   1.307  -0.170  -0.658   2.481  -0.281  -0.794   0.459  -0.149
  -1.682  -0.543  -0.108  -1.481   0.819  -0.110  -3.071   1.499   0.705  -3.225
   1.183  -1.078  -3.380  -0.034   0.093  -3.660
  -3.600   1.494   1.176  -3.146   0.661   0.745  -3.492   0.569  -0.281  -3.358
  -0.238   1.340  -1.612   0.839   0.871  -1.129   1.973   0.828  -0.846  -0.238
   0.790  -1.230  -1.135   0.686   0.612  -0.183   0.780   0.841   0.813   1.236
   1.221  -1.269   1.642   2.282  -1.096   1.861   1.161  -2.190   1.056   0.710
  -1.441   2.606   1.180  -0.204  -0.660   2.420  -0.331  -0.844   0.360  -0.084
  -1.682  -0.631  -0.195  -1.519   0.784  -0.083  -3.050   1.444   0.709  -3.336
   1.261  -1.039  -3.281  -0.115   0.028  -3.668
  -3.573   1.458   1.342  -3.081   0.714   0.676  -3.407   0.763  -0.394  -3.342
  -0.241   1.067  -1.594   0.914   0.775  -1.134   2.063   0.836  -0.824  -0.175
   0.822  -1.269  -1.091   0.677   0.659  -0.206   0.777   1.092   0.676   1.194
   1.187  -1.342   1.631   2.283  -1.247   1.729   0.993  -2.259   1.095   0.669
  -1.261   2.592   1.207  -0.217  -0.673   2.448  -0.416  -0.825   0.380  -0.096
  -1.717  -0.601   0.023  -1.520   0.803  -0.072  -3.087   1.410   0.814  -3.238
   1.470  -0.917  -3.366  -0.052  -0.112  -3.758
  -3.567   1.423   1.106  -3.046   0.645   0.555  -3.332   0.713  -0.495  -3.345
  -0.341   0.888  -1.572   0.902   0.757  -1.171   2.051   0.848  -0.823  -0.172
   0.732  -1.324  -1.075   0.588   0.673  -0.182   0.791   1.019   0.766   1.348
   1.148  -1.400   1.599   2.257  -1.316   1.744   1.004  -2.374   1.090   0.701
  -1.401   2.611   1.223  -0.150  -0.675   2.413  -0.332  -0.887   0.378   0.005
  -1.732  -0.603   0.050  -1.588   0.820  -0.094  -3.135   1.490   0.758  -3.276
   1.374  -0.998  -3.326  -0.041  -0.117  -3.813
  -3.743   1.531   0.790  -3.126   0.708   0.456  -3.367   0.550  -0.619  -3.460
  -0.193   0.960  -1.650   0.946   0.707  -1.191   2.055   0.797  -0.849  -0.126
   0.790  -1.332  -0.987   0.698   0.601  -0.088   0.740   1.022   0.818   1.192
   1.098  -1.287   1.524   2.124  -1.222   1.621   0.891  -2.259   1.067   0.600
  -1.318   2.532   1.226  -0.158  -0.680   2.454  -0.366  -0.914   0.413   0.035
  -1.720  -0.621   0.178  -1.574   0.897  -0.053  -3.095   1.730   0.638  -3.209
   1.230  -1.037  -3.423   0.149   0.224  -3.805
  -3.565   1.620   0.673  -3.063   0.735   0.358  -3.194   0.576  -0.712  -3.478
  -0.161   0.886  -1.632   0.948   0.718  -1.191   2.070   0.789  -0.841  -0.122
   0.777  -1.290  -1.047   0.816   0.598  -0.149   0.777   0.909   0.730   1.312
   1.168  -1.277   1.646   2.243  -1.184   1.705   1.055  -2.228   1.016   0.753
  -1.314   2.660   1.215  -0.162  -0.652   2.416  -0.399  -0.798   0.456   0.070
  -1.729  -0.498   0.279  -1.648   0.941  -0.040  -3.129   1.804   0.594  -3.324
   1.234  -1.073  -3.301   0.160   0.204  -3.831
  -3.678   1.664   0.652  -3.088   0.770   0.468  -3.211   0.601  -0.616  -3.472
  -0.011   1.084  -1.606   1.020   0.714  -1.167   2.123   0.777  -0.872  -0.056
   0.772  -1.283  -0.957   0.826   0.599  -0.060   0.781   0.985   0.858   1.219
   1.092  -1.195   1.688   2.176  -1.197   1.763   0.824  -2.190   1.264   0.632
  -1.178   2.684   1.221  -0.148  -0.630   2.423  -0.422  -0.752   0.495   0.144
  -1.729  -0.499   0.088  -1.549   1.006   0.041  -3.139   1.835   0.755  -3.282
   1.336  -0.971  -3.376   0.173   0.313  -3.876
  -3.734   1.696   0.785  -3.164   0.831   0.505  -3.344   0.635  -0.589  -3.556
  -0.007   1.076  -1.630   0.965   0.715  -1.169   2.093   0.778  -0.833  -0.143
   0.809  -1.294  -1.020   0.718   0.641  -0.087   0.778   0.974   0.835   1.294
   1.145  -1.249   1.626   2.212  -1.457   1.570   0.625  -2.148   1.233   0.879
  -1.089   2.667   1.336  -0.068  -0.629   2.518  -0.390  -0.758   0.535   0.153
  -1.690  -0.392   0.463  -1.474   0.923   0.056  -3.088   1.597   0.869  -3.272
   1.511  -0.896  -3.254   0.070   0.114  -3.752
  -3.642   1.713   0.738  -3.161   0.777   0.582  -3.309   0.520  -0.456  -3.530
   0.038   1.287  -1.681   0.989   0.705  -1.194   2.096   0.777  -0.913  -0.101
   0.757  -1.413  -0.937   0.600   0.561  -0.135   0.734   0.883   0.811   1.184
   1.131  -1.251   1.600   2.180  -1.165   1.529   0.745  -2.182   1.154   0.822
  -1.185   2.610   1.303  -0.113  -0.697   2.515  -0.230  -0.762   0.554   0.112
  -1.801  -0.427   0.318  -1.765   0.954   0.060  -3.193   1.491   0.985  -3.387
   1.649  -0.714  -3.421   0.066  -0.107  -3.816
  -3.647   1.700   0.663  -3.154   0.747   0.665  -3.454   0.314  -0.272  -3.540
   0.169   1.497  -1.642   0.943   0.686  -1.217   2.111   0.806  -0.860  -0.134
   0.771  -1.283  -1.046   0.829   0.622  -0.074   0.704   1.023   0.854   1.127
   1.165  -1.243   1.593   2.260  -1.268   1.466   0.806  -2.247   1.279   0.855
  -1.050   2.594   1.269  -0.121  -0.723   2.484  -0.244  -0.847   0.525   0.027
  -1.827  -0.465   0.231  -1.751   1.073   0.011  -3.182   1.682   0.932  -3.332
   1.673  -0.937  -3.254   0.261  -0.042  -3.865
  -3.622   1.700   0.916  -3.092   0.823   0.687  -3.270   0.498  -0.296  -3.289
  -0.010   1.439  -1.626   0.988   0.749  -1.103   2.102   0.830  -0.906  -0.128
   0.670  -1.381  -1.008   0.522   0.603  -0.132   0.643   0.889   0.796   1.095
   1.114  -1.142   1.657   2.269  -1.103   1.665   0.815  -2.161   1.357   0.792
  -0.945   2.727   1.250  -0.148  -0.749   2.470  -0.335  -0.826   0.525  -0.005
  -1.859  -0.446   0.086  -1.676   1.084  -0.061  -3.257   1.482   0.908  -3.524
   1.892  -0.776  -3.321   0.298  -0.238  -4.005
  -3.464   1.778   0.732  -3.006   0.829   0.709  -3.247   0.340  -0.224  -3.411
   0.207   1.485  -1.551   0.963   0.749  -1.083   2.118   0.769  -0.839  -0.134
   0.640  -1.351  -1.024   0.464   0.616  -0.125   0.648   0.884   0.872   0.990
   1.173  -1.140   1.699   2.247  -1.071   1.902   1.015  -2.175   1.274   0.647
  -1.061   2.709   1.265  -0.222  -0.763   2.478  -0.399  -0.882   0.517   0.025
  -1.878  -0.496   0.190  -1.680   1.112   0.005  -3.220   1.763   0.906  -3.372
   1.694  -0.912  -3.304   0.338  -0.128  -3.961
  -3.562   1.850   0.767  -3.101   0.824   0.788  -3.468   0.159  -0.006  -3.304
   0.342   1.720  -1.577   0.936   0.696  -1.086   2.027   0.788  -0.836  -0.178
   0.632  -1.357  -1.013   0.672   0.664  -0.179   0.606   1.035   0.734   1.077
   1.104  -1.288   1.580   2.158  -1.078   1.811   0.973  -2.274   1.148   0.637
  -1.245   2.528   1.305  -0.213  -0.804   2.516  -0.457  -0.983   0.503  -0.012
  -1.889  -0.430   0.370  -1.631   1.055  -0.010  -3.305   1.581   0.942  -3.508
   1.747  -0.810  -3.456   0.200  -0.049  -3.967
  -3.544   1.793   0.848  -3.047   0.799   0.867  -3.451   0.150   0.083  -3.344
   0.248   1.765  -1.545   0.928   0.674  -1.074   2.055   0.701  -0.801  -0.172
   0.604  -1.229  -1.081   0.446   0.635  -0.177   0.599   1.021   0.778   1.065
   1.151  -1.323   1.521   2.228  -1.377   1.436   0.738  -2.254   1.170   0.823
  -1.131   2.583   1.274  -0.191  -0.813   2.497  -0.421  -0.954   0.514   0.017
  -1.946  -0.444   0.183  -1.826   1.047   0.059  -3.325   1.348   1.052  -3.591
   1.909  -0.603  -3.410   0.319  -0.246  -4.057
  -3.514   1.713   1.226  -3.152   0.752   0.931  -3.653   0.563  -0.038  -3.387
  -0.099   1.596  -1.617   0.894   0.700  -1.163   2.014   0.596  -0.769  -0.177
   0.633  -1.209  -1.102   0.665   0.707  -0.123   0.567   1.119   0.776   1.043
   1.157  -1.341   1.416   2.252  -1.259   1.499   0.884  -2.312   0.875   0.736
  -1.306   2.431   1.321  -0.126  -0.823   2.529  -0.314  -0.979   0.572   0.031
  -1.901  -0.403   0.178  -1.777   1.070  -0.020  -3.324   1.357   0.954  -3.720
   1.816  -0.811  -3.464   0.391  -0.471  -4.037
  -3.420   1.373   1.625  -3.059   0.631   0.866  -3.583   0.626  -0.094  -3.175
  -0.312   1.438  -1.575   0.914   0.639  -1.089   2.020   0.578  -0.805  -0.164
   0.684  -1.256  -1.060   0.732   0.685  -0.156   0.625   0.935   0.813   1.117
   1.186  -1.374   1.377   2.259  -1.277   1.523   0.904  -2.237   0.712   0.677
  -1.449   2.350   1.302  -0.097  -0.757   2.503  -0.305  -0.953   0.571   0.109
  -1.849  -0.425   0.194  -1.768   1.095   0.062  -3.197   1.675   0.945  -3.375
   1.781  -0.811  -3.234   0.270  -0.080  -3.857
  -3.420   1.461   1.656  -3.081   0.732   0.977  -3.697   0.812   0.035  -3.278
  -0.265   1.324  -1.555   0.888   0.689  -1.103   2.038   0.560  -0.808  -0.214
   0.695  -1.222  -1.103   0.755   0.687  -0.140   0.699   1.039   0.723   1.244
   1.163  -1.399   1.406   2.249  -1.258   1.561   0.904  -2.274   0.793   0.670
  -1.484   2.364   1.334  -0.061  -0.739   2.592  -0.209  -0.774   0.587   0.190
  -1.809  -0.380   0.241  -1.674   1.055   0.177  -3.227   1.252   1.175  -3.569
   1.992  -0.394  -3.281   0.267  -0.274  -3.811
  -3.408   1.125   1.962  -3.029   0.639   1.051  -3.635   0.886   0.191  -3.082
  -0.434   1.063  -1.531   0.937   0.784  -1.164   2.057   0.589  -0.766  -0.139
   0.740  -1.191  -1.058   0.662   0.681  -0.126   0.707   1.015   0.768   1.266
   1.096  -1.405   1.526   2.151  -1.502   1.677   0.766  -2.279   0.995   0.554
  -1.352   2.463   1.370   0.016  -0.684   2.578  -0.225  -0.832   0.598   0.273
  -1.809  -0.416   0.500  -1.709   1.029   0.205  -3.192   1.297   1.226  -3.570
   1.931  -0.426  -3.308   0.319  -0.299  -3.850
  -3.321   1.083   1.952  -3.005   0.578   1.057  -3.597   0.953   0.203  -3.110
  -0.444   1.216  -1.524   0.849   0.711  -1.147   1.956   0.441  -0.703  -0.196
   0.806  -1.162  -1.095   1.091   0.740  -0.171   0.714   1.023   0.713   1.266
   1.134  -1.403   1.549   2.227  -1.414   1.585   0.660  -2.289   1.073   0.890
  -1.346   2.576   1.413  -0.047  -0.694   2.629  -0.301  -0.840   0.659   0.317
  -1.773  -0.293   0.574  -1.561   1.069   0.192  -3.174   1.242   1.215  -3.493
   1.948  -0.430  -3.359   0.163  -0.110  -3.716
  -3.332   1.171   1.900  -3.025   0.576   1.088  -3.618   0.773   0.168  -3.121
  -0.464   1.368  -1.581   0.830   0.774  -1.166   1.978   0.498  -0.707  -0.190
   0.775  -0.994  -1.122   1.010   0.741  -0.201   0.660   0.975   0.711   1.280
   1.203  -1.394   1.493   2.275  -1.548   1.439   0.694  -2.265   1.083   0.876
  -1.285   2.544   1.397  -0.013  -0.744   2.628  -0.243  -0.950   0.628   0.262
  -1.809  -0.338   0.497  -1.549   1.014   0.255  -3.192   1.214   1.241  -3.600
   1.887  -0.386  -3.349   0.191  -0.162  -3.788
  -3.343   1.259   1.859  -3.059   0.567   1.061  -3.660   0.717   0.125  -3.166
  -0.418   1.473  -1.585   0.836   0.806  -1.191   1.957   0.517  -0.705  -0.179
   0.699  -1.115  -1.090   0.714   0.773  -0.197   0.645   1.210   0.604   1.287
   1.213  -1.508   1.366   2.255  -1.849   1.286   0.500  -2.323   1.141   0.920
  -1.237   2.346   1.407  -0.148  -0.747   2.639  -0.373  -0.861   0.637   0.252
  -1.754  -0.335   0.434  -1.637   1.096   0.259  -3.117   1.465   1.268  -3.378
   1.884  -0.431  -3.317   0.217   0.083  -3.742
  -3.282   1.385   1.785  -2.853   0.615   1.094  -3.441   0.800   0.177  -3.123
  -0.398   1.303  -1.404   0.903   0.787  -1.042   2.071   0.575  -0.674  -0.173
   0.751  -1.111  -1.081   0.916   0.795  -0.145   0.732   1.178   0.639   1.362
   1.182  -1.499   1.461   2.280  -1.591   1.378   0.552  -2.310   0.983   0.905
  -1.496   2.530   1.426  -0.069  -0.681   2.640  -0.327  -0.821   0.695   0.297
  -1.740  -0.251   0.456  -1.515   1.112   0.279  -3.121   1.355   1.300  -3.468
   1.926  -0.411  -3.135   0.323  -0.007  -3.732
  -3.336   1.059   2.030  -2.919   0.686   1.098  -3.463   1.070   0.193  -3.049
  -0.415   1.168  -1.421   0.919   0.820  -0.916   2.019   0.621  -0.726  -0.178
   0.728  -1.158  -1.092   0.905   0.765  -0.210   0.672   1.153   0.614   1.275
   1.157  -1.516   1.433   2.175  -1.715   1.134   0.483  -2.301   1.148   1.149
  -1.356   2.571   1.360  -0.052  -0.712   2.608  -0.251  -0.925   0.596   0.233
  -1.789  -0.328   0.534  -1.567   0.958   0.348  -3.142   1.226   1.363  -3.411
   1.833  -0.267  -3.323   0.198  -0.047  -3.806
  -3.178   1.066   2.185  -2.911   0.781   1.156  -3.423   1.375   0.438  -3.197
  -0.265   1.094  -1.438   0.964   0.813  -1.004   2.111   0.653  -0.760  -0.175
   0.785  -1.323  -1.009   0.890   0.703  -0.265   0.675   1.181   0.542   1.198
   1.098  -1.475   1.377   2.176  -1.690   1.185   0.415  -2.253   1.060   0.979
  -1.222   2.421   1.323  -0.109  -0.796   2.592  -0.314  -0.967   0.488   0.245
  -1.805  -0.499   0.344  -1.686   1.027   0.482  -3.136   1.349   1.546  -3.228
   1.920  -0.131  -3.344   0.245   0.157  -3.864
  -3.093   1.024   2.282  -2.957   0.841   1.206  -3.529   1.655   0.734  -3.374
  -0.167   0.996  -1.441   1.021   0.821  -0.887   2.086   0.742  -0.756  -0.162
   0.635  -1.222  -1.074   0.751   0.713  -0.201   0.631   1.034   0.678   1.173
   1.191  -1.486   1.398   2.265  -1.588   1.201   0.651  -2.320   0.921   0.853
  -1.489   2.413   1.324  -0.103  -0.759   2.551  -0.325  -0.906   0.587   0.295
  -1.787  -0.462   0.281  -1.589   1.092   0.446  -3.165   1.499   1.430  -3.264
   1.866  -0.354  -3.285   0.326   0.304  -3.914
  -3.034   0.822   2.240  -2.934   0.820   1.102  -3.521   1.677   0.808  -3.410
  -0.137   0.713  -1.461   0.979   0.880  -0.910   2.059   0.741  -0.707  -0.149
   0.746  -1.203  -1.000   0.626   0.783  -0.281   0.646   1.295   0.503   1.207
   1.229  -1.577   1.383   2.251  -1.785   1.110   0.593  -2.397   0.957   1.128
  -1.530   2.512   1.413  -0.096  -0.725   2.623  -0.296  -0.935   0.669   0.231
  -1.787  -0.314   0.446  -1.547   1.092   0.399  -3.170   1.319   1.441  -3.436
   2.002  -0.109  -3.319   0.323   0.007  -3.867
  -3.051   0.833   2.245  -2.921   0.753   1.151  -3.548   1.544   0.700  -3.263
  -0.271   0.937  -1.439   0.909   0.901  -0.931   2.009   0.767  -0.716  -0.209
   0.820  -1.150  -1.099   1.046   0.757  -0.211   0.684   1.142   0.553   1.329
   1.119  -1.565   1.286   2.194  -1.826   1.279   0.688  -2.368   0.655   0.771
  -1.719   2.299   1.355  -0.037  -0.735   2.577  -0.245  -0.844   0.616   0.257
  -1.777  -0.317   0.532  -1.492   1.022   0.158  -3.152   1.018   1.167  -3.610
   2.044  -0.246  -3.251   0.369  -0.486  -3.762
  -3.035   0.943   2.376  -2.915   0.772   1.307  -3.653   1.345   0.714  -3.114
  -0.256   1.092  -1.419   0.984   0.856  -0.897   2.090   0.695  -0.714  -0.164
   0.797  -1.190  -0.981   1.028   0.776  -0.225   0.742   1.247   0.580   1.357
   1.149  -1.576   1.373   2.242  -1.669   1.249   0.620  -2.415   0.988   0.918
  -1.615   2.368   1.401  -0.051  -0.694   2.619  -0.211  -0.851   0.639   0.307
  -1.742  -0.318   0.538  -1.657   1.158   0.306  -3.160   1.323   1.334  -3.446
   2.063  -0.378  -3.201   0.412  -0.202  -3.773
  -2.913   0.824   2.289  -2.868   0.784   1.190  -3.455   1.627   0.840  -3.265
  -0.169   0.838  -1.413   0.975   0.819  -0.931   2.080   0.657  -0.677  -0.140
   0.752  -1.071  -1.082   0.934   0.767  -0.159   0.750   1.223   0.643   1.397
   1.119  -1.467   1.441   2.231  -1.595   1.458   0.753  -2.305   0.860   0.793
  -1.432   2.497   1.400   0.032  -0.684   2.587  -0.237  -0.844   0.641   0.347
  -1.709  -0.315   0.565  -1.494   1.060   0.192  -3.123   1.120   1.185  -3.638
   2.050  -0.229  -3.142   0.442  -0.488  -3.602
  -3.067   0.779   2.343  -2.901   0.759   1.213  -3.441   1.571   0.655  -3.297
  -0.130   0.805  -1.413   0.940   0.941  -0.966   2.063   0.694  -0.669  -0.137
   0.877  -1.149  -1.039   0.909   0.799  -0.125   0.721   1.226   0.700   1.328
   1.260  -1.445   1.358   2.354  -1.398   1.507   0.947  -2.316   0.731   0.725
  -1.402   2.337   1.446  -0.004  -0.668   2.667  -0.328  -0.836   0.711   0.343
  -1.748  -0.266   0.634  -1.746   1.183   0.302  -3.131   0.995   1.279  -3.550
   2.237  -0.053  -3.263   0.574  -0.378  -3.737
  -2.941   0.569   2.363  -2.944   0.735   1.257  -3.551   1.570   0.991  -3.219
  -0.206   0.823  -1.509   1.005   0.861  -1.108   2.152   0.750  -0.665  -0.075
   0.817  -1.144  -0.949   0.882   0.832  -0.087   0.735   1.234   0.801   1.297
   1.293  -1.454   1.373   2.316  -1.555   1.634   1.059  -2.206   0.595   0.729
  -1.660   2.186   1.395  -0.048  -0.712   2.559  -0.341  -0.812   0.653   0.291
  -1.759  -0.311   0.476  -1.561   1.129   0.361  -3.083   0.889   1.289  -3.628
   2.205   0.188  -3.129   0.713  -0.540  -3.595
  -2.957   0.533   2.219  -2.863   0.712   1.139  -3.552   1.490   0.874  -3.260
  -0.220   0.650  -1.436   1.047   0.843  -1.086   2.215   0.801  -0.694  -0.032
   0.751  -1.068  -0.891   1.056   0.752  -0.123   0.625   1.228   0.701   1.100
   1.213  -1.355   1.387   2.286  -1.316   1.471   0.996  -2.212   0.679   0.736
  -1.605   2.370   1.441  -0.084  -0.730   2.605  -0.294  -0.787   0.634   0.168
  -1.744  -0.267   0.485  -1.429   1.000   0.362  -3.214   0.736   1.326  -3.635
   2.075   0.437  -3.261   0.803  -0.471  -3.787
  -2.991   0.798   2.265  -2.849   0.781   1.212  -3.419   1.602   0.840  -3.285
  -0.085   0.676  -1.453   1.043   0.886  -1.075   2.210   0.767  -0.660  -0.103
   0.781  -1.171  -0.948   1.030   0.775  -0.068   0.696   1.026   0.807   1.316
   1.257  -1.409   1.397   2.303  -1.300   1.621   1.190  -2.228   0.661   0.693
  -1.586   2.279   1.429   0.044  -0.713   2.624  -0.283  -0.864   0.614   0.258
  -1.733  -0.386   0.170  -1.504   0.888   0.296  -3.151   0.435   1.079  -3.748
   1.944   0.435  -3.267   0.479  -0.617  -3.594
  -2.959   0.781   2.182  -2.877   0.783   1.145  -3.461   1.579   0.823  -3.226
  -0.121   0.667  -1.406   1.043   0.936  -1.067   2.284   0.895  -0.646  -0.070
   0.891  -1.042  -0.972   1.039   0.792  -0.038   0.719   1.196   0.859   1.304
   1.210  -1.356   1.407   2.324  -1.363   1.540   1.047  -2.174   0.738   0.678
  -1.586   2.305   1.427   0.087  -0.701   2.630  -0.159  -0.913   0.631   0.197
  -1.738  -0.363   0.000  -1.481   1.001   0.161  -3.180   0.589   1.066  -3.584
   2.106   0.210  -3.255   0.649  -0.735  -3.738
  -3.110   0.916   2.203  -2.887   0.812   1.138  -3.502   1.580   0.605  -3.179
  -0.139   0.747  -1.408   1.063   0.844  -0.871   2.213   0.689  -0.657  -0.019
   0.822  -1.187  -0.914   0.876   0.852  -0.071   0.679   1.323   0.766   1.238
   1.353  -1.476   1.249   2.352  -1.746   1.128   0.717  -2.233   0.756   1.164
  -1.479   2.331   1.377  -0.015  -0.744   2.626  -0.153  -0.932   0.551   0.178
  -1.773  -0.463   0.340  -1.546   1.003   0.255  -3.185   0.715   1.198  -3.628
   2.065   0.229  -3.324   0.575  -0.592  -3.747
  -3.197   1.039   2.005  -2.871   0.872   0.972  -3.369   1.640   0.402  -3.123
  -0.139   0.623  -1.372   1.079   0.845  -0.836   2.216   0.753  -0.668  -0.022
   0.772  -1.183  -0.910   0.799   0.840   0.014   0.705   1.261   0.694   1.460
   1.237  -1.399   1.201   2.305  -1.543   1.089   0.810  -2.263   0.657   0.862
  -1.492   2.247   1.454   0.162  -0.711   2.624  -0.233  -0.889   0.561   0.344
  -1.712  -0.398   0.497  -1.452   0.877   0.413  -3.216   0.192   1.195  -3.617
   1.887   0.745  -3.315   0.676  -0.522  -3.721
  -3.066   0.764   2.038  -2.880   0.901   0.946  -3.396   1.782   0.672  -3.273
   0.008   0.421  -1.380   1.128   0.871  -0.953   2.283   0.843  -0.598   0.054
   0.796  -1.057  -0.840   1.086   0.842  -0.029   0.731   1.228   0.814   1.264
   1.345  -1.369   1.339   2.451  -1.395   1.274   0.906  -2.201   0.809   1.012
  -1.474   2.348   1.377   0.069  -0.729   2.547  -0.242  -1.051   0.454   0.374
  -1.693  -0.375   0.839  -1.381   0.783   0.498  -3.111   0.017   1.083  -3.635
   1.773   0.971  -3.320   0.748  -0.528  -3.521
  -3.146   0.477   1.954  -2.865   0.823   0.966  -3.338   1.799   0.889  -3.236
   0.088   0.166  -1.374   1.093   0.752  -0.943   2.264   0.682  -0.673  -0.054
   0.755  -1.213  -0.945   0.857   0.782  -0.073   0.679   1.118   0.764   1.280
   1.292  -1.387   1.383   2.342  -1.433   1.357   0.956  -2.310   0.911   0.993
  -1.349   2.453   1.349  -0.005  -0.729   2.546  -0.175  -0.964   0.474   0.301
  -1.756  -0.507   0.246  -1.440   0.728   0.582  -3.154  -0.108   1.202  -3.477
   1.695   1.111  -3.284   0.775  -0.412  -3.700
  -3.166   0.730   1.813  -2.858   0.994   0.784  -3.355   1.915   0.419  -3.191
   0.137   0.177  -1.310   1.091   0.837  -0.803   2.183   0.696  -0.605  -0.048
   0.724  -1.142  -0.868   0.844   0.847  -0.111   0.689   1.317   0.730   1.235
   1.315  -1.377   1.407   2.376  -1.239   1.513   1.123  -2.265   0.827   0.764
  -1.464   2.373   1.328  -0.079  -0.769   2.501  -0.175  -1.045   0.393   0.144
  -1.737  -0.570   0.177  -1.463   0.784   0.525  -3.133   0.348   1.489  -3.291
   1.834   0.655  -3.305   0.458  -0.247  -3.915
  -3.328   1.081   1.592  -2.873   1.067   0.653  -3.139   1.974   0.120  -3.097
   0.136   0.071  -1.406   1.085   0.846  -0.810   2.152   0.864  -0.659   0.020
   0.791  -1.111  -0.874   0.888   0.831   0.004   0.704   1.203   0.926   1.303
   1.300  -1.321   1.346   2.425  -1.287   1.486   1.214  -2.170   0.670   0.852
  -1.604   2.260   1.337   0.027  -0.772   2.553  -0.029  -1.035   0.438   0.149
  -1.738  -0.525   0.063  -1.579   0.841   0.540  -3.078   0.219   1.481  -3.267
   1.947   0.742  -3.281   0.461  -0.188  -3.666
  -3.273   1.177   1.846  -2.917   1.050   0.811  -3.364   1.930   0.227  -3.212
   0.165   0.329  -1.410   1.160   0.845  -0.902   2.294   0.789  -0.668   0.025
   0.834  -1.165  -0.850   0.923   0.823  -0.024   0.652   1.276   0.817   1.146
   1.281  -1.331   1.336   2.384  -1.364   1.410   0.957  -2.143   0.696   0.780
  -1.306   2.351   1.355   0.026  -0.789   2.590   0.007  -0.948   0.436   0.188
  -1.745  -0.469   0.041  -1.423   0.740   0.508  -3.102   0.444   1.536  -3.329
   1.812   0.535  -3.344   0.308  -0.187  -3.850
  -3.110   1.055   1.879  -2.789   1.056   0.888  -3.246   1.824   0.375  -3.196
   0.120   0.410  -1.296   1.245   0.868  -0.740   2.326   0.735  -0.704   0.097
   0.920  -1.318  -0.761   0.982   0.753   0.043   0.716   1.256   0.838   1.283
   1.285  -1.304   1.406   2.343  -1.318   1.524   0.881  -2.109   0.771   0.852
  -1.380   2.391   1.308   0.110  -0.769   2.473   0.005  -1.021   0.413   0.317
  -1.754  -0.543   0.318  -1.470   0.776   0.526  -3.184   0.493   1.552  -3.570
   1.863   0.565  -3.297   0.316  -0.360  -3.779
  -3.089   0.829   2.052  -2.817   1.119   1.012  -3.342   1.977   0.746  -3.122
   0.295   0.290  -1.311   1.282   0.898  -0.755   2.322   0.678  -0.663   0.080
   0.876  -1.331  -0.752   0.931   0.800  -0.005   0.699   1.196   0.899   1.229
   1.344  -1.234   1.489   2.454  -1.296   1.648   1.098  -2.108   0.899   0.841
  -1.286   2.415   1.266   0.099  -0.790   2.447   0.022  -1.053   0.385   0.423
  -1.791  -0.585   0.578  -1.471   0.829   0.613  -3.246   0.317   1.492  -3.647
   1.900   0.608  -3.460   0.514  -0.256  -3.830
  -2.886   0.292   1.986  -2.841   1.024   1.144  -3.249   1.986   1.441  -3.321
   0.593   0.262  -1.367   1.147   0.873  -0.812   2.272   0.748  -0.689   0.007
   0.887  -1.168  -0.877   0.906   0.780  -0.044   0.706   1.288   0.785   1.159
   1.329  -1.298   1.462   2.367  -1.289   1.336   0.916  -2.201   0.956   0.899
  -1.407   2.454   1.225   0.137  -0.797   2.425   0.005  -1.082   0.337   0.538
  -1.753  -0.678   0.469  -1.632   0.730   0.568  -3.181   0.697   1.647  -3.479
   1.714   0.157  -3.364  -0.018   0.067  -3.795
  -2.985   0.388   2.123  -2.857   1.020   1.273  -3.140   2.053   1.435  -3.450
   0.501   0.483  -1.397   1.170   0.977  -0.838   2.217   0.750  -0.727   0.028
   0.900  -1.231  -0.729   1.318   0.738  -0.113   0.678   1.170   0.772   1.147
   1.252  -1.387   1.342   2.375  -1.419   1.349   0.875  -2.324   0.842   1.007
  -1.338   2.376   1.283   0.170  -0.760   2.444  -0.099  -1.048   0.434   0.505
  -1.675  -0.487   0.776  -1.484   0.765   0.575  -3.052   1.157   1.563  -3.289
   1.592  -0.235  -3.194  -0.107   0.507  -3.716
  -3.170   0.287   2.047  -2.885   1.039   1.258  -3.095   1.965   1.676  -3.307
   0.797   0.301  -1.385   1.097   0.982  -0.818   2.203   0.760  -0.706  -0.016
   0.861  -1.202  -0.895   1.084   0.762  -0.052   0.704   1.109   0.769   1.284
   1.242  -1.362   1.356   2.297  -1.517   1.252   0.666  -2.231   0.926   1.009
  -1.278   2.416   1.304   0.151  -0.741   2.481  -0.161  -1.048   0.423   0.538
  -1.670  -0.551   0.728  -1.502   0.800   0.642  -3.053   1.276   1.602  -3.263
   1.342  -0.280  -3.313  -0.103   0.565  -3.624
  -2.990   0.175   1.957  -2.807   1.021   1.270  -3.035   1.927   1.757  -3.375
   0.887   0.336  -1.331   1.106   1.057  -0.739   2.165   0.929  -0.546   0.008
   1.000  -1.130  -0.802   1.146   0.852  -0.050   0.652   1.344   0.780   1.243
   1.406  -1.346   1.370   2.498  -1.389   1.252   1.051  -2.226   0.934   1.157
  -1.484   2.436   1.349   0.045  -0.802   2.548  -0.227  -1.033   0.543   0.588
  -1.687  -0.443   0.796  -1.407   0.865   0.587  -3.120   1.544   1.442  -3.322
   1.148  -0.394  -3.522  -0.053   0.796  -3.669
  -3.029   0.027   1.682  -2.700   0.901   1.117  -3.369   1.734   1.396  -2.843
   0.578   0.106  -1.210   1.094   1.101  -0.733   2.246   0.999  -0.546  -0.047
   1.011  -1.082  -0.877   0.903   0.897  -0.087   0.733   1.377   0.624   1.288
   1.374  -1.456   1.310   2.503  -1.488   1.294   0.981  -2.307   0.693   1.046
  -1.512   2.374   1.367   0.126  -0.763   2.485  -0.139  -1.054   0.572   0.566
  -1.753  -0.380   0.827  -1.463   0.917   0.550  -3.199   1.586   1.418  -3.424
   1.511  -0.382  -3.463   0.031   0.765  -3.744
