default_name                                                                    
   22  0.2000000E+02
  -3.6954658   1.0525122   0.8608682  -2.7972545   1.2872480   1.4350417
  -2.8408676   0.7666420   2.3985503  -2.6633653   2.3697464   1.5870654
  -1.5643098   0.7728818   0.6885122  -1.6019023   0.5628894  -0.5354745
  -0.4679617   0.5917126   1.4425454  -0.6063372   0.7954420   2.4317030
   0.6397134  -0.2683445   0.9882643   1.4933700   0.0847634   1.5908631
   0.2902021  -1.7681362   1.3542470   1.2141071  -2.3764098   1.0998515
  -0.5805892  -2.2143875   0.7898049   0.1378536  -1.8741400   2.4476347
   1.3006668  -0.1539889  -0.4932817   2.3533551  -0.7951682  -0.7845192
   1.0743080   0.9467698  -1.2171765   0.2489655   1.4995185  -0.9072029
   1.6521397   1.3225747  -2.4400755   1.4348713   0.5683157  -3.2974497
   1.2743869   2.3157766  -2.7219854   2.7229090   1.3723303  -2.2415301
  -0.7445249  -0.1125053  -0.8117286  -0.0491708  -0.4077560  -0.0233261
   0.6734950   0.2797267  -0.5602486  -0.7514730  -0.1520548   0.2761896
   0.0625062   0.0237379  -0.2720210   0.2457575   0.2386190   0.4412529
   0.1564145  -0.0801461  -0.1527681   1.7700790  -0.0782983   0.9645381
   0.1132836   0.1957268  -0.3166818   0.0640654   0.3333327  -0.2485502
   0.0444385  -0.1484712   0.2834980   0.5414136  -0.0953090  -0.7302372
  -0.0734891   1.3710353   0.0724058  -0.7060321   0.0939978   0.1309575
  -0.1825060  -0.5647900  -0.0132680   0.0041128   0.0173224   0.1673248
  -0.0222229  -0.0076958  -0.0409249  -0.3742472  -0.2688599  -0.2199839
  -0.0540202  -0.1566304  -0.3801627  -0.2895878   0.1865518   0.0308414
  -0.7098076  -0.5826512  -0.6177840   1.3915496   0.6023063   1.7345309
