default_name                                                                    
  -3.658   1.090   0.723  -2.739   1.221   1.275  -2.878   0.964   2.329  -2.429
   2.266   1.201  -1.662   0.333   0.682  -1.922  -0.393  -0.275  -0.468   0.390
   1.278  -0.385   1.022   2.066   0.715  -0.424   0.959   1.501  -0.108   1.656
   0.426  -1.899   1.283   1.354  -2.460   1.234  -0.272  -2.321   0.569   0.004
  -1.982   2.279   1.326  -0.203  -0.446   2.229  -0.936  -0.862   0.856   0.809
  -1.195   0.106   1.356  -0.805   1.330   1.158  -2.537   2.394   1.408  -2.514
   1.195   0.301  -3.207   0.771   2.002  -2.931
  -3.654   1.158   0.689  -2.736   1.240   1.265  -2.932   0.944   2.300  -2.397
   2.275   1.254  -1.658   0.345   0.677  -1.915  -0.389  -0.275  -0.465   0.389
   1.289  -0.360   1.042   2.049   0.718  -0.430   0.968   1.497  -0.094   1.646
   0.446  -1.909   1.311   1.371  -2.466   1.245  -0.297  -2.336   0.632   0.049
  -1.977   2.318   1.326  -0.208  -0.445   2.220  -0.945  -0.867   0.866   0.810
  -1.189   0.137   1.384  -0.792   1.325   1.156  -2.524   2.374   1.414  -2.514
   1.163   0.335  -3.222   0.765   2.002  -2.932
  -3.673   1.122   0.697  -2.746   1.220   1.257  -2.948   0.896   2.274  -2.400
   2.259   1.268  -1.660   0.346   0.661  -1.898  -0.389  -0.292  -0.474   0.398
   1.268  -0.405   1.029   2.043   0.719  -0.431   0.965   1.510  -0.083   1.631
   0.461  -1.904   1.332   1.381  -2.461   1.242  -0.276  -2.325   0.640   0.074
  -1.968   2.346   1.308  -0.226  -0.452   2.239  -0.937  -0.864   0.860   0.797
  -1.199   0.131   1.366  -0.803   1.336   1.152  -2.531   2.391   1.446  -2.493
   1.239   0.292  -3.200   0.761   1.991  -2.925
  -3.654   1.102   0.655  -2.749   1.226   1.246  -2.948   0.930   2.280  -2.432
   2.265   1.205  -1.645   0.361   0.661  -1.888  -0.358  -0.303  -0.451   0.412
   1.295  -0.351   1.060   2.066   0.715  -0.405   0.956   1.509  -0.047   1.631
   0.466  -1.850   1.341   1.430  -2.387   1.369  -0.218  -2.330   0.627   0.047
  -1.910   2.354   1.297  -0.221  -0.469   2.200  -0.957  -0.847   0.845   0.787
  -1.219   0.121   1.372  -0.846   1.355   1.155  -2.538   2.388   1.488  -2.454
   1.316   0.299  -3.214   0.768   1.956  -2.971
  -3.648   1.173   0.615  -2.756   1.244   1.230  -2.968   0.951   2.244  -2.420
   2.277   1.192  -1.633   0.371   0.678  -1.856  -0.341  -0.305  -0.445   0.424
   1.303  -0.345   1.061   2.099   0.730  -0.398   0.968   1.522  -0.045   1.628
   0.492  -1.870   1.353   1.439  -2.425   1.335  -0.220  -2.334   0.700   0.128
  -1.945   2.379   1.327  -0.204  -0.457   2.240  -0.959  -0.840   0.810   0.764
  -1.243   0.002   1.255  -0.916   1.359   1.178  -2.548   2.378   1.553  -2.453
   1.370   0.328  -3.227   0.711   1.960  -2.973
  -3.676   1.086   0.658  -2.758   1.207   1.237  -2.946   0.953   2.284  -2.460
   2.264   1.167  -1.646   0.364   0.666  -1.858  -0.344  -0.327  -0.487   0.408
   1.316  -0.418   0.994   2.147   0.728  -0.368   0.983   1.522   0.012   1.629
   0.469  -1.846   1.359   1.393  -2.424   1.274  -0.292  -2.258   0.706   0.129
  -1.909   2.403   1.309  -0.213  -0.472   2.263  -0.925  -0.818   0.811   0.751
  -1.287  -0.032   1.239  -0.992   1.402   1.160  -2.575   2.431   1.509  -2.449
   1.420   0.308  -3.227   0.799   1.959  -3.017
  -3.688   1.095   0.641  -2.778   1.198   1.255  -2.955   0.845   2.268  -2.459
   2.244   1.265  -1.658   0.370   0.659  -1.892  -0.316  -0.346  -0.481   0.418
   1.291  -0.402   0.996   2.115   0.727  -0.377   0.959   1.489  -0.022   1.632
   0.513  -1.836   1.387   1.471  -2.335   1.353  -0.176  -2.332   0.724   0.142
  -1.918   2.402   1.327  -0.209  -0.468   2.257  -0.919  -0.821   0.811   0.732
  -1.269  -0.001   1.217  -0.897   1.382   1.152  -2.563   2.363   1.592  -2.424
   1.430   0.275  -3.236   0.704   1.902  -2.985
  -3.652   1.019   0.607  -2.758   1.179   1.225  -2.972   0.859   2.242  -2.500
   2.238   1.183  -1.660   0.320   0.663  -1.875  -0.374  -0.330  -0.475   0.416
   1.253  -0.446   0.987   2.086   0.720  -0.383   0.939   1.508  -0.018   1.595
   0.472  -1.829   1.354   1.423  -2.368   1.406  -0.150  -2.283   0.565  -0.060
  -1.851   2.301   1.329  -0.210  -0.470   2.284  -0.932  -0.828   0.790   0.716
  -1.281   0.004   1.211  -0.900   1.346   1.125  -2.559   2.346   1.552  -2.411
   1.398   0.254  -3.225   0.693   1.852  -3.041
  -3.634   1.151   0.598  -2.750   1.210   1.215  -2.983   0.879   2.231  -2.411
   2.228   1.310  -1.662   0.350   0.635  -1.883  -0.394  -0.325  -0.487   0.414
   1.255  -0.408   1.030   2.040   0.706  -0.413   0.939   1.475  -0.051   1.651
   0.454  -1.867   1.339   1.428  -2.364   1.352  -0.157  -2.335   0.581   0.046
  -1.896   2.348   1.316  -0.242  -0.464   2.291  -0.953  -0.788   0.814   0.715
  -1.278   0.061   1.278  -0.923   1.376   1.112  -2.555   2.396   1.493  -2.403
   1.399   0.256  -3.253   0.803   1.914  -2.983
  -3.645   1.096   0.581  -2.760   1.199   1.195  -2.996   0.872   2.209  -2.453
   2.243   1.203  -1.672   0.319   0.653  -1.895  -0.419  -0.314  -0.496   0.403
   1.257  -0.407   1.083   2.001   0.700  -0.396   0.930   1.439  -0.026   1.601
   0.529  -1.873   1.359   1.514  -2.349   1.409  -0.111  -2.410   0.668   0.081
  -1.872   2.356   1.328  -0.247  -0.475   2.309  -0.933  -0.814   0.840   0.701
  -1.284   0.059   1.211  -0.949   1.406   1.100  -2.578   2.447   1.421  -2.441
   1.383   0.241  -3.255   0.863   1.943  -3.035
  -3.664   1.036   0.636  -2.734   1.191   1.205  -2.896   0.949   2.242  -2.436
   2.236   1.145  -1.666   0.301   0.651  -1.910  -0.441  -0.311  -0.475   0.400
   1.253  -0.410   1.049   2.032   0.747  -0.375   0.944   1.539   0.027   1.563
   0.547  -1.841   1.398   1.483  -2.379   1.457  -0.074  -2.385   0.675   0.063
  -1.876   2.380   1.335  -0.228  -0.478   2.308  -0.937  -0.809   0.803   0.661
  -1.318  -0.005   1.222  -1.004   1.388   1.077  -2.604   2.429   1.271  -2.438
   1.260   0.308  -3.326   0.944   2.021  -2.966
  -3.651   1.070   0.648  -2.729   1.174   1.223  -2.929   0.848   2.229  -2.448
   2.236   1.177  -1.648   0.331   0.631  -1.921  -0.397  -0.321  -0.450   0.382
   1.236  -0.389   0.974   2.049   0.771  -0.368   0.946   1.515   0.087   1.597
   0.588  -1.821   1.416   1.569  -2.339   1.446   0.009  -2.379   0.702   0.179
  -1.888   2.440   1.343  -0.266  -0.488   2.306  -0.954  -0.809   0.785   0.618
  -1.316  -0.010   1.129  -0.961   1.348   0.963  -2.624   2.422   1.179  -2.560
   1.146   0.134  -3.301   0.867   1.873  -2.999
  -3.674   1.121   0.593  -2.789   1.199   1.218  -3.041   0.811   2.211  -2.433
   2.229   1.296  -1.688   0.330   0.635  -1.898  -0.362  -0.346  -0.472   0.411
   1.228  -0.435   1.038   2.003   0.753  -0.346   0.929   1.519   0.081   1.557
   0.573  -1.801   1.432   1.512  -2.323   1.344  -0.217  -2.248   0.818   0.223
  -1.781   2.461   1.327  -0.253  -0.518   2.333  -0.918  -0.806   0.767   0.628
  -1.372  -0.069   1.124  -1.080   1.380   0.970  -2.637   2.446   1.159  -2.481
   1.272   0.124  -3.334   0.948   1.861  -3.081
  -3.676   1.127   0.623  -2.761   1.160   1.236  -2.984   0.796   2.230  -2.444
   2.189   1.352  -1.672   0.340   0.614  -1.930  -0.366  -0.361  -0.482   0.425
   1.201  -0.373   1.050   1.963   0.764  -0.345   0.909   1.559   0.058   1.523
   0.586  -1.772   1.427   1.540  -2.304   1.333  -0.175  -2.295   0.852   0.316
  -1.796   2.468   1.327  -0.252  -0.523   2.328  -0.915  -0.848   0.780   0.620
  -1.365  -0.075   1.050  -1.091   1.355   0.904  -2.667   2.431   1.171  -2.627
   1.272  -0.004  -3.255   0.787   1.683  -3.169
  -3.688   1.038   0.772  -2.732   1.182   1.225  -2.854   0.885   2.259  -2.454
   2.236   1.202  -1.685   0.316   0.597  -1.933  -0.415  -0.370  -0.496   0.452
   1.165  -0.454   1.181   1.862   0.737  -0.326   0.909   1.493   0.154   1.527
   0.597  -1.778   1.444   1.546  -2.322   1.308  -0.189  -2.342   0.931   0.298
  -1.741   2.517   1.389  -0.256  -0.507   2.369  -0.943  -0.803   0.814   0.603
  -1.377  -0.007   1.076  -1.052   1.359   0.908  -2.685   2.433   1.123  -2.650
   1.240   0.065  -3.367   0.924   1.778  -3.095
  -3.644   1.053   0.645  -2.752   1.147   1.237  -2.905   0.833   2.247  -2.497
   2.176   1.232  -1.657   0.322   0.622  -1.904  -0.420  -0.311  -0.471   0.404
   1.231  -0.475   1.020   2.041   0.765  -0.330   0.914   1.563   0.087   1.532
   0.604  -1.747   1.509   1.554  -2.257   1.367  -0.157  -2.343   1.016   0.396
  -1.654   2.581   1.365  -0.251  -0.536   2.340  -0.953  -0.823   0.850   0.653
  -1.365   0.037   1.143  -1.072   1.359   0.914  -2.681   2.437   1.079  -2.677
   1.149   0.081  -3.350   0.818   1.808  -3.082
  -3.639   1.095   0.584  -2.767   1.149   1.228  -3.067   0.767   2.207  -2.472
   2.203   1.260  -1.650   0.287   0.656  -1.896  -0.439  -0.300  -0.455   0.398
   1.235  -0.407   1.001   2.043   0.775  -0.384   0.944   1.541   0.110   1.536
   0.692  -1.786   1.566   1.629  -2.349   1.460  -0.094  -2.319   1.008   0.399
  -1.702   2.628   1.346  -0.299  -0.467   2.325  -0.988  -0.823   0.814   0.589
  -1.324   0.087   1.195  -0.992   1.371   0.867  -2.662   2.461   1.065  -2.581
   1.209  -0.002  -3.322   0.915   1.743  -3.081
  -3.671   1.038   0.627  -2.771   1.128   1.247  -3.005   0.758   2.266  -2.464
   2.174   1.338  -1.660   0.290   0.634  -1.893  -0.409  -0.353  -0.443   0.361
   1.250  -0.346   0.992   2.037   0.775  -0.365   0.984   1.532   0.179   1.573
   0.736  -1.818   1.566   1.737  -2.192   1.481   0.052  -2.457   0.976   0.417
  -1.797   2.628   1.308  -0.312  -0.457   2.270  -1.003  -0.787   0.809   0.583
  -1.334   0.056   1.127  -0.969   1.325   0.898  -2.678   2.381   1.218  -2.628
   1.218  -0.003  -3.314   0.762   1.665  -3.145
  -3.694   1.050   0.628  -2.776   1.105   1.240  -3.064   0.688   2.208  -2.439
   2.141   1.288  -1.637   0.274   0.661  -1.886  -0.429  -0.360  -0.448   0.361
   1.283  -0.431   0.975   2.090   0.791  -0.377   0.988   1.500   0.203   1.571
   0.707  -1.821   1.537   1.727  -2.235   1.635   0.089  -2.400   0.809   0.229
  -1.852   2.503   1.337  -0.336  -0.484   2.288  -1.041  -0.865   0.807   0.554
  -1.320   0.073   1.114  -0.943   1.254   0.841  -2.700   2.234   1.284  -2.694
   1.206  -0.068  -3.300   0.569   1.581  -3.187
  -3.639   1.053   0.656  -2.713   1.168   1.205  -2.867   0.935   2.249  -2.375
   2.207   1.133  -1.644   0.267   0.604  -1.867  -0.490  -0.358  -0.477   0.307
   1.263  -0.514   0.772   2.148   0.781  -0.437   0.939   1.555   0.115   1.507
   0.699  -1.860   1.435   1.657  -2.330   1.476   0.085  -2.486   0.812   0.228
  -1.915   2.423   1.359  -0.378  -0.518   2.301  -1.093  -0.850   0.830   0.547
  -1.342   0.102   1.127  -0.970   1.245   0.821  -2.726   2.324   1.150  -2.681
   1.145  -0.105  -3.289   0.576   1.536  -3.157
  -3.617   1.117   0.576  -2.693   1.177   1.200  -2.928   0.889   2.178  -2.375
   2.206   1.249  -1.647   0.277   0.597  -1.886  -0.440  -0.366  -0.461   0.304
   1.192  -0.353   0.980   1.944   0.777  -0.416   0.866   1.563   0.100   1.440
   0.669  -1.897   1.442   1.645  -2.408   1.468   0.021  -2.445   0.782   0.262
  -1.880   2.450   1.335  -0.349  -0.549   2.269  -1.105  -0.920   0.787   0.563
  -1.380   0.039   1.203  -1.000   1.240   0.796  -2.741   2.274   1.083  -2.698
   1.183  -0.133  -3.347   0.676   1.573  -3.234
  -3.651   1.098   0.513  -2.747   1.209   1.145  -3.059   0.862   2.115  -2.446
   2.238   1.156  -1.645   0.291   0.648  -1.855  -0.333  -0.409  -0.466   0.264
   1.263  -0.415   0.827   2.075   0.788  -0.417   0.890   1.594   0.031   1.470
   0.707  -1.857   1.443   1.667  -2.350   1.435   0.075  -2.470   0.803   0.342
  -1.825   2.446   1.300  -0.341  -0.581   2.230  -1.087  -0.967   0.733   0.581
  -1.348  -0.055   1.102  -0.997   1.183   0.801  -2.730   2.261   0.965  -2.794
   0.869  -0.018  -3.396   0.712   1.726  -3.096
  -3.691   1.101   0.569  -2.745   1.189   1.103  -2.943   0.943   2.158  -2.380
   2.196   1.025  -1.660   0.303   0.566  -1.852  -0.351  -0.448  -0.468   0.329
   1.217  -0.450   0.916   2.022   0.794  -0.382   0.929   1.581   0.135   1.533
   0.678  -1.862   1.397   1.646  -2.373   1.340  -0.034  -2.413   0.792   0.373
  -1.901   2.474   1.308  -0.298  -0.545   2.223  -1.053  -0.921   0.763   0.548
  -1.404   0.061   1.185  -1.020   1.187   0.773  -2.760   2.251   0.858  -2.805
   0.888  -0.037  -3.418   0.763   1.738  -3.101
  -3.709   0.921   0.505  -2.786   1.148   1.122  -2.965   0.881   2.152  -2.571
   2.230   1.099  -1.618   0.279   0.593  -1.809  -0.403  -0.401  -0.437   0.329
   1.243  -0.411   0.938   2.025   0.807  -0.367   0.951   1.564   0.132   1.550
   0.671  -1.850   1.410   1.584  -2.405   1.203  -0.107  -2.406   0.892   0.520
  -1.871   2.481   1.287  -0.272  -0.510   2.215  -0.996  -0.935   0.655   0.558
  -1.353  -0.138   1.015  -1.004   1.110   0.808  -2.731   2.187   0.894  -2.762
   0.754   0.009  -3.425   0.694   1.766  -3.084
  -3.746   0.951   0.598  -2.812   1.120   1.136  -2.969   0.956   2.217  -2.549
   2.146   0.905  -1.694   0.274   0.605  -1.826  -0.396  -0.417  -0.518   0.371
   1.237  -0.454   1.043   2.008   0.735  -0.414   0.946   1.533  -0.010   1.572
   0.617  -1.829   1.477   1.547  -2.326   1.326  -0.162  -2.358   0.876   0.369
  -1.771   2.545   1.309  -0.344  -0.532   2.237  -1.045  -0.918   0.647   0.457
  -1.380  -0.211   0.917  -1.035   1.068   0.809  -2.704   2.159   0.830  -2.803
   0.675   0.100  -3.441   0.745   1.838  -2.929
  -3.609   1.088   0.626  -2.708   1.139   1.201  -2.908   1.008   2.268  -2.276
   2.145   1.093  -1.650   0.220   0.594  -1.882  -0.493  -0.390  -0.473   0.333
   1.205  -0.458   1.015   1.961   0.752  -0.446   0.925   1.532   0.008   1.579
   0.577  -1.874   1.469   1.465  -2.451   1.269  -0.203  -2.331   0.939   0.387
  -1.930   2.522   1.264  -0.347  -0.562   2.189  -1.094  -0.909   0.639   0.503
  -1.361  -0.174   0.979  -1.012   1.096   0.770  -2.701   2.192   0.605  -2.820
   0.658   0.078  -3.386   0.881   1.790  -3.019
  -3.669   1.070   0.568  -2.753   1.142   1.135  -2.887   0.867   2.199  -2.412
   2.174   1.017  -1.670   0.223   0.602  -1.940  -0.507  -0.374  -0.473   0.284
   1.226  -0.413   0.956   1.956   0.722  -0.510   0.951   1.513  -0.020   1.591
   0.580  -1.929   1.480   1.504  -2.540   1.410  -0.188  -2.423   0.917   0.257
  -1.885   2.569   1.290  -0.398  -0.498   2.171  -1.148  -0.918   0.745   0.444
  -1.356  -0.019   1.014  -0.966   1.121   0.719  -2.743   2.202   0.705  -2.867
   0.669  -0.031  -3.385   0.773   1.690  -3.108
  -3.617   1.022   0.502  -2.757   1.069   1.180  -2.980   0.723   2.188  -2.326
   2.087   1.234  -1.663   0.162   0.649  -1.864  -0.552  -0.341  -0.459   0.292
   1.240  -0.426   0.948   2.020   0.761  -0.487   0.951   1.568  -0.072   1.591
   0.588  -1.887   1.486   1.516  -2.485   1.350  -0.187  -2.396   0.915   0.250
  -1.878   2.509   1.306  -0.445  -0.525   2.154  -1.252  -0.882   0.811   0.456
  -1.345   0.115   1.054  -0.931   1.169   0.709  -2.727   2.282   0.640  -2.805
   0.675   0.101  -3.444   0.872   1.727  -2.931
  -3.647   0.946   0.573  -2.713   1.094   1.123  -2.881   0.837   2.155  -2.330
   2.149   1.096  -1.643   0.188   0.627  -1.881  -0.615  -0.275  -0.463   0.306
   1.234  -0.501   1.007   1.953   0.747  -0.510   0.950   1.590  -0.135   1.499
   0.534  -1.934   1.492   1.431  -2.536   1.392  -0.330  -2.421   0.995   0.348
  -1.857   2.562   1.255  -0.419  -0.447   2.207  -1.169  -0.820   0.744   0.434
  -1.351  -0.057   0.993  -1.051   1.217   0.690  -2.737   2.298   0.544  -2.871
   0.664   0.029  -3.410   0.960   1.732  -3.053
  -3.629   0.983   0.584  -2.724   1.104   1.147  -2.886   0.849   2.211  -2.314
   2.099   1.080  -1.640   0.169   0.657  -1.893  -0.661  -0.220  -0.456   0.235
   1.278  -0.339   0.872   2.082   0.749  -0.531   0.962   1.596  -0.102   1.571
   0.553  -1.960   1.443   1.452  -2.602   1.374  -0.269  -2.438   0.918   0.251
  -1.901   2.543   1.282  -0.405  -0.499   2.180  -1.186  -0.840   0.723   0.457
  -1.378  -0.063   0.985  -1.061   1.201   0.708  -2.754   2.290   0.643  -2.678
   0.800  -0.088  -3.371   0.985   1.722  -3.063
  -3.651   1.004   0.613  -2.704   1.116   1.121  -2.838   0.963   2.181  -2.345
   2.112   0.852  -1.686   0.134   0.641  -1.945  -0.702  -0.194  -0.498   0.192
   1.243  -0.469   0.779   2.033   0.767  -0.504   0.920   1.538  -0.042   1.607
   0.590  -1.944   1.423   1.494  -2.559   1.149  -0.298  -2.342   0.885   0.468
  -1.956   2.504   1.275  -0.429  -0.508   2.177  -1.157  -0.924   0.764   0.497
  -1.321  -0.075   0.940  -1.030   1.213   0.697  -2.726   2.289   0.506  -2.818
   0.680   0.008  -3.383   1.043   1.727  -3.013
  -3.377   1.223   0.264  -2.647   1.128   1.078  -3.211   0.834   1.968  -2.093
   2.072   1.247  -1.594   0.112   0.673  -1.856  -0.660  -0.247  -0.473   0.198
   1.280  -0.456   0.907   2.034   0.743  -0.560   0.947   1.513  -0.015   1.524
   0.530  -1.982   1.468   1.407  -2.548   1.139  -0.360  -2.459   1.045   0.527
  -1.939   2.545   1.274  -0.497  -0.506   2.243  -1.188  -0.891   0.761   0.409
  -1.364   0.023   1.038  -1.052   1.217   0.672  -2.706   2.283   0.381  -2.766
   0.706   0.059  -3.442   1.028   1.764  -2.853
  -3.440   1.202   0.284  -2.709   1.169   1.130  -3.234   0.856   2.032  -2.259
   2.142   1.283  -1.646   0.154   0.721  -1.903  -0.665  -0.191  -0.445   0.195
   1.328  -0.467   0.811   2.168   0.807  -0.583   0.960   1.580  -0.147   1.612
   0.739  -1.982   1.478   1.667  -2.538   1.349  -0.023  -2.496   0.874   0.433
  -1.970   2.533   1.288  -0.520  -0.533   2.239  -1.191  -0.930   0.688   0.374
  -1.392  -0.200   0.765  -1.094   1.220   0.728  -2.736   2.281   0.464  -2.822
   0.792   0.114  -3.506   1.087   1.760  -2.993
  -3.545   1.092   0.458  -2.744   1.065   1.156  -3.133   0.803   2.135  -2.364
   2.048   1.232  -1.664   0.068   0.719  -1.888  -0.708  -0.178  -0.497   0.119
   1.313  -0.397   0.813   2.020   0.788  -0.532   0.951   1.544  -0.042   1.546
   0.738  -1.950   1.556   1.740  -2.348   1.572   0.123  -2.548   0.880   0.264
  -1.911   2.513   1.301  -0.452  -0.546   2.332  -1.057  -0.906   0.709   0.430
  -1.350  -0.038   1.008  -1.004   1.164   0.702  -2.704   2.235   0.607  -2.820
   0.705   0.007  -3.426   0.939   1.741  -2.941
  -3.511   1.094   0.343  -2.757   0.948   1.164  -3.173   0.538   2.050  -2.334
   1.935   1.322  -1.633   0.073   0.702  -1.842  -0.724  -0.203  -0.448   0.193
   1.277  -0.390   0.815   2.081   0.798  -0.502   0.966   1.616  -0.045   1.580
   0.796  -1.948   1.508   1.799  -2.285   1.620   0.162  -2.572   0.856   0.438
  -2.029   2.536   1.319  -0.443  -0.500   2.282  -1.088  -0.867   0.722   0.389
  -1.347  -0.040   0.938  -1.052   1.103   0.736  -2.706   2.210   0.733  -2.856
   0.708  -0.031  -3.386   0.716   1.726  -2.972
  -3.575   1.095   0.468  -2.747   1.010   1.214  -3.168   0.519   2.098  -2.350
   1.986   1.498  -1.647   0.157   0.683  -1.942  -0.668  -0.187  -0.433   0.296
   1.201  -0.326   1.007   1.904   0.794  -0.467   0.920   1.542   0.109   1.458
   0.719  -1.874   1.591   1.679  -2.391   1.678   0.097  -2.563   0.980   0.304
  -1.678   2.558   1.289  -0.421  -0.514   2.340  -0.998  -0.830   0.660   0.355
  -1.422  -0.143   0.790  -1.026   1.123   0.841  -2.719   2.194   0.823  -2.735
   0.797   0.211  -3.536   0.723   1.844  -2.939
  -3.560   1.119   0.506  -2.727   1.024   1.234  -3.158   0.521   2.099  -2.258
   1.980   1.435  -1.661   0.122   0.675  -1.922  -0.693  -0.248  -0.443   0.259
   1.267  -0.372   0.912   2.039   0.763  -0.514   0.928   1.490  -0.064   1.525
   0.745  -1.981   1.545   1.695  -2.410   1.394   0.009  -2.607   1.036   0.513
  -1.854   2.594   1.279  -0.406  -0.528   2.301  -1.009  -0.797   0.640   0.362
  -1.454  -0.309   0.711  -1.243   1.148   0.826  -2.790   2.221   0.746  -2.887
   0.629   0.262  -3.555   0.821   1.850  -2.963
  -3.651   1.047   0.523  -2.788   0.971   1.207  -3.079   0.510   2.175  -2.378
   1.969   1.423  -1.631   0.175   0.661  -1.894  -0.601  -0.204  -0.466   0.231
   1.270  -0.323   1.006   1.902   0.786  -0.577   0.949   1.541  -0.104   1.507
   0.788  -2.038   1.520   1.724  -2.554   1.203  -0.079  -2.511   1.086   0.677
  -1.970   2.609   1.349  -0.455  -0.485   2.446  -0.999  -0.770   0.766   0.387
  -1.309  -0.090   0.849  -0.894   1.158   0.869  -2.663   2.218   0.728  -2.732
   0.667   0.364  -3.481   0.914   1.930  -2.772
  -3.415   1.078   0.380  -2.707   1.093   1.159  -3.240   0.683   1.992  -2.343
   2.050   1.448  -1.646   0.115   0.712  -1.932  -0.614  -0.240  -0.445   0.189
   1.294  -0.394   0.869   2.008   0.834  -0.546   1.010   1.609  -0.143   1.611
   0.659  -2.024   1.450   1.621  -2.527   1.526  -0.092  -2.532   0.841   0.339
  -2.048   2.508   1.451  -0.408  -0.458   2.429  -1.010  -0.820   0.798   0.470
  -1.248   0.017   0.910  -0.785   1.190   0.868  -2.590   2.211   0.676  -2.709
   0.529   0.387  -3.348   0.993   1.981  -2.642
  -3.579   0.984   0.466  -2.770   1.078   1.170  -3.097   0.785   2.132  -2.362
   2.076   1.151  -1.617   0.147   0.710  -1.882  -0.655  -0.183  -0.453   0.166
   1.332  -0.433   0.700   2.181   0.811  -0.609   1.055   1.566  -0.185   1.744
   0.581  -2.111   1.515   1.574  -2.606   1.490  -0.211  -2.538   0.929   0.170
  -2.017   2.545   1.425  -0.418  -0.392   2.472  -1.006  -0.791   0.733   0.432
  -1.246  -0.106   0.853  -0.826   1.100   0.831  -2.602   2.117   0.551  -2.810
   0.551   0.320  -3.382   0.902   1.946  -2.713
  -3.607   0.943   0.403  -2.813   1.037   1.181  -3.233   0.597   2.101  -2.502
   2.099   1.275  -1.688   0.111   0.702  -1.926  -0.655  -0.215  -0.495   0.166
   1.362  -0.390   0.782   2.154   0.734  -0.613   1.056   1.468  -0.169   1.793
   0.566  -2.061   1.447   1.396  -2.718   1.243  -0.253  -2.444   0.863   0.266
  -2.082   2.492   1.393  -0.403  -0.381   2.404  -1.049  -0.756   0.738   0.437
  -1.176  -0.095   0.795  -0.782   1.180   0.763  -2.519   2.203   0.422  -2.673
   0.527   0.224  -3.227   1.046   1.831  -2.743
  -3.553   0.995   0.500  -2.705   1.046   1.136  -2.993   0.783   2.116  -2.352
   2.066   1.071  -1.653   0.071   0.707  -1.911  -0.695  -0.253  -0.506   0.164
   1.358  -0.541   0.766   2.197   0.711  -0.603   1.004   1.546  -0.230   1.606
   0.529  -2.040   1.438   1.422  -2.643   1.305  -0.269  -2.553   0.860   0.316
  -2.129   2.498   1.326  -0.398  -0.406   2.367  -0.997  -0.747   0.690   0.382
  -1.242  -0.040   0.900  -0.778   1.163   0.780  -2.621   2.169   0.347  -2.833
   0.455   0.461  -3.398   1.247   1.890  -2.676
  -3.452   1.198   0.445  -2.661   1.142   1.218  -3.075   0.748   2.188  -2.288
   2.145   1.294  -1.687   0.167   0.707  -1.930  -0.653  -0.164  -0.486   0.164
   1.306  -0.262   0.872   1.966   0.790  -0.598   1.013   1.442  -0.134   1.735
   0.551  -2.095   1.413   1.362  -2.728   1.099  -0.389  -2.395   0.956   0.397
  -2.145   2.498   1.327  -0.376  -0.429   2.404  -0.901  -0.722   0.566   0.295
  -1.303  -0.324   0.591  -0.997   1.099   0.697  -2.664   1.968   0.048  -2.909
   0.328   0.555  -3.439   1.405   1.718  -2.600
  -3.418   1.421   0.318  -2.698   1.225   1.127  -3.181   0.825   2.033  -2.267
   2.203   1.281  -1.636   0.213   0.730  -1.875  -0.637  -0.150  -0.468   0.224
   1.317  -0.317   0.917   2.049   0.736  -0.603   0.987   1.538  -0.180   1.659
   0.588  -2.031   1.368   1.591  -2.469   1.232  -0.180  -2.549   0.787   0.358
  -2.065   2.436   1.330  -0.375  -0.450   2.420  -0.828  -0.740   0.628   0.382
  -1.311  -0.224   0.772  -0.991   1.091   0.689  -2.652   1.835  -0.042  -2.991
   0.296   0.648  -3.387   1.583   1.681  -2.690
  -3.590   1.276   0.625  -2.701   1.184   1.264  -3.100   0.881   2.151  -2.260
   2.210   1.204  -1.723   0.154   0.736  -2.009  -0.586  -0.184  -0.517   0.189
   1.296  -0.460   0.941   2.044   0.714  -0.582   0.939   1.543  -0.239   1.600
   0.486  -2.011   1.387   1.428  -2.574   1.347  -0.131  -2.498   0.694   0.079
  -1.978   2.410   1.272  -0.401  -0.495   2.365  -0.867  -0.810   0.598   0.414
  -1.316  -0.301   0.738  -0.988   0.990   0.708  -2.712   1.783   0.052  -3.035
   0.115   0.511  -3.282   1.270   1.790  -2.752
  -3.583   1.166   0.622  -2.700   1.167   1.229  -2.871   0.862   2.226  -2.249
   2.128   1.254  -1.702   0.167   0.752  -1.997  -0.696  -0.097  -0.474   0.285
   1.297  -0.297   1.093   1.873   0.712  -0.499   0.956   1.462  -0.126   1.560
   0.450  -1.983   1.338   1.350  -2.567   1.616  -0.141  -2.538   0.629  -0.115
  -1.884   2.270   1.298  -0.345  -0.490   2.339  -0.905  -0.776   0.702   0.469
  -1.353  -0.132   0.999  -1.079   1.055   0.623  -2.774   1.968   0.087  -3.086
   0.210   0.215  -3.384   1.029   1.674  -3.112
  -3.596   1.090   0.534  -2.734   1.194   1.142  -3.041   1.015   2.184  -2.222
   2.225   1.029  -1.731   0.144   0.674  -1.985  -0.738  -0.139  -0.548   0.216
   1.250  -0.461   0.903   1.943   0.678  -0.549   0.931   1.451  -0.211   1.594
   0.462  -1.991   1.228   1.393  -2.523   1.300  -0.214  -2.486   0.487  -0.062
  -2.116   2.235   1.251  -0.324  -0.494   2.287  -0.956  -0.772   0.715   0.563
  -1.325  -0.181   0.944  -0.985   1.093   0.673  -2.747   2.139   0.345  -2.987
   0.398   0.114  -3.337   1.033   1.755  -3.050
  -3.594   0.947   0.587  -2.724   1.157   1.165  -2.919   1.134   2.232  -2.448
   2.125   0.914  -1.719   0.169   0.732  -2.048  -0.661  -0.110  -0.526   0.288
   1.268  -0.429   1.009   1.959   0.698  -0.479   0.939   1.491  -0.129   1.617
   0.412  -1.977   1.150   1.380  -2.471   1.202  -0.086  -2.358   0.296  -0.194
  -2.150   2.058   1.258  -0.274  -0.467   2.309  -0.918  -0.791   0.689   0.575
  -1.357  -0.010   1.206  -0.967   1.111   0.730  -2.757   2.165   0.541  -2.858
   0.459   0.046  -3.264   0.965   1.750  -3.032
  -3.704   1.123   0.706  -2.721   1.199   1.220  -2.976   1.023   2.282  -2.298
   2.235   1.040  -1.709   0.169   0.734  -2.033  -0.662  -0.175  -0.481   0.241
   1.301  -0.391   0.906   2.004   0.706  -0.537   0.933   1.518  -0.209   1.646
   0.475  -1.970   1.237   1.428  -2.470   1.389  -0.102  -2.420   0.473  -0.023
  -2.092   2.166   1.305  -0.353  -0.489   2.249  -1.014  -0.760   0.764   0.481
  -1.373   0.062   1.152  -1.049   1.203   0.643  -2.829   2.261   0.526  -2.961
   0.659  -0.063  -3.425   0.969   1.632  -3.189
  -3.754   0.906   0.820  -2.746   1.132   1.237  -2.749   1.064   2.343  -2.450
   2.153   1.048  -1.738   0.140   0.701  -1.958  -0.647  -0.180  -0.506   0.247
   1.284  -0.498   0.935   1.995   0.694  -0.461   0.935   1.510  -0.085   1.665
   0.417  -1.967   1.304   1.404  -2.417   1.359  -0.257  -2.422   0.543  -0.010
  -1.964   2.278   1.289  -0.293  -0.499   2.265  -1.014  -0.762   0.785   0.475
  -1.449  -0.037   0.948  -1.202   1.190   0.550  -2.854   2.301   0.294  -2.916
   0.651  -0.168  -3.466   0.981   1.464  -3.259
  -3.759   0.982   0.682  -2.823   1.087   1.224  -2.942   0.840   2.272  -2.482
   2.120   1.191  -1.752   0.163   0.722  -2.047  -0.647  -0.138  -0.516   0.286
   1.237  -0.422   0.951   1.995   0.629  -0.509   0.896   1.369  -0.118   1.544
   0.340  -1.991   1.295   1.227  -2.624   1.200  -0.389  -2.420   0.612  -0.049
  -2.189   2.317   1.261  -0.391  -0.524   2.222  -1.105  -0.875   0.868   0.632
  -1.339   0.158   1.244  -1.028   1.124   0.609  -2.762   2.205   0.629  -2.981
   0.712  -0.259  -3.268   0.755   1.581  -3.151
  -3.828   0.939   0.994  -2.804   1.115   1.243  -2.703   0.963   2.312  -2.528
   2.166   1.076  -1.709   0.172   0.677  -1.896  -0.624  -0.236  -0.508   0.282
   1.258  -0.470   0.997   1.950   0.675  -0.536   0.958   1.432  -0.131   1.663
   0.391  -2.019   1.319   1.351  -2.597   1.214  -0.390  -2.542   0.714   0.066
  -2.112   2.397   1.263  -0.400  -0.475   2.250  -1.114  -0.809   0.730   0.454
  -1.388  -0.027   0.992  -1.057   1.196   0.637  -2.775   2.229   0.651  -3.075
   0.798  -0.262  -3.284   0.726   1.461  -3.343
  -3.764   0.708   0.978  -2.764   1.065   1.249  -2.712   1.071   2.339  -2.507
   2.102   1.063  -1.740   0.079   0.684  -2.005  -0.645  -0.265  -0.520   0.211
   1.234  -0.487   0.855   2.014   0.719  -0.534   0.929   1.516  -0.084   1.504
   0.516  -1.970   1.469   1.489  -2.425   1.620  -0.042  -2.569   0.705  -0.107
  -1.916   2.353   1.232  -0.434  -0.499   2.237  -1.129  -0.847   0.765   0.520
  -1.316  -0.224   0.693  -1.024   1.057   0.738  -2.720   2.070   1.119  -2.919
   1.026  -0.263  -3.145   0.328   1.308  -3.350
  -3.793   0.923   0.807  -2.839   1.065   1.357  -2.908   0.808   2.454  -2.545
   2.123   1.231  -1.734   0.132   0.744  -2.026  -0.670  -0.180  -0.517   0.300
   1.229  -0.458   0.941   2.008   0.709  -0.503   0.863   1.509  -0.228   1.501
   0.548  -1.943   1.391   1.568  -2.168   1.782   0.174  -2.616   0.637  -0.244
  -2.023   2.201   1.294  -0.358  -0.553   2.305  -1.060  -0.850   0.779   0.650
  -1.316  -0.094   1.092  -0.958   1.119   0.756  -2.759   2.074   1.212  -2.844
   1.291  -0.245  -3.171   0.370   1.384  -3.262
  -3.785   0.932   0.857  -2.871   0.941   1.455  -3.077   0.485   2.393  -2.649
   2.013   1.516  -1.793   0.077   0.785  -2.099  -0.687  -0.136  -0.533   0.277
   1.209  -0.398   1.059   1.880   0.729  -0.482   0.914   1.487  -0.105   1.656
   0.497  -1.959   1.323   1.483  -2.435   1.544   0.123  -2.497   0.421  -0.117
  -2.030   2.283   1.360  -0.332  -0.536   2.268  -1.082  -0.891   0.859   0.594
  -1.321   0.046   1.060  -0.917   1.108   0.712  -2.771   1.862   1.431  -3.002
   1.404  -0.233  -3.212   0.153   1.060  -3.157
  -3.743   1.024   0.617  -2.885   0.973   1.350  -3.211   0.347   2.166  -2.530
   1.945   1.697  -1.734   0.144   0.713  -2.058  -0.656  -0.135  -0.488   0.284
   1.193  -0.406   1.128   1.774   0.731  -0.420   0.939   1.500  -0.087   1.626
   0.492  -1.888   1.338   1.449  -2.449   1.448   0.095  -2.390   0.443  -0.165
  -1.954   2.234   1.262  -0.339  -0.504   2.223  -1.039  -0.962   0.681   0.545
  -1.366  -0.040   1.193  -0.944   1.020   0.692  -2.777   1.771   1.484  -2.844
   1.393  -0.276  -3.162   0.170   0.925  -3.419
  -3.762   0.693   0.843  -2.853   0.916   1.448  -2.907   0.742   2.500  -2.612
   1.955   1.238  -1.719   0.119   0.810  -2.016  -0.698  -0.062  -0.497   0.355
   1.309  -0.475   1.020   2.053   0.688  -0.423   0.972   1.411  -0.033   1.660
   0.497  -1.921   1.412   1.350  -2.378   1.781   0.147  -2.508   0.543  -0.256
  -1.950   2.198   1.207  -0.305  -0.501   2.120  -1.043  -0.875   0.590   0.508
  -1.382  -0.172   1.048  -0.990   0.999   0.756  -2.791   1.667   1.602  -2.806
   1.485  -0.112  -3.196   0.090   0.902  -3.436
  -3.800   0.838   1.118  -2.820   0.984   1.563  -2.873   0.739   2.572  -2.569
   1.974   1.415  -1.764   0.098   0.959  -2.027  -0.670   0.024  -0.500   0.331
   1.327  -0.357   0.891   2.124   0.715  -0.418   0.927   1.572  -0.053   1.507
   0.401  -1.908   1.338   1.386  -2.401   1.404  -0.253  -2.348   0.582  -0.114
  -1.925   2.289   1.230  -0.316  -0.541   2.174  -1.043  -0.906   0.623   0.551
  -1.394  -0.187   1.041  -1.077   0.984   0.697  -2.820   1.718   1.473  -2.911
   1.384  -0.252  -3.210   0.105   0.902  -3.422
  -3.823   0.864   1.175  -2.810   0.935   1.605  -2.828   0.697   2.652  -2.560
   2.007   1.564  -1.684   0.155   0.917  -2.026  -0.608   0.009  -0.415   0.267
   1.413  -0.341   0.867   2.191   0.738  -0.429   0.899   1.609  -0.034   1.500
   0.580  -1.869   1.306   1.504  -2.388   1.365  -0.158  -2.387   0.605   0.119
  -2.020   2.307   1.261  -0.238  -0.550   2.193  -0.959  -0.988   0.682   0.625
  -1.347  -0.238   1.039  -1.037   1.002   0.731  -2.822   1.689   1.527  -2.957
   1.457  -0.178  -3.247   0.118   0.816  -3.476
  -3.672   0.701   1.111  -2.737   0.965   1.638  -2.698   0.540   2.561  -2.601
   2.049   1.688  -1.683   0.171   0.969  -1.954  -0.541   0.008  -0.464   0.279
   1.430  -0.314   0.999   2.127   0.777  -0.430   0.922   1.627   0.024   1.500
   0.562  -1.903   1.286   1.487  -2.407   1.191  -0.073  -2.359   0.575   0.209
  -1.996   2.267   1.249  -0.249  -0.558   2.206  -0.927  -0.977   0.644   0.632
  -1.386  -0.143   1.177  -1.058   0.972   0.707  -2.781   1.645   1.511  -3.036
   1.441  -0.239  -3.123   0.093   0.914  -3.365
  -3.738   0.811   1.209  -2.795   1.010   1.675  -2.886   0.748   2.705  -2.551
   2.097   1.527  -1.706   0.138   1.042  -2.062  -0.571   0.102  -0.452   0.270
   1.434  -0.291   0.725   2.358   0.698  -0.500   0.896   1.481  -0.141   1.517
   0.540  -1.929   1.282   1.417  -2.558   1.105  -0.232  -2.401   0.654   0.292
  -2.051   2.340   1.238  -0.363  -0.569   2.220  -0.997  -0.913   0.665   0.559
  -1.365  -0.089   1.073  -1.033   0.964   0.775  -2.790   1.777   1.389  -2.897
   1.153  -0.149  -3.437   0.076   1.176  -3.255
  -3.760   0.700   1.556  -2.741   1.002   1.714  -2.642   0.906   2.775  -2.504
   2.082   1.518  -1.675   0.115   0.991  -1.968  -0.552   0.010  -0.390   0.245
   1.351  -0.221   0.968   2.014   0.712  -0.566   0.888   1.500  -0.245   1.590
   0.507  -2.071   1.270   1.424  -2.625   1.125  -0.318  -2.500   0.685   0.170
  -2.136   2.256   1.278  -0.327  -0.548   2.237  -0.963  -0.947   0.641   0.568
  -1.342  -0.070   1.093  -0.880   1.040   0.809  -2.753   2.063   1.176  -2.931
   0.936  -0.171  -3.236   0.368   1.477  -3.205
  -3.704   0.405   1.546  -2.725   0.865   1.696  -2.479   0.880   2.737  -2.647
   1.957   1.415  -1.684   0.096   0.935  -1.990  -0.629   0.015  -0.411   0.232
   1.355  -0.249   0.817   2.221   0.777  -0.536   0.911   1.620  -0.196   1.594
   0.616  -2.032   1.296   1.579  -2.550   1.150  -0.215  -2.504   0.778   0.308
  -2.161   2.322   1.300  -0.297  -0.549   2.323  -0.878  -0.984   0.666   0.555
  -1.397  -0.161   0.968  -0.956   1.010   0.807  -2.789   2.039   1.211  -2.880
   0.912  -0.137  -3.309   0.323   1.397  -3.366
  -3.740   0.486   1.437  -2.734   0.920   1.663  -2.603   0.722   2.727  -2.640
   1.975   1.495  -1.644   0.115   0.937  -1.931  -0.606   0.003  -0.380   0.225
   1.421  -0.315   0.713   2.361   0.838  -0.530   0.952   1.617  -0.081   1.620
   0.626  -1.974   1.238   1.493  -2.553   0.883  -0.163  -2.265   0.616   0.366
  -2.103   2.338   1.369  -0.320  -0.491   2.460  -0.771  -0.854   0.607   0.419
  -1.328  -0.152   0.909  -0.996   1.046   0.779  -2.709   2.139   1.032  -2.803
   0.962  -0.111  -3.379   0.415   1.596  -3.159
  -3.681   0.447   1.584  -2.720   0.943   1.674  -2.335   0.836   2.724  -2.764
   2.013   1.470  -1.666   0.185   0.867  -1.936  -0.502  -0.088  -0.397   0.193
   1.447  -0.305   0.647   2.335   0.798  -0.587   1.081   1.516  -0.272   1.743
   0.567  -2.095   1.401   1.311  -2.813   0.982  -0.447  -2.418   1.139   0.686
  -2.169   2.518   1.370  -0.294  -0.418   2.476  -0.748  -0.770   0.636   0.415
  -1.285  -0.267   0.668  -0.998   1.030   0.816  -2.695   2.054   1.210  -2.844
   1.021  -0.136  -3.323   0.306   1.538  -3.056
  -3.669   0.454   1.670  -2.716   1.023   1.557  -2.492   1.349   2.562  -2.866
   1.938   1.026  -1.612   0.213   0.884  -1.901  -0.467  -0.159  -0.406   0.209
   1.467  -0.435   0.701   2.300   0.772  -0.602   1.138   1.686  -0.267   1.709
   0.520  -2.027   1.453   1.271  -2.606   0.963  -0.413  -2.461   1.057   0.588
  -2.273   2.532   1.323  -0.333  -0.347   2.339  -0.853  -0.738   0.582   0.304
  -1.273  -0.362   0.433  -1.065   1.126   0.797  -2.590   2.237   1.072  -2.522
   1.044  -0.011  -3.306   0.578   1.657  -2.989
  -3.597   0.470   1.706  -2.674   1.057   1.692  -2.418   1.150   2.737  -2.692
   2.049   1.272  -1.624   0.233   0.924  -1.900  -0.287  -0.118  -0.395   0.223
   1.518  -0.357   0.489   2.471   0.738  -0.560   1.069   1.647  -0.190   1.610
   0.529  -2.030   1.450   1.331  -2.583   0.937  -0.484  -2.367   1.137   0.658
  -1.990   2.533   1.251  -0.368  -0.425   2.361  -0.705  -0.668   0.527   0.324
  -1.295  -0.444   0.427  -1.063   1.087   0.721  -2.610   2.004   1.256  -2.493
   1.148  -0.144  -3.270   0.388   1.462  -3.098
  -3.652   0.587   1.738  -2.661   1.082   1.832  -2.414   1.125   2.874  -2.616
   2.110   1.416  -1.619   0.232   1.021  -1.996  -0.282  -0.076  -0.354   0.228
   1.437  -0.209   0.840   2.234   0.769  -0.565   1.001   1.597  -0.241   1.574
   0.591  -2.029   1.371   1.386  -2.641   0.943  -0.398  -2.317   1.021   0.789
  -2.098   2.429   1.355  -0.375  -0.407   2.458  -0.872  -0.751   0.618   0.349
  -1.295  -0.356   0.599  -1.090   1.062   0.678  -2.620   2.068   1.111  -2.568
   1.138  -0.217  -3.186   0.388   1.247  -3.159
  -3.708   0.832   1.563  -2.660   1.071   1.838  -2.523   0.950   2.907  -2.470
   2.129   1.583  -1.642   0.224   1.043  -2.057  -0.254  -0.024  -0.407   0.094
   1.544  -0.214   0.485   2.441   0.837  -0.632   1.042   1.600  -0.284   1.783
   0.533  -2.069   1.393   1.261  -2.741   0.955  -0.454  -2.343   1.049   0.577
  -2.073   2.470   1.377  -0.371  -0.398   2.479  -0.759  -0.725   0.576   0.247
  -1.320  -0.293   0.653  -0.907   1.041   0.704  -2.598   1.847   1.402  -2.555
   1.393  -0.123  -3.155   0.240   1.052  -3.257
  -3.519   0.929   1.494  -2.523   1.136   1.846  -2.454   0.886   2.900  -2.304
   2.192   1.677  -1.630   0.276   1.053  -2.055  -0.361   0.049  -0.425   0.095
   1.573  -0.188   0.520   2.470   0.722  -0.689   1.080   1.593  -0.505   1.697
   0.477  -2.161   1.462   1.251  -2.688   1.068  -0.448  -2.514   1.050   0.498
  -2.331   2.509   1.327  -0.479  -0.384   2.500  -0.795  -0.653   0.539   0.130
  -1.321  -0.431   0.301  -1.092   1.056   0.719  -2.585   1.959   1.303  -2.452
   1.344   0.071  -3.355   0.251   1.434  -2.940
  -3.619   1.109   1.393  -2.598   1.134   1.858  -2.690   0.725   2.866  -2.324
   2.188   1.633  -1.643   0.210   1.091  -1.983  -0.367   0.083  -0.405   0.108
   1.593  -0.238   0.558   2.504   0.746  -0.665   1.086   1.541  -0.460   1.794
   0.412  -2.165   1.412   1.286  -2.770   1.251  -0.471  -2.561   0.894   0.243
  -2.273   2.478   1.350  -0.500  -0.345   2.529  -0.909  -0.569   0.641   0.123
  -1.286  -0.380   0.146  -1.195   1.061   0.626  -2.605   1.692   1.530  -2.429
   1.628  -0.191  -3.054   0.228   0.708  -3.274
  -3.671   0.857   1.336  -2.656   1.056   1.824  -2.654   0.856   2.876  -2.391
   2.122   1.685  -1.650   0.139   1.115  -1.999  -0.439   0.100  -0.453  -0.058
   1.636  -0.121   0.619   2.368   0.671  -0.919   1.097   1.521  -0.693   1.740
   0.357  -2.382   1.442   1.245  -3.022   1.347  -0.330  -2.827   0.805  -0.011
  -2.414   2.462   1.357  -0.638  -0.383   2.539  -0.957  -0.643   0.633  -0.031
  -1.417  -0.257   0.268  -1.132   1.156   0.577  -2.612   1.630   1.535  -2.345
   1.901  -0.106  -3.112   0.309   0.818  -3.229
  -3.559   0.866   1.536  -2.549   1.021   1.825  -2.444   0.859   2.888  -2.094
   2.024   1.599  -1.661   0.024   1.177  -2.090  -0.515   0.159  -0.395  -0.171
   1.615  -0.194   0.362   2.434   0.651  -0.962   1.061   1.509  -0.852   1.763
   0.349  -2.403   1.328   1.168  -3.128   1.183  -0.439  -2.765   0.763   0.043
  -2.439   2.409   1.280  -0.552  -0.323   2.505  -0.711  -0.628   0.473  -0.035
  -1.273  -0.487  -0.067  -1.117   1.099   0.470  -2.567   1.512   1.483  -2.481
   1.943  -0.167  -2.896   0.305   0.604  -3.359
  -3.573   1.131   1.523  -2.563   1.028   1.968  -2.484   0.816   2.967  -2.153
   2.016   1.753  -1.669   0.088   1.183  -2.114  -0.538   0.224  -0.439  -0.053
   1.611  -0.166   0.507   2.368   0.675  -0.928   1.151   1.389  -0.826   1.956
   0.304  -2.406   1.261   1.281  -2.903   1.241  -0.459  -2.626   0.502  -0.124
  -2.658   2.252   1.260  -0.653  -0.254   2.429  -0.862  -0.469   0.488  -0.242
  -1.284  -0.487  -0.333  -1.034   0.991   0.391  -2.482   1.505   1.267  -2.259
   1.669  -0.374  -2.873   0.226   0.566  -3.262
  -3.527   1.024   1.455  -2.465   1.071   1.809  -2.369   0.849   2.886  -2.127
   2.123   1.606  -1.549   0.145   0.993  -1.999  -0.464   0.063  -0.360  -0.039
   1.543  -0.112   0.494   2.402   0.705  -0.983   1.091   1.578  -0.932   1.731
   0.436  -2.410   1.216   1.358  -2.965   1.131  -0.343  -2.739   0.461   0.108
  -2.581   2.224   1.276  -0.669  -0.276   2.486  -0.811  -0.512   0.477  -0.234
  -1.298  -0.516  -0.292  -1.223   1.017   0.250  -2.556   1.318   1.281  -2.425
   1.862  -0.365  -2.857   0.203   0.172  -3.290
  -3.571   1.217   1.378  -2.532   1.049   1.802  -2.533   0.731   2.883  -2.134
   2.090   1.735  -1.635   0.158   1.058  -2.002  -0.309  -0.017  -0.427  -0.047
   1.473  -0.161   0.496   2.273   0.672  -0.913   1.008   1.547  -0.683   1.674
   0.387  -2.464   1.229   1.367  -2.981   1.066  -0.336  -2.964   0.529  -0.085
  -2.508   2.252   1.324  -0.654  -0.308   2.520  -0.768  -0.482   0.495  -0.436
  -1.365  -0.539  -0.454  -1.181   1.026   0.064  -2.665   1.304   1.159  -2.584
   1.918  -0.543  -2.945   0.295   0.059  -3.536
  -3.620   1.043   1.568  -2.552   1.086   1.854  -2.389   1.104   2.943  -2.178
   2.095   1.649  -1.606   0.171   1.046  -2.082  -0.198  -0.018  -0.411  -0.033
   1.568  -0.249   0.600   2.278   0.702  -0.936   1.060   1.548  -0.717   1.729
   0.406  -2.375   1.330   1.279  -3.066   1.220  -0.299  -2.810   0.687  -0.136
  -2.508   2.267   1.295  -0.759  -0.324   2.511  -0.847  -0.482   0.517  -0.417
  -1.425  -0.442  -0.211  -1.303   1.093   0.040  -2.745   1.369   1.081  -2.727
   1.916  -0.713  -2.965   0.271  -0.152  -3.482
  -3.451   0.995   1.500  -2.425   1.128   1.914  -2.293   0.672   2.920  -2.140
   2.199   1.810  -1.564   0.150   1.058  -1.985  -0.368   0.038  -0.389  -0.084
   1.564  -0.231   0.529   2.297   0.774  -0.915   1.096   1.559  -0.708   1.781
   0.408  -2.418   1.328   1.228  -3.073   1.312  -0.343  -2.647   0.663   0.068
  -2.504   2.354   1.293  -0.740  -0.367   2.548  -0.866  -0.551   0.514  -0.440
  -1.406  -0.510  -0.428  -1.247   1.028  -0.044  -2.676   1.275   0.960  -2.615
   1.940  -0.624  -2.859   0.464  -0.254  -3.475
  -3.461   1.345   1.442  -2.466   1.101   1.846  -2.483   0.691   2.821  -1.984
   2.077   1.914  -1.623   0.170   1.017  -2.041  -0.243  -0.038  -0.432  -0.038
   1.585  -0.199   0.530   2.436   0.691  -0.902   1.090   1.567  -0.708   1.687
   0.457  -2.389   1.331   1.310  -3.007   0.944  -0.418  -2.677   0.790   0.061
  -2.571   2.375   1.261  -0.654  -0.318   2.414  -0.936  -0.538   0.493  -0.324
  -1.383  -0.453  -0.212  -1.091   0.981   0.075  -2.740   1.772   0.838  -2.659
   1.499  -0.806  -3.091   0.199   0.293  -3.461
  -3.415   1.480   1.321  -2.475   1.141   1.870  -2.681   0.577   2.727  -2.053
   2.096   2.175  -1.570   0.266   1.065  -1.979  -0.217   0.022  -0.398  -0.066
   1.581  -0.089   0.469   2.418   0.741  -0.852   1.038   1.577  -0.706   1.724
   0.491  -2.379   1.210   1.379  -2.921   0.869  -0.355  -2.567   0.598   0.412
  -2.654   2.300   1.324  -0.616  -0.403   2.533  -0.923  -0.586   0.510  -0.300
  -1.427  -0.461  -0.421  -1.199   0.995   0.157  -2.792   1.628   1.020  -2.690
   1.721  -0.513  -3.133   0.221   0.270  -3.506
