default_name                                                                    
   22  0.2000000E+02
  -3.5750248   1.6628090   1.2923715  -3.1174084   1.0087285   0.5358009
  -3.3384338   1.5437852  -0.4389155  -3.5633321  -0.0164987   0.5657444
  -1.5927004   0.9551447   0.7005916  -0.9380670   1.8428895   1.2262774
  -0.9518443  -0.1257422   0.2576646  -1.4796592  -0.9360987  -0.0852416
   0.5180896  -0.3772849   0.3336332   0.9286613   0.1414675   1.2405595
   0.7839963  -1.9038490   0.5605707   1.7634138  -2.0848953   1.0598872
   0.7615239  -2.4186724  -0.3927960   0.0280333  -2.3767655   1.1869860
   1.2583673   0.2519607  -0.9298562   2.4027675   0.6679648  -0.6975543
   0.5189701   0.3650835  -2.0816553  -0.3971896  -0.0646545  -1.9230995
   1.1276630   0.4630559  -3.4278524   1.9351066   1.2421991  -3.3463061
   1.6280438  -0.4790419  -3.6869389   0.3248031   0.8653330  -4.1321967
  -1.2130163   0.8869334  -0.9368957  -0.2563259   0.0388996  -0.3588117
  -0.9288169   1.3659945  -0.1416122   1.0712966  -1.8152251   0.7517085
  -0.1377729   0.0528637   0.0463892  -0.0222265  -0.2167622  -0.0784006
   0.0297321   0.1043899   0.0876956   0.2723058   0.8216358   0.0861562
  -0.2870936  -0.1746442  -0.1907223   0.7691997   0.7585206  -0.1260245
  -0.0759645  -0.0670878   0.3487729  -1.6360644   0.4958889  -0.9887636
  -0.8295436  -0.3250196   0.4958492  -0.0663017  -0.5204283   1.4019757
   0.1464649  -0.2520413   0.3470111  -0.0742694  -0.3646619   0.0145685
   0.3094274   0.0948008  -0.0505128  -0.0569289  -0.1658711  -0.4976826
  -0.3963137   0.0548752  -0.0563578   1.3174263  -0.6303727   0.5631431
  -0.5223128   0.9827288  -1.7134020  -0.1097778   0.1967753   0.0054732
