default_name                                                                    
   22  0.2000000E+02
  -2.5857516   1.3477911   0.7075867  -2.8717754   0.3743926   1.0231475
  -3.9179564   0.0707576   0.8004389  -2.6630318   0.0954370   2.0717954
  -2.0128461  -0.6576548   0.1762409  -2.2576907  -0.8043509  -1.0051484
  -0.9758609  -1.1360286   0.8527281  -0.8121271  -0.8324311   1.7719136
   0.1453524  -1.8403548   0.3111740   0.7696929  -2.1141423   1.2400570
  -0.3433019  -3.2165384  -0.1120433   0.4591834  -3.8551105  -0.5177148
  -1.0889611  -3.0909288  -0.9619953  -0.7049440  -3.7651884   0.6431457
   1.0526004  -1.1555620  -0.7715506   2.2840622  -1.0422369  -0.5632097
   0.4456172  -0.6564716  -1.8253926  -0.5396731  -0.8672879  -1.9148737
   1.0219946   0.2277828  -2.7912761   2.0864420   0.0182437  -2.9915093
   0.3408648   0.2894317  -3.7061514   1.0051652   1.2866204  -2.3553654
  -0.6147609  -1.0727146  -0.6711053  -0.0980365   0.1156072   0.0687696
   0.7344935  -0.3187041  -0.9692751   1.6558820   0.6344120   0.5735012
  -0.1656478   0.1997381   0.2533699   0.0652573  -0.1795144  -0.0155173
  -0.0119529  -0.1494871   0.3882749   0.8710595  -0.3498442  -0.0620927
   0.1025288  -0.1133400   0.0224917   0.9590020  -0.9915117   0.5029295
  -0.2816632  -0.3424475   0.0547186  -0.3573517  -0.3127383  -0.6580384
  -1.0353280  -1.0174757   0.0394317   0.3081660   0.7905114  -1.1156133
  -0.3336363  -0.1996220  -0.0982833   0.0139441  -0.0290154   0.3382431
   0.0269331   0.0660399   0.1841387  -0.2518827   0.4974612   1.7558018
  -0.1228315  -0.1124325   0.2446960   0.6266919   1.6274841   0.1767026
  -0.7021658   0.1244801  -0.6491097   0.4271134  -0.5116750   0.4663043
