default_name                                                                    
   22  0.2000000E+02
  -3.4801283   0.3833879   0.2606165  -2.8276827   0.9128982   0.8876265
  -2.9925391   0.7933051   1.9412228  -3.0019233   1.9576904   0.5750154
  -1.5184346   0.5008154   0.4255246  -1.3740486   0.0634475  -0.6929156
  -0.4538423   0.6074253   1.2650023  -0.5983162   1.0946009   2.1510429
   0.9027593  -0.0494802   0.9744169   1.5805655   0.3367453   1.7398036
   0.8724969  -1.5621314   1.3917918   1.7507219  -2.0577143   1.0162563
  -0.0215794  -2.1230076   1.1182620   1.0499929  -1.5420751   2.5298948
   1.6016459   0.1774246  -0.3841576   2.5692413  -0.4915859  -0.7402453
   1.1293967   1.1692226  -1.1660655   0.2899821   1.6855703  -0.7570872
   1.5157333   1.5673785  -2.5033828   2.3350113   2.3240786  -2.4280937
   1.9806121   0.8698904  -3.1390405   0.6815834   1.8899611  -3.0833502
   0.0359646   1.2284499   0.3543154   0.1058284  -0.2117455   0.1738451
   1.4132149   1.5145429   1.1575884   0.7850183  -0.5402409   0.8276855
   0.0757588  -0.0282789   0.0329410   0.1218523   0.0000138  -0.1212045
   0.0036375   0.2611202  -0.0559901  -0.5950831  -0.3364720  -0.5100947
  -0.2150714  -0.4706299  -0.0914019   0.0306983   0.2847684  -0.3849679
   0.0226420   0.1547127   0.0096399   1.0766513   0.1383704  -0.0020185
   0.1802774   0.3765285   0.0598066  -0.0122094   0.4148143   0.7451053
   0.0696050   0.1024162   0.1575311   0.0965311  -0.4711178  -0.2426873
  -0.1481918  -0.0145484   0.3311476  -0.2790765  -1.7755462   0.2134608
  -0.2698473  -0.2458927   0.1502398   0.9308233   0.4586717  -1.0659611
   0.3597143   0.8080299   0.8620182   1.1146159   0.5426419   0.6785406
