default_name                                                                    
   22  0.2000000E+02
  -3.2628186   0.2267974   0.4089759  -2.7241272   0.7410658   1.1574529
  -2.7956956   0.3132960   2.1541069  -2.9813028   1.7949679   1.3371059
  -1.3192297   0.7738931   0.8086339  -0.8106946   1.8679875   0.6406316
  -0.6682327  -0.4236448   0.7754051  -1.2431438  -1.2165857   1.0471199
   0.7856782  -0.6492734   0.8210099   1.2168759  -0.2506585   1.7905927
   1.0486313  -2.1218855   0.8994619   2.0826030  -2.3398299   1.0101849
   0.7354725  -2.5928143  -0.0365371   0.3594973  -2.4741088   1.6908379
   1.5600964  -0.0769749  -0.4076047   2.6017096   0.5516513  -0.3228271
   1.1336895  -0.4204514  -1.6597832   0.4928117  -1.2284006  -1.7107464
   1.4346977   0.2994072  -2.9104713   1.5351306   1.3840933  -2.6548769
   2.3542479  -0.1069053  -3.3209397   0.6110484   0.1618244  -3.6176875
  -1.3170392  -0.1512322   0.2296846   0.2462087   0.1975958  -0.2581222
   1.6342840   0.1127541  -0.4420580  -0.5581782   0.0613863   1.0731442
   0.3530466  -0.0429249   0.2934413   0.0386596  -0.1917694   0.1507745
  -0.2540880   0.0560882  -0.0800526  -1.5220982   0.4042882  -0.6640314
   0.0554935  -0.1837667   0.0208361  -1.2120525   1.3123056  -0.7602443
  -0.1051291   0.2824835   0.0052114  -0.4894923   0.1589130   0.4046727
  -0.7697305   0.1400416  -0.8028165   0.3811464  -0.3769752  -0.9500839
   0.3956282   0.0049532  -0.0252105   0.0616573  -0.0708971   0.1039681
  -0.4719240  -0.3304389  -0.0155462   0.7219921   0.2863008  -0.2374291
  -0.0791819  -0.1167148  -0.0774341   2.6684703  -1.1096566  -1.4690801
  -0.0367989  -1.4164738   1.2424615  -0.6898717   1.2675142   0.2860572
