default_name                                                                    
   22  0.2000000E+02
  -3.6958171   0.7425346   1.1135919  -2.8849433   0.6680726   1.7894378
  -3.2281268   0.0437021   2.6443621  -2.5235419   1.5683575   2.2496118
  -1.6755226   0.0454471   1.0568184  -1.7847007  -0.4102886  -0.0854769
  -0.5672241  -0.0188595   1.7778075  -0.4873354   0.4075187   2.7036968
   0.7284900  -0.6209418   1.3983191   1.3793643  -0.2469954   2.1974875
   0.6060253  -2.1272960   1.6308524   1.5867233  -2.5152864   1.3406832
  -0.1793122  -2.6530629   1.1394682   0.4436914  -2.2750393   2.6938788
   1.2794364  -0.2193414  -0.0537055   1.8534558  -1.0807394  -0.7624653
   1.0063919   1.0242759  -0.4560581   0.4555388   1.6111238   0.2156862
   1.2867772   1.5333728  -1.8267140   2.2779308   1.1865637  -2.2212529
   0.6004673   1.0344084  -2.5581833   1.1194632   2.5839666  -1.9365027
   0.3099781  -0.7514677   0.4425840   0.2327406  -0.0240269  -0.0671776
   2.1931364  -1.4701466   0.1704550  -0.0253075  -1.3123824   1.2169891
  -0.0310426   0.1397863   0.1462065   0.1062726   0.0636652  -0.0914518
  -0.0927092  -0.4417991  -0.0966194   1.5669922   0.7953159  -1.2249934
   0.2814867   0.2366377   0.2453899   1.2674277   0.3567852   0.3540148
   0.2435412  -0.3456308  -0.2917626   0.4564586  -0.0229952   0.3151740
  -0.4383945  -0.0170396   0.8033584   0.1550371  -0.5543865   0.2601324
  -0.0623080  -0.0603130   0.2643190   0.2265107  -0.1551517  -0.2440396
   0.0308570   0.1038866   0.0992005   1.1505980   1.3478058  -0.7552249
   0.2304185  -0.1205103   0.4955200  -0.1913345  -1.1883706   0.2903495
   0.1519988  -0.7424952   0.5586783  -0.3751790  -0.8057140   0.6775849
