default_name                                                                    
  -3.522   1.523   1.058  -3.068   0.538   0.995  -3.419   0.018   0.100  -3.329
  -0.056   1.878  -1.559   0.685   0.933  -1.044   1.800   0.929  -0.858  -0.448
   0.861  -1.359  -1.324   0.868   0.608  -0.515   0.832   1.006   0.248   1.500
   1.024  -1.868   1.413   2.104  -1.941   1.460   0.652  -2.682   0.782   0.629
  -1.984   2.425   1.237  -0.259  -0.563   2.465  -0.162  -0.675   0.417  -0.149
  -1.623  -0.578  -0.218  -1.458   0.852   0.095  -3.002   1.409   1.032  -3.044
   1.494  -0.722  -3.345  -0.015   0.165  -3.656
  -3.535   1.545   1.050  -3.067   0.558   1.008  -3.418   0.033   0.116  -3.347
  -0.012   1.891  -1.560   0.687   0.930  -1.039   1.801   0.928  -0.857  -0.447
   0.874  -1.355  -1.319   0.847   0.611  -0.518   0.847   1.001   0.238   1.519
   1.028  -1.884   1.411   2.117  -1.941   1.463   0.665  -2.694   0.780   0.633
  -1.995   2.419   1.233  -0.268  -0.555   2.468  -0.182  -0.674   0.420  -0.145
  -1.615  -0.575  -0.220  -1.441   0.846   0.104  -2.998   1.406   1.051  -3.055
   1.474  -0.718  -3.352  -0.030   0.191  -3.636
  -3.507   1.542   1.066  -3.062   0.558   1.008  -3.402   0.051   0.105  -3.347
  -0.029   1.888  -1.552   0.691   0.941  -1.042   1.807   0.916  -0.859  -0.444
   0.885  -1.360  -1.308   0.899   0.612  -0.522   0.837   1.041   0.258   1.469
   1.027  -1.886   1.424   2.112  -1.925   1.504   0.692  -2.711   0.782   0.596
  -2.002   2.410   1.236  -0.267  -0.566   2.462  -0.143  -0.701   0.407  -0.164
  -1.613  -0.585  -0.269  -1.438   0.828   0.102  -2.995   1.401   1.021  -3.044
   1.464  -0.700  -3.345  -0.043   0.167  -3.664
  -3.523   1.534   1.122  -3.065   0.554   1.019  -3.454   0.087   0.119  -3.338
  -0.032   1.902  -1.561   0.689   0.946  -1.056   1.816   0.930  -0.850  -0.440
   0.879  -1.348  -1.321   0.880   0.605  -0.512   0.845   0.985   0.266   1.523
   1.039  -1.870   1.441   2.136  -1.889   1.510   0.682  -2.706   0.833   0.623
  -1.981   2.447   1.219  -0.263  -0.559   2.443  -0.124  -0.688   0.394  -0.180
  -1.617  -0.594  -0.227  -1.412   0.814   0.086  -3.003   1.400   1.003  -3.068
   1.422  -0.742  -3.367  -0.037   0.204  -3.652
  -3.483   1.526   1.107  -3.047   0.557   1.027  -3.417   0.062   0.143  -3.292
  -0.053   1.881  -1.553   0.687   0.955  -1.039   1.794   0.950  -0.843  -0.437
   0.889  -1.358  -1.302   0.871   0.620  -0.512   0.848   1.036   0.262   1.491
   1.046  -1.879   1.426   2.136  -1.930   1.509   0.682  -2.708   0.800   0.664
  -1.979   2.442   1.212  -0.266  -0.572   2.425  -0.142  -0.708   0.378  -0.193
  -1.627  -0.602  -0.323  -1.451   0.804   0.058  -2.998   1.376   0.977  -3.031
   1.435  -0.759  -3.351  -0.067   0.154  -3.647
  -3.508   1.535   1.031  -3.051   0.553   1.022  -3.415   0.012   0.150  -3.317
  -0.006   1.905  -1.548   0.705   0.957  -1.048   1.818   0.946  -0.844  -0.429
   0.889  -1.333  -1.303   0.926   0.622  -0.489   0.836   0.999   0.278   1.492
   1.016  -1.839   1.439   2.114  -1.899   1.466   0.632  -2.667   0.830   0.611
  -1.922   2.454   1.222  -0.259  -0.572   2.443  -0.156  -0.710   0.394  -0.168
  -1.622  -0.595  -0.329  -1.465   0.836   0.060  -3.005   1.359   1.027  -3.071
   1.505  -0.736  -3.351  -0.023   0.113  -3.680
  -3.551   1.507   1.026  -3.068   0.526   1.049  -3.387  -0.049   0.192  -3.285
   0.019   1.992  -1.572   0.687   0.959  -1.082   1.815   0.955  -0.868  -0.434
   0.871  -1.382  -1.304   0.880   0.591  -0.491   0.834   0.986   0.269   1.503
   1.012  -1.833   1.400   2.101  -1.907   1.403   0.618  -2.655   0.806   0.660
  -1.953   2.433   1.203  -0.237  -0.562   2.433  -0.184  -0.696   0.383  -0.138
  -1.599  -0.613  -0.209  -1.417   0.831   0.061  -2.984   1.449   0.957  -2.985
   1.439  -0.769  -3.325  -0.011   0.201  -3.659
  -3.595   1.515   1.100  -3.093   0.546   1.046  -3.434   0.013   0.153  -3.328
  -0.059   1.934  -1.576   0.724   0.951  -1.062   1.841   0.922  -0.855  -0.396
   0.897  -1.365  -1.244   1.009   0.604  -0.459   0.866   0.993   0.288   1.548
   1.000  -1.861   1.398   2.078  -1.945   1.461   0.578  -2.631   0.769   0.590
  -1.991   2.407   1.224  -0.222  -0.537   2.453  -0.144  -0.665   0.411  -0.184
  -1.619  -0.583  -0.292  -1.446   0.826   0.087  -3.003   1.408   1.011  -3.056
   1.424  -0.754  -3.323  -0.075   0.182  -3.623
  -3.590   1.508   0.947  -3.074   0.548   1.026  -3.397  -0.134   0.239  -3.326
   0.080   1.989  -1.590   0.729   0.932  -1.081   1.848   0.924  -0.865  -0.403
   0.875  -1.387  -1.282   0.918   0.598  -0.465   0.845   1.012   0.268   1.521
   0.969  -1.846   1.408   2.053  -1.929   1.462   0.578  -2.654   0.791   0.607
  -1.875   2.445   1.242  -0.218  -0.549   2.464  -0.157  -0.657   0.417  -0.123
  -1.609  -0.567  -0.307  -1.497   0.844   0.096  -2.984   1.379   1.063  -3.044
   1.561  -0.667  -3.293   0.022   0.119  -3.712
  -3.583   1.513   1.013  -3.062   0.544   1.045  -3.409  -0.066   0.202  -3.280
   0.047   1.996  -1.552   0.712   0.929  -1.045   1.829   0.919  -0.859  -0.400
   0.864  -1.376  -1.260   0.885   0.606  -0.484   0.819   1.011   0.246   1.481
   1.025  -1.848   1.373   2.106  -1.892   1.321   0.599  -2.640   0.782   0.708
  -1.955   2.420   1.256  -0.223  -0.574   2.492  -0.151  -0.708   0.432  -0.144
  -1.621  -0.571  -0.197  -1.439   0.873   0.031  -2.985   1.445   0.958  -3.050
   1.569  -0.781  -3.209   0.000   0.030  -3.649
  -3.552   1.487   0.990  -3.055   0.526   1.024  -3.468  -0.089   0.223  -3.301
   0.066   1.987  -1.556   0.711   0.906  -1.063   1.821   0.962  -0.834  -0.418
   0.865  -1.367  -1.266   0.859   0.605  -0.483   0.819   0.985   0.283   1.469
   0.990  -1.813   1.400   2.091  -1.897   1.464   0.608  -2.591   0.782   0.614
  -1.865   2.412   1.240  -0.234  -0.562   2.464  -0.118  -0.700   0.416  -0.148
  -1.619  -0.578  -0.168  -1.452   0.882   0.093  -3.001   1.469   1.029  -2.990
   1.539  -0.711  -3.358   0.012   0.184  -3.676
  -3.499   1.521   1.131  -3.050   0.526   1.105  -3.436  -0.069   0.284  -3.257
   0.030   2.047  -1.547   0.703   0.957  -1.019   1.812   0.928  -0.856  -0.430
   0.854  -1.381  -1.296   0.903   0.601  -0.449   0.857   1.036   0.299   1.533
   1.015  -1.797   1.393   2.116  -1.880   1.429   0.584  -2.566   0.740   0.675
  -1.918   2.416   1.250  -0.240  -0.527   2.484  -0.159  -0.665   0.435  -0.174
  -1.595  -0.555  -0.319  -1.415   0.868   0.003  -2.990   1.339   0.992  -3.129
   1.529  -0.800  -3.276   0.007  -0.003  -3.668
  -3.520   1.493   1.131  -3.041   0.542   1.118  -3.432  -0.082   0.342  -3.223
   0.024   2.079  -1.582   0.715   0.949  -1.070   1.845   0.874  -0.850  -0.400
   0.865  -1.335  -1.285   0.966   0.618  -0.472   0.826   1.058   0.307   1.427
   1.001  -1.828   1.413   2.104  -1.906   1.423   0.609  -2.653   0.813   0.655
  -1.923   2.441   1.264  -0.216  -0.547   2.491  -0.137  -0.645   0.469  -0.127
  -1.611  -0.538  -0.196  -1.458   0.896  -0.032  -2.984   1.358   0.941  -3.189
   1.622  -0.834  -3.173   0.028  -0.172  -3.634
  -3.529   1.570   1.220  -3.043   0.583   1.107  -3.444   0.104   0.247  -3.198
  -0.064   1.975  -1.524   0.727   0.950  -1.040   1.872   0.921  -0.838  -0.417
   0.863  -1.292  -1.292   0.979   0.612  -0.457   0.787   0.998   0.313   1.476
   1.037  -1.804   1.394   2.120  -1.790   1.495   0.699  -2.587   0.727   0.616
  -1.895   2.399   1.276  -0.224  -0.582   2.504  -0.169  -0.621   0.487  -0.147
  -1.665  -0.511  -0.171  -1.540   0.924   0.005  -3.055   1.418   0.963  -3.244
   1.654  -0.780  -3.339   0.071  -0.054  -3.743
  -3.457   1.592   1.199  -3.026   0.585   1.132  -3.475   0.099   0.293  -3.246
   0.069   2.093  -1.567   0.729   0.920  -1.029   1.834   0.875  -0.872  -0.426
   0.863  -1.322  -1.315   0.924   0.596  -0.476   0.840   0.956   0.318   1.515
   1.017  -1.833   1.424   2.109  -1.859   1.421   0.627  -2.630   0.778   0.622
  -1.921   2.455   1.251  -0.264  -0.560   2.482  -0.171  -0.664   0.484  -0.208
  -1.671  -0.529  -0.237  -1.506   0.967   0.046  -3.008   1.390   1.032  -3.060
   1.768  -0.651  -3.255   0.127  -0.049  -3.709
  -3.486   1.647   1.237  -3.048   0.640   1.135  -3.432   0.149   0.256  -3.212
   0.045   2.026  -1.547   0.755   0.929  -0.996   1.879   0.907  -0.872  -0.407
   0.842  -1.389  -1.281   0.989   0.581  -0.505   0.820   0.945   0.286   1.521
   0.980  -1.851   1.407   2.051  -2.034   1.292   0.507  -2.633   0.820   0.590
  -1.915   2.426   1.274  -0.280  -0.569   2.493  -0.127  -0.692   0.473  -0.254
  -1.645  -0.527  -0.368  -1.494   0.933   0.074  -2.970   1.413   1.051  -2.919
   1.626  -0.711  -3.298   0.053   0.175  -3.664
  -3.462   1.627   1.331  -3.039   0.624   1.108  -3.429   0.220   0.195  -3.335
   0.002   1.975  -1.544   0.753   0.930  -1.039   1.876   0.875  -0.857  -0.399
   0.844  -1.388  -1.236   0.937   0.599  -0.533   0.816   0.976   0.258   1.458
   0.999  -1.888   1.453   2.075  -2.080   1.417   0.469  -2.700   0.935   0.720
  -1.847   2.503   1.281  -0.300  -0.566   2.508  -0.086  -0.620   0.499  -0.279
  -1.665  -0.496  -0.421  -1.548   0.912   0.107  -3.009   1.349   1.111  -2.976
   1.699  -0.613  -3.333   0.060   0.068  -3.715
  -3.481   1.587   1.062  -3.028   0.596   1.104  -3.385  -0.040   0.294  -3.261
   0.119   2.032  -1.560   0.713   0.935  -1.049   1.828   0.905  -0.863  -0.397
   0.863  -1.357  -1.246   0.872   0.587  -0.518   0.798   0.975   0.281   1.416
   0.936  -1.853   1.395   1.991  -2.071   1.243   0.380  -2.625   0.877   0.773
  -1.871   2.455   1.228  -0.277  -0.571   2.467  -0.182  -0.609   0.447  -0.234
  -1.650  -0.511  -0.346  -1.515   0.943   0.091  -3.016   1.226   1.142  -3.077
   1.814  -0.493  -3.275   0.149  -0.143  -3.729
  -3.531   1.610   0.841  -3.075   0.615   1.020  -3.470  -0.061   0.256  -3.321
   0.255   2.000  -1.558   0.715   0.873  -0.987   1.814   0.846  -0.882  -0.455
   0.869  -1.446  -1.288   0.912   0.567  -0.560   0.834   1.016   0.211   1.459
   0.974  -1.912   1.355   2.067  -2.083   1.319   0.428  -2.676   0.795   0.716
  -1.988   2.397   1.194  -0.308  -0.553   2.415  -0.180  -0.623   0.418  -0.289
  -1.642  -0.587  -0.375  -1.513   0.928   0.113  -3.008   1.261   1.176  -3.036
   1.776  -0.521  -3.258   0.096  -0.001  -3.763
  -3.466   1.674   0.810  -3.042   0.710   1.066  -3.445  -0.046   0.419  -3.305
   0.417   2.107  -1.493   0.735   0.926  -0.888   1.805   0.816  -0.898  -0.486
   0.869  -1.508  -1.299   0.889   0.559  -0.637   0.814   1.016   0.129   1.451
   0.979  -2.022   1.344   2.073  -2.109   1.322   0.467  -2.792   0.771   0.713
  -2.092   2.393   1.209  -0.361  -0.579   2.429  -0.131  -0.678   0.437  -0.379
  -1.664  -0.558  -0.450  -1.524   0.896   0.061  -3.001   1.279   1.054  -2.969
   1.729  -0.545  -3.311   0.119  -0.057  -3.755
  -3.482   1.640   0.848  -3.060   0.661   1.058  -3.462  -0.058   0.337  -3.295
   0.380   2.081  -1.537   0.714   0.933  -0.946   1.792   0.891  -0.904  -0.457
   0.925  -1.477  -1.273   1.202   0.553  -0.647   0.799   1.070   0.052   1.464
   0.895  -2.045   1.284   1.950  -2.193   1.080   0.335  -2.798   0.763   0.844
  -2.128   2.371   1.160  -0.367  -0.581   2.394  -0.090  -0.655   0.349  -0.402
  -1.677  -0.622  -0.671  -1.565   0.797   0.076  -3.001   1.241   1.053  -2.884
   1.579  -0.562  -3.440   0.041   0.063  -3.778
  -3.476   1.690   1.026  -3.048   0.685   1.128  -3.489   0.010   0.466  -3.243
   0.336   2.133  -1.557   0.702   0.927  -0.939   1.760   0.851  -0.900  -0.466
   0.871  -1.417  -1.306   1.062   0.529  -0.609   0.787   1.022   0.097   1.469
   0.906  -1.987   1.288   1.956  -2.145   1.272   0.450  -2.730   0.695   0.622
  -2.147   2.334   1.181  -0.347  -0.621   2.396  -0.101  -0.676   0.425  -0.436
  -1.728  -0.527  -0.730  -1.620   0.820   0.088  -3.037   1.284   1.069  -2.879
   1.581  -0.596  -3.450   0.014   0.111  -3.717
  -3.348   1.737   1.169  -3.071   0.685   1.203  -3.539   0.174   0.342  -3.285
   0.214   2.180  -1.558   0.670   0.965  -0.932   1.717   0.861  -0.960  -0.531
   0.853  -1.501  -1.376   0.968   0.528  -0.656   0.796   0.913   0.116   1.428
   0.935  -2.028   1.368   2.047  -2.078   1.393   0.533  -2.798   0.750   0.579
  -2.078   2.406   1.177  -0.364  -0.578   2.369  -0.027  -0.652   0.432  -0.389
  -1.688  -0.517  -0.717  -1.586   0.891   0.081  -3.021   1.227   1.066  -3.026
   1.755  -0.534  -3.387   0.076   0.038  -3.748
  -3.356   1.759   1.123  -3.048   0.726   1.122  -3.577   0.228   0.352  -3.294
   0.284   2.071  -1.571   0.657   0.919  -0.884   1.679   0.864  -0.969  -0.532
   0.763  -1.510  -1.369   0.706   0.508  -0.588   0.808   0.903   0.090   1.533
   0.997  -1.879   1.440   2.109  -1.912   1.441   0.705  -2.721   0.831   0.486
  -1.947   2.432   1.157  -0.337  -0.565   2.355  -0.097  -0.622   0.419  -0.410
  -1.685  -0.560  -0.631  -1.577   0.914   0.028  -2.981   1.246   1.071  -2.961
   1.769  -0.596  -3.342   0.142  -0.034  -3.768
  -3.513   1.623   0.967  -3.068   0.647   1.152  -3.572  -0.060   0.494  -3.220
   0.352   2.212  -1.578   0.667   0.894  -0.987   1.740   0.873  -0.969  -0.521
   0.773  -1.511  -1.354   0.900   0.489  -0.649   0.782   0.869   0.165   1.420
   0.936  -1.949   1.404   2.026  -1.940   1.495   0.627  -2.795   0.823   0.446
  -2.005   2.354   1.141  -0.344  -0.573   2.362  -0.058  -0.598   0.418  -0.377
  -1.697  -0.539  -0.614  -1.630   0.849   0.031  -3.007   0.991   1.111  -2.948
   1.807  -0.402  -3.275   0.055  -0.131  -3.755
  -3.472   1.650   0.830  -3.057   0.702   1.184  -3.522  -0.151   0.696  -3.205
   0.575   2.250  -1.555   0.733   0.947  -0.939   1.779   0.858  -0.943  -0.446
   0.833  -1.436  -1.320   0.855   0.547  -0.564   0.772   0.912   0.210   1.414
   0.969  -1.897   1.391   2.030  -1.924   1.661   0.873  -2.728   0.655   0.405
  -2.123   2.297   1.176  -0.316  -0.642   2.414  -0.121  -0.740   0.400  -0.397
  -1.717  -0.601  -0.452  -1.554   0.882   0.026  -3.054   1.306   1.063  -3.032
   1.700  -0.591  -3.481   0.059   0.070  -3.780
  -3.474   1.624   0.848  -3.046   0.697   1.203  -3.531  -0.138   0.685  -3.173
   0.659   2.289  -1.546   0.710   0.959  -0.964   1.798   0.850  -0.925  -0.465
   0.858  -1.465  -1.322   0.724   0.563  -0.547   0.753   1.000   0.187   1.405
   0.960  -1.875   1.375   2.006  -1.803   1.623   0.763  -2.703   0.732   0.445
  -1.983   2.349   1.179  -0.362  -0.639   2.394  -0.164  -0.706   0.411  -0.404
  -1.732  -0.604  -0.581  -1.645   0.866   0.019  -3.065   1.249   1.035  -3.040
   1.668  -0.590  -3.401   0.046  -0.064  -3.805
  -3.525   1.463   0.591  -3.053   0.659   1.120  -3.537  -0.294   0.904  -3.262
   0.781   2.191  -1.589   0.721   0.891  -1.038   1.804   0.894  -0.914  -0.418
   0.811  -1.460  -1.260   0.788   0.576  -0.544   0.743   1.049   0.221   1.291
   0.970  -1.877   1.388   1.962  -1.836   1.829   1.004  -2.623   0.632   0.306
  -2.128   2.211   1.208  -0.416  -0.659   2.417  -0.220  -0.779   0.426  -0.333
  -1.693  -0.523  -0.518  -1.505   0.917  -0.015  -3.049   1.377   0.953  -3.030
   1.646  -0.740  -3.443   0.107   0.049  -3.767
  -3.627   1.423   0.533  -3.086   0.624   1.074  -3.513  -0.307   0.741  -3.290
   0.668   2.145  -1.601   0.702   0.843  -1.066   1.807   0.860  -0.916  -0.423
   0.756  -1.407  -1.287   0.927   0.558  -0.530   0.761   0.954   0.319   1.351
   0.939  -1.884   1.428   1.998  -1.879   1.676   0.756  -2.603   0.651   0.292
  -2.126   2.290   1.243  -0.417  -0.633   2.465  -0.252  -0.672   0.489  -0.168
  -1.702  -0.503  -0.290  -1.587   0.924   0.025  -3.059   1.527   0.952  -3.159
   1.604  -0.796  -3.324   0.117   0.005  -3.809
  -3.584   1.491   0.689  -3.089   0.643   1.084  -3.467  -0.316   0.658  -3.225
   0.664   2.198  -1.591   0.700   0.869  -1.046   1.810   0.783  -0.905  -0.460
   0.735  -1.370  -1.348   0.730   0.577  -0.550   0.746   0.937   0.204   1.412
   0.960  -1.908   1.320   2.006  -1.944   1.603   0.782  -2.702   0.602   0.422
  -2.080   2.234   1.269  -0.286  -0.619   2.493  -0.197  -0.693   0.451  -0.226
  -1.682  -0.572  -0.336  -1.560   0.936  -0.018  -3.070   1.308   0.999  -3.226
   1.724  -0.713  -3.321   0.134  -0.211  -3.827
  -3.569   1.456   0.681  -3.095   0.579   1.092  -3.492  -0.321   0.698  -3.227
   0.591   2.133  -1.567   0.736   0.878  -1.018   1.836   0.788  -0.913  -0.440
   0.698  -1.402  -1.369   0.668   0.552  -0.584   0.700   0.928   0.187   1.331
   0.945  -1.918   1.333   1.961  -1.821   1.732   0.882  -2.683   0.545   0.210
  -2.180   2.132   1.264  -0.356  -0.644   2.512  -0.237  -0.726   0.528  -0.253
  -1.760  -0.457  -0.354  -1.652   1.003   0.049  -3.108   1.214   1.136  -3.187
   1.903  -0.576  -3.273   0.264  -0.194  -3.902
  -3.572   1.499   0.683  -3.100   0.603   1.005  -3.479  -0.281   0.496  -3.302
   0.395   2.032  -1.599   0.689   0.885  -1.014   1.768   0.827  -0.905  -0.460
   0.731  -1.463  -1.308   0.695   0.587  -0.519   0.730   1.018   0.277   1.368
   0.937  -1.888   1.270   1.965  -1.841   1.580   0.818  -2.710   0.526   0.331
  -2.162   2.161   1.237  -0.301  -0.671   2.488  -0.218  -0.742   0.444  -0.136
  -1.773  -0.531  -0.307  -1.688   0.980   0.059  -3.118   1.038   1.137  -3.312
   2.005  -0.347  -3.195   0.271  -0.401  -3.880
  -3.551   1.454   0.629  -3.103   0.530   1.023  -3.499  -0.300   0.439  -3.241
   0.457   2.114  -1.570   0.648   0.863  -1.030   1.752   0.830  -0.869  -0.460
   0.777  -1.388  -1.325   0.675   0.582  -0.512   0.710   1.042   0.229   1.362
   0.914  -1.906   1.254   1.964  -1.874   1.586   0.703  -2.656   0.500   0.239
  -2.157   2.095   1.180  -0.252  -0.696   2.434  -0.263  -0.743   0.435  -0.101
  -1.736  -0.591  -0.173  -1.595   1.004   0.074  -3.130   0.914   1.108  -3.421
   2.032  -0.276  -3.186   0.441  -0.514  -3.867
  -3.587   1.527   0.702  -3.148   0.629   0.994  -3.557  -0.134   0.370  -3.408
   0.462   2.078  -1.650   0.660   0.928  -1.117   1.753   0.841  -0.944  -0.469
   0.859  -1.420  -1.359   0.933   0.527  -0.469   0.697   0.979   0.291   1.315
   1.004  -1.803   1.300   2.083  -1.781   1.531   0.876  -2.585   0.536   0.532
  -2.022   2.276   1.148  -0.257  -0.727   2.407  -0.248  -0.758   0.469  -0.024
  -1.860  -0.545  -0.008  -1.748   1.064   0.109  -3.193   0.824   1.095  -3.560
   2.123  -0.177  -3.076   0.527  -0.556  -3.814
  -3.608   1.575   0.665  -3.152   0.650   1.032  -3.511  -0.214   0.450  -3.380
   0.413   2.078  -1.610   0.704   0.905  -1.049   1.784   0.840  -0.940  -0.430
   0.732  -1.426  -1.308   0.691   0.520  -0.453   0.742   0.820   0.368   1.384
   0.926  -1.798   1.396   1.978  -1.793   1.720   0.731  -2.629   0.701   0.443
  -2.023   2.326   1.167  -0.270  -0.675   2.407  -0.304  -0.774   0.425  -0.111
  -1.844  -0.572  -0.071  -1.717   0.930   0.115  -3.179   0.897   1.186  -3.458
   1.942  -0.264  -3.265   0.371  -0.485  -3.883
  -3.584   1.357   0.400  -3.090   0.597   1.043  -3.467  -0.383   0.714  -3.396
   0.715   2.108  -1.585   0.724   0.851  -1.042   1.833   0.922  -0.909  -0.404
   0.712  -1.468  -1.272   0.638   0.543  -0.486   0.695   0.982   0.269   1.325
   0.963  -1.825   1.354   2.088  -1.826   1.498   0.530  -2.627   0.744   0.569
  -1.804   2.352   1.187  -0.287  -0.708   2.391  -0.443  -0.782   0.411   0.007
  -1.789  -0.587  -0.018  -1.595   0.873   0.176  -3.197   0.796   1.240  -3.468
   1.898  -0.147  -3.318   0.287  -0.445  -3.870
  -3.632   1.513   0.574  -3.166   0.634   1.001  -3.570  -0.268   0.584  -3.375
   0.629   2.054  -1.657   0.735   0.874  -1.078   1.810   0.950  -0.914  -0.431
   0.714  -1.365  -1.352   0.670   0.556  -0.534   0.681   0.941   0.242   1.288
   1.048  -1.861   1.339   2.147  -1.899   1.438   0.707  -2.685   0.698   0.639
  -1.979   2.340   1.242  -0.305  -0.690   2.444  -0.364  -0.797   0.429  -0.006
  -1.716  -0.563  -0.012  -1.599   0.883   0.144  -3.102   0.737   1.163  -3.395
   1.978  -0.040  -3.240   0.278  -0.549  -3.698
  -3.491   1.634   0.673  -3.098   0.682   1.007  -3.506  -0.167   0.463  -3.386
   0.502   2.055  -1.617   0.737   0.864  -1.075   1.856   0.915  -0.952  -0.380
   0.713  -1.452  -1.283   0.758   0.486  -0.444   0.712   0.861   0.339   1.358
   0.893  -1.832   1.299   2.034  -1.975   1.392   0.538  -2.645   0.645   0.432
  -1.981   2.246   1.109  -0.240  -0.676   2.333  -0.334  -0.798   0.412  -0.043
  -1.796  -0.585   0.024  -1.696   0.878   0.110  -3.157   0.683   1.126  -3.502
   1.923  -0.119  -3.304   0.255  -0.547  -3.778
  -3.657   1.590   0.668  -3.121   0.720   0.987  -3.469  -0.181   0.465  -3.388
   0.543   2.020  -1.646   0.789   0.870  -1.113   1.887   0.900  -1.000  -0.352
   0.690  -1.540  -1.152   0.794   0.478  -0.432   0.670   0.806   0.344   1.322
   0.882  -1.829   1.285   1.986  -1.942   1.225   0.458  -2.645   0.661   0.552
  -1.862   2.350   1.158  -0.234  -0.694   2.372  -0.382  -0.790   0.379  -0.007
  -1.751  -0.638  -0.033  -1.599   0.830   0.141  -3.144   0.764   1.171  -3.454
   1.880  -0.153  -3.240   0.214  -0.522  -3.794
  -3.487   1.723   0.755  -3.132   0.726   1.057  -3.573  -0.002   0.396  -3.366
   0.462   2.054  -1.635   0.819   0.927  -1.136   1.892   0.865  -0.936  -0.305
   0.711  -1.535  -1.123   0.805   0.508  -0.478   0.670   0.911   0.330   1.294
   0.920  -1.833   1.270   2.006  -1.876   1.339   0.442  -2.702   0.777   0.558
  -1.800   2.298   1.140  -0.369  -0.728   2.383  -0.406  -0.763   0.384  -0.048
  -1.770  -0.621  -0.059  -1.559   0.814   0.201  -3.137   0.921   1.273  -3.341
   1.818  -0.244  -3.284   0.113  -0.196  -3.902
  -3.514   1.683   0.817  -3.150   0.696   0.990  -3.504  -0.031   0.286  -3.403
   0.414   2.003  -1.648   0.772   0.875  -1.086   1.894   0.938  -0.969  -0.356
   0.639  -1.525  -1.204   0.564   0.512  -0.429   0.677   0.863   0.390   1.304
   0.857  -1.808   1.269   1.907  -1.982   1.209   0.361  -2.611   0.717   0.620
  -1.781   2.310   1.139  -0.266  -0.727   2.356  -0.291  -0.815   0.347  -0.063
  -1.773  -0.654   0.034  -1.659   0.798   0.219  -3.166   0.655   1.317  -3.289
   1.859  -0.030  -3.249   0.234  -0.310  -3.934
  -3.565   1.756   0.936  -3.196   0.722   1.057  -3.644   0.061   0.271  -3.468
   0.362   2.021  -1.678   0.801   0.880  -1.071   1.890   0.882  -1.011  -0.374
   0.655  -1.535  -1.239   0.640   0.499  -0.519   0.633   0.889   0.302   1.284
   0.823  -1.907   1.182   1.895  -2.052   1.199   0.265  -2.723   0.602   0.497
  -1.912   2.238   1.140  -0.266  -0.754   2.371  -0.261  -0.831   0.317   0.065
  -1.810  -0.672   0.064  -1.593   0.825   0.326  -3.179   0.667   1.358  -3.533
   1.907   0.006  -3.156   0.235  -0.324  -3.798
  -3.473   1.779   0.939  -3.161   0.741   0.997  -3.594   0.034   0.288  -3.352
   0.371   2.027  -1.688   0.757   0.852  -1.100   1.863   0.824  -1.061  -0.435
   0.598  -1.580  -1.327   0.556   0.386  -0.533   0.567   0.789   0.184   1.230
   0.811  -1.924   1.126   1.896  -1.900   1.144   0.392  -2.751   0.588   0.426
  -2.042   2.171   1.093  -0.158  -0.754   2.317  -0.295  -0.862   0.319   0.173
  -1.832  -0.672   0.079  -1.684   0.798   0.297  -3.183   1.008   1.370  -3.382
   1.688  -0.320  -3.300   0.072  -0.046  -3.909
  -3.515   1.773   0.951  -3.244   0.757   0.987  -3.677   0.142   0.222  -3.489
   0.388   1.958  -1.733   0.747   0.716  -1.125   1.809   0.703  -1.091  -0.411
   0.543  -1.638  -1.238   0.384   0.364  -0.493   0.644   0.647   0.289   1.378
   0.730  -1.889   1.106   1.813  -1.997   1.344   0.441  -2.593   0.292   0.135
  -2.111   1.995   1.051  -0.201  -0.717   2.297  -0.288  -0.846   0.260   0.192
  -1.782  -0.679   0.390  -1.588   0.700   0.370  -3.194   0.944   1.385  -3.341
   1.642  -0.170  -3.458  -0.051  -0.008  -3.840
  -3.521   1.707   1.262  -3.185   0.738   0.970  -3.660   0.405   0.049  -3.422
   0.069   1.841  -1.693   0.758   0.670  -1.092   1.818   0.690  -1.122  -0.416
   0.510  -1.665  -1.227   0.555   0.342  -0.547   0.542   0.740   0.262   1.218
   0.735  -1.885   1.133   1.759  -1.950   1.393   0.501  -2.644   0.450   0.133
  -2.004   2.073   1.060  -0.160  -0.776   2.285  -0.271  -0.849   0.221   0.194
  -1.803  -0.771   0.075  -1.538   0.645   0.481  -3.188   0.810   1.555  -3.281
   1.573  -0.053  -3.369  -0.162   0.163  -3.872
  -3.656   1.723   1.195  -3.257   0.731   0.937  -3.751   0.246   0.040  -3.481
   0.065   1.760  -1.754   0.790   0.782  -1.180   1.858   0.738  -1.123  -0.363
   0.587  -1.684  -1.165   0.664   0.350  -0.553   0.532   0.817   0.107   1.296
   0.633  -1.969   1.064   1.688  -2.009   1.274   0.295  -2.661   0.312   0.086
  -2.114   1.982   0.985  -0.206  -0.854   2.242  -0.269  -0.930   0.191   0.235
  -1.842  -0.717   0.515  -1.517   0.673   0.556  -3.184   0.716   1.643  -3.281
   1.704   0.135  -3.307   0.036   0.174  -3.969
  -3.740   1.667   1.450  -3.363   0.765   0.965  -3.923   0.601   0.035  -3.654
  -0.105   1.626  -1.813   0.756   0.757  -1.169   1.849   0.825  -1.214  -0.388
   0.495  -1.777  -1.213   0.462   0.217  -0.471   0.501   0.588   0.321   1.175
   0.606  -1.858   1.104   1.547  -1.869   1.536   0.652  -2.656   0.338  -0.094
  -2.104   1.911   0.898  -0.051  -0.843   2.086  -0.134  -0.958   0.143   0.303
  -1.898  -0.855   0.260  -1.737   0.585   0.581  -3.234   0.730   1.674  -3.467
   1.490   0.048  -3.394  -0.146   0.122  -3.893
  -3.691   1.816   1.167  -3.414   0.786   0.920  -3.823   0.528  -0.050  -3.647
   0.069   1.693  -1.874   0.797   0.761  -1.188   1.851   0.869  -1.266  -0.334
   0.425  -1.851  -1.205   0.412   0.151  -0.460   0.496   0.525   0.226   1.286
   0.445  -1.855   1.045   1.464  -1.970   1.307   0.191  -2.684   0.321  -0.190
  -1.981   1.956   0.889  -0.110  -0.813   2.144  -0.118  -0.892   0.179   0.328
  -1.861  -0.787   0.591  -1.611   0.599   0.576  -3.258   0.680   1.653  -3.474
   1.598   0.135  -3.454  -0.180   0.116  -3.893
  -3.787   1.730   1.032  -3.366   0.701   0.939  -3.809   0.418  -0.043  -3.608
   0.101   1.790  -1.875   0.828   0.748  -1.277   1.902   0.918  -1.281  -0.342
   0.411  -1.798  -1.169   0.248   0.165  -0.438   0.449   0.516   0.200   1.252
   0.442  -1.853   1.014   1.502  -1.902   1.178   0.146  -2.557   0.271  -0.235
  -2.074   1.883   0.933   0.001  -0.826   2.149  -0.030  -0.869   0.188   0.284
  -1.907  -0.795   0.240  -1.689   0.642   0.658  -3.243   0.730   1.750  -3.467
   1.591   0.210  -3.433   0.031   0.148  -3.980
  -3.752   1.785   0.878  -3.331   0.780   0.981  -3.822   0.291   0.167  -3.494
   0.396   1.971  -1.879   0.860   0.812  -1.243   1.918   0.961  -1.241  -0.274
   0.391  -1.835  -0.958   0.047   0.185  -0.474   0.539   0.505   0.158   1.360
   0.546  -1.922   0.932   1.645  -2.036   1.016   0.262  -2.546   0.023   0.062
  -2.149   1.914   0.875  -0.105  -0.801   2.111  -0.075  -0.776   0.149   0.319
  -1.873  -0.835   0.250  -1.801   0.674   0.624  -3.197   0.481   1.698  -3.440
   1.687   0.287  -3.367   0.107   0.073  -3.976
  -3.859   1.825   1.111  -3.426   0.860   0.916  -3.907   0.359   0.105  -3.597
   0.204   1.733  -1.882   0.882   0.729  -1.305   1.911   1.016  -1.290  -0.283
   0.359  -1.886  -1.084   0.295   0.162  -0.461   0.458   0.489   0.286   1.214
   0.504  -1.824   0.943   1.594  -1.864   1.050   0.056  -2.696   0.422  -0.013
  -2.020   1.906   0.859  -0.170  -0.866   2.065  -0.143  -0.884   0.114   0.251
  -1.904  -0.870   0.355  -1.624   0.557   0.637  -3.227   0.268   1.665  -3.534
   1.624   0.477  -3.368   0.110  -0.058  -3.955
  -3.716   1.874   0.869  -3.383   0.855   0.904  -3.809   0.401   0.039  -3.616
   0.301   1.815  -1.909   0.890   0.745  -1.332   1.970   0.876  -1.291  -0.223
   0.481  -1.866  -1.036   0.341   0.174  -0.420   0.434   0.544   0.323   1.086
   0.470  -1.878   1.002   1.544  -1.988   1.210   0.164  -2.658   0.262  -0.151
  -2.000   1.874   0.877  -0.067  -0.859   2.067  -0.204  -0.954   0.162   0.356
  -1.920  -0.823   0.203  -1.919   0.746   0.635  -3.228   0.349   1.568  -3.525
   1.887   0.557  -3.293   0.333  -0.069  -3.947
  -3.923   1.843   0.748  -3.472   0.824   0.858  -3.828   0.233   0.055  -3.725
   0.476   1.864  -1.933   0.857   0.723  -1.317   1.901   0.953  -1.274  -0.260
   0.484  -1.821  -1.034   0.162   0.177  -0.338   0.530   0.622   0.363   1.211
   0.561  -1.731   1.069   1.664  -1.921   1.201   0.200  -2.480   0.370   0.074
  -1.925   2.023   0.817  -0.068  -0.833   2.055  -0.197  -0.918   0.118   0.386
  -1.867  -0.870   0.505  -1.606   0.676   0.582  -3.217   0.371   1.518  -3.607
   1.683   0.633  -3.146   0.502  -0.181  -3.937
  -3.864   1.591   0.433  -3.406   0.754   0.926  -3.803  -0.128   0.434  -3.667
   0.784   1.993  -1.957   0.828   0.755  -1.426   1.879   0.862  -1.284  -0.305
   0.397  -1.836  -1.115   0.166   0.151  -0.418   0.449   0.518   0.391   1.038
   0.573  -1.822   1.051   1.630  -1.858   1.156   0.177  -2.577   0.413   0.142
  -1.952   2.062   0.855  -0.103  -0.897   2.049  -0.291  -0.982   0.074   0.368
  -1.884  -0.867   0.529  -1.577   0.609   0.677  -3.182  -0.033   1.474  -3.589
   1.682   0.921  -3.126   0.437  -0.200  -3.800
  -3.963   1.617   0.579  -3.399   0.782   0.968  -3.924  -0.086   0.466  -3.484
   0.800   2.030  -1.898   0.863   0.661  -1.308   1.914   0.884  -1.328  -0.291
   0.408  -1.874  -1.112   0.416   0.147  -0.371   0.486   0.531   0.338   1.163
   0.549  -1.758   1.002   1.648  -1.900   1.111   0.098  -2.491   0.362   0.091
  -1.761   1.997   0.871  -0.068  -0.858   2.117  -0.162  -0.943   0.109   0.307
  -1.928  -0.892   0.138  -1.896   0.588   0.653  -3.248   0.116   1.577  -3.564
   1.655   0.827  -3.098   0.445  -0.263  -3.872
  -3.790   1.799   1.002  -3.412   0.811   1.008  -3.927   0.250   0.183  -3.428
   0.423   1.988  -1.913   0.936   0.769  -1.319   1.978   0.859  -1.344  -0.215
   0.376  -1.921  -1.029   0.359   0.171  -0.351   0.459   0.565   0.277   1.270
   0.415  -1.791   0.949   1.433  -1.961   0.964  -0.025  -2.504   0.163  -0.102
  -1.968   1.907   0.970  -0.010  -0.887   2.202  -0.156  -0.903   0.255   0.394
  -1.957  -0.753   0.537  -1.816   0.656   0.554  -3.337   0.116   1.383  -3.817
   1.752   0.579  -3.474   0.288  -0.382  -3.835
  -3.858   1.809   1.339  -3.405   0.815   1.101  -3.782   0.451   0.197  -3.544
   0.106   1.895  -1.936   0.937   0.757  -1.372   1.998   0.917  -1.273  -0.202
   0.497  -1.800  -0.994   0.209   0.219  -0.360   0.429   0.570   0.313   1.195
   0.578  -1.747   1.032   1.627  -1.965   0.884   0.051  -2.437   0.406   0.267
  -1.853   2.059   0.909  -0.018  -0.926   2.135  -0.079  -0.972   0.186   0.462
  -1.932  -0.805   0.504  -1.747   0.606   0.607  -3.351   0.174   1.538  -3.778
   1.706   0.758  -3.263   0.358  -0.312  -3.897
  -3.905   1.686   1.054  -3.408   0.749   0.987  -3.704   0.169   0.125  -3.576
   0.122   1.874  -1.915   0.920   0.803  -1.350   1.964   0.931  -1.238  -0.174
   0.424  -1.738  -1.054   0.545   0.213  -0.303   0.411   0.567   0.388   1.093
   0.537  -1.717   1.005   1.608  -1.803   1.082   0.155  -2.472   0.306   0.102
  -1.835   2.027   0.904   0.056  -0.949   2.120  -0.092  -0.981   0.197   0.510
  -1.974  -0.836   0.403  -1.840   0.701   0.541  -3.297   0.304   1.468  -3.702
   1.794   0.680  -3.270   0.337  -0.300  -3.985
  -3.852   1.798   1.262  -3.474   0.790   1.054  -4.070   0.345   0.236  -3.658
   0.179   1.983  -1.961   0.868   0.854  -1.348   1.935   1.006  -1.282  -0.135
   0.346  -1.792  -0.944   0.153   0.186  -0.237   0.442   0.542   0.472   1.203
   0.551  -1.667   0.986   1.588  -1.749   1.088   0.291  -2.440   0.235  -0.010
  -1.963   1.889   0.950   0.059  -0.880   2.171  -0.092  -0.986   0.242   0.569
  -1.926  -0.778   0.509  -1.797   0.722   0.657  -3.305   0.388   1.644  -3.795
   1.813   0.733  -3.258   0.423  -0.186  -3.877
  -3.916   1.813   1.132  -3.420   0.810   1.074  -3.821   0.238   0.314  -3.620
   0.191   1.941  -1.951   0.947   0.790  -1.317   1.991   0.990  -1.295  -0.156
   0.414  -1.849  -1.021   0.603   0.169  -0.280   0.412   0.442   0.357   1.265
   0.491  -1.688   0.943   1.508  -1.742   1.187   0.207  -2.510   0.228  -0.173
  -1.844   1.841   0.945   0.141  -0.866   2.119  -0.063  -1.011   0.254   0.522
  -1.989  -0.713   0.634  -1.798   0.816   0.616  -3.327   0.522   1.465  -3.905
   1.889   0.594  -3.388   0.510  -0.313  -3.766
  -3.782   1.875   1.023  -3.422   0.881   0.919  -3.858   0.548  -0.055  -3.696
   0.214   1.739  -1.929   0.986   0.769  -1.355   2.055   1.041  -1.314  -0.166
   0.385  -1.932  -0.932   0.352   0.159  -0.359   0.444   0.636   0.356   1.128
   0.582  -1.797   0.825   1.627  -1.823   1.100   0.353  -2.434  -0.018  -0.018
  -2.163   1.613   0.919   0.057  -0.877   2.131  -0.058  -0.960   0.252   0.567
  -1.922  -0.674   0.885  -1.705   0.831   0.746  -3.299   0.410   1.699  -3.685
   1.900   0.768  -3.261   0.549  -0.073  -4.034
  -3.797   1.968   0.872  -3.432   0.948   0.883  -3.911   0.374   0.111  -3.719
   0.582   1.850  -1.905   0.968   0.768  -1.313   2.078   0.958  -1.212  -0.143
   0.541  -1.746  -0.978   0.377   0.273  -0.269   0.486   0.647   0.394   1.310
   0.598  -1.741   0.738   1.665  -1.916   0.773   0.201  -2.354  -0.065   0.117
  -2.088   1.702   0.975   0.101  -0.824   2.210  -0.046  -0.916   0.283   0.505
  -1.901  -0.774   0.577  -1.737   0.870   0.886  -3.186   0.333   1.645  -3.751
   1.874   1.212  -3.068   0.962  -0.001  -3.853
  -3.838   1.968   0.787  -3.369   0.984   0.916  -3.702   0.260   0.200  -3.605
   0.656   1.969  -1.882   1.038   0.820  -1.251   2.056   0.991  -1.278  -0.086
   0.551  -1.858  -0.955   0.394   0.171  -0.230   0.482   0.613   0.396   1.280
   0.504  -1.679   0.924   1.461  -1.657   1.453   0.450  -2.370   0.092  -0.176
  -2.065   1.627   1.005   0.081  -0.837   2.198  -0.060  -0.904   0.302   0.455
  -1.949  -0.669   0.404  -1.779   0.930   0.934  -3.202   0.447   1.698  -3.729
   1.940   1.323  -3.051   0.983   0.063  -3.832
  -3.819   1.868   0.443  -3.361   0.973   0.909  -3.703   0.017   0.477  -3.630
   1.010   2.002  -1.858   1.066   0.769  -1.275   2.128   0.893  -1.269  -0.049
   0.427  -1.827  -0.881   0.371   0.178  -0.266   0.481   0.558   0.514   1.239
   0.461  -1.667   1.098   1.487  -1.744   1.572   0.397  -2.320   0.298  -0.306
  -2.058   1.784   0.936   0.081  -0.889   2.149   0.030  -0.915   0.273   0.481
  -1.977  -0.724   0.362  -1.943   0.955   0.897  -3.263   0.462   1.784  -3.781
   2.001   1.064  -3.058   0.879   0.052  -3.988
  -3.844   1.899   0.362  -3.436   1.054   0.899  -3.829   0.133   0.453  -3.561
   1.144   1.967  -1.889   1.113   0.684  -1.265   2.159   0.813  -1.311  -0.054
   0.461  -1.936  -0.885   0.429   0.158  -0.286   0.479   0.589   0.486   1.075
   0.406  -1.615   1.208   1.246  -1.431   1.917   0.639  -2.454   0.500  -0.404
  -1.857   1.903   0.912   0.059  -0.832   2.113   0.045  -0.906   0.200   0.409
  -1.916  -0.822   0.486  -1.900   0.857   0.936  -3.155   0.491   1.880  -3.477
   1.982   1.153  -3.005   0.659   0.332  -4.065
  -3.874   2.140   0.417  -3.394   1.227   0.808  -3.889   0.403   0.300  -3.619
   1.207   1.908  -1.889   1.148   0.694  -1.266   2.185   0.860  -1.290  -0.018
   0.447  -1.819  -0.856   0.391   0.168  -0.236   0.524   0.406   0.465   1.352
   0.432  -1.644   1.118   1.342  -1.524   1.870   0.591  -2.375   0.403  -0.468
  -2.045   1.625   0.955   0.028  -0.774   2.195   0.002  -0.778   0.303   0.288
  -1.870  -0.684   0.131  -1.766   0.902   0.769  -3.094   0.352   1.728  -3.380
   1.945   0.927  -3.024   0.616   0.086  -3.892
  -3.671   2.249   0.527  -3.320   1.210   0.758  -3.779   0.465   0.107  -3.456
   0.915   1.770  -1.812   1.206   0.586  -1.154   2.235   0.725  -1.324  -0.058
   0.376  -1.925  -0.833   0.396   0.120  -0.330   0.522   0.424   0.458   1.208
   0.336  -1.714   1.095   1.373  -1.819   1.488   0.121  -2.487   0.343  -0.343
  -1.910   1.936   0.922  -0.039  -0.780   2.157  -0.041  -0.779   0.259   0.310
  -1.933  -0.748   0.164  -1.938   0.874   0.726  -3.223   0.660   1.755  -3.406
   1.929   0.519  -3.285   0.334   0.134  -4.033
  -3.750   2.099   0.072  -3.376   1.179   0.581  -3.783   0.495  -0.115  -3.679
   1.058   1.591  -1.854   1.218   0.568  -1.216   2.270   0.675  -1.266   0.027
   0.546  -1.922  -0.740   0.354   0.204  -0.351   0.520   0.711   0.363   1.197
   0.329  -1.690   1.218   1.330  -1.868   1.440   0.091  -2.590   0.713  -0.246
  -1.598   2.129   1.003  -0.165  -0.794   2.234  -0.061  -0.713   0.262   0.108
  -1.851  -0.713  -0.063  -1.821   0.705   0.654  -3.165   0.476   1.757  -3.249
   1.816   0.573  -3.237   0.152   0.262  -4.057
  -3.663   2.140   0.288  -3.262   1.226   0.695  -3.706   0.442   0.131  -3.534
   1.187   1.785  -1.822   1.212   0.571  -1.206   2.255   0.699  -1.199   0.030
   0.433  -1.894  -0.661   0.322   0.208  -0.279   0.613   0.676   0.458   1.208
   0.299  -1.675   1.247   1.344  -1.874   1.464  -0.064  -2.441   0.549  -0.302
  -1.769   2.158   0.955  -0.133  -0.793   2.213  -0.164  -0.782   0.280   0.101
  -1.916  -0.735   0.117  -1.856   0.692   0.649  -3.241   0.647   1.733  -3.285
   1.699   0.355  -3.480   0.042   0.180  -3.998
  -3.536   2.155   0.058  -3.262   1.237   0.644  -3.628   0.317   0.179  -3.664
   1.270   1.653  -1.712   1.232   0.590  -1.097   2.298   0.613  -1.216  -0.050
   0.545  -1.845  -0.831   0.423   0.168  -0.285   0.577   0.608   0.521   1.135
   0.300  -1.664   1.301   1.362  -1.781   1.612  -0.045  -2.378   0.555  -0.256
  -1.661   2.282   0.908  -0.152  -0.786   2.139  -0.123  -0.785   0.202   0.127
  -1.896  -0.788   0.288  -1.620   0.814   0.534  -3.164   0.732   1.593  -3.275
   1.869   0.189  -3.213   0.286   0.225  -4.007
  -3.829   2.002   0.093  -3.340   1.248   0.685  -3.777   0.308   0.302  -3.482
   1.373   1.733  -1.850   1.168   0.522  -1.214   2.219   0.441  -1.361  -0.023
   0.523  -1.928  -0.867   0.670   0.104  -0.217   0.527   0.546   0.549   1.175
   0.327  -1.609   1.226   1.376  -1.860   1.269  -0.166  -2.405   0.588  -0.092
  -1.576   2.227   0.863  -0.096  -0.788   2.103  -0.095  -0.830   0.111   0.086
  -1.917  -0.893   0.194  -1.799   0.715   0.644  -3.161   0.710   1.792  -3.153
   1.728   0.258  -3.086   0.237   0.273  -4.098
  -3.714   2.117   0.062  -3.336   1.384   0.731  -3.872   0.418   0.538  -3.531
   1.561   1.766  -1.821   1.246   0.519  -1.094   2.242   0.578  -1.351  -0.006
   0.398  -1.937  -0.773   0.686   0.093  -0.266   0.479   0.542   0.490   1.201
   0.387  -1.613   1.143   1.443  -1.707   1.462   0.144  -2.460   0.514  -0.195
  -1.725   2.073   0.890  -0.053  -0.821   2.177  -0.061  -0.850   0.169   0.102
  -1.951  -0.846  -0.110  -1.943   0.670   0.721  -3.177   0.641   1.845  -3.112
   1.731   0.317  -3.352   0.079   0.244  -3.990
  -3.640   2.104   0.126  -3.260   1.383   0.803  -3.911   0.532   0.780  -3.240
   1.806   1.763  -1.783   1.141   0.551  -1.104   2.144   0.478  -1.286  -0.065
   0.469  -1.926  -0.857   0.425   0.183  -0.294   0.443   0.759   0.340   1.188
   0.429  -1.725   1.096   1.434  -2.039   1.227   0.009  -2.542   0.483   0.047
  -1.619   2.115   0.911  -0.060  -0.895   2.129  -0.031  -0.821   0.222   0.207
  -1.936  -0.752   0.159  -1.746   0.590   0.737  -3.225   0.609   1.899  -3.169
   1.500   0.339  -3.593  -0.136   0.452  -4.031
  -3.644   1.984   0.072  -3.224   1.319   0.867  -3.828   0.388   0.943  -3.175
   1.820   1.875  -1.753   1.133   0.591  -1.115   2.178   0.482  -1.188  -0.057
   0.628  -1.866  -0.837   0.753   0.246  -0.257   0.621   0.759   0.303   1.414
   0.499  -1.734   1.104   1.591  -2.082   1.040  -0.068  -2.425   0.436   0.114
  -1.875   2.112   0.932   0.017  -0.792   2.132   0.007  -0.862   0.173   0.173
  -1.925  -0.787  -0.225  -1.751   0.555   0.799  -3.198   0.665   1.891  -3.065
   1.426   0.251  -3.481  -0.095   0.734  -4.023
  -3.753   1.600   0.024  -3.235   1.313   0.964  -3.547   0.321   1.363  -3.440
   2.160   1.658  -1.691   1.198   0.768  -1.072   2.166   0.413  -1.191  -0.038
   0.511  -1.836  -0.768   0.552   0.298  -0.333   0.557   0.868   0.310   1.284
   0.569  -1.751   1.064   1.678  -1.865   1.112   0.133  -2.558   0.460   0.263
  -1.787   2.053   1.020   0.015  -0.810   2.253   0.073  -0.931   0.153   0.191
  -1.867  -0.838  -0.016  -1.717   0.551   0.686  -3.236   0.530   1.699  -3.354
   1.531   0.384  -3.574  -0.199   0.421  -3.991
  -3.888   1.331   0.114  -3.115   1.162   0.925  -3.311   0.344   1.566  -3.281
   1.985   1.624  -1.614   1.164   0.527  -1.030   2.219   0.347  -1.087  -0.073
   0.572  -1.787  -0.839   0.543   0.340  -0.321   0.576   0.782   0.408   1.316
   0.436  -1.805   1.039   1.487  -2.124   1.018  -0.127  -2.427   0.336   0.093
  -1.862   2.125   0.908  -0.033  -0.826   2.140  -0.055  -0.961   0.124   0.317
  -1.849  -0.885   0.116  -1.621   0.489   0.510  -3.234   0.526   1.606  -3.364
   1.475   0.227  -3.463  -0.162  -0.012  -3.948
  -3.670   1.279  -0.194  -3.209   1.188   0.763  -3.520   0.287   1.222  -3.591
   2.103   1.321  -1.694   1.206   0.518  -1.053   2.243   0.386  -1.118  -0.053
   0.536  -1.683  -0.830   0.857   0.334  -0.277   0.507   0.816   0.432   1.117
   0.468  -1.727   1.168   1.508  -2.045   1.305  -0.021  -2.455   0.495  -0.089
  -1.778   2.113   0.994  -0.093  -0.910   2.201  -0.039  -1.094   0.127   0.337
  -1.839  -0.897   0.218  -1.698   0.517   0.635  -3.231   0.143   1.654  -3.519
   1.674   0.395  -3.336  -0.154  -0.049  -3.864
  -3.727   1.217  -0.201  -3.205   1.178   0.773  -3.605   0.338   1.230  -3.470
   2.130   1.274  -1.690   1.177   0.566  -1.095   2.241   0.521  -1.054  -0.029
   0.570  -1.587  -0.892   0.621   0.456  -0.363   0.583   0.986   0.334   1.305
   0.617  -1.854   1.089   1.709  -2.022   1.085  -0.036  -2.556   0.567   0.244
  -1.898   2.131   1.020  -0.074  -0.796   2.215  -0.127  -1.006   0.176   0.171
  -1.791  -0.837   0.115  -1.654   0.561   0.590  -3.128   0.673   1.648  -3.231
   1.455   0.096  -3.324  -0.190   0.239  -3.828
  -3.515   1.591  -0.249  -3.017   1.246   0.726  -3.377   0.358   1.094  -3.198
   2.022   1.463  -1.569   1.216   0.587  -0.973   2.320   0.437  -1.030  -0.046
   0.619  -1.604  -0.846   0.863   0.362  -0.301   0.619   0.889   0.286   1.397
   0.670  -1.750   1.027   1.760  -1.904   0.871   0.141  -2.516   0.416   0.379
  -1.854   2.077   0.990   0.008  -0.786   2.229  -0.050  -0.948   0.153   0.204
  -1.812  -0.826   0.356  -1.574   0.583   0.381  -3.187   0.669   1.403  -3.325
   1.568  -0.074  -3.518  -0.206   0.127  -3.911
  -3.536   1.461  -0.262  -3.156   1.291   0.755  -3.626   0.389   1.146  -3.464
   2.141   1.458  -1.617   1.208   0.647  -0.938   2.191   0.510  -1.038  -0.009
   0.632  -1.559  -0.894   0.838   0.420  -0.373   0.539   0.953   0.372   1.094
   0.705  -1.889   1.065   1.759  -2.117   1.115   0.192  -2.660   0.429   0.480
  -2.000   2.153   0.991  -0.185  -0.854   2.187  -0.127  -0.915   0.140   0.191
  -1.842  -0.780   0.381  -1.543   0.538   0.486  -3.231   0.694   1.610  -3.294
   1.398  -0.075  -3.559  -0.271   0.308  -3.862
