default_name                                                                    
  -3.511   1.540   1.030  -3.073   0.547   0.993  -3.426   0.018   0.112  -3.339
  -0.009   1.891  -1.570   0.682   0.921  -1.045   1.792   0.924  -0.862  -0.450
   0.846  -1.369  -1.323   0.868   0.605  -0.516   0.828   0.979   0.268   1.486
   1.019  -1.870   1.422   2.099  -1.918   1.483   0.671  -2.668   0.774   0.583
  -1.997   2.405   1.236  -0.255  -0.557   2.463  -0.159  -0.660   0.422  -0.138
  -1.618  -0.567  -0.222  -1.443   0.846   0.102  -2.996   1.373   1.053  -3.071
   1.523  -0.692  -3.315  -0.017   0.118  -3.661
  -3.522   1.543   1.076  -3.076   0.544   1.019  -3.465   0.010   0.152  -3.322
  -0.011   1.931  -1.573   0.683   0.936  -1.054   1.797   0.926  -0.870  -0.440
   0.870  -1.371  -1.312   0.910   0.592  -0.524   0.826   0.992   0.237   1.498
   1.006  -1.881   1.402   2.105  -1.923   1.477   0.643  -2.703   0.774   0.593
  -1.996   2.395   1.234  -0.252  -0.554   2.464  -0.152  -0.658   0.420  -0.143
  -1.617  -0.573  -0.267  -1.465   0.852   0.099  -2.979   1.349   1.070  -3.025
   1.544  -0.687  -3.279  -0.016   0.096  -3.650
  -3.502   1.551   1.076  -3.057   0.560   1.001  -3.429   0.023   0.120  -3.313
  -0.021   1.889  -1.559   0.703   0.917  -1.060   1.818   0.932  -0.868  -0.429
   0.844  -1.370  -1.298   0.872   0.607  -0.510   0.822   1.022   0.237   1.511
   0.981  -1.887   1.374   2.059  -1.969   1.418   0.611  -2.679   0.713   0.581
  -2.001   2.386   1.231  -0.256  -0.570   2.463  -0.185  -0.677   0.408  -0.151
  -1.619  -0.583  -0.232  -1.440   0.838   0.104  -3.000   1.333   1.078  -3.061
   1.524  -0.677  -3.325  -0.029   0.124  -3.664
  -3.550   1.525   1.012  -3.074   0.538   0.979  -3.417   0.007   0.099  -3.306
  -0.040   1.878  -1.571   0.696   0.908  -1.064   1.817   0.913  -0.872  -0.434
   0.866  -1.376  -1.301   0.902   0.593  -0.501   0.835   0.973   0.239   1.510
   0.982  -1.883   1.388   2.057  -1.957   1.456   0.631  -2.660   0.716   0.548
  -2.025   2.372   1.225  -0.243  -0.561   2.457  -0.190  -0.665   0.418  -0.160
  -1.628  -0.579  -0.240  -1.476   0.851   0.098  -2.989   1.406   1.023  -3.052
   1.476  -0.733  -3.340  -0.020   0.174  -3.644
  -3.554   1.493   1.111  -3.069   0.522   1.026  -3.429   0.058   0.113  -3.317
  -0.095   1.886  -1.581   0.707   0.907  -1.068   1.823   0.890  -0.884  -0.425
   0.856  -1.420  -1.296   0.833   0.579  -0.520   0.819   1.006   0.238   1.481
   0.979  -1.900   1.395   2.068  -1.986   1.437   0.591  -2.686   0.760   0.603
  -2.022   2.399   1.222  -0.275  -0.582   2.437  -0.143  -0.677   0.413  -0.158
  -1.642  -0.571  -0.268  -1.475   0.864   0.105  -3.023   1.380   1.065  -3.065
   1.540  -0.698  -3.372   0.005   0.158  -3.701
  -3.533   1.531   1.103  -3.078   0.540   1.028  -3.466   0.056   0.131  -3.313
  -0.034   1.908  -1.577   0.697   0.907  -1.053   1.805   0.874  -0.879  -0.434
   0.867  -1.370  -1.307   0.905   0.580  -0.512   0.821   0.986   0.250   1.505
   0.964  -1.882   1.401   2.060  -1.974   1.418   0.560  -2.664   0.774   0.573
  -1.985   2.399   1.231  -0.250  -0.566   2.457  -0.122  -0.662   0.414  -0.148
  -1.624  -0.564  -0.235  -1.450   0.815   0.144  -3.004   1.300   1.122  -3.082
   1.531  -0.610  -3.386  -0.064   0.174  -3.665
  -3.512   1.541   1.218  -3.077   0.568   1.070  -3.510   0.095   0.177  -3.305
  -0.082   1.926  -1.577   0.699   0.912  -1.039   1.810   0.854  -0.872  -0.437
   0.900  -1.403  -1.294   0.913   0.595  -0.514   0.851   0.997   0.213   1.550
   0.994  -1.880   1.408   2.071  -1.956   1.463   0.628  -2.670   0.743   0.584
  -1.998   2.417   1.234  -0.240  -0.548   2.459  -0.139  -0.664   0.410  -0.114
  -1.604  -0.575  -0.246  -1.436   0.839   0.115  -3.027   1.396   1.061  -3.112
   1.484  -0.734  -3.342  -0.052   0.150  -3.663
  -3.485   1.555   1.240  -3.055   0.579   1.052  -3.477   0.143   0.154  -3.284
  -0.083   1.869  -1.552   0.698   0.898  -1.046   1.812   0.871  -0.850  -0.430
   0.882  -1.379  -1.300   0.973   0.611  -0.477   0.839   1.027   0.274   1.500
   1.032  -1.857   1.396   2.115  -1.891   1.543   0.708  -2.668   0.744   0.614
  -1.989   2.376   1.238  -0.228  -0.549   2.479  -0.149  -0.662   0.413  -0.080
  -1.615  -0.586  -0.122  -1.435   0.840   0.134  -2.991   1.410   1.063  -3.075
   1.447  -0.709  -3.324  -0.035   0.180  -3.642
  -3.475   1.525   1.331  -3.068   0.545   1.057  -3.462   0.220   0.091  -3.355
  -0.144   1.881  -1.561   0.715   0.945  -1.052   1.823   0.895  -0.838  -0.407
   0.937  -1.331  -1.279   1.025   0.630  -0.484   0.859   1.000   0.275   1.535
   0.980  -1.883   1.395   2.052  -1.938   1.525   0.652  -2.647   0.679   0.523
  -2.045   2.353   1.263  -0.198  -0.535   2.483  -0.175  -0.693   0.451  -0.016
  -1.588  -0.546  -0.065  -1.379   0.872   0.143  -2.976   1.451   1.053  -3.130
   1.450  -0.716  -3.302   0.003   0.162  -3.620
  -3.507   1.501   1.340  -3.039   0.545   1.108  -3.436   0.179   0.149  -3.233
  -0.182   1.913  -1.559   0.732   0.966  -1.057   1.856   0.948  -0.836  -0.396
   0.966  -1.332  -1.267   1.061   0.623  -0.481   0.877   1.080   0.210   1.585
   0.993  -1.901   1.360   2.113  -1.982   1.437   0.598  -2.634   0.662   0.543
  -2.069   2.332   1.247  -0.192  -0.525   2.472  -0.198  -0.682   0.429  -0.033
  -1.573  -0.545  -0.069  -1.391   0.828   0.115  -2.979   1.402   1.050  -3.114
   1.479  -0.735  -3.263  -0.040   0.219  -3.593
  -3.531   1.515   1.302  -3.079   0.545   1.086  -3.462   0.112   0.151  -3.307
  -0.143   1.911  -1.579   0.746   0.994  -1.075   1.872   0.954  -0.849  -0.391
   0.983  -1.359  -1.247   1.144   0.614  -0.493   0.871   1.044   0.205   1.574
   1.022  -1.907   1.328   2.098  -1.975   1.399   0.654  -2.684   0.645   0.598
  -2.081   2.313   1.211  -0.207  -0.531   2.445  -0.190  -0.664   0.369  -0.009
  -1.561  -0.619  -0.108  -1.370   0.826   0.128  -2.970   1.473   1.001  -3.095
   1.377  -0.762  -3.252  -0.054   0.219  -3.659
  -3.559   1.477   1.293  -3.109   0.546   1.062  -3.478   0.117   0.141  -3.325
  -0.096   1.941  -1.594   0.707   0.982  -1.094   1.835   0.929  -0.871  -0.390
   0.957  -1.372  -1.264   0.951   0.593  -0.504   0.858   1.050   0.204   1.567
   0.983  -1.917   1.309   2.056  -2.018   1.310   0.582  -2.630   0.613   0.588
  -2.111   2.317   1.217  -0.212  -0.520   2.463  -0.239  -0.662   0.396  -0.021
  -1.554  -0.604  -0.089  -1.350   0.788   0.194  -2.938   1.356   1.101  -3.096
   1.410  -0.614  -3.281  -0.120   0.231  -3.554
  -3.593   1.501   1.250  -3.115   0.551   1.067  -3.458   0.133   0.115  -3.364
  -0.085   1.899  -1.599   0.710   0.944  -1.061   1.825   0.871  -0.875  -0.413
   0.958  -1.410  -1.236   0.982   0.601  -0.514   0.894   1.015   0.239   1.575
   0.959  -1.926   1.364   2.035  -2.012   1.325   0.583  -2.712   0.681   0.608
  -2.088   2.390   1.211  -0.204  -0.517   2.458  -0.170  -0.655   0.361  -0.012
  -1.544  -0.633  -0.088  -1.345   0.769   0.224  -2.946   1.355   1.141  -2.956
   1.377  -0.583  -3.324  -0.125   0.300  -3.561
  -3.547   1.517   1.102  -3.099   0.543   1.054  -3.475  -0.019   0.206  -3.363
  -0.030   1.943  -1.581   0.700   0.963  -1.082   1.818   0.914  -0.888  -0.430
   0.947  -1.423  -1.287   1.033   0.574  -0.527   0.877   0.979   0.221   1.540
   0.974  -1.931   1.381   2.053  -1.978   1.508   0.582  -2.726   0.720   0.589
  -2.061   2.417   1.200  -0.204  -0.518   2.429  -0.222  -0.671   0.370   0.049
  -1.532  -0.614   0.103  -1.279   0.766   0.176  -2.921   1.358   1.077  -3.031
   1.321  -0.711  -3.267  -0.134   0.277  -3.579
  -3.617   1.514   1.047  -3.110   0.548   1.077  -3.473  -0.033   0.247  -3.356
   0.040   2.019  -1.589   0.658   0.995  -1.066   1.775   0.940  -0.876  -0.463
   0.951  -1.390  -1.316   1.063   0.590  -0.593   0.879   1.000   0.121   1.612
   0.996  -1.986   1.351   2.088  -2.041   1.380   0.625  -2.771   0.672   0.623
  -2.220   2.349   1.208  -0.205  -0.492   2.432  -0.193  -0.704   0.352   0.113
  -1.482  -0.642   0.042  -1.266   0.772   0.215  -2.865   1.434   1.082  -3.012
   1.372  -0.655  -3.148  -0.044   0.334  -3.534
  -3.460   1.502   0.997  -3.058   0.485   1.090  -3.468  -0.116   0.293  -3.337
   0.074   2.056  -1.559   0.625   1.000  -1.075   1.756   1.040  -0.843  -0.482
   0.977  -1.374  -1.335   0.953   0.631  -0.546   0.930   1.050   0.213   1.584
   0.975  -1.976   1.393   2.047  -2.105   1.391   0.519  -2.734   0.783   0.614
  -2.162   2.423   1.195  -0.245  -0.473   2.415  -0.255  -0.677   0.367   0.107
  -1.430  -0.602   0.142  -1.181   0.722   0.243  -2.866   1.442   1.082  -2.971
   1.140  -0.703  -3.215  -0.180   0.406  -3.446
  -3.455   1.488   1.036  -3.012   0.499   1.068  -3.303  -0.132   0.198  -3.355
   0.039   1.955  -1.524   0.624   1.035  -1.041   1.751   1.023  -0.811  -0.513
   0.987  -1.336  -1.359   1.131   0.632  -0.584   0.909   1.068   0.102   1.612
   0.979  -2.032   1.387   2.053  -2.148   1.447   0.596  -2.752   0.669   0.530
  -2.285   2.349   1.235  -0.215  -0.460   2.447  -0.233  -0.645   0.404   0.127
  -1.431  -0.566   0.204  -1.149   0.751   0.221  -2.830   1.443   1.070  -3.017
   1.267  -0.702  -3.130  -0.133   0.339  -3.442
  -3.409   1.557   1.025  -3.033   0.542   1.064  -3.420  -0.058   0.237  -3.313
   0.064   2.004  -1.551   0.631   1.000  -1.050   1.760   0.987  -0.841  -0.497
   0.961  -1.367  -1.347   0.985   0.606  -0.595   0.892   1.028   0.109   1.623
   1.002  -1.998   1.376   2.083  -2.096   1.512   0.775  -2.664   0.598   0.465
  -2.235   2.287   1.203  -0.246  -0.485   2.423  -0.225  -0.649   0.368   0.087
  -1.436  -0.609   0.146  -1.204   0.700   0.285  -2.860   1.212   1.256  -3.041
   1.384  -0.497  -3.192  -0.185   0.175  -3.521
  -3.439   1.494   1.083  -3.022   0.506   0.997  -3.380  -0.020   0.140  -3.298
  -0.042   1.892  -1.512   0.665   0.931  -1.016   1.781   0.919  -0.804  -0.474
   1.056  -1.345  -1.323   1.199   0.663  -0.607   0.976   1.074   0.110   1.717
   0.954  -2.076   1.396   2.047  -2.243   1.352   0.405  -2.731   0.723   0.586
  -2.279   2.380   1.192  -0.213  -0.437   2.413  -0.187  -0.640   0.324   0.114
  -1.426  -0.656   0.192  -1.204   0.685   0.233  -2.828   1.208   1.186  -2.986
   1.323  -0.595  -3.190  -0.211   0.276  -3.520
  -3.604   1.569   1.031  -3.069   0.595   1.048  -3.441  -0.005   0.187  -3.388
   0.096   1.975  -1.547   0.682   1.058  -1.013   1.769   0.946  -0.850  -0.464
   1.090  -1.365  -1.346   1.149   0.621  -0.590   0.969   1.094   0.052   1.722
   0.927  -2.053   1.363   2.013  -2.212   1.373   0.496  -2.750   0.688   0.533
  -2.283   2.344   1.158  -0.235  -0.440   2.395  -0.193  -0.675   0.299   0.102
  -1.426  -0.676   0.079  -1.175   0.658   0.185  -2.850   1.209   1.106  -2.970
   1.229  -0.686  -3.195  -0.234   0.274  -3.487
  -3.545   1.528   1.057  -3.077   0.552   1.083  -3.367  -0.042   0.249  -3.341
   0.068   2.001  -1.585   0.706   1.040  -1.059   1.819   0.949  -0.884  -0.435
   1.070  -1.447  -1.279   1.115   0.581  -0.588   0.970   1.074   0.122   1.640
   0.885  -2.002   1.447   1.945  -2.148   1.459   0.496  -2.766   0.763   0.490
  -2.197   2.441   1.122  -0.284  -0.460   2.354  -0.294  -0.682   0.289   0.034
  -1.446  -0.672   0.156  -1.165   0.655   0.195  -2.852   1.378   1.014  -2.996
   1.142  -0.746  -3.234  -0.256   0.412  -3.483
  -3.525   1.551   0.949  -3.090   0.563   1.098  -3.347  -0.079   0.261  -3.417
   0.124   2.049  -1.573   0.721   1.058  -1.028   1.821   0.991  -0.868  -0.414
   1.003  -1.392  -1.265   1.145   0.560  -0.552   0.949   1.041   0.138   1.647
   0.957  -1.958   1.435   2.038  -1.984   1.660   0.722  -2.659   0.653   0.388
  -2.198   2.354   1.115  -0.247  -0.464   2.343  -0.355  -0.681   0.270   0.068
  -1.456  -0.695   0.116  -1.201   0.610   0.208  -2.852   1.257   1.092  -3.051
   1.097  -0.684  -3.212  -0.316   0.359  -3.410
  -3.482   1.600   1.094  -3.070   0.575   1.113  -3.402  -0.067   0.338  -3.285
   0.132   2.076  -1.554   0.743   1.048  -1.044   1.877   0.990  -0.852  -0.388
   1.047  -1.355  -1.242   1.176   0.584  -0.526   0.924   1.083   0.205   1.586
   1.059  -1.913   1.428   2.144  -1.880   1.499   0.795  -2.686   0.711   0.566
  -2.175   2.368   1.126  -0.194  -0.492   2.315  -0.309  -0.733   0.251   0.018
  -1.490  -0.731   0.014  -1.261   0.619   0.259  -2.875   1.204   1.198  -2.963
   1.177  -0.608  -3.237  -0.252   0.452  -3.522
  -3.495   1.526   0.638  -3.091   0.606   1.032  -3.486  -0.272   0.505  -3.479
   0.535   2.059  -1.559   0.726   1.015  -1.045   1.861   0.980  -0.870  -0.411
   1.025  -1.383  -1.273   1.006   0.603  -0.504   0.896   1.068   0.253   1.537
   1.082  -1.827   1.482   2.161  -1.845   1.488   0.698  -2.644   0.877   0.699
  -1.957   2.502   1.152  -0.285  -0.531   2.388  -0.265  -0.742   0.271  -0.066
  -1.525  -0.690  -0.040  -1.313   0.656   0.273  -2.932   1.424   1.102  -2.831
   1.151  -0.568  -3.430  -0.201   0.636  -3.510
  -3.490   1.553   0.763  -3.052   0.586   1.009  -3.371  -0.165   0.273  -3.383
   0.342   2.028  -1.541   0.738   0.995  -1.033   1.842   0.933  -0.822  -0.389
   1.022  -1.307  -1.246   1.178   0.636  -0.446   0.901   1.123   0.356   1.554
   1.032  -1.851   1.468   2.119  -1.924   1.517   0.611  -2.676   0.867   0.786
  -1.909   2.519   1.162  -0.236  -0.553   2.380  -0.293  -0.785   0.321  -0.001
  -1.561  -0.637  -0.091  -1.404   0.733   0.269  -2.934   1.360   1.150  -2.993
   1.215  -0.637  -3.308  -0.170   0.534  -3.520
  -3.477   1.521   0.836  -3.024   0.567   1.023  -3.260  -0.074   0.153  -3.332
   0.126   1.983  -1.518   0.793   1.036  -1.010   1.915   0.927  -0.787  -0.337
   1.020  -1.287  -1.180   1.115   0.651  -0.503   0.884   1.076   0.247   1.514
   1.080  -1.891   1.421   2.171  -1.945   1.374   0.665  -2.710   0.799   0.763
  -1.969   2.461   1.194  -0.274  -0.549   2.420  -0.321  -0.768   0.337  -0.052
  -1.559  -0.692  -0.156  -1.370   0.727   0.247  -2.912   1.378   1.096  -2.960
   1.238  -0.598  -3.369  -0.170   0.474  -3.499
  -3.573   1.431   1.206  -3.014   0.494   1.058  -3.343   0.051   0.117  -3.275
  -0.213   1.840  -1.507   0.741   0.966  -1.019   1.839   0.840  -0.819  -0.397
   0.956  -1.381  -1.226   1.223   0.610  -0.575   0.860   1.109   0.116   1.547
   0.965  -1.976   1.399   2.049  -2.117   1.359   0.477  -2.725   0.803   0.540
  -2.061   2.339   1.194  -0.299  -0.539   2.403  -0.323  -0.692   0.342  -0.048
  -1.508  -0.609   0.016  -1.327   0.761   0.257  -2.858   1.351   1.180  -2.887
   1.311  -0.626  -3.224  -0.080   0.396  -3.499
  -3.484   1.482   1.405  -3.051   0.549   1.017  -3.406   0.346  -0.012  -3.271
  -0.312   1.671  -1.571   0.679   0.921  -1.067   1.765   0.887  -0.861  -0.432
   0.913  -1.377  -1.276   1.003   0.608  -0.595   0.882   1.118   0.133   1.537
   0.922  -1.995   1.392   1.993  -2.098   1.398   0.528  -2.774   0.725   0.602
  -2.154   2.417   1.157  -0.341  -0.542   2.363  -0.332  -0.712   0.304  -0.146
  -1.564  -0.685  -0.053  -1.357   0.704   0.176  -2.968   1.344   1.061  -2.979
   1.270  -0.660  -3.284  -0.124   0.361  -3.672
  -3.417   1.361   1.548  -3.041   0.495   1.019  -3.378   0.487  -0.014  -3.405
  -0.389   1.529  -1.570   0.670   0.934  -1.073   1.793   0.871  -0.868  -0.465
   0.946  -1.367  -1.342   1.002   0.574  -0.635   0.851   1.021   0.094   1.504
   0.911  -1.971   1.429   1.979  -2.165   1.363   0.386  -2.782   0.902   0.654
  -1.994   2.489   1.174  -0.345  -0.575   2.399  -0.269  -0.766   0.330  -0.084
  -1.601  -0.671  -0.110  -1.450   0.709   0.247  -2.992   1.383   1.118  -2.957
   1.244  -0.588  -3.429  -0.193   0.450  -3.559
  -3.389   1.461   1.438  -3.039   0.578   1.001  -3.469   0.430  -0.009  -3.323
  -0.246   1.647  -1.504   0.674   0.921  -0.953   1.793   0.843  -0.865  -0.446
   0.913  -1.426  -1.267   0.974   0.567  -0.616   0.805   1.033   0.111   1.505
   0.903  -2.021   1.357   1.947  -2.175   1.239   0.449  -2.759   0.751   0.576
  -2.122   2.391   1.159  -0.346  -0.597   2.399  -0.326  -0.763   0.303  -0.112
  -1.607  -0.663  -0.214  -1.403   0.769   0.202  -2.977   1.335   1.092  -2.985
   1.299  -0.633  -3.440  -0.108   0.377  -3.600
  -3.397   1.509   1.567  -3.029   0.661   0.999  -3.432   0.719   0.011  -3.330
  -0.255   1.479  -1.523   0.695   0.938  -0.969   1.791   0.875  -0.899  -0.449
   0.865  -1.427  -1.303   0.907   0.545  -0.571   0.822   1.028   0.221   1.461
   0.974  -1.994   1.354   2.034  -2.057   1.423   0.495  -2.703   0.726   0.581
  -2.067   2.311   1.145  -0.383  -0.599   2.364  -0.265  -0.751   0.270  -0.183
  -1.615  -0.680  -0.134  -1.377   0.729   0.247  -2.937   1.203   1.229  -2.945
   1.487  -0.448  -3.273  -0.168   0.296  -3.623
  -3.407   1.484   1.654  -3.097   0.650   1.034  -3.541   0.739   0.011  -3.371
  -0.295   1.542  -1.567   0.702   0.882  -0.989   1.769   0.836  -0.953  -0.456
   0.845  -1.488  -1.301   0.967   0.513  -0.622   0.780   0.939   0.087   1.480
   0.911  -2.019   1.286   2.001  -2.063   1.359   0.499  -2.794   0.604   0.490
  -2.191   2.270   1.140  -0.357  -0.611   2.342  -0.221  -0.758   0.342  -0.202
  -1.665  -0.641  -0.130  -1.431   0.753   0.152  -3.041   1.242   1.139  -3.036
   1.484  -0.580  -3.478  -0.082   0.328  -3.685
  -3.371   1.459   1.770  -3.127   0.673   0.984  -3.585   0.996   0.049  -3.463
  -0.345   1.155  -1.586   0.677   0.892  -0.951   1.724   0.854  -0.963  -0.498
   0.833  -1.542  -1.314   0.856   0.516  -0.604   0.753   0.968   0.165   1.390
   0.927  -2.047   1.239   2.005  -2.148   1.232   0.526  -2.683   0.445   0.443
  -2.189   2.234   1.156  -0.298  -0.618   2.385  -0.219  -0.749   0.307  -0.170
  -1.637  -0.669  -0.275  -1.438   0.744   0.121  -3.048   1.422   1.016  -3.074
   1.262  -0.753  -3.342  -0.058   0.291  -3.754
  -3.412   1.480   1.566  -3.111   0.627   0.919  -3.485   0.908  -0.071  -3.476
  -0.330   1.275  -1.573   0.615   0.877  -0.941   1.671   0.858  -0.984  -0.576
   0.795  -1.593  -1.404   0.822   0.489  -0.691   0.751   0.930   0.012   1.483
   0.886  -2.094   1.208   1.931  -2.197   1.007   0.346  -2.855   0.622   0.712
  -2.184   2.323   1.162  -0.313  -0.590   2.368  -0.178  -0.725   0.327  -0.113
  -1.618  -0.687  -0.018  -1.430   0.792   0.113  -3.001   1.598   0.870  -3.059
   1.164  -0.817  -3.414  -0.014   0.529  -3.634
  -3.418   1.323   1.624  -3.086   0.711   0.821  -3.371   1.062  -0.148  -3.488
  -0.267   1.019  -1.595   0.653   0.835  -0.984   1.692   0.925  -0.995  -0.538
   0.810  -1.541  -1.383   1.051   0.446  -0.639   0.773   0.869   0.083   1.476
   0.853  -2.018   1.315   1.899  -2.124   1.296   0.355  -2.766   0.718   0.460
  -2.147   2.331   1.180  -0.312  -0.599   2.435  -0.257  -0.658   0.393  -0.106
  -1.684  -0.596  -0.140  -1.481   0.789   0.095  -3.079   1.662   0.704  -3.244
   0.971  -0.892  -3.478  -0.054   0.550  -3.581
  -3.478   1.356   1.644  -3.098   0.673   0.880  -3.440   1.066  -0.077  -3.502
  -0.346   0.972  -1.611   0.657   0.888  -0.992   1.754   0.843  -0.989  -0.520
   0.897  -1.544  -1.388   0.783   0.516  -0.650   0.830   0.894   0.051   1.601
   0.868  -2.068   1.304   1.959  -2.226   1.373   0.455  -2.853   0.693   0.532
  -2.177   2.317   1.193  -0.316  -0.539   2.395  -0.271  -0.627   0.411  -0.095
  -1.617  -0.560  -0.211  -1.460   0.868   0.130  -3.028   1.627   0.892  -3.033
   1.231  -0.812  -3.467   0.024   0.418  -3.682
  -3.558   1.151   1.742  -3.155   0.690   0.820  -3.494   1.273  -0.015  -3.519
  -0.321   0.899  -1.637   0.671   0.838  -1.014   1.731   0.725  -0.989  -0.521
   0.847  -1.511  -1.393   0.853   0.466  -0.612   0.772   0.887   0.081   1.475
   0.852  -1.993   1.271   2.005  -2.111   1.282   0.424  -2.716   0.561   0.388
  -2.179   2.273   1.173  -0.294  -0.567   2.430  -0.389  -0.620   0.464  -0.027
  -1.665  -0.517  -0.160  -1.599   0.934   0.103  -3.049   1.905   0.605  -3.035
   1.088  -0.895  -3.471   0.186   0.651  -3.695
  -3.448   1.183   1.750  -3.099   0.686   0.843  -3.457   1.245  -0.032  -3.526
  -0.320   0.701  -1.598   0.665   0.799  -0.992   1.769   0.820  -0.989  -0.519
   0.818  -1.532  -1.379   0.998   0.469  -0.568   0.792   0.858   0.224   1.416
   0.943  -1.962   1.262   2.027  -2.029   1.332   0.685  -2.663   0.439   0.442
  -2.276   2.185   1.190  -0.269  -0.606   2.446  -0.248  -0.689   0.422  -0.133
  -1.683  -0.544  -0.081  -1.570   0.925   0.058  -3.070   1.903   0.569  -3.096
   1.172  -0.903  -3.538   0.164   0.652  -3.648
  -3.439   1.216   1.863  -3.115   0.750   0.939  -3.549   1.101   0.061  -3.453
  -0.274   0.923  -1.592   0.769   0.840  -1.042   1.848   0.849  -0.989  -0.454
   0.815  -1.549  -1.284   0.928   0.485  -0.561   0.772   0.918   0.174   1.500
   0.841  -2.001   1.214   1.909  -2.133   1.295   0.389  -2.772   0.531   0.405
  -2.207   2.185   1.144  -0.225  -0.605   2.407  -0.128  -0.702   0.407  -0.134
  -1.739  -0.584  -0.398  -1.600   0.968   0.034  -3.120   1.770   0.698  -3.032
   1.377  -0.924  -3.523   0.159   0.349  -3.745
  -3.335   1.067   2.048  -3.099   0.752   1.028  -3.597   1.375   0.276  -3.422
  -0.265   0.909  -1.621   0.722   0.849  -1.040   1.811   0.807  -0.931  -0.411
   0.694  -1.491  -1.255   0.618   0.533  -0.533   0.694   0.921   0.154   1.441
   0.861  -1.961   1.249   1.931  -2.142   1.305   0.415  -2.747   0.648   0.495
  -2.012   2.284   1.192  -0.222  -0.680   2.409  -0.048  -0.771   0.330  -0.119
  -1.717  -0.612  -0.500  -1.520   0.880   0.070  -3.075   1.663   0.839  -3.020
   1.441  -0.826  -3.405   0.094   0.431  -3.777
  -3.371   1.102   1.951  -3.078   0.654   0.990  -3.555   1.189   0.174  -3.402
  -0.406   0.943  -1.589   0.739   0.841  -1.003   1.844   0.857  -0.892  -0.417
   0.827  -1.408  -1.276   1.015   0.555  -0.500   0.794   0.935   0.149   1.593
   0.852  -1.918   1.242   1.899  -2.114   1.522   0.577  -2.686   0.479   0.222
  -2.143   2.129   1.159  -0.254  -0.628   2.413  -0.110  -0.743   0.345  -0.180
  -1.710  -0.675  -0.227  -1.510   0.874   0.187  -3.049   1.503   1.027  -2.983
   1.442  -0.639  -3.436   0.095   0.485  -3.742
  -3.387   1.033   1.889  -3.082   0.572   0.995  -3.635   1.171   0.233  -3.379
  -0.515   0.927  -1.590   0.717   0.933  -1.043   1.815   0.844  -0.919  -0.410
   0.898  -1.465  -1.259   0.946   0.526  -0.499   0.796   0.959   0.223   1.525
   0.845  -1.942   1.274   1.863  -1.950   1.652   0.723  -2.664   0.460   0.123
  -2.270   2.057   1.173  -0.101  -0.541   2.394  -0.081  -0.652   0.413  -0.122
  -1.692  -0.597  -0.004  -1.590   0.937   0.141  -3.039   1.679   0.978  -2.979
   1.480  -0.693  -3.401   0.160   0.395  -3.731
  -3.493   0.996   2.038  -3.175   0.605   1.027  -3.629   1.226   0.236  -3.444
  -0.416   1.000  -1.677   0.731   0.926  -1.101   1.855   0.746  -0.973  -0.400
   0.948  -1.461  -1.183   1.278   0.505  -0.535   0.789   0.940   0.197   1.466
   0.951  -1.910   1.270   2.026  -1.861   1.315   0.698  -2.641   0.500   0.527
  -2.153   2.264   1.158  -0.213  -0.588   2.371  -0.048  -0.648   0.400  -0.067
  -1.662  -0.584  -0.257  -1.489   0.897   0.236  -3.069   1.572   1.104  -2.980
   1.533  -0.583  -3.381   0.071   0.386  -3.781
  -3.391   1.157   1.988  -3.154   0.662   1.054  -3.688   1.192   0.252  -3.439
  -0.377   1.103  -1.661   0.776   0.904  -1.127   1.856   0.677  -0.992  -0.403
   0.956  -1.498  -1.260   1.145   0.459  -0.505   0.877   0.880   0.150   1.624
   0.928  -1.883   1.327   2.005  -1.766   1.337   0.666  -2.621   0.528   0.697
  -2.069   2.345   1.154  -0.072  -0.517   2.364   0.075  -0.581   0.427  -0.041
  -1.643  -0.548  -0.243  -1.576   0.970   0.216  -2.989   1.870   0.872  -2.986
   1.220  -0.753  -3.397   0.210   0.667  -3.597
  -3.486   1.156   1.746  -3.161   0.658   0.839  -3.541   1.196  -0.055  -3.468
  -0.388   0.800  -1.658   0.740   0.835  -1.112   1.804   0.626  -0.991  -0.437
   0.920  -1.512  -1.297   1.053   0.507  -0.449   0.882   0.996   0.274   1.594
   0.941  -1.850   1.343   2.008  -1.817   1.400   0.718  -2.588   0.598   0.533
  -2.130   2.295   1.164  -0.161  -0.458   2.404   0.006  -0.524   0.467  -0.185
  -1.584  -0.504  -0.352  -1.452   0.973   0.090  -2.921   1.791   0.788  -2.811
   1.272  -0.796  -3.507   0.109   0.512  -3.419
  -3.364   0.963   1.968  -3.131   0.659   0.973  -3.699   1.162   0.224  -3.303
  -0.438   0.907  -1.647   0.840   0.787  -1.130   1.893   0.492  -0.899  -0.262
   0.959  -1.410  -1.108   1.160   0.560  -0.398   0.866   1.008   0.359   1.571
   0.986  -1.822   1.293   2.068  -1.957   1.334   0.662  -2.473   0.529   0.539
  -2.149   2.224   1.213  -0.106  -0.479   2.396   0.036  -0.499   0.472  -0.099
  -1.585  -0.470  -0.411  -1.395   0.930   0.227  -2.926   1.694   1.021  -2.838
   1.384  -0.624  -3.365   0.062   0.557  -3.532
  -3.342   0.729   2.066  -3.132   0.673   0.975  -3.720   1.397   0.417  -3.480
  -0.312   0.678  -1.684   0.803   0.710  -1.219   1.876   0.418  -0.890  -0.252
   0.898  -1.352  -1.106   1.145   0.571  -0.363   0.913   1.047   0.365   1.633
   0.920  -1.805   1.346   1.971  -1.989   1.552   0.520  -2.415   0.476   0.397
  -1.989   2.255   1.227  -0.079  -0.444   2.438   0.129  -0.520   0.444  -0.110
  -1.538  -0.508  -0.428  -1.387   0.868   0.202  -2.908   1.389   1.163  -2.907
   1.535  -0.601  -3.265   0.007   0.282  -3.571
  -3.298   0.606   2.130  -3.129   0.679   1.079  -3.668   1.483   0.644  -3.474
  -0.228   0.571  -1.630   0.800   0.774  -1.166   1.889   0.485  -0.896  -0.295
   0.976  -1.436  -1.175   1.025   0.580  -0.437   0.876   0.913   0.220   1.691
   0.991  -1.864   1.305   2.058  -1.944   1.462   0.700  -2.515   0.428   0.520
  -2.140   2.242   1.209  -0.104  -0.430   2.419   0.171  -0.512   0.404  -0.042
  -1.448  -0.500  -0.415  -1.250   0.842   0.252  -2.759   1.384   1.244  -2.725
   1.501  -0.574  -2.996  -0.025   0.253  -3.426
  -3.091   0.246   2.066  -3.096   0.537   1.023  -3.604   1.534   0.796  -3.459
  -0.220   0.394  -1.625   0.778   0.814  -1.243   1.876   0.422  -0.888  -0.283
   1.001  -1.446  -1.028   1.342   0.562  -0.448   0.945   0.814   0.272   1.739
   0.874  -1.928   1.279   1.969  -1.999   1.348   0.502  -2.598   0.535   0.482
  -2.156   2.251   1.185  -0.103  -0.418   2.378   0.189  -0.518   0.397  -0.044
  -1.496  -0.597  -0.170  -1.308   0.847   0.249  -2.866   1.588   1.013  -2.916
   1.261  -0.702  -3.307   0.003   0.615  -3.432
  -3.356   0.451   2.116  -3.157   0.567   1.022  -3.686   1.416   0.547  -3.471
  -0.335   0.443  -1.666   0.758   0.804  -1.277   1.878   0.508  -0.945  -0.350
   1.059  -1.383  -1.252   1.421   0.541  -0.503   0.937   1.014   0.177   1.666
   0.959  -1.868   1.429   2.047  -1.828   1.511   0.638  -2.597   0.721   0.533
  -2.120   2.397   1.172  -0.161  -0.439   2.387   0.202  -0.558   0.378  -0.070
  -1.570  -0.578  -0.264  -1.434   0.729   0.263  -2.913   1.411   1.124  -2.882
   1.169  -0.636  -3.327  -0.142   0.565  -3.516
  -3.254   0.489   2.096  -3.095   0.613   1.031  -3.494   1.513   0.615  -3.576
  -0.293   0.521  -1.584   0.780   0.835  -1.128   1.871   0.466  -0.890  -0.348
   1.037  -1.267  -1.085   1.557   0.544  -0.391   0.863   0.985   0.309   1.533
   0.920  -1.852   1.283   2.051  -1.938   1.217   0.576  -2.584   0.561   0.478
  -2.101   2.296   1.074  -0.077  -0.574   2.307   0.029  -0.700   0.284  -0.093
  -1.633  -0.687  -0.296  -1.430   0.665   0.273  -3.048   1.111   1.250  -3.022
   1.369  -0.494  -3.475  -0.237   0.351  -3.694
  -3.407   0.338   1.914  -3.130   0.654   0.943  -3.607   1.553   0.677  -3.386
  -0.099   0.263  -1.580   0.864   0.795  -1.054   1.950   0.449  -0.897  -0.242
   1.011  -1.407  -1.061   1.199   0.547  -0.345   0.833   0.959   0.395   1.512
   1.013  -1.708   1.384   2.087  -1.721   1.495   0.760  -2.446   0.613   0.543
  -1.808   2.348   1.145  -0.103  -0.604   2.367   0.128  -0.654   0.340  -0.189
  -1.665  -0.627  -0.452  -1.469   0.677   0.262  -3.014   0.962   1.304  -2.857
   1.567  -0.251  -3.478  -0.082   0.324  -3.669
  -3.253   0.279   2.022  -3.081   0.719   1.015  -3.536   1.702   1.036  -3.538
   0.118   0.214  -1.551   0.836   0.932  -1.144   1.916   0.605  -0.868  -0.314
   1.060  -1.410  -1.168   1.255   0.609  -0.469   0.916   1.092   0.215   1.588
   1.004  -1.784   1.450   2.090  -1.877   1.383   0.585  -2.583   0.817   0.710
  -1.893   2.476   1.099  -0.196  -0.536   2.310   0.106  -0.759   0.208  -0.230
  -1.624  -0.800  -0.509  -1.453   0.558   0.184  -2.974   0.749   1.216  -3.008
   1.433  -0.376  -3.351  -0.311   0.035  -3.640
  -3.357   0.233   1.961  -3.085   0.722   1.027  -3.519   1.689   0.833  -3.381
   0.026   0.240  -1.545   0.802   0.896  -0.987   1.859   0.658  -0.912  -0.309
   1.090  -1.499  -1.151   1.278   0.585  -0.403   0.890   1.113   0.348   1.550
   1.074  -1.788   1.372   2.205  -1.751   1.367   0.853  -2.626   0.608   0.719
  -2.060   2.375   1.051  -0.155  -0.556   2.212   0.074  -0.669   0.173  -0.304
  -1.591  -0.834  -0.430  -1.439   0.596   0.050  -2.934   0.925   1.071  -2.924
   1.352  -0.706  -3.255  -0.186  -0.026  -3.651
  -3.469   0.438   1.897  -3.075   0.688   0.951  -3.524   1.615   0.634  -3.429
  -0.095   0.278  -1.522   0.702   0.893  -1.004   1.797   0.611  -0.787  -0.426
   1.023  -1.185  -1.340   1.277   0.637  -0.435   0.896   1.123   0.310   1.525
   1.149  -1.751   1.433   2.238  -1.701   1.479   0.815  -2.593   0.772   0.779
  -1.970   2.481   1.105  -0.210  -0.550   2.216   0.216  -0.742   0.247  -0.329
  -1.547  -0.674  -0.727  -1.365   0.565  -0.031  -2.897   0.698   1.060  -3.010
   1.472  -0.579  -3.205  -0.270  -0.359  -3.567
  -3.246   0.378   2.087  -2.944   0.674   1.064  -3.340   1.644   0.708  -3.366
  -0.066   0.369  -1.427   0.748   0.893  -0.946   1.871   0.580  -0.769  -0.345
   1.240  -1.289  -1.181   1.575   0.640  -0.441   0.950   1.095   0.338   1.562
   1.154  -1.787   1.441   2.255  -1.962   1.421   0.854  -2.613   0.732   0.809
  -1.862   2.446   1.130  -0.144  -0.505   2.306   0.132  -0.751   0.255  -0.231
  -1.532  -0.636  -0.650  -1.297   0.549   0.012  -2.927   1.137   0.933  -3.069
   1.098  -0.843  -3.426  -0.302   0.307  -3.467
  -3.348   0.596   2.028  -2.996   0.612   1.053  -3.521   1.453   0.647  -3.259
  -0.310   0.615  -1.467   0.779   1.008  -0.903   1.857   0.652  -0.795  -0.364
   1.143  -1.308  -1.213   1.356   0.737  -0.445   0.939   1.208   0.343   1.510
   1.208  -1.761   1.504   2.320  -1.858   1.373   0.670  -2.576   0.983   1.000
  -1.848   2.607   1.190  -0.169  -0.535   2.322   0.233  -0.845   0.229  -0.310
  -1.528  -0.702  -0.596  -1.308   0.418   0.049  -2.873   1.244   0.799  -3.041
   0.793  -0.820  -3.416  -0.486   0.414  -3.272
  -3.220   0.451   2.158  -2.950   0.458   1.145  -3.556   1.221   0.658  -3.143
  -0.505   0.741  -1.482   0.736   1.023  -1.054   1.823   0.618  -0.724  -0.342
   1.307  -1.232  -1.225   1.418   0.726  -0.386   1.016   1.252   0.385   1.579
   1.309  -1.700   1.457   2.310  -1.741   1.214   0.627  -2.485   0.994   1.292
  -1.756   2.561   1.217  -0.128  -0.463   2.423   0.082  -0.769   0.297  -0.152
  -1.448  -0.541  -0.582  -1.135   0.298   0.132  -2.925   0.879   0.950  -3.236
   0.659  -0.747  -3.517  -0.739   0.452  -3.170
  -3.107   0.650   2.161  -2.914   0.485   1.109  -3.488   1.218   0.486  -3.152
  -0.539   0.762  -1.423   0.694   0.987  -0.960   1.776   0.704  -0.652  -0.399
   1.190  -1.103  -1.240   1.448   0.786  -0.306   1.003   1.210   0.539   1.586
   1.338  -1.644   1.526   2.379  -1.681   1.305   0.672  -2.463   1.104   1.298
  -1.591   2.619   1.206  -0.113  -0.498   2.387   0.017  -0.779   0.189  -0.154
  -1.448  -0.751  -0.421  -1.073   0.294   0.118  -2.816   0.904   0.939  -3.102
   0.630  -0.845  -3.255  -0.701   0.429  -3.272
  -3.271   0.667   2.040  -2.872   0.472   1.081  -3.383   1.157   0.401  -3.231
  -0.498   0.734  -1.382   0.700   0.975  -0.933   1.835   0.807  -0.591  -0.299
   1.270  -1.032  -1.177   1.538   0.845  -0.350   1.050   1.404   0.431   1.602
   1.276  -1.727   1.474   2.275  -1.842   1.036   0.637  -2.468   1.019   1.297
  -1.745   2.527   1.183  -0.157  -0.448   2.372   0.044  -0.652   0.271  -0.233
  -1.447  -0.687  -0.495  -1.190   0.330   0.174  -2.861   1.011   1.054  -2.907
   0.780  -0.733  -3.374  -0.635   0.464  -3.199
  -3.264   0.726   2.183  -2.921   0.462   1.156  -3.419   1.130   0.435  -3.158
  -0.570   0.856  -1.444   0.770   1.083  -0.968   1.873   0.683  -0.646  -0.270
   1.331  -1.122  -1.030   1.792   0.794  -0.379   1.004   1.299   0.424   1.615
   1.317  -1.746   1.515   2.367  -1.777   1.250   0.785  -2.509   0.988   1.257
  -1.796   2.574   1.256  -0.143  -0.444   2.418   0.167  -0.703   0.305  -0.285
  -1.369  -0.583  -0.649  -1.074   0.397   0.045  -2.821   1.058   0.831  -3.040
   0.918  -0.788  -3.388  -0.576   0.256  -3.219
  -3.143   0.824   2.342  -2.864   0.538   1.266  -3.489   1.281   0.699  -3.246
  -0.423   0.962  -1.400   0.738   1.030  -0.933   1.779   0.579  -0.590  -0.258
   1.404  -1.080  -1.044   1.822   0.846  -0.330   1.009   1.318   0.403   1.605
   1.373  -1.681   1.477   2.477  -1.754   1.349   0.918  -2.475   0.943   1.090
  -1.885   2.473   1.246  -0.107  -0.478   2.411   0.281  -0.759   0.296  -0.224
  -1.375  -0.596  -0.438  -0.967   0.395   0.012  -2.826   1.024   0.872  -3.036
   0.772  -0.875  -3.290  -0.611   0.313  -3.248
  -3.374   0.896   2.080  -2.895   0.560   1.160  -3.399   1.069   0.309  -3.231
  -0.486   0.948  -1.378   0.779   1.059  -0.874   1.846   0.653  -0.615  -0.286
   1.294  -1.104  -1.108   1.584   0.843  -0.310   1.019   1.428   0.364   1.600
   1.241  -1.683   1.571   2.324  -1.826   1.547   0.796  -2.476   0.964   0.937
  -1.735   2.645   1.219  -0.176  -0.482   2.394   0.183  -0.779   0.297  -0.327
  -1.448  -0.659  -0.432  -1.112   0.446   0.000  -2.881   0.968   0.927  -2.973
   1.112  -0.822  -3.392  -0.516   0.017  -3.312
  -3.218   0.917   2.151  -2.848   0.588   1.169  -3.404   1.203   0.382  -3.142
  -0.423   0.960  -1.332   0.783   1.060  -0.873   1.824   0.627  -0.575  -0.313
   1.306  -1.022  -1.129   1.654   0.879  -0.309   1.108   1.356   0.426   1.731
   1.298  -1.720   1.535   2.331  -1.841   1.263   0.658  -2.465   1.082   1.144
  -1.833   2.585   1.238  -0.074  -0.372   2.386   0.190  -0.658   0.363  -0.233
  -1.375  -0.615  -0.504  -1.144   0.601   0.030  -2.800   1.169   0.952  -2.877
   1.051  -0.878  -3.215  -0.313   0.118  -3.403
  -3.176   0.636   2.269  -2.789   0.512   1.241  -3.333   1.115   0.511  -3.018
  -0.554   1.002  -1.334   0.668   0.986  -0.958   1.804   0.629  -0.610  -0.354
   1.309  -1.069  -1.057   1.835   0.852  -0.423   1.057   1.386   0.266   1.712
   1.386  -1.800   1.472   2.513  -1.874   1.254   0.853  -2.617   0.941   1.282
  -1.901   2.555   1.252  -0.117  -0.390   2.506   0.060  -0.541   0.341  -0.176
  -1.397  -0.649  -0.313  -1.134   0.559   0.012  -2.808   1.140   0.899  -2.922
   1.108  -0.871  -3.232  -0.438   0.026  -3.341
  -3.204   0.616   2.219  -2.822   0.420   1.244  -3.279   1.069   0.504  -3.167
  -0.614   1.080  -1.295   0.615   1.117  -0.896   1.738   0.781  -0.579  -0.488
   1.217  -1.083  -1.251   1.645   0.891  -0.498   1.063   1.223   0.301   1.743
   1.473  -1.898   1.541   2.521  -1.791   1.317   1.071  -2.703   0.927   1.421
  -2.087   2.639   1.263  -0.095  -0.363   2.447  -0.006  -0.655   0.262  -0.064
  -1.338  -0.712  -0.204  -1.083   0.591   0.005  -2.731   1.385   0.732  -2.916
   0.970  -0.916  -3.058  -0.300   0.198  -3.320
  -3.193   0.913   2.196  -2.802   0.475   1.238  -3.246   1.165   0.562  -3.196
  -0.514   1.126  -1.333   0.631   1.017  -0.901   1.777   0.813  -0.589  -0.434
   1.240  -1.090  -1.270   1.501   0.851  -0.459   1.039   1.213   0.379   1.621
   1.442  -1.802   1.482   2.513  -1.733   1.419   1.123  -2.675   0.862   1.293
  -1.924   2.549   1.260  -0.106  -0.422   2.439   0.144  -0.679   0.321  -0.119
  -1.386  -0.647  -0.231  -1.160   0.636   0.066  -2.787   1.389   0.859  -2.884
   1.026  -0.789  -3.353  -0.208   0.570  -3.243
  -3.118   0.524   2.261  -2.814   0.473   1.198  -3.331   1.221   0.595  -3.032
  -0.524   0.889  -1.334   0.666   1.056  -0.828   1.710   0.811  -0.577  -0.456
   1.196  -1.024  -1.342   1.340   0.859  -0.502   1.030   1.314   0.191   1.677
   1.426  -1.909   1.465   2.471  -1.856   1.209   1.025  -2.715   0.882   1.280
  -2.159   2.500   1.294  -0.122  -0.371   2.478   0.194  -0.596   0.358   0.002
  -1.339  -0.586  -0.163  -1.147   0.629   0.068  -2.738   1.205   0.908  -3.087
   1.107  -0.853  -3.090  -0.367   0.153  -3.169
  -3.121   0.500   2.140  -2.828   0.540   1.089  -3.147   1.370   0.585  -3.210
  -0.396   0.583  -1.302   0.577   1.031  -0.760   1.686   0.910  -0.636  -0.590
   1.130  -1.237  -1.443   1.094   0.837  -0.605   0.996   1.268   0.090   1.726
   1.388  -2.008   1.419   2.449  -2.018   1.573   0.960  -2.772   0.752   0.995
  -2.092   2.461   1.295  -0.079  -0.433   2.460   0.191  -0.604   0.322   0.021
  -1.375  -0.583  -0.339  -1.177   0.651   0.001  -2.817   1.487   0.714  -3.112
   0.964  -0.995  -3.028  -0.217   0.304  -3.404
  -3.248   0.531   2.039  -2.791   0.652   1.031  -3.146   1.604   0.697  -3.231
  -0.190   0.361  -1.259   0.636   1.072  -0.625   1.692   1.015  -0.597  -0.509
   1.281  -1.128  -1.312   1.174   0.820  -0.601   1.008   1.404   0.001   1.771
   1.291  -2.055   1.332   2.283  -2.147   1.071   0.868  -2.850   0.732   1.195
  -2.296   2.370   1.271  -0.150  -0.430   2.406   0.268  -0.682   0.355   0.031
  -1.406  -0.608  -0.196  -1.117   0.750   0.067  -2.879   1.676   0.595  -3.001
   0.889  -1.006  -3.099  -0.068   0.455  -3.517
  -3.203   0.428   1.931  -2.798   0.641   0.951  -3.141   1.544   0.529  -3.167
  -0.121   0.280  -1.323   0.689   1.087  -0.703   1.717   0.946  -0.652  -0.456
   1.152  -1.191  -1.227   1.220   0.863  -0.575   1.038   1.373   0.047   1.745
   1.251  -2.022   1.372   2.348  -2.064   1.134   0.803  -2.819   0.721   1.110
  -2.390   2.358   1.299  -0.141  -0.469   2.483   0.216  -0.722   0.377  -0.133
  -1.442  -0.606  -0.394  -1.180   0.674   0.134  -2.859   1.652   0.543  -2.956
   0.696  -0.790  -3.470  -0.094   0.833  -3.394
  -3.219   0.361   1.982  -2.772   0.574   1.019  -3.141   1.564   0.885  -2.976
  -0.140   0.160  -1.279   0.622   1.162  -0.735   1.740   1.007  -0.634  -0.519
   1.181  -1.130  -1.386   1.346   0.802  -0.606   0.926   1.209   0.098   1.593
   1.343  -1.978   1.274   2.400  -2.059   1.325   0.983  -2.710   0.576   0.920
  -2.283   2.251   1.257  -0.152  -0.407   2.472   0.178  -0.654   0.357  -0.157
  -1.391  -0.529  -0.395  -1.048   0.623   0.109  -2.841   1.605   0.491  -3.006
   0.667  -0.890  -3.391  -0.131   0.688  -3.300
  -3.127   0.204   1.977  -2.726   0.701   1.052  -3.088   1.721   0.866  -2.966
   0.147   0.201  -1.197   0.759   1.174  -0.611   1.757   1.128  -0.612  -0.419
   1.262  -1.145  -1.268   1.182   0.851  -0.561   0.993   1.307   0.085   1.686
   1.294  -2.005   1.305   2.439  -2.115   1.267   1.079  -2.648   0.520   0.776
  -2.325   2.154   1.295  -0.164  -0.400   2.472   0.156  -0.596   0.432  -0.153
  -1.429  -0.505  -0.393  -1.218   0.716   0.161  -2.858   1.572   0.771  -3.016
   0.888  -0.755  -3.337  -0.119   0.604  -3.372
  -3.334   0.529   2.140  -2.861   0.610   1.191  -3.270   1.563   0.801  -3.183
  -0.095   0.489  -1.317   0.710   1.305  -0.698   1.785   1.190  -0.598  -0.406
   1.263  -1.171  -1.200   1.330   0.827  -0.471   1.058   1.342   0.161   1.702
   1.283  -1.900   1.304   2.297  -1.988   1.106   0.830  -2.581   0.556   1.066
  -2.297   2.327   1.290  -0.080  -0.419   2.443   0.272  -0.624   0.448  -0.163
  -1.503  -0.560  -0.269  -1.306   0.769  -0.015  -2.897   1.635   0.528  -3.039
   0.920  -1.043  -3.330   0.056   0.565  -3.514
  -3.117   0.323   2.442  -2.835   0.586   1.420  -3.293   1.534   1.206  -3.173
  -0.201   0.776  -1.275   0.670   1.330  -0.727   1.792   1.255  -0.648  -0.477
   1.211  -1.168  -1.338   1.312   0.788  -0.498   0.975   1.211   0.172   1.744
   1.410  -1.848   1.255   2.483  -1.850   1.498   1.208  -2.551   0.410   1.006
  -2.314   2.152   1.274  -0.049  -0.407   2.386   0.392  -0.506   0.460  -0.172
  -1.415  -0.429  -0.602  -1.205   0.727   0.014  -2.806   1.800  -0.093  -2.882
   0.321  -0.789  -3.489   0.372   0.995  -3.100
  -3.180   0.516   2.432  -2.823   0.583   1.462  -3.293   1.387   0.929  -3.127
  -0.261   0.880  -1.278   0.648   1.356  -0.729   1.735   1.327  -0.619  -0.418
   1.318  -1.087  -1.264   1.404   0.844  -0.481   1.031   1.255   0.272   1.711
   1.427  -1.899   1.293   2.500  -1.644   1.473   1.177  -2.535   0.507   1.040
  -2.218   2.256   1.273   0.007  -0.407   2.435   0.295  -0.583   0.454  -0.200
  -1.446  -0.527  -0.357  -1.260   0.800   0.010  -2.880   1.914  -0.141  -3.096
   0.218  -0.727  -3.466   0.455   0.971  -3.303
  -2.913   0.459   2.634  -2.888   0.629   1.560  -3.318   1.585   1.373  -3.349
  -0.078   0.887  -1.354   0.721   1.398  -0.802   1.795   1.438  -0.625  -0.400
   1.310  -1.114  -1.276   1.332   0.789  -0.490   1.001   1.348   0.207   1.671
   1.346  -1.935   1.227   2.413  -1.901   1.536   1.341  -2.477   0.323   0.717
  -2.512   1.893   1.211   0.008  -0.441   2.377   0.334  -0.599   0.333  -0.059
  -1.435  -0.593  -0.467  -1.229   0.673   0.021  -2.891   1.740   0.181  -2.932
   0.277  -0.879  -3.354   0.142   0.886  -3.341
  -2.855   0.365   2.596  -2.787   0.497   1.530  -3.341   1.377   1.295  -3.143
  -0.290   0.910  -1.288   0.695   1.441  -0.846   1.801   1.295  -0.620  -0.426
   1.306  -1.034  -1.310   1.488   0.806  -0.495   1.033   1.203   0.296   1.724
   1.247  -1.930   1.243   2.363  -1.912   1.255   1.072  -2.550   0.382   0.881
  -2.409   2.094   1.217   0.018  -0.371   2.380   0.382  -0.576   0.336  -0.057
  -1.362  -0.551  -0.512  -1.140   0.586   0.105  -2.817   1.650  -0.016  -2.984
   0.072  -0.752  -3.277   0.252   1.143  -3.041
  -3.037  -0.180   2.454  -2.814   0.551   1.615  -3.200   1.591   1.842  -3.253
   0.195   0.683  -1.288   0.680   1.441  -0.807   1.812   1.271  -0.620  -0.466
   1.127  -1.131  -1.368   1.168   0.869  -0.481   1.024   1.464   0.099   1.731
   1.338  -1.908   1.243   2.479  -1.898   1.321   1.046  -2.561   0.394   0.873
  -2.226   2.123   1.286  -0.012  -0.417   2.458   0.272  -0.570   0.329  -0.123
  -1.399  -0.634  -0.435  -1.095   0.644   0.110  -2.779   1.677   0.281  -3.053
   0.318  -0.743  -3.500   0.036   0.957  -3.015
  -2.951  -0.347   2.252  -2.830   0.530   1.588  -3.237   1.395   2.047  -3.233
   0.329   0.595  -1.290   0.682   1.408  -0.729   1.750   1.391  -0.619  -0.466
   1.344  -1.146  -1.297   1.423   0.809  -0.581   1.055   1.368   0.102   1.710
   1.376  -1.959   1.303   2.492  -1.896   1.243   1.128  -2.454   0.380   0.975
  -2.554   2.161   1.227  -0.043  -0.343   2.427   0.234  -0.524   0.324  -0.104
  -1.348  -0.598  -0.425  -1.178   0.633  -0.039  -2.786   1.738   0.226  -2.995
   0.508  -1.037  -3.196  -0.032   0.653  -3.176
