default_name                                                                    
  -3.662   1.119   0.705  -2.743   1.233   1.263  -2.902   0.967   2.306  -2.400
   2.266   1.190  -1.692   0.325   0.675  -1.940  -0.391  -0.286  -0.507   0.325
   1.266  -0.405   0.974   2.035   0.679  -0.458   0.926   1.446  -0.135   1.623
   0.424  -1.929   1.260   1.358  -2.489   1.205  -0.287  -2.347   0.542   0.018
  -2.012   2.271   1.308  -0.225  -0.471   2.234  -0.937  -0.863   0.824   0.757
  -1.240   0.078   1.307  -0.850   1.334   1.143  -2.559   2.401   1.369  -2.479
   1.201   0.312  -3.253   0.805   2.027  -2.922
  -3.696   1.120   0.735  -2.743   1.243   1.271  -2.890   1.018   2.327  -2.420
   2.271   1.156  -1.705   0.316   0.677  -1.965  -0.366  -0.306  -0.527   0.265
   1.267  -0.440   0.877   2.062   0.675  -0.499   0.914   1.461  -0.134   1.593
   0.433  -1.963   1.285   1.376  -2.492   1.248  -0.277  -2.426   0.596   0.036
  -2.022   2.296   1.281  -0.273  -0.501   2.236  -0.949  -0.874   0.771   0.681
  -1.281   0.003   1.206  -0.904   1.320   1.111  -2.567   2.381   1.357  -2.458
   1.191   0.327  -3.302   0.790   1.995  -2.906
  -3.702   1.148   0.728  -2.751   1.240   1.254  -2.909   0.995   2.300  -2.374
   2.267   1.190  -1.731   0.297   0.662  -2.004  -0.343  -0.351  -0.544   0.233
   1.261  -0.454   0.798   2.090   0.659  -0.546   0.898   1.437  -0.181   1.577
   0.441  -2.011   1.276   1.370  -2.563   1.269  -0.268  -2.477   0.592   0.048
  -2.074   2.279   1.265  -0.324  -0.523   2.249  -0.985  -0.879   0.735   0.612
  -1.320  -0.039   1.131  -0.930   1.295   1.096  -2.592   2.348   1.363  -2.469
   1.230   0.318  -3.359   0.739   1.971  -2.938
  -3.694   1.131   0.772  -2.721   1.264   1.238  -2.817   1.061   2.300  -2.369
   2.286   1.114  -1.734   0.299   0.638  -1.997  -0.341  -0.379  -0.573   0.193
   1.253  -0.476   0.738   2.090   0.620  -0.582   0.863   1.395  -0.225   1.542
   0.422  -2.056   1.227   1.382  -2.568   1.221  -0.266  -2.521   0.530   0.017
  -2.093   2.232   1.242  -0.347  -0.545   2.245  -0.979  -0.892   0.687   0.561
  -1.361  -0.149   1.034  -1.031   1.276   1.061  -2.602   2.287   1.432  -2.397
   1.302   0.267  -3.351   0.665   1.883  -2.999
  -3.689   1.164   0.748  -2.720   1.251   1.228  -2.767   1.040   2.296  -2.334
   2.262   1.109  -1.728   0.297   0.602  -2.024  -0.323  -0.413  -0.567   0.157
   1.225  -0.481   0.676   2.090   0.623  -0.599   0.836   1.401  -0.235   1.498
   0.422  -2.075   1.207   1.375  -2.593   1.131  -0.284  -2.557   0.519   0.057
  -2.162   2.249   1.229  -0.372  -0.564   2.258  -0.984  -0.866   0.676   0.526
  -1.388  -0.193   0.965  -1.094   1.281   0.998  -2.638   2.308   1.355  -2.461
   1.269   0.201  -3.372   0.702   1.826  -3.021
  -3.714   1.159   0.793  -2.703   1.277   1.229  -2.726   1.088   2.310  -2.353
   2.291   1.063  -1.750   0.286   0.606  -2.043  -0.311  -0.410  -0.608   0.094
   1.219  -0.483   0.637   2.057   0.581  -0.653   0.811   1.364  -0.323   1.511
   0.388  -2.135   1.186   1.346  -2.678   1.103  -0.338  -2.591   0.527   0.045
  -2.188   2.227   1.210  -0.406  -0.575   2.272  -0.955  -0.868   0.625   0.466
  -1.416  -0.240   0.896  -1.134   1.235   0.959  -2.677   2.280   1.287  -2.556
   1.172   0.148  -3.440   0.657   1.803  -3.032
  -3.713   1.112   0.795  -2.722   1.242   1.251  -2.740   1.068   2.336  -2.374
   2.240   1.055  -1.764   0.272   0.600  -2.049  -0.311  -0.429  -0.622   0.056
   1.223  -0.512   0.549   2.105   0.584  -0.699   0.821   1.365  -0.408   1.520
   0.389  -2.184   1.136   1.356  -2.684   1.053  -0.331  -2.624   0.419   0.002
  -2.283   2.157   1.229  -0.423  -0.560   2.311  -0.951  -0.840   0.611   0.382
  -1.416  -0.312   0.722  -1.156   1.196   0.903  -2.640   2.219   1.241  -2.509
   1.236   0.117  -3.394   0.607   1.763  -3.002
  -3.707   1.104   0.846  -2.718   1.220   1.256  -2.823   1.014   2.332  -2.327
   2.237   1.083  -1.771   0.244   0.593  -2.050  -0.296  -0.463  -0.639   0.016
   1.215  -0.555   0.478   2.101   0.557  -0.740   0.824   1.311  -0.402   1.506
   0.334  -2.240   1.079   1.277  -2.781   1.080  -0.356  -2.672   0.337  -0.081
  -2.392   2.091   1.215  -0.454  -0.554   2.319  -0.947  -0.802   0.583   0.354
  -1.431  -0.379   0.597  -1.213   1.206   0.914  -2.637   2.218   1.238  -2.407
   1.239   0.179  -3.458   0.637   1.789  -2.937
  -3.719   1.172   0.804  -2.725   1.168   1.288  -2.830   0.838   2.324  -2.338
   2.183   1.253  -1.800   0.230   0.572  -2.111  -0.259  -0.515  -0.668  -0.058
   1.210  -0.618   0.359   2.142   0.571  -0.777   0.819   1.333  -0.422   1.537
   0.356  -2.269   1.090   1.293  -2.815   1.036  -0.356  -2.651   0.392  -0.046
  -2.416   2.115   1.207  -0.479  -0.567   2.326  -0.943  -0.813   0.577   0.328
  -1.450  -0.348   0.662  -1.191   1.225   0.939  -2.597   2.225   1.245  -2.297
   1.326   0.207  -3.402   0.680   1.821  -2.921
  -3.705   1.301   0.658  -2.755   1.183   1.232  -3.022   0.911   2.254  -2.243
   2.138   1.265  -1.818   0.200   0.571  -2.110  -0.280  -0.541  -0.707  -0.106
   1.205  -0.641   0.351   2.094   0.496  -0.828   0.802   1.240  -0.455   1.505
   0.314  -2.302   1.075   1.278  -2.817   1.030  -0.364  -2.727   0.313  -0.122
  -2.500   2.071   1.188  -0.503  -0.550   2.327  -0.929  -0.770   0.565   0.301
  -1.429  -0.403   0.482  -1.255   1.233   0.911  -2.574   2.233   1.167  -2.316
   1.295   0.136  -3.370   0.645   1.760  -2.907
  -3.692   1.267   0.724  -2.745   1.212   1.242  -2.922   0.912   2.288  -2.307
   2.226   1.202  -1.839   0.203   0.539  -2.094  -0.270  -0.561  -0.734  -0.131
   1.192  -0.663   0.291   2.098   0.478  -0.850   0.824   1.214  -0.513   1.549
   0.304  -2.332   1.099   1.257  -2.853   0.948  -0.407  -2.709   0.356  -0.120
  -2.518   2.102   1.160  -0.527  -0.568   2.289  -0.956  -0.784   0.533   0.275
  -1.444  -0.425   0.505  -1.265   1.208   0.910  -2.609   2.240   1.236  -2.333
   1.281   0.185  -3.437   0.681   1.810  -2.919
  -3.684   1.296   0.685  -2.757   1.193   1.219  -2.989   0.805   2.220  -2.303
   2.167   1.278  -1.845   0.216   0.503  -2.138  -0.267  -0.585  -0.756  -0.162
   1.159  -0.743   0.233   2.091   0.470  -0.895   0.798   1.218  -0.578   1.546
   0.244  -2.389   1.026   1.161  -2.960   0.754  -0.574  -2.756   0.431   0.023
  -2.554   2.071   1.163  -0.566  -0.555   2.306  -0.971  -0.737   0.573   0.227
  -1.440  -0.408   0.428  -1.295   1.218   0.876  -2.595   2.271   1.132  -2.349
   1.250   0.212  -3.464   0.667   1.798  -2.883
  -3.689   1.356   0.655  -2.768   1.222   1.228  -3.013   0.916   2.248  -2.246
   2.182   1.283  -1.853   0.209   0.561  -2.110  -0.201  -0.573  -0.750  -0.171
   1.207  -0.694   0.182   2.142   0.479  -0.918   0.779   1.273  -0.612   1.526
   0.264  -2.420   1.016   1.206  -2.950   0.786  -0.567  -2.783   0.388  -0.003
  -2.596   2.063   1.200  -0.594  -0.541   2.328  -1.043  -0.715   0.586   0.179
  -1.445  -0.387   0.392  -1.222   1.214   0.853  -2.596   2.273   1.059  -2.345
   1.192   0.241  -3.503   0.692   1.814  -2.811
  -3.731   1.246   0.580  -2.787   1.222   1.177  -2.985   0.918   2.203  -2.294
   2.199   1.160  -1.854   0.196   0.527  -2.075  -0.209  -0.602  -0.809  -0.215
   1.216  -0.709   0.237   2.127   0.424  -0.915   0.794   1.159  -0.623   1.523
   0.228  -2.453   0.989   1.117  -3.051   0.755  -0.591  -2.754   0.384  -0.057
  -2.625   2.014   1.170  -0.579  -0.540   2.336  -1.002  -0.710   0.544   0.183
  -1.439  -0.458   0.332  -1.318   1.205   0.869  -2.554   2.286   0.983  -2.382
   1.074   0.258  -3.469   0.757   1.878  -2.740
  -3.683   1.222   0.598  -2.786   1.160   1.185  -2.963   0.801   2.208  -2.352
   2.131   1.283  -1.867   0.161   0.509  -2.067  -0.249  -0.616  -0.817  -0.243
   1.189  -0.786   0.136   2.143   0.402  -0.976   0.795   1.154  -0.696   1.530
   0.198  -2.461   0.993   1.086  -2.975   0.701  -0.642  -2.828   0.378   0.011
  -2.673   2.079   1.145  -0.601  -0.536   2.312  -0.958  -0.714   0.544   0.173
  -1.441  -0.439   0.403  -1.234   1.188   0.826  -2.610   2.261   0.881  -2.457
   1.041   0.277  -3.526   0.785   1.817  -2.683
  -3.635   1.248   0.585  -2.760   1.153   1.220  -3.025   0.807   2.198  -2.289
   2.099   1.277  -1.819   0.182   0.514  -2.079  -0.262  -0.596  -0.764  -0.215
   1.201  -0.698   0.130   2.143   0.428  -1.001   0.779   1.197  -0.827   1.513
   0.152  -2.505   0.947   1.006  -3.112   0.633  -0.718  -2.781   0.359  -0.044
  -2.732   1.983   1.137  -0.614  -0.536   2.285  -0.972  -0.712   0.497   0.116
  -1.462  -0.471   0.297  -1.333   1.151   0.848  -2.578   2.198   1.072  -2.405
   1.083   0.283  -3.518   0.667   1.823  -2.662
  -3.536   1.408   0.600  -2.695   1.156   1.209  -3.039   0.732   2.125  -2.133
   2.072   1.419  -1.825   0.131   0.526  -2.105  -0.289  -0.589  -0.768  -0.258
   1.231  -0.691   0.202   2.128   0.421  -1.019   0.804   1.194  -0.850   1.520
   0.118  -2.489   0.868   0.952  -3.087   0.534  -0.780  -2.716   0.249  -0.081
  -2.723   1.879   1.105  -0.626  -0.522   2.271  -0.998  -0.685   0.479   0.127
  -1.469  -0.498   0.335  -1.327   1.123   0.792  -2.593   2.195   1.033  -2.429
   1.002   0.213  -3.503   0.650   1.765  -2.734
  -3.528   1.482   0.647  -2.700   1.150   1.236  -3.061   0.679   2.124  -2.069
   2.028   1.433  -1.845   0.098   0.521  -2.164  -0.328  -0.584  -0.772  -0.305
   1.201  -0.666   0.181   2.078   0.424  -1.106   0.798   1.236  -0.984   1.570
   0.062  -2.554   0.886   0.942  -3.165   0.544  -0.794  -2.820   0.292  -0.166
  -2.800   1.950   1.114  -0.676  -0.522   2.283  -0.992  -0.692   0.494   0.090
  -1.460  -0.491   0.158  -1.373   1.112   0.797  -2.582   2.179   0.946  -2.468
   0.937   0.232  -3.528   0.575   1.762  -2.695
  -3.597   1.368   0.582  -2.772   1.087   1.237  -3.129   0.648   2.179  -2.194
   1.948   1.468  -1.891   0.049   0.548  -2.186  -0.346  -0.567  -0.814  -0.336
   1.239  -0.768  -0.075   2.219   0.410  -1.052   0.798   1.166  -0.873   1.585
   0.068  -2.561   0.896   0.947  -3.119   0.611  -0.778  -2.732   0.222  -0.211
  -2.836   1.932   1.155  -0.669  -0.531   2.358  -0.966  -0.720   0.485   0.041
  -1.473  -0.452   0.220  -1.263   1.105   0.793  -2.574   2.180   0.941  -2.366
   1.068   0.240  -3.501   0.590   1.752  -2.739
  -3.644   1.226   0.643  -2.742   1.061   1.186  -3.003   0.695   2.179  -2.238
   2.038   1.270  -1.886   0.032   0.499  -2.213  -0.392  -0.614  -0.799  -0.244
   1.238  -0.785   0.211   2.130   0.384  -1.026   0.790   1.135  -0.816   1.552
   0.029  -2.530   0.829   0.895  -3.137   0.694  -0.703  -2.814   0.030  -0.342
  -2.729   1.853   1.138  -0.648  -0.548   2.321  -0.951  -0.700   0.498   0.049
  -1.483  -0.517   0.173  -1.362   1.136   0.702  -2.601   2.148   1.024  -2.359
   1.121   0.062  -3.482   0.617   1.642  -2.819
  -3.573   1.413   0.513  -2.762   1.061   1.192  -3.194   0.538   2.017  -2.187
   1.939   1.491  -1.845   0.092   0.481  -2.128  -0.322  -0.623  -0.729  -0.234
   1.132  -0.607   0.268   2.000   0.434  -1.027   0.741   1.193  -0.878   1.518
   0.031  -2.489   0.729   0.916  -3.125   0.541  -0.674  -2.672  -0.101  -0.412
  -2.781   1.688   1.136  -0.591  -0.550   2.305  -0.946  -0.645   0.491   0.126
  -1.499  -0.494   0.364  -1.372   1.167   0.703  -2.632   2.187   0.932  -2.353
   1.233  -0.057  -3.419   0.643   1.609  -2.972
  -3.663   1.236   0.562  -2.788   1.082   1.189  -3.122   0.656   2.125  -2.225
   1.971   1.432  -1.883   0.072   0.499  -2.145  -0.354  -0.626  -0.794  -0.310
   1.203  -0.725   0.059   2.114   0.390  -1.100   0.746   1.171  -1.000   1.568
  -0.036  -2.571   0.677   0.795  -3.166   0.307  -0.884  -2.726   0.006  -0.308
  -2.918   1.676   1.127  -0.605  -0.533   2.312  -0.915  -0.686   0.525   0.107
  -1.475  -0.479   0.322  -1.351   1.209   0.732  -2.640   2.279   0.985  -2.446
   1.159   0.126  -3.536   0.626   1.645  -2.755
  -3.657   1.258   0.496  -2.785   1.022   1.168  -3.131   0.625   2.138  -2.248
   1.966   1.440  -1.896  -0.017   0.512  -2.135  -0.368  -0.660  -0.799  -0.298
   1.241  -0.782   0.087   2.164   0.353  -1.053   0.775   1.082  -0.969   1.576
  -0.039  -2.553   0.644   0.866  -3.168   0.417  -0.740  -2.676  -0.181  -0.472
  -2.870   1.560   1.118  -0.616  -0.514   2.308  -0.917  -0.546   0.532   0.053
  -1.489  -0.484   0.121  -1.403   1.235   0.645  -2.642   2.319   0.752  -2.389
   1.099   0.022  -3.540   0.853   1.614  -2.892
  -3.670   1.066   0.496  -2.806   0.973   1.134  -3.123   0.539   2.065  -2.325
   1.965   1.280  -1.826   0.032   0.481  -2.107  -0.482  -0.596  -0.767  -0.230
   1.203  -0.692   0.256   2.075   0.382  -1.064   0.768   1.069  -0.913   1.575
  -0.032  -2.580   0.747   0.862  -3.192   0.673  -0.687  -2.844  -0.138  -0.537
  -2.814   1.694   1.143  -0.601  -0.505   2.356  -0.887  -0.562   0.551   0.103
  -1.494  -0.452   0.293  -1.365   1.201   0.697  -2.663   2.229   0.900  -2.486
   1.101   0.044  -3.522   0.774   1.642  -2.933
  -3.642   1.166   0.376  -2.837   0.943   1.087  -3.280   0.538   1.972  -2.327
   1.886   1.291  -1.836   0.002   0.493  -2.031  -0.454  -0.639  -0.707  -0.218
   1.196  -0.711   0.139   2.119   0.445  -1.026   0.778   1.215  -0.921   1.553
   0.013  -2.505   0.802   0.838  -3.194   0.633  -0.737  -2.673   0.002  -0.488
  -2.751   1.731   1.143  -0.609  -0.533   2.352  -0.879  -0.622   0.525   0.105
  -1.459  -0.460   0.206  -1.390   1.179   0.727  -2.633   2.127   1.214  -2.407
   1.361  -0.027  -3.424   0.470   1.401  -3.117
  -3.649   1.277   0.340  -2.878   0.989   1.033  -3.321   0.568   1.957  -2.374
   1.956   1.257  -1.841   0.057   0.436  -2.046  -0.501  -0.625  -0.740  -0.178
   1.153  -0.674   0.278   2.053   0.438  -1.011   0.762   1.147  -0.896   1.582
  -0.026  -2.482   0.757   0.854  -3.153   0.622  -0.774  -2.660  -0.009  -0.439
  -2.764   1.724   1.204  -0.592  -0.560   2.403  -0.884  -0.689   0.549   0.107
  -1.481  -0.477   0.124  -1.384   1.157   0.708  -2.660   2.045   1.199  -2.340
   1.409  -0.068  -3.397   0.524   1.418  -3.127
  -3.751   0.980   0.434  -2.852   0.999   1.017  -3.060   0.594   2.011  -2.399
   1.979   1.088  -1.851   0.028   0.420  -2.036  -0.473  -0.710  -0.735  -0.188
   1.129  -0.689   0.197   2.048   0.435  -1.007   0.748   1.188  -0.943   1.499
   0.042  -2.503   0.834   0.892  -3.078   0.543  -0.700  -2.690   0.090  -0.348
  -2.819   1.849   1.197  -0.614  -0.556   2.399  -0.895  -0.683   0.557   0.084
  -1.475  -0.435   0.120  -1.372   1.131   0.593  -2.677   2.104   1.060  -2.480
   1.294  -0.214  -3.338   0.480   1.358  -3.107
  -3.762   1.176   0.351  -2.902   1.012   1.004  -3.224   0.587   1.931  -2.363
   1.955   1.193  -1.914   0.035   0.385  -2.184  -0.490  -0.696  -0.844  -0.255
   1.079  -0.766   0.251   1.970   0.357  -1.024   0.744   1.079  -0.847   1.544
   0.028  -2.498   0.836   0.917  -3.139   0.695  -0.665  -2.752   0.071  -0.362
  -2.698   1.858   1.152  -0.624  -0.509   2.352  -0.926  -0.619   0.557   0.067
  -1.488  -0.430   0.163  -1.424   1.118   0.549  -2.771   2.135   0.862  -2.662
   1.124  -0.273  -3.462   0.563   1.357  -3.204
  -3.753   1.167   0.423  -2.878   1.028   1.054  -3.189   0.680   2.021  -2.333
   1.975   1.159  -1.950   0.037   0.404  -2.168  -0.477  -0.672  -0.877  -0.230
   1.109  -0.788   0.317   1.923   0.335  -1.009   0.762   1.049  -0.833   1.533
  -0.016  -2.548   0.881   0.855  -3.159   0.800  -0.631  -2.790   0.007  -0.493
  -2.712   1.861   1.111  -0.647  -0.565   2.302  -0.947  -0.632   0.518   0.073
  -1.532  -0.475   0.266  -1.380   1.142   0.478  -2.815   2.175   0.801  -2.649
   0.994  -0.349  -3.480   0.547   1.263  -3.300
  -3.872   1.115   0.542  -2.918   1.020   1.096  -3.123   0.600   2.069  -2.436
   2.004   1.194  -1.996  -0.038   0.429  -2.233  -0.537  -0.661  -0.903  -0.337
   1.129  -0.848   0.130   2.014   0.325  -1.071   0.808   1.072  -0.922   1.617
   0.037  -2.558   0.831   0.874  -3.222   0.652  -0.792  -2.799   0.168  -0.384
  -2.759   1.817   1.046  -0.638  -0.490   2.271  -0.853  -0.576   0.451   0.089
  -1.512  -0.558   0.226  -1.389   1.055   0.439  -2.852   2.141   0.622  -2.818
   0.970  -0.431  -3.495   0.567   1.304  -3.267
  -3.819   0.930   0.378  -2.962   0.979   1.010  -3.211   0.679   2.000  -2.538
   1.973   0.965  -1.921   0.028   0.372  -2.178  -0.560  -0.681  -0.916  -0.321
   1.132  -0.901   0.072   2.053   0.295  -1.086   0.736   0.971  -0.978   1.589
   0.056  -2.590   0.744   1.034  -3.075   0.544  -0.639  -2.860  -0.069  -0.382
  -2.923   1.703   1.124  -0.640  -0.501   2.347  -0.888  -0.559   0.468  -0.052
  -1.505  -0.559  -0.008  -1.368   1.063   0.343  -2.792   2.097   0.510  -2.617
   0.987  -0.433  -3.547   0.599   1.283  -3.137
  -3.732   1.143   0.300  -2.860   1.049   0.968  -3.194   0.821   1.963  -2.416
   2.012   0.913  -1.978  -0.026   0.392  -2.213  -0.552  -0.678  -0.901  -0.406
   1.109  -0.863   0.010   2.041   0.372  -1.144   0.799   1.028  -0.963   1.637
   0.058  -2.613   0.739   0.996  -3.219   0.578  -0.625  -2.875  -0.069  -0.367
  -2.915   1.678   1.129  -0.676  -0.447   2.342  -0.832  -0.431   0.507  -0.185
  -1.511  -0.497  -0.289  -1.491   1.148   0.376  -2.689   2.248   0.548  -2.511
   1.029  -0.315  -3.496   0.667   1.296  -2.931
  -3.740   0.958   0.416  -2.844   1.000   0.964  -3.026   0.801   2.010  -2.306
   1.972   0.844  -1.976  -0.081   0.364  -2.193  -0.493  -0.751  -0.957  -0.500
   1.060  -0.911   0.034   1.943   0.297  -1.193   0.750   0.928  -1.039   1.655
  -0.002  -2.659   0.749   0.937  -3.224   0.591  -0.783  -2.942   0.056  -0.251
  -2.934   1.778   1.116  -0.696  -0.458   2.330  -0.862  -0.442   0.535  -0.141
  -1.518  -0.466  -0.076  -1.505   1.132   0.368  -2.696   2.199   0.509  -2.508
   0.912  -0.261  -3.586   0.727   1.364  -2.978
  -3.784   0.969   0.602  -2.766   0.976   1.034  -2.806   0.821   2.102  -2.314
   1.949   0.938  -1.993  -0.101   0.395  -2.201  -0.429  -0.760  -0.972  -0.584
   1.115  -0.943  -0.111   2.019   0.280  -1.256   0.776   0.947  -1.118   1.599
   0.074  -2.782   0.684   0.992  -3.322   0.526  -0.590  -2.991  -0.160  -0.438
  -3.100   1.547   1.077  -0.701  -0.448   2.309  -0.803  -0.429   0.475  -0.221
  -1.571  -0.530  -0.313  -1.575   1.081   0.417  -2.798   2.151   0.485  -2.772
   0.736  -0.188  -3.655   0.715   1.446  -3.012
  -3.685   1.128   0.725  -2.678   1.123   1.084  -2.689   0.942   2.161  -2.160
   2.045   0.833  -1.948  -0.074   0.425  -2.248  -0.424  -0.732  -0.946  -0.563
   1.141  -0.911  -0.209   2.085   0.234  -1.269   0.737   0.925  -1.218   1.582
  -0.072  -2.754   0.617   0.883  -3.322   0.514  -0.646  -2.930  -0.311  -0.600
  -3.140   1.469   1.045  -0.748  -0.471   2.279  -0.817  -0.372   0.416  -0.200
  -1.510  -0.588  -0.142  -1.450   1.030   0.347  -2.726   2.097   0.199  -2.786
   0.619  -0.150  -3.557   0.740   1.416  -2.825
  -3.796   1.044   0.578  -2.794   1.094   1.031  -2.844   0.975   2.106  -2.296
   2.077   0.834  -1.928  -0.018   0.403  -2.205  -0.421  -0.714  -0.945  -0.478
   1.093  -0.921  -0.172   2.091   0.233  -1.291   0.682   0.900  -1.189   1.490
  -0.140  -2.760   0.568   0.740  -3.428   0.329  -0.851  -2.852  -0.250  -0.710
  -3.060   1.463   1.096  -0.769  -0.507   2.350  -0.791  -0.444   0.428  -0.226
  -1.590  -0.591  -0.201  -1.565   1.093   0.296  -2.799   2.193   0.073  -2.852
   0.611  -0.226  -3.651   0.911   1.368  -2.878
  -3.806   1.103   0.489  -2.839   1.097   1.002  -3.003   0.933   2.122  -2.308
   2.030   0.938  -1.983   0.004   0.394  -2.263  -0.390  -0.764  -0.954  -0.451
   1.105  -0.915  -0.073   2.049   0.229  -1.283   0.648   1.009  -1.220   1.407
  -0.208  -2.735   0.565   0.637  -3.393   0.290  -0.893  -2.825  -0.279  -0.568
  -3.105   1.530   1.065  -0.750  -0.536   2.310  -0.899  -0.442   0.449  -0.228
  -1.629  -0.570  -0.164  -1.587   1.123   0.278  -2.831   2.160   0.035  -2.910
   0.686  -0.202  -3.736   0.976   1.327  -2.894
  -3.710   1.144   0.343  -2.794   1.061   0.952  -3.002   0.863   2.020  -2.253
   1.976   0.736  -1.931  -0.039   0.338  -2.227  -0.419  -0.810  -0.894  -0.480
   1.022  -0.789  -0.017   1.865   0.241  -1.297   0.617   0.905  -1.360   1.495
  -0.211  -2.737   0.514   0.681  -3.331   0.310  -0.983  -2.932  -0.204  -0.674
  -3.013   1.449   1.074  -0.772  -0.540   2.318  -0.854  -0.546   0.475  -0.279
  -1.619  -0.545  -0.222  -1.583   1.149   0.241  -2.839   2.190  -0.056  -2.869
   0.757  -0.234  -3.700   1.003   1.290  -2.915
  -3.787   1.074   0.321  -2.833   1.063   0.850  -2.990   0.907   1.939  -2.286
   2.017   0.704  -1.961  -0.008   0.305  -2.265  -0.425  -0.813  -0.880  -0.353
   1.022  -0.685   0.122   1.898   0.241  -1.269   0.601   0.929  -1.293   1.453
  -0.262  -2.704   0.390   0.626  -3.408   0.274  -0.959  -2.800  -0.427  -0.766
  -2.986   1.336   1.109  -0.810  -0.600   2.330  -0.879  -0.494   0.509  -0.249
  -1.661  -0.474  -0.195  -1.596   1.034   0.219  -2.926   2.120  -0.032  -3.058
   0.588  -0.292  -3.688   0.955   1.278  -2.975
  -3.813   1.136   0.604  -2.782   1.095   0.942  -2.720   0.941   1.977  -2.407
   2.113   0.712  -1.932   0.062   0.277  -2.233  -0.436  -0.792  -0.877  -0.327
   0.940  -0.662   0.167   1.792   0.208  -1.265   0.539   0.922  -1.367   1.408
  -0.257  -2.753   0.371   0.628  -3.393   0.173  -0.958  -2.855  -0.441  -0.635
  -3.105   1.304   1.116  -0.798  -0.647   2.306  -0.941  -0.539   0.504  -0.275
  -1.667  -0.480  -0.178  -1.464   1.058   0.214  -2.951   2.135   0.038  -3.036
   0.531  -0.267  -3.752   0.814   1.272  -3.102
  -3.786   1.240   0.261  -2.865   1.075   0.838  -3.178   0.853   1.892  -2.352
   1.991   0.867  -1.970   0.011   0.225  -2.199  -0.479  -0.876  -0.913  -0.396
   0.943  -0.906  -0.053   1.871   0.262  -1.239   0.561   0.850  -1.218   1.470
  -0.196  -2.712   0.367   0.635  -3.332   0.006  -0.950  -2.701  -0.367  -0.618
  -3.125   1.296   1.129  -0.789  -0.629   2.376  -0.823  -0.549   0.438  -0.303
  -1.675  -0.546  -0.188  -1.506   1.048   0.219  -2.916   2.131   0.117  -2.971
   0.621  -0.251  -3.773   0.715   1.231  -3.077
  -3.874   1.154   0.422  -2.913   1.082   0.930  -3.034   0.800   1.970  -2.512
   2.067   0.879  -1.981   0.107   0.231  -2.268  -0.330  -0.880  -0.945  -0.349
   0.935  -0.869  -0.077   1.898   0.232  -1.171   0.500   0.865  -1.214   1.389
  -0.133  -2.675   0.344   0.755  -3.231   0.020  -0.860  -2.813  -0.464  -0.512
  -3.032   1.264   1.074  -0.706  -0.703   2.289  -0.806  -0.607   0.434  -0.290
  -1.789  -0.573  -0.281  -1.653   1.064   0.217  -3.022   2.124   0.018  -3.022
   0.555  -0.223  -3.921   0.991   1.303  -3.092
  -3.592   1.453   0.210  -2.830   1.039   0.861  -3.308   0.690   1.802  -2.132
   1.874   0.975  -1.963   0.045   0.167  -2.271  -0.356  -0.925  -0.902  -0.375
   0.910  -0.911   0.021   1.822   0.249  -1.165   0.519   0.952  -1.206   1.308
  -0.124  -2.624   0.312   0.777  -3.203   0.181  -0.796  -2.762  -0.564  -0.654
  -2.994   1.174   1.043  -0.699  -0.746   2.298  -0.796  -0.709   0.420  -0.161
  -1.798  -0.582  -0.054  -1.735   1.062   0.236  -3.009   2.087  -0.110  -3.201
   0.438  -0.012  -3.872   1.208   1.350  -3.024
  -3.559   1.397   0.160  -2.856   1.025   0.922  -3.525   0.511   1.629  -2.180
   1.765   1.365  -1.972   0.010   0.219  -2.219  -0.315  -0.923  -0.941  -0.400
   0.887  -0.928  -0.080   1.868   0.257  -1.207   0.472   0.866  -1.154   1.376
  -0.096  -2.674   0.305   0.805  -3.289   0.259  -0.765  -2.744  -0.545  -0.596
  -3.092   1.212   1.086  -0.721  -0.738   2.333  -0.743  -0.679   0.440  -0.278
  -1.802  -0.578  -0.285  -1.775   1.064   0.267  -2.989   1.984  -0.221  -3.251
   0.320   0.221  -3.792   1.210   1.360  -2.917
  -3.671   1.292   0.204  -2.839   1.063   0.886  -3.202   0.647   1.810  -2.232
   1.904   1.056  -1.946   0.016   0.229  -2.153  -0.328  -0.966  -0.884  -0.428
   0.918  -0.863  -0.107   1.884   0.283  -1.266   0.524   0.928  -1.224   1.410
  -0.200  -2.724   0.411   0.653  -3.378   0.315  -0.878  -2.783  -0.439  -0.695
  -3.102   1.351   1.129  -0.770  -0.667   2.365  -0.702  -0.592   0.468  -0.339
  -1.766  -0.515  -0.394  -1.720   1.118   0.250  -2.924   2.043  -0.300  -3.188
   0.473   0.211  -3.782   1.309   1.300  -2.817
  -3.720   1.144   0.384  -2.824   0.996   0.934  -3.059   0.628   1.929  -2.251
   1.953   1.032  -1.933   0.015   0.189  -2.266  -0.261  -0.992  -0.910  -0.491
   0.889  -0.945  -0.223   1.842   0.305  -1.317   0.551   1.011  -1.209   1.400
  -0.077  -2.812   0.456   0.911  -3.313   0.422  -0.622  -3.018  -0.447  -0.621
  -3.164   1.348   1.119  -0.833  -0.699   2.350  -0.725  -0.633   0.470  -0.413
  -1.806  -0.569  -0.578  -1.745   1.080   0.279  -2.954   2.033  -0.134  -3.253
   0.374   0.357  -3.747   1.244   1.334  -2.670
  -3.676   1.091   0.232  -2.767   0.968   0.827  -3.111   0.678   1.805  -2.241
   1.916   0.796  -1.906  -0.067   0.155  -2.199  -0.356  -1.014  -0.876  -0.563
   0.898  -0.854  -0.208   1.860   0.325  -1.318   0.520   1.086  -1.232   1.307
  -0.028  -2.815   0.479   0.866  -3.452   0.570  -0.531  -3.032  -0.494  -0.744
  -3.053   1.331   1.061  -0.776  -0.773   2.289  -0.663  -0.676   0.365  -0.368
  -1.836  -0.647  -0.558  -1.867   1.022   0.340  -2.960   1.971  -0.136  -3.219
   0.406   0.280  -3.832   1.132   1.394  -2.724
  -3.737   1.039   0.262  -2.806   0.916   0.830  -2.973   0.685   1.884  -2.272
   1.859   0.711  -1.911  -0.155   0.188  -2.128  -0.425  -1.005  -0.899  -0.596
   0.922  -0.937  -0.232   1.887   0.300  -1.340   0.518   1.002  -1.360   1.410
  -0.046  -2.831   0.355   0.839  -3.475   0.509  -0.503  -2.882  -0.672  -0.771
  -3.150   1.083   1.113  -0.808  -0.746   2.337  -0.730  -0.649   0.479  -0.350
  -1.838  -0.560  -0.528  -1.869   1.086   0.316  -2.985   2.061  -0.164  -3.135
   0.429   0.282  -3.847   1.277   1.331  -2.720
  -3.800   0.793   0.374  -2.860   0.788   0.857  -2.933   0.489   1.884  -2.512
   1.800   0.846  -1.915  -0.161   0.154  -2.031  -0.478  -1.058  -0.882  -0.515
   0.876  -0.885  -0.151   1.824   0.344  -1.325   0.545   1.087  -1.231   1.365
  -0.064  -2.792   0.419   0.782  -3.438   0.606  -0.505  -3.009  -0.571  -0.773
  -3.072   1.255   1.145  -0.829  -0.683   2.370  -0.720  -0.602   0.518  -0.431
  -1.767  -0.468  -0.463  -1.791   1.090   0.136  -2.934   2.128  -0.094  -3.061
   0.624  -0.090  -3.872   1.093   1.226  -2.862
  -3.797   0.614   0.306  -2.874   0.743   0.822  -2.964   0.513   1.869  -2.544
   1.737   0.758  -1.867  -0.183   0.168  -2.092  -0.500  -1.024  -0.821  -0.506
   0.939  -0.932  -0.269   1.956   0.325  -1.382   0.554   1.059  -1.387   1.398
  -0.174  -2.889   0.355   0.620  -3.578   0.566  -0.437  -2.980  -0.680  -1.025
  -3.094   0.988   1.155  -0.829  -0.668   2.363  -0.694  -0.550   0.546  -0.418
  -1.767  -0.458  -0.535  -1.712   1.166   0.166  -2.985   2.152  -0.265  -3.195
   0.488   0.052  -3.857   1.378   1.276  -2.751
  -3.826   0.691   0.162  -2.886   0.749   0.753  -3.062   0.416   1.758  -2.393
   1.693   0.709  -1.857  -0.201   0.153  -2.045  -0.581  -1.002  -0.873  -0.637
   0.940  -0.977  -0.464   1.977   0.348  -1.391   0.538   0.980  -1.466   1.413
  -0.167  -2.840   0.401   0.708  -3.491   0.498  -0.656  -3.007  -0.532  -0.834
  -3.186   1.215   1.165  -0.818  -0.637   2.410  -0.675  -0.438   0.549  -0.434
  -1.786  -0.440  -0.624  -1.883   1.271   0.173  -2.917   2.252  -0.224  -2.976
   0.765   0.058  -3.883   1.394   1.178  -2.593
  -3.688   0.920   0.025  -2.802   0.848   0.695  -3.184   0.461   1.691  -2.373
   1.861   0.742  -1.891  -0.205   0.071  -1.987  -0.529  -1.084  -0.970  -0.626
   0.916  -1.018  -0.158   1.793   0.276  -1.367   0.577   0.909  -1.314   1.452
  -0.061  -2.843   0.413   0.824  -3.472   0.303  -0.719  -2.958  -0.383  -0.606
  -3.102   1.297   1.131  -0.790  -0.546   2.335  -0.654  -0.399   0.617  -0.451
  -1.759  -0.341  -0.644  -1.777   1.206   0.293  -2.872   2.050  -0.226  -3.235
   0.513   0.351  -3.716   1.547   1.343  -2.495
  -3.546   1.261  -0.132  -2.786   0.924   0.553  -3.286   0.538   1.474  -2.137
   1.753   0.810  -1.838  -0.150   0.055  -1.907  -0.570  -1.108  -0.916  -0.604
   0.917  -1.038  -0.378   1.904   0.227  -1.420   0.605   0.720  -1.460   1.563
  -0.125  -2.873   0.300   0.699  -3.478   0.357  -0.534  -2.963  -0.665  -0.732
  -3.207   1.083   1.166  -0.812  -0.493   2.375  -0.650  -0.329   0.663  -0.502
  -1.710  -0.302  -0.765  -1.878   1.221   0.280  -2.805   1.981  -0.318  -3.306
   0.495   0.484  -3.604   1.715   1.153  -2.446
  -3.485   1.224  -0.223  -2.771   0.856   0.540  -3.335   0.320   1.304  -2.245
   1.710   0.993  -1.796  -0.143  -0.020  -2.014  -0.640  -1.152  -0.940  -0.624
   0.887  -1.034  -0.315   1.820   0.287  -1.419   0.556   0.887  -1.396   1.457
  -0.206  -2.867   0.357   0.689  -3.501   0.345  -0.877  -2.960  -0.492  -0.832
  -3.174   1.240   1.253  -0.809  -0.579   2.485  -0.692  -0.302   0.620  -0.434
  -1.716  -0.416  -0.615  -1.771   1.239   0.295  -2.795   2.006  -0.384  -3.263
   0.525   0.617  -3.530   1.774   1.180  -2.575
  -3.312   1.440  -0.016  -2.763   0.800   0.680  -3.338   0.256   1.387  -2.153
   1.463   1.335  -1.860  -0.234  -0.008  -2.008  -0.643  -1.141  -0.914  -0.670
   0.837  -0.934  -0.339   1.774   0.344  -1.410   0.521   0.912  -1.361   1.432
   0.067  -2.915   0.405   1.019  -3.495   0.209  -0.660  -3.114  -0.363  -0.239
  -3.241   1.436   1.247  -0.854  -0.606   2.465  -0.683  -0.469   0.711  -0.478
  -1.739  -0.275  -0.589  -1.807   1.275   0.316  -2.770   1.910  -0.269  -3.384
   0.492   0.805  -3.414   1.889   1.085  -2.349
  -3.600   0.962   0.058  -2.748   0.706   0.736  -3.107   0.129   1.612  -2.117
   1.550   0.976  -1.826  -0.231  -0.013  -2.065  -0.629  -1.141  -0.851  -0.663
   0.784  -0.838  -0.342   1.753   0.334  -1.381   0.443   0.944  -1.336   1.284
   0.003  -2.895   0.331   0.906  -3.514   0.225  -0.506  -3.147  -0.647  -0.530
  -3.256   1.209   1.182  -0.806  -0.699   2.402  -0.737  -0.524   0.636  -0.517
  -1.885  -0.323  -0.738  -1.873   1.247   0.270  -2.935   1.820  -0.382  -3.550
   0.539   0.661  -3.624   1.871   1.124  -2.611
  -3.418   1.214  -0.001  -2.819   0.720   0.751  -3.478   0.254   1.537  -2.352
   1.598   1.253  -1.759  -0.196   0.116  -1.960  -0.619  -1.013  -0.813  -0.636
   0.893  -0.794  -0.308   1.814   0.311  -1.431   0.447   0.987  -1.388   1.314
  -0.004  -2.937   0.310   0.961  -3.416   0.158  -0.713  -3.127  -0.533  -0.368
  -3.336   1.208   1.192  -0.892  -0.733   2.389  -0.719  -0.549   0.591  -0.523
  -1.859  -0.401  -0.606  -1.897   1.145   0.309  -2.989   1.882  -0.216  -3.579
   0.346   0.786  -3.552   1.684   1.200  -2.623
  -3.356   1.209  -0.013  -2.794   0.757   0.789  -3.502   0.340   1.459  -2.206
   1.595   1.198  -1.793  -0.205   0.202  -1.932  -0.618  -0.943  -0.726  -0.599
   0.934  -0.698  -0.160   1.825   0.401  -1.492   0.461   1.096  -1.579   1.288
  -0.061  -2.925   0.261   0.729  -3.556  -0.121  -0.972  -3.007  -0.369  -0.385
  -3.205   1.269   1.171  -0.939  -0.721   2.392  -0.862  -0.549   0.540  -0.484
  -1.841  -0.439  -0.749  -1.950   1.117   0.289  -2.860   1.765  -0.314  -3.565
   0.367   0.826  -3.384   1.788   1.001  -2.340
  -3.366   1.112   0.035  -2.706   0.731   0.808  -3.248   0.120   1.596  -2.151
   1.530   1.322  -1.735  -0.235   0.153  -1.931  -0.619  -0.986  -0.713  -0.616
   0.866  -0.581  -0.188   1.741   0.452  -1.470   0.467   1.172  -1.538   1.330
  -0.071  -2.952   0.269   0.645  -3.677   0.163  -0.797  -2.928  -0.531  -0.410
  -3.297   1.252   1.213  -0.925  -0.731   2.452  -0.791  -0.588   0.612  -0.618
  -1.846  -0.375  -0.719  -1.909   1.186   0.224  -2.918   1.873  -0.338  -3.576
   0.437   0.823  -3.477   1.779   0.927  -2.354
  -3.502   1.210   0.157  -2.807   0.713   0.817  -3.512   0.132   1.447  -2.286
   1.473   1.427  -1.830  -0.291   0.242  -2.005  -0.679  -0.909  -0.743  -0.707
   0.950  -0.733  -0.330   1.848   0.417  -1.463   0.481   1.100  -1.394   1.340
  -0.005  -2.945   0.310   0.870  -3.546   0.051  -0.706  -3.012  -0.455  -0.507
  -3.371   1.177   1.139  -0.987  -0.774   2.362  -0.845  -0.708   0.536  -0.575
  -1.873  -0.471  -0.773  -1.882   1.109   0.250  -2.890   1.513  -0.301  -3.678
   0.428   0.872  -3.353   1.973   0.810  -2.575
  -3.350   1.186   0.020  -2.774   0.672   0.803  -3.445   0.110   1.456  -2.334
   1.357   1.487  -1.861  -0.327   0.206  -2.070  -0.788  -0.893  -0.785  -0.698
   0.964  -0.773  -0.409   1.921   0.369  -1.455   0.507   1.108  -1.508   1.323
  -0.008  -2.924   0.333   0.884  -3.506   0.045  -0.704  -2.977  -0.507  -0.428
  -3.279   1.224   1.160  -0.946  -0.752   2.407  -0.914  -0.689   0.465  -0.473
  -1.782  -0.558  -0.459  -1.719   1.064   0.362  -2.852   1.277  -0.187  -3.822
   0.386   1.196  -3.066   1.986   0.763  -2.484
  -3.472   1.217   0.005  -2.816   0.710   0.758  -3.394   0.240   1.587  -2.114
   1.396   1.226  -1.928  -0.390   0.182  -2.090  -0.784  -0.959  -0.848  -0.734
   0.931  -0.752  -0.348   1.839   0.367  -1.480   0.480   1.168  -1.433   1.250
   0.028  -2.955   0.259   0.803  -3.572  -0.187  -0.805  -3.130  -0.431  -0.278
  -3.434   1.187   1.171  -0.892  -0.711   2.420  -0.902  -0.665   0.570  -0.583
  -1.863  -0.405  -0.727  -1.888   1.057   0.312  -2.930   1.159  -0.243  -3.887
   0.242   1.016  -3.111   1.938   0.870  -2.540
  -3.432   1.127   0.116  -2.780   0.676   0.818  -3.381   0.210   1.585  -2.248
   1.469   1.223  -1.827  -0.327   0.134  -2.152  -0.800  -0.959  -0.762  -0.716
   0.853  -0.740  -0.359   1.811   0.325  -1.560   0.387   0.986  -1.496   1.241
  -0.038  -3.037   0.188   0.864  -3.449  -0.201  -0.921  -3.244  -0.441  -0.155
  -3.467   1.185   1.118  -0.979  -0.772   2.310  -0.772  -0.686   0.498  -0.591
  -1.917  -0.465  -0.799  -1.984   0.964   0.304  -2.957   0.860  -0.207  -3.952
   0.319   1.178  -2.939   1.958   0.707  -2.709
  -3.518   1.091   0.016  -2.751   0.843   0.747  -3.158   0.595   1.713  -2.065
   1.666   0.868  -1.893  -0.239   0.087  -2.212  -0.804  -0.965  -0.888  -0.718
   0.798  -0.840  -0.384   1.716   0.236  -1.563   0.352   0.887  -1.591   1.178
  -0.174  -3.060   0.208   0.772  -3.465  -0.121  -0.880  -3.171  -0.587  -0.516
  -3.493   1.130   1.072  -0.966  -0.845   2.333  -0.769  -0.735   0.465  -0.677
  -2.004  -0.543  -0.708  -2.003   0.974   0.323  -2.899   1.219  -0.204  -3.815
   0.229   1.101  -3.137   1.889   0.864  -2.433
  -3.487   1.292   0.204  -2.677   0.930   0.758  -3.125   0.620   1.719  -1.987
   1.695   1.013  -1.913  -0.279   0.124  -2.126  -0.623  -1.019  -0.940  -0.794
   0.920  -0.926  -0.450   1.865   0.184  -1.562   0.471   0.952  -1.661   1.296
  -0.191  -3.028   0.227   0.678  -3.575  -0.128  -1.043  -3.049  -0.494  -0.588
  -3.479   1.078   1.062  -0.975  -0.785   2.304  -0.815  -0.602   0.417  -0.713
  -1.948  -0.601  -0.735  -2.051   0.929   0.332  -2.819   1.022  -0.023  -3.818
   0.133   1.061  -2.765   1.828   0.830  -2.528
  -3.527   1.261   0.163  -2.740   0.878   0.811  -3.209   0.447   1.662  -2.031
   1.622   1.213  -1.976  -0.286   0.094  -2.275  -0.725  -1.005  -0.985  -0.779
   0.856  -0.919  -0.327   1.761   0.207  -1.592   0.440   0.906  -1.603   1.282
  -0.212  -3.002   0.200   0.478  -3.547  -0.432  -1.233  -3.014  -0.248  -0.195
  -3.436   1.154   1.024  -1.033  -0.772   2.256  -0.852  -0.680   0.348  -0.602
  -1.832  -0.619  -0.926  -1.904   0.864   0.331  -2.846   1.382  -0.277  -3.536
   0.056   0.807  -3.384   1.582   1.078  -2.402
  -3.531   1.161   0.160  -2.744   0.866   0.822  -3.163   0.576   1.839  -2.055
   1.759   0.971  -1.992  -0.289   0.137  -2.287  -0.686  -0.978  -0.947  -0.765
   0.831  -0.908  -0.356   1.744   0.159  -1.592   0.364   0.830  -1.649   1.200
  -0.169  -3.029   0.118   0.527  -3.491  -0.602  -1.189  -3.198  -0.410  -0.177
  -3.544   1.053   1.029  -1.069  -0.783   2.255  -0.976  -0.679   0.377  -0.600
  -1.835  -0.630  -0.858  -1.882   0.964   0.212  -2.908   1.680  -0.405  -3.432
   0.274   0.646  -3.611   1.523   1.028  -2.469
  -3.510   1.214   0.164  -2.729   0.835   0.855  -3.214   0.609   1.815  -2.034
   1.625   0.906  -1.968  -0.282   0.237  -2.292  -0.713  -0.864  -0.933  -0.743
   0.980  -0.848  -0.425   1.987   0.153  -1.601   0.466   0.830  -1.700   1.329
  -0.293  -3.104   0.275   0.372  -3.633  -0.395  -1.291  -3.133  -0.228  -0.229
  -3.679   1.234   1.020  -1.043  -0.703   2.246  -1.079  -0.648   0.350  -0.618
  -1.782  -0.582  -0.892  -1.894   0.947   0.131  -2.853   1.483  -0.492  -3.581
   0.034   0.484  -3.373   1.533   0.987  -2.409
  -3.351   1.286   0.130  -2.683   0.908   0.868  -3.190   0.377   1.646  -1.998
   1.639   1.268  -1.963  -0.232   0.205  -2.252  -0.617  -0.894  -0.893  -0.728
   0.885  -0.631  -0.385   1.765   0.171  -1.654   0.460   0.905  -1.722   1.303
  -0.266  -3.110   0.192   0.519  -3.644  -0.307  -1.122  -3.099  -0.468  -0.523
  -3.591   1.128   1.002  -1.052  -0.712   2.249  -1.092  -0.751   0.284  -0.560
  -1.716  -0.737  -0.631  -1.675   0.920   0.196  -2.873   1.626  -0.452  -3.434
   0.213   0.646  -3.492   1.441   1.052  -2.440
  -3.009   1.568   0.044  -2.649   0.847   0.809  -3.364   0.507   1.553  -1.842
   1.452   1.313  -1.936  -0.298   0.203  -2.239  -0.709  -0.916  -0.993  -0.864
   0.904  -0.931  -0.488   1.869   0.187  -1.681   0.461   0.742  -1.746   1.453
  -0.219  -3.096   0.108   0.716  -3.691  -0.235  -1.043  -3.095  -0.581  -0.660
  -3.649   0.991   1.056  -1.032  -0.651   2.299  -1.117  -0.677   0.396  -0.484
  -1.697  -0.664  -0.557  -1.571   0.962   0.249  -2.809   1.657  -0.302  -3.502
   0.092   0.524  -3.415   1.380   1.179  -2.450
  -2.691   1.712  -0.036  -2.633   0.899   0.697  -3.726   0.602   0.845  -2.163
   1.269   1.534  -1.902  -0.333   0.152  -2.359  -0.852  -0.861  -0.903  -0.816
   0.859  -0.795  -0.532   1.804   0.221  -1.701   0.431   0.952  -1.816   1.169
  -0.267  -3.149   0.221   0.564  -3.845   0.068  -0.928  -3.269  -0.654  -0.697
  -3.542   1.160   1.041  -1.115  -0.737   2.247  -1.005  -0.556   0.351  -0.536
  -1.721  -0.656  -0.786  -1.770   0.994   0.240  -2.746   1.746  -0.490  -3.089
   0.377   0.627  -3.510   1.421   1.088  -2.289
  -2.989   1.510  -0.121  -2.807   0.830   0.690  -3.781   0.526   0.947  -2.313
   1.190   1.640  -2.046  -0.378   0.149  -2.391  -0.935  -0.861  -0.995  -0.815
   0.812  -0.869  -0.340   1.656   0.154  -1.646   0.415   0.804  -1.644   1.317
  -0.289  -3.138   0.171   0.400  -3.948   0.386  -0.584  -3.225  -0.842  -1.093
  -3.414   0.903   1.022  -1.092  -0.696   2.211  -1.005  -0.549   0.443  -0.542
  -1.762  -0.562  -0.670  -1.811   1.038   0.326  -2.696   1.758  -0.205  -3.353
   0.246   0.621  -3.380   1.371   1.242  -2.250
  -2.822   1.493  -0.026  -2.754   0.688   0.738  -3.730   0.246   1.005  -2.263
   1.110   1.632  -1.938  -0.471   0.272  -2.310  -1.040  -0.774  -0.898  -0.861
   0.952  -0.800  -0.304   1.824   0.177  -1.748   0.487   0.784  -2.045   1.403
  -0.346  -3.167   0.219   0.431  -3.902   0.448  -0.675  -3.337  -0.770  -1.236
  -3.361   0.817   1.028  -1.196  -0.677   2.264  -1.196  -0.556   0.454  -0.603
  -1.769  -0.554  -0.692  -2.023   1.232   0.352  -2.581   2.144  -0.215  -2.901
   0.674   0.789  -3.402   1.611   1.202  -1.982
  -2.971   1.247  -0.066  -2.906   0.508   0.689  -3.820  -0.003   0.961  -2.455
   0.930   1.568  -1.994  -0.612   0.200  -2.332  -1.147  -0.835  -0.925  -0.916
   0.922  -0.694  -0.302   1.727   0.133  -1.790   0.460   0.861  -1.888   1.247
  -0.359  -3.215   0.324   0.431  -3.955   0.354  -0.949  -3.195  -0.602  -1.081
  -3.409   1.137   0.988  -1.203  -0.716   2.241  -1.215  -0.590   0.462  -0.671
  -1.762  -0.536  -0.607  -1.949   1.167   0.254  -2.583   2.073  -0.273  -3.024
   0.558   0.698  -3.370   1.526   1.053  -1.956
  -2.690   1.435   0.227  -2.852   0.526   0.691  -3.836   0.204   0.495  -2.704
   0.609   1.786  -2.006  -0.622   0.144  -2.360  -1.284  -0.825  -0.979  -0.986
   0.937  -0.902  -0.493   1.819   0.160  -1.770   0.486   0.867  -1.817   1.319
  -0.251  -3.233   0.285   0.617  -3.805   0.053  -0.980  -3.308  -0.564  -0.811
  -3.670   1.129   0.950  -1.223  -0.732   2.179  -1.219  -0.642   0.361  -0.652
  -1.731  -0.665  -0.663  -1.787   1.096   0.199  -2.614   1.857  -0.261  -3.254
   0.452   0.775  -3.250   1.691   0.913  -1.998
  -2.913   1.461  -0.046  -2.952   0.553   0.651  -3.999   0.303   0.409  -2.867
   0.753   1.708  -2.078  -0.650   0.184  -2.435  -1.257  -0.808  -1.036  -0.984
   0.917  -0.913  -0.434   1.829   0.102  -1.850   0.496   0.651  -1.831   1.426
  -0.366  -3.305   0.138   0.534  -3.910   0.340  -0.665  -3.353  -0.958  -1.247
  -3.542   0.728   1.004  -1.180  -0.614   2.243  -1.185  -0.592   0.359  -0.589
  -1.670  -0.635  -0.624  -1.608   0.989   0.299  -2.665   1.771  -0.226  -3.248
   0.407   0.759  -3.460   1.572   1.034  -2.158
  -2.430   1.397   0.193  -2.864   0.551   0.707  -3.912   0.332   0.420  -2.742
   0.593   1.786  -2.075  -0.640   0.195  -2.489  -1.166  -0.900  -1.028  -1.086
   0.876  -0.740  -0.486   1.656   0.128  -1.957   0.476   0.824  -2.017   1.379
  -0.347  -3.299   0.096   0.547  -3.942   0.178  -0.651  -3.464  -0.926  -1.128
  -3.639   0.778   0.994  -1.260  -0.665   2.249  -1.118  -0.539   0.306  -0.667
  -1.682  -0.644  -0.954  -1.783   0.920   0.339  -2.536   1.977   0.047  -2.792
   0.300   0.319  -3.445   0.954   1.254  -1.983
  -2.518   1.509   0.254  -2.817   0.551   0.805  -3.864   0.382   0.661  -2.764
   0.676   1.858  -2.044  -0.653   0.127  -2.390  -1.034  -0.971  -1.035  -1.111
   0.855  -1.067  -0.889   1.837   0.137  -1.956   0.414   0.762  -2.159   1.234
  -0.231  -3.384   0.037   0.580  -4.018  -0.322  -0.749  -3.282  -0.996  -1.021
  -3.884   0.691   0.955  -1.171  -0.662   2.168  -0.986  -0.459   0.365  -0.692
  -1.728  -0.619  -0.950  -1.860   0.880   0.244  -2.693   1.960   0.123  -2.916
   0.310   0.194  -3.654   0.802   1.258  -2.269
  -2.566   1.408   0.643  -2.936   0.404   0.991  -4.029   0.344   0.766  -2.751
   0.495   2.046  -2.047  -0.620   0.235  -2.250  -0.965  -0.926  -0.972  -1.041
   0.871  -1.056  -0.869   1.885   0.129  -1.897   0.321   0.786  -2.062   1.208
  -0.337  -3.232  -0.175   0.472  -3.907  -0.370  -0.791  -3.014  -1.132  -1.134
  -3.851   0.459   1.052  -1.164  -0.710   2.263  -1.043  -0.467   0.375  -0.731
  -1.762  -0.634  -0.785  -1.724   0.972   0.283  -2.742   2.013   0.059  -3.094
   0.364   0.320  -3.593   1.070   1.292  -2.331
  -2.586   1.348   0.708  -2.872   0.374   1.023  -3.918   0.071   0.800  -2.663
   0.095   2.072  -2.013  -0.658   0.176  -2.258  -0.804  -1.005  -0.976  -1.136
   0.853  -0.812  -0.832   1.772   0.145  -1.840   0.311   0.770  -2.114   1.240
  -0.343  -3.217  -0.112   0.459  -3.855  -0.518  -1.089  -3.091  -0.962  -0.705
  -3.765   0.643   1.053  -1.156  -0.772   2.284  -1.042  -0.563   0.446  -0.656
  -1.825  -0.540  -0.867  -1.915   1.022   0.228  -2.791   2.086   0.018  -2.992
   0.341   0.289  -3.706   1.005   1.287  -2.355
