default_name                                                                    
  -3.545   1.515   1.067  -3.086   0.529   0.986  -3.431   0.014   0.095  -3.331
  -0.060   1.868  -1.576   0.677   0.916  -1.065   1.795   0.931  -0.866  -0.449
   0.857  -1.378  -1.324   0.858   0.601  -0.517   0.828   0.977   0.261   1.492
   1.031  -1.878   1.405   2.114  -1.913   1.483   0.685  -2.681   0.757   0.612
  -2.010   2.405   1.229  -0.268  -0.562   2.462  -0.187  -0.680   0.429  -0.151
  -1.624  -0.566  -0.212  -1.462   0.861   0.089  -2.995   1.394   1.035  -3.050
   1.522  -0.717  -3.328  -0.004   0.132  -3.657
  -3.590   1.502   1.029  -3.102   0.527   0.978  -3.437   0.014   0.088  -3.369
  -0.067   1.857  -1.601   0.679   0.922  -1.075   1.797   0.912  -0.884  -0.450
   0.853  -1.397  -1.323   0.880   0.597  -0.504   0.823   0.994   0.287   1.470
   1.018  -1.850   1.412   2.100  -1.921   1.442   0.636  -2.664   0.795   0.638
  -1.963   2.426   1.236  -0.273  -0.569   2.468  -0.202  -0.671   0.425  -0.162
  -1.627  -0.571  -0.242  -1.449   0.879   0.072  -3.008   1.409   1.024  -3.067
   1.554  -0.729  -3.278   0.038   0.082  -3.691
  -3.565   1.506   1.062  -3.104   0.534   1.016  -3.470   0.016   0.129  -3.361
  -0.052   1.891  -1.606   0.676   0.923  -1.100   1.795   0.903  -0.884  -0.444
   0.861  -1.389  -1.310   0.877   0.592  -0.501   0.839   1.005   0.260   1.510
   0.993  -1.881   1.405   2.072  -1.937   1.452   0.629  -2.670   0.753   0.586
  -2.014   2.398   1.241  -0.274  -0.566   2.476  -0.205  -0.695   0.426  -0.174
  -1.621  -0.563  -0.214  -1.443   0.863   0.081  -2.998   1.391   1.039  -3.071
   1.527  -0.727  -3.317   0.005   0.101  -3.653
  -3.561   1.493   1.072  -3.086   0.528   0.987  -3.451  -0.027   0.098  -3.326
  -0.048   1.873  -1.588   0.682   0.913  -1.084   1.809   0.887  -0.878  -0.446
   0.851  -1.369  -1.345   0.902   0.593  -0.493   0.834   0.995   0.268   1.507
   1.013  -1.856   1.414   2.090  -1.900   1.460   0.625  -2.667   0.777   0.608
  -1.933   2.420   1.239  -0.256  -0.575   2.468  -0.200  -0.704   0.431  -0.192
  -1.640  -0.572  -0.289  -1.473   0.871   0.065  -3.017   1.404   1.015  -3.076
   1.537  -0.721  -3.353  -0.019   0.098  -3.648
  -3.555   1.464   0.986  -3.081   0.493   0.950  -3.431  -0.037   0.070  -3.345
  -0.084   1.841  -1.590   0.672   0.903  -1.073   1.791   0.890  -0.873  -0.443
   0.868  -1.392  -1.302   0.933   0.579  -0.513   0.829   0.978   0.263   1.480
   1.006  -1.861   1.417   2.088  -1.913   1.504   0.685  -2.646   0.762   0.552
  -2.018   2.401   1.224  -0.288  -0.568   2.452  -0.189  -0.688   0.421  -0.181
  -1.649  -0.572  -0.266  -1.482   0.876   0.089  -3.026   1.421   1.046  -3.082
   1.561  -0.716  -3.349   0.018   0.135  -3.686
  -3.595   1.511   0.988  -3.085   0.540   0.939  -3.358   0.015   0.018  -3.349
  -0.047   1.812  -1.579   0.703   0.893  -1.057   1.818   0.880  -0.857  -0.419
   0.835  -1.379  -1.291   0.857   0.599  -0.502   0.819   0.987   0.300   1.469
   0.969  -1.874   1.396   2.030  -1.980   1.499   0.615  -2.687   0.737   0.499
  -1.992   2.384   1.228  -0.276  -0.575   2.455  -0.165  -0.686   0.429  -0.209
  -1.638  -0.544  -0.320  -1.468   0.876   0.049  -2.999   1.467   0.971  -3.041
   1.536  -0.774  -3.327   0.002   0.095  -3.669
  -3.536   1.568   1.119  -3.089   0.575   0.989  -3.467   0.123   0.089  -3.359
  -0.060   1.858  -1.582   0.701   0.899  -1.054   1.823   0.843  -0.885  -0.440
   0.816  -1.388  -1.324   0.786   0.587  -0.493   0.807   0.930   0.307   1.453
   0.961  -1.842   1.426   2.063  -1.882   1.517   0.585  -2.657   0.785   0.501
  -1.935   2.416   1.261  -0.267  -0.604   2.485  -0.129  -0.687   0.433  -0.194
  -1.662  -0.540  -0.321  -1.482   0.850   0.052  -3.036   1.425   0.973  -3.122
   1.452  -0.793  -3.400  -0.052   0.124  -3.628
  -3.532   1.540   1.052  -3.070   0.571   0.982  -3.422   0.029   0.091  -3.277
   0.000   1.879  -1.566   0.712   0.869  -1.058   1.842   0.895  -0.874  -0.442
   0.796  -1.388  -1.317   0.805   0.599  -0.504   0.778   1.009   0.245   1.454
   0.963  -1.854   1.393   2.053  -1.972   1.447   0.583  -2.656   0.745   0.499
  -1.928   2.386   1.250  -0.278  -0.612   2.466  -0.136  -0.688   0.447  -0.224
  -1.679  -0.526  -0.390  -1.546   0.883   0.054  -3.019   1.461   0.967  -3.067
   1.479  -0.789  -3.440  -0.005   0.160  -3.644
  -3.556   1.551   0.985  -3.079   0.570   0.987  -3.418  -0.012   0.146  -3.286
   0.014   1.922  -1.595   0.739   0.861  -1.066   1.838   0.903  -0.915  -0.407
   0.766  -1.447  -1.240   0.775   0.556  -0.527   0.800   0.946   0.218   1.479
   0.948  -1.900   1.375   2.030  -2.017   1.422   0.526  -2.685   0.776   0.519
  -1.929   2.380   1.243  -0.259  -0.573   2.473  -0.119  -0.648   0.469  -0.264
  -1.664  -0.519  -0.373  -1.495   0.927  -0.014  -3.032   1.479   0.931  -3.087
   1.565  -0.830  -3.363   0.056   0.039  -3.708
  -3.483   1.611   0.836  -3.073   0.602   0.942  -3.496  -0.018   0.143  -3.309
   0.189   1.930  -1.594   0.703   0.841  -1.047   1.806   0.877  -0.910  -0.431
   0.773  -1.444  -1.283   0.806   0.540  -0.526   0.782   0.891   0.251   1.441
   0.935  -1.883   1.422   2.039  -1.986   1.476   0.548  -2.701   0.812   0.548
  -1.952   2.436   1.247  -0.286  -0.590   2.461  -0.086  -0.621   0.480  -0.229
  -1.683  -0.519  -0.371  -1.559   0.980   0.000  -3.050   1.571   0.919  -3.133
   1.584  -0.823  -3.366   0.129   0.120  -3.733
  -3.514   1.519   0.817  -3.073   0.549   0.982  -3.434  -0.140   0.210  -3.329
   0.183   1.974  -1.594   0.683   0.863  -1.057   1.785   0.848  -0.913  -0.463
   0.765  -1.427  -1.318   0.793   0.565  -0.552   0.802   0.920   0.251   1.461
   0.925  -1.920   1.427   2.015  -2.065   1.495   0.489  -2.737   0.900   0.563
  -1.985   2.451   1.211  -0.282  -0.561   2.424  -0.118  -0.587   0.452  -0.276
  -1.675  -0.544  -0.438  -1.617   0.977  -0.076  -3.024   1.515   0.874  -3.103
   1.660  -0.887  -3.305   0.156  -0.060  -3.746
  -3.618   1.510   0.867  -3.124   0.540   0.941  -3.483  -0.066   0.123  -3.408
   0.084   1.885  -1.620   0.659   0.853  -1.087   1.776   0.779  -0.904  -0.461
   0.822  -1.384  -1.331   0.840   0.556  -0.544   0.848   0.980   0.169   1.526
   0.919  -1.909   1.415   2.009  -2.023   1.512   0.575  -2.693   0.743   0.456
  -2.046   2.377   1.214  -0.286  -0.540   2.403  -0.037  -0.627   0.449  -0.284
  -1.647  -0.512  -0.518  -1.545   1.009  -0.053  -2.990   1.541   0.932  -2.962
   1.671  -0.865  -3.290   0.181   0.003  -3.698
  -3.529   1.546   0.949  -3.112   0.549   0.944  -3.517  -0.015   0.116  -3.340
   0.020   1.822  -1.601   0.652   0.825  -1.069   1.782   0.791  -0.913  -0.472
   0.792  -1.393  -1.348   0.897   0.540  -0.512   0.809   0.925   0.250   1.482
   0.910  -1.880   1.407   1.994  -1.885   1.569   0.652  -2.686   0.705   0.427
  -1.998   2.399   1.240  -0.272  -0.572   2.437  -0.023  -0.623   0.463  -0.297
  -1.645  -0.541  -0.448  -1.519   0.981  -0.011  -2.986   1.569   0.921  -2.983
   1.624  -0.802  -3.373   0.117   0.131  -3.654
  -3.558   1.520   0.899  -3.123   0.525   0.944  -3.497  -0.094   0.093  -3.375
   0.071   1.891  -1.599   0.659   0.828  -1.091   1.783   0.765  -0.909  -0.452
   0.798  -1.414  -1.325   0.907   0.541  -0.533   0.768   0.956   0.176   1.470
   0.933  -1.898   1.349   2.008  -1.914   1.476   0.646  -2.705   0.677   0.408
  -2.030   2.296   1.226  -0.271  -0.568   2.432  -0.030  -0.602   0.477  -0.309
  -1.667  -0.534  -0.395  -1.562   0.982  -0.012  -3.012   1.560   0.931  -3.016
   1.565  -0.872  -3.366   0.141   0.108  -3.690
  -3.560   1.432   0.809  -3.066   0.497   0.972  -3.448  -0.194   0.192  -3.284
   0.061   1.935  -1.575   0.655   0.832  -1.070   1.786   0.805  -0.887  -0.496
   0.816  -1.449  -1.339   0.919   0.575  -0.591   0.811   0.957   0.167   1.485
   1.048  -1.963   1.365   2.107  -1.950   1.592   0.857  -2.724   0.648   0.509
  -2.154   2.274   1.235  -0.248  -0.554   2.444   0.017  -0.593   0.449  -0.220
  -1.645  -0.516  -0.429  -1.499   0.934  -0.003  -2.999   1.450   0.947  -3.124
   1.562  -0.848  -3.295   0.074   0.005  -3.679
  -3.530   1.536   0.855  -3.054   0.572   0.940  -3.411  -0.119   0.189  -3.273
   0.166   1.922  -1.558   0.702   0.868  -1.027   1.794   0.831  -0.886  -0.434
   0.816  -1.446  -1.251   0.913   0.597  -0.560   0.828   0.958   0.143   1.543
   1.003  -1.956   1.347   2.084  -2.028   1.505   0.746  -2.709   0.605   0.551
  -2.189   2.269   1.267  -0.227  -0.545   2.488  -0.023  -0.647   0.460  -0.330
  -1.632  -0.544  -0.491  -1.470   0.879  -0.030  -2.992   1.451   0.915  -3.024
   1.542  -0.847  -3.305   0.063   0.036  -3.688
  -3.514   1.584   0.831  -3.054   0.631   1.009  -3.407  -0.061   0.281  -3.338
   0.261   2.004  -1.536   0.713   0.880  -0.934   1.797   0.865  -0.886  -0.464
   0.840  -1.441  -1.300   0.988   0.593  -0.589   0.829   0.982   0.159   1.571
   0.973  -1.980   1.353   2.041  -1.962   1.599   0.752  -2.735   0.618   0.373
  -2.245   2.243   1.244  -0.291  -0.544   2.437  -0.031  -0.551   0.477  -0.310
  -1.648  -0.500  -0.504  -1.514   0.925  -0.020  -2.991   1.442   0.943  -3.026
   1.572  -0.829  -3.406   0.097   0.026  -3.646
  -3.469   1.551   0.767  -3.020   0.610   1.053  -3.405  -0.199   0.464  -3.249
   0.371   2.091  -1.518   0.651   0.889  -0.956   1.759   0.826  -0.895  -0.524
   0.845  -1.474  -1.358   0.933   0.553  -0.622   0.840   0.892   0.180   1.521
   0.966  -2.013   1.353   2.019  -1.979   1.537   0.808  -2.802   0.615   0.462
  -2.298   2.307   1.218  -0.278  -0.531   2.413  -0.032  -0.603   0.484  -0.339
  -1.648  -0.463  -0.671  -1.490   0.937  -0.046  -3.006   1.516   0.890  -2.965
   1.554  -0.892  -3.342   0.085   0.080  -3.660
  -3.497   1.586   0.860  -3.058   0.607   1.046  -3.436  -0.106   0.297  -3.362
   0.278   2.033  -1.568   0.691   0.902  -0.979   1.782   0.858  -0.933  -0.495
   0.813  -1.496  -1.324   0.754   0.527  -0.650   0.826   0.893   0.083   1.533
   0.917  -2.038   1.350   2.015  -2.148   1.332   0.516  -2.777   0.658   0.537
  -2.211   2.376   1.228  -0.320  -0.515   2.438  -0.027  -0.544   0.491  -0.386
  -1.642  -0.517  -0.581  -1.530   0.960  -0.035  -2.965   1.480   0.927  -2.969
   1.593  -0.813  -3.427   0.083   0.066  -3.571
  -3.459   1.602   1.035  -3.030   0.615   1.048  -3.526   0.010   0.270  -3.333
   0.133   1.985  -1.544   0.650   0.903  -0.968   1.722   0.846  -0.924  -0.547
   0.813  -1.456  -1.408   0.813   0.540  -0.642   0.820   0.868   0.062   1.581
   0.906  -2.042   1.319   1.957  -2.151   1.337   0.522  -2.852   0.621   0.508
  -2.212   2.336   1.239  -0.316  -0.521   2.449  -0.035  -0.536   0.507  -0.313
  -1.645  -0.451  -0.659  -1.500   1.011  -0.006  -2.956   1.541   0.935  -2.957
   1.654  -0.812  -3.322   0.169   0.084  -3.681
  -3.459   1.611   1.155  -3.051   0.581   1.042  -3.478   0.146   0.155  -3.341
  -0.035   1.925  -1.519   0.611   0.915  -0.954   1.697   0.860  -0.920  -0.547
   0.843  -1.492  -1.368   1.017   0.542  -0.629   0.857   0.992   0.044   1.644
   0.902  -2.064   1.259   2.000  -2.184   1.273   0.514  -2.817   0.550   0.518
  -2.321   2.243   1.241  -0.300  -0.511   2.429  -0.100  -0.574   0.529  -0.298
  -1.625  -0.438  -0.534  -1.551   1.016  -0.016  -3.003   1.671   0.848  -2.964
   1.670  -0.839  -3.410   0.196   0.199  -3.700
  -3.403   1.564   1.332  -3.037   0.582   1.088  -3.495   0.226   0.185  -3.328
  -0.111   1.893  -1.525   0.636   0.915  -0.935   1.708   0.803  -0.899  -0.548
   0.870  -1.447  -1.354   1.039   0.565  -0.636   0.825   0.990   0.010   1.584
   0.982  -2.076   1.226   2.062  -2.082   1.219   0.529  -2.810   0.590   0.665
  -2.252   2.243   1.258  -0.250  -0.538   2.452  -0.062  -0.584   0.553  -0.313
  -1.637  -0.431  -0.516  -1.627   1.079  -0.062  -2.992   1.725   0.863  -3.069
   1.678  -0.897  -3.301   0.221   0.047  -3.664
  -3.379   1.679   1.323  -3.015   0.634   1.084  -3.444   0.256   0.153  -3.265
  -0.056   1.910  -1.517   0.637   0.920  -0.905   1.715   0.805  -0.887  -0.548
   0.938  -1.449  -1.381   1.122   0.603  -0.641   0.824   1.118   0.055   1.514
   0.966  -2.063   1.236   2.012  -2.202   1.152   0.443  -2.838   0.663   0.735
  -2.231   2.267   1.234  -0.348  -0.553   2.443  -0.098  -0.614   0.497  -0.354
  -1.658  -0.478  -0.530  -1.589   1.034  -0.053  -2.960   1.584   0.891  -2.941
   1.705  -0.833  -3.250   0.191   0.034  -3.697
  -3.405   1.563   1.367  -3.004   0.590   1.049  -3.439   0.324   0.067  -3.287
  -0.228   1.695  -1.523   0.641   0.876  -0.955   1.738   0.785  -0.881  -0.538
   0.877  -1.416  -1.391   1.005   0.605  -0.629   0.849   0.968   0.093   1.567
   1.060  -2.052   1.294   2.152  -2.098   1.365   0.772  -2.810   0.565   0.615
  -2.254   2.253   1.248  -0.349  -0.529   2.464  -0.091  -0.528   0.512  -0.348
  -1.652  -0.438  -0.553  -1.604   1.070  -0.004  -2.930   1.534   0.969  -2.859
   1.765  -0.771  -3.220   0.241   0.067  -3.715
  -3.368   1.603   1.240  -3.035   0.589   1.025  -3.396   0.206   0.059  -3.329
  -0.093   1.830  -1.525   0.620   0.882  -0.924   1.713   0.854  -0.875  -0.591
   0.798  -1.399  -1.487   0.804   0.598  -0.639   0.864   0.967   0.042   1.628
   1.088  -2.031   1.335   2.169  -2.057   1.426   0.827  -2.820   0.630   0.647
  -2.296   2.326   1.314  -0.321  -0.479   2.478  -0.062  -0.505   0.586  -0.373
  -1.615  -0.346  -0.742  -1.516   1.083  -0.075  -2.957   1.464   0.936  -3.014
   1.888  -0.778  -3.177   0.313  -0.188  -3.769
  -3.474   1.500   1.318  -3.023   0.568   1.043  -3.421   0.239   0.115  -3.260
  -0.173   1.785  -1.512   0.586   0.905  -0.924   1.682   0.861  -0.825  -0.593
   0.923  -1.386  -1.412   1.105   0.644  -0.653   0.875   1.019   0.091   1.550
   1.123  -2.048   1.396   2.189  -2.060   1.558   0.790  -2.816   0.707   0.637
  -2.228   2.349   1.320  -0.319  -0.481   2.521  -0.029  -0.461   0.605  -0.367
  -1.642  -0.381  -0.613  -1.624   1.154  -0.148  -2.996   1.531   0.872  -3.054
   1.942  -0.889  -3.227   0.391  -0.250  -3.735
  -3.381   1.495   1.092  -2.968   0.513   1.024  -3.435   0.080   0.100  -3.275
  -0.048   1.890  -1.491   0.597   0.939  -0.945   1.709   0.891  -0.838  -0.579
   0.854  -1.361  -1.456   0.909   0.651  -0.630   0.835   0.961   0.114   1.578
   1.059  -2.015   1.417   2.147  -2.142   1.491   0.725  -2.797   0.732   0.619
  -2.078   2.397   1.385  -0.317  -0.466   2.609  -0.058  -0.474   0.674  -0.401
  -1.580  -0.303  -0.631  -1.473   1.151  -0.105  -2.952   1.470   0.919  -3.043
   1.960  -0.817  -3.173   0.321  -0.259  -3.613
  -3.299   1.616   1.169  -3.012   0.610   1.087  -3.431   0.131   0.205  -3.317
   0.098   2.018  -1.508   0.586   0.958  -0.964   1.685   0.859  -0.799  -0.553
   0.848  -1.267  -1.407   0.802   0.693  -0.618   0.904   1.039   0.160   1.620
   1.060  -2.007   1.467   2.115  -1.966   1.507   0.724  -2.856   0.871   0.678
  -2.233   2.504   1.413  -0.370  -0.467   2.605  -0.062  -0.496   0.683  -0.452
  -1.594  -0.251  -0.664  -1.500   1.136  -0.122  -2.943   1.454   0.934  -2.939
   2.008  -0.765  -3.233   0.324  -0.317  -3.626
  -3.421   1.482   0.984  -2.974   0.488   1.092  -3.391   0.004   0.230  -3.286
  -0.016   1.999  -1.471   0.611   0.903  -0.960   1.713   0.814  -0.798  -0.531
   0.932  -1.312  -1.387   0.932   0.681  -0.631   0.912   1.041   0.120   1.617
   1.084  -1.986   1.472   2.169  -1.986   1.562   0.726  -2.784   0.839   0.757
  -2.142   2.538   1.395  -0.350  -0.428   2.589  -0.066  -0.518   0.657  -0.486
  -1.542  -0.326  -0.778  -1.452   1.206  -0.177  -2.879   1.491   0.848  -2.961
   2.051  -0.858  -3.069   0.495  -0.413  -3.646
  -3.516   1.415   0.912  -2.988   0.473   1.101  -3.387  -0.175   0.307  -3.178
   0.098   2.114  -1.460   0.583   0.945  -0.941   1.679   0.809  -0.778  -0.547
   0.921  -1.345  -1.388   1.007   0.659  -0.636   0.880   1.059   0.118   1.574
   1.027  -1.979   1.433   2.107  -2.071   1.632   0.737  -2.682   0.644   0.481
  -2.240   2.298   1.346  -0.417  -0.477   2.562  -0.104  -0.500   0.673  -0.480
  -1.618  -0.308  -0.778  -1.515   1.222  -0.086  -2.914   1.501   0.943  -2.837
   2.109  -0.642  -3.093   0.522  -0.180  -3.773
  -3.477   1.381   0.788  -2.950   0.467   1.109  -3.245  -0.346   0.495  -3.213
   0.202   2.130  -1.458   0.583   0.923  -0.950   1.672   0.707  -0.760  -0.558
   0.970  -1.289  -1.409   1.043   0.707  -0.622   0.897   1.023   0.183   1.572
   1.093  -1.944   1.537   2.164  -2.019   1.707   0.853  -2.769   0.880   0.570
  -2.058   2.471   1.431  -0.452  -0.491   2.645  -0.177  -0.518   0.712  -0.468
  -1.642  -0.245  -0.809  -1.581   1.168   0.013  -2.933   1.262   1.130  -2.928
   2.173  -0.408  -3.090   0.547  -0.375  -3.719
  -3.454   1.443   0.942  -2.941   0.496   1.036  -3.288  -0.148   0.265  -3.192
   0.079   1.986  -1.442   0.613   0.871  -0.898   1.691   0.821  -0.754  -0.520
   0.911  -1.307  -1.380   0.933   0.708  -0.617   0.880   1.060   0.081   1.626
   1.039  -1.937   1.450   2.123  -1.988   1.490   0.521  -2.734   0.889   0.642
  -2.016   2.443   1.408  -0.367  -0.507   2.634  -0.121  -0.581   0.687  -0.436
  -1.626  -0.278  -0.657  -1.505   1.170  -0.103  -2.963   1.032   0.962  -3.187
   2.232  -0.397  -3.037   0.590  -0.704  -3.700
  -3.436   1.397   0.798  -2.936   0.427   0.932  -3.191  -0.219   0.107  -3.120
   0.039   1.917  -1.428   0.605   0.825  -0.919   1.723   0.792  -0.733  -0.536
   0.886  -1.241  -1.429   0.857   0.740  -0.611   0.906   1.131   0.165   1.552
   1.122  -1.999   1.442   2.208  -2.076   1.527   0.809  -2.782   0.725   0.650
  -2.122   2.419   1.363  -0.325  -0.464   2.565  -0.016  -0.503   0.667  -0.437
  -1.622  -0.334  -0.733  -1.493   1.179  -0.177  -2.959   1.255   0.928  -3.047
   2.110  -0.663  -3.115   0.458  -0.647  -3.673
  -3.525   1.417   0.665  -2.955   0.467   0.837  -3.235  -0.257   0.099  -3.155
   0.185   1.809  -1.447   0.602   0.796  -0.913   1.725   0.856  -0.754  -0.526
   0.795  -1.291  -1.406   0.866   0.711  -0.597   0.848   1.080   0.210   1.515
   1.043  -1.936   1.468   2.147  -1.977   1.519   0.701  -2.780   0.804   0.590
  -2.069   2.489   1.375  -0.326  -0.521   2.553   0.094  -0.527   0.655  -0.484
  -1.629  -0.259  -0.856  -1.595   1.164  -0.100  -2.963   1.391   0.955  -2.986
   1.977  -0.721  -3.220   0.402  -0.211  -3.709
  -3.381   1.430   0.602  -2.928   0.484   0.946  -3.235  -0.278   0.241  -3.182
   0.179   1.984  -1.431   0.611   0.827  -0.889   1.765   0.796  -0.723  -0.529
   0.806  -1.267  -1.378   0.968   0.696  -0.643   0.845   1.090   0.062   1.540
   1.083  -1.976   1.400   2.188  -2.077   1.441   0.708  -2.773   0.728   0.663
  -2.202   2.346   1.377  -0.359  -0.523   2.523  -0.029  -0.552   0.644  -0.459
  -1.661  -0.310  -0.758  -1.626   1.206  -0.045  -2.959   1.557   0.989  -2.850
   2.087  -0.609  -3.264   0.433  -0.249  -3.671
  -3.417   1.378   0.675  -2.970   0.420   0.944  -3.311  -0.316   0.179  -3.198
   0.111   1.929  -1.490   0.599   0.790  -0.966   1.714   0.707  -0.760  -0.503
   0.766  -1.285  -1.367   0.890   0.686  -0.650   0.793   1.073   0.120   1.482
   1.010  -2.055   1.376   2.129  -2.171   1.508   0.683  -2.867   0.705   0.507
  -2.162   2.361   1.408  -0.336  -0.549   2.569   0.062  -0.533   0.712  -0.582
  -1.679  -0.230  -0.942  -1.642   1.183  -0.115  -2.986   1.366   1.002  -3.005
   1.991  -0.752  -3.341   0.402  -0.252  -3.738
  -3.373   1.474   0.959  -2.939   0.447   0.923  -3.339  -0.178   0.111  -3.187
  -0.057   1.849  -1.455   0.570   0.830  -0.979   1.686   0.716  -0.781  -0.603
   0.776  -1.288  -1.470   0.851   0.694  -0.684   0.852   1.094   0.090   1.526
   1.041  -2.098   1.359   2.111  -2.265   1.342   0.695  -2.866   0.677   0.679
  -2.221   2.377   1.421  -0.381  -0.506   2.584  -0.034  -0.607   0.687  -0.584
  -1.620  -0.180  -0.979  -1.539   1.043  -0.216  -3.005   1.241   0.815  -3.069
   1.953  -0.745  -3.261   0.169  -0.434  -3.660
  -3.489   1.323   0.601  -2.980   0.430   0.879  -3.315  -0.232   0.110  -3.291
   0.016   1.838  -1.488   0.613   0.798  -0.934   1.713   0.729  -0.773  -0.530
   0.766  -1.332  -1.367   0.865   0.700  -0.667   0.789   1.114   0.035   1.473
   1.056  -2.125   1.220   2.193  -2.312   1.199   0.479  -2.852   0.612   0.737
  -2.230   2.265   1.394  -0.417  -0.580   2.542   0.010  -0.580   0.678  -0.593
  -1.647  -0.168  -1.145  -1.473   1.045  -0.266  -3.006   1.255   0.846  -3.130
   2.033  -0.643  -3.264   0.333  -0.628  -3.690
  -3.435   1.282   0.588  -2.906   0.328   0.754  -3.152  -0.393  -0.009  -3.353
   0.054   1.741  -1.428   0.527   0.839  -0.996   1.671   0.777  -0.750  -0.603
   0.755  -1.264  -1.464   0.753   0.727  -0.696   0.819   1.080   0.139   1.423
   1.098  -2.116   1.344   2.162  -2.270   1.378   0.645  -2.925   0.772   0.776
  -2.230   2.361   1.360  -0.409  -0.544   2.517   0.034  -0.575   0.674  -0.691
  -1.646  -0.237  -1.098  -1.497   1.064  -0.203  -2.939   1.141   0.868  -2.991
   2.035  -0.591  -3.258   0.309  -0.406  -3.721
  -3.491   1.367   0.626  -2.976   0.418   0.748  -3.228  -0.265  -0.040  -3.392
  -0.078   1.634  -1.442   0.559   0.896  -0.966   1.688   0.913  -0.780  -0.584
   0.820  -1.277  -1.446   0.759   0.695  -0.702   0.844   1.088  -0.021   1.568
   1.116  -2.079   1.325   2.173  -2.179   1.456   0.748  -2.897   0.690   0.574
  -2.264   2.261   1.373  -0.466  -0.539   2.510   0.039  -0.574   0.709  -0.812
  -1.652  -0.161  -1.214  -1.525   1.144  -0.360  -2.960   1.096   0.732  -2.978
   2.085  -0.757  -3.253   0.420  -0.730  -3.704
  -3.495   1.384   0.620  -3.000   0.432   0.682  -3.271  -0.152  -0.193  -3.297
  -0.187   1.521  -1.502   0.562   0.773  -0.953   1.610   0.936  -0.820  -0.596
   0.742  -1.360  -1.412   0.925   0.664  -0.681   0.763   1.144   0.044   1.462
   1.119  -2.067   1.391   2.195  -2.127   1.604   0.807  -2.877   0.797   0.545
  -2.135   2.302   1.366  -0.480  -0.594   2.475   0.040  -0.594   0.742  -0.838
  -1.705  -0.132  -1.271  -1.543   1.047  -0.452  -3.066   0.829   0.611  -3.222
   2.143  -0.633  -3.279   0.462  -1.049  -3.749
  -3.488   1.239   0.525  -2.997   0.342   0.664  -3.168  -0.207  -0.206  -3.306
  -0.238   1.506  -1.507   0.527   0.736  -0.988   1.652   0.850  -0.788  -0.589
   0.670  -1.296  -1.459   0.753   0.673  -0.652   0.779   1.046   0.103   1.438
   1.050  -2.017   1.341   2.137  -2.104   1.474   0.738  -2.722   0.618   0.587
  -2.208   2.293   1.378  -0.455  -0.577   2.521   0.025  -0.570   0.705  -0.796
  -1.719  -0.230  -1.170  -1.653   1.138  -0.480  -3.081   0.824   0.553  -3.318
   2.244  -0.493  -3.132   0.778  -1.259  -3.804
  -3.615   1.161   0.834  -2.996   0.292   0.666  -3.156  -0.169  -0.330  -3.291
  -0.453   1.374  -1.521   0.584   0.683  -1.035   1.722   0.892  -0.797  -0.523
   0.558  -1.275  -1.374   0.538   0.683  -0.630   0.743   1.056   0.180   1.401
   1.020  -2.017   1.259   2.101  -2.098   1.351   0.613  -2.954   0.696   0.608
  -2.135   2.224   1.403  -0.411  -0.587   2.535   0.064  -0.568   0.762  -0.743
  -1.720  -0.040  -1.322  -1.630   1.203  -0.476  -3.053   0.961   0.544  -3.379
   2.274  -0.589  -3.085   0.779  -1.238  -3.683
  -3.559   1.328   0.675  -3.065   0.335   0.686  -3.372  -0.260  -0.170  -3.271
  -0.113   1.659  -1.583   0.536   0.709  -1.086   1.646   0.795  -0.755  -0.550
   0.583  -1.258  -1.393   0.318   0.708  -0.586   0.700   1.013   0.204   1.364
   1.085  -1.980   1.316   2.134  -2.101   1.284   0.589  -2.758   0.761   0.939
  -1.998   2.405   1.423  -0.329  -0.590   2.590   0.082  -0.571   0.766  -0.658
  -1.754  -0.195  -0.993  -1.756   1.367  -0.445  -3.071   1.102   0.551  -3.369
   2.465  -0.568  -3.103   0.916  -1.168  -3.777
  -3.451   1.365   0.938  -3.152   0.355   0.628  -3.340   0.070  -0.377  -3.355
  -0.421   1.424  -1.574   0.522   0.654  -1.140   1.683   0.675  -0.795  -0.568
   0.583  -1.264  -1.499   0.628   0.637  -0.636   0.731   0.846   0.142   1.481
   1.075  -1.998   1.321   2.144  -2.028   1.475   0.738  -2.805   0.649   0.526
  -2.203   2.258   1.402  -0.337  -0.567   2.542   0.100  -0.497   0.780  -0.624
  -1.754  -0.153  -1.044  -1.724   1.286  -0.396  -3.111   1.132   0.667  -3.335
   2.359  -0.507  -3.188   0.792  -1.021  -3.884
  -3.514   1.320   0.918  -3.077   0.449   0.474  -3.435   0.178  -0.565  -3.401
  -0.430   1.114  -1.575   0.508   0.586  -1.149   1.675   0.662  -0.805  -0.596
   0.618  -1.285  -1.459   0.520   0.666  -0.617   0.737   0.914   0.164   1.469
   1.118  -1.869   1.363   2.196  -1.896   1.544   0.790  -2.717   0.725   0.588
  -2.005   2.319   1.365  -0.349  -0.587   2.467   0.147  -0.573   0.736  -0.642
  -1.762  -0.071  -1.277  -1.737   1.307  -0.292  -3.077   1.303   0.759  -3.215
   2.349  -0.652  -3.209   0.619  -0.799  -3.741
  -3.485   1.460   0.577  -3.037   0.413   0.466  -3.248   0.135  -0.594  -3.541
  -0.333   1.129  -1.585   0.540   0.619  -1.063   1.627   0.798  -0.879  -0.600
   0.673  -1.379  -1.529   0.762   0.636  -0.574   0.752   1.001   0.181   1.441
   1.119  -1.883   1.380   2.222  -1.961   1.345   0.712  -2.746   0.882   0.729
  -1.954   2.412   1.352  -0.269  -0.569   2.488   0.209  -0.561   0.816  -0.621
  -1.749  -0.039  -1.190  -1.747   1.222  -0.222  -3.087   1.329   0.861  -3.134
   2.145  -0.710  -3.356   0.468  -0.454  -3.847
  -3.553   1.414   0.453  -3.115   0.443   0.479  -3.337  -0.083  -0.401  -3.593
  -0.135   1.309  -1.581   0.519   0.614  -1.049   1.626   0.770  -0.860  -0.582
   0.674  -1.326  -1.471   0.537   0.623  -0.602   0.792   0.901   0.128   1.503
   1.155  -1.906   1.392   2.293  -1.926   1.295   0.660  -2.755   0.910   0.888
  -1.924   2.436   1.362  -0.292  -0.537   2.507   0.272  -0.552   0.749  -0.680
  -1.669  -0.225  -1.021  -1.544   1.267  -0.236  -2.996   1.344   0.853  -3.015
   2.250  -0.663  -3.111   0.623  -0.633  -3.841
  -3.547   1.393   0.186  -3.122   0.427   0.471  -3.272  -0.182  -0.410  -3.637
   0.031   1.383  -1.619   0.476   0.676  -1.124   1.575   0.812  -0.844  -0.620
   0.587  -1.286  -1.551   0.474   0.633  -0.566   0.770   0.896   0.280   1.367
   1.125  -1.870   1.354   2.221  -1.840   1.348   0.646  -2.698   0.839   0.770
  -1.961   2.348   1.372  -0.263  -0.537   2.408   0.415  -0.522   0.765  -0.604
  -1.697  -0.151  -1.054  -1.586   1.286  -0.325  -3.056   1.475   0.737  -3.229
   2.191  -0.874  -3.281   0.427  -0.611  -3.632
  -3.489   1.315   0.412  -3.111   0.341   0.483  -3.462  -0.094  -0.488  -3.522
  -0.341   1.238  -1.611   0.504   0.615  -1.061   1.605   0.774  -0.858  -0.573
   0.635  -1.305  -1.449   0.633   0.550  -0.544   0.784   0.810   0.234   1.543
   1.046  -1.878   1.355   2.078  -1.887   1.391   0.752  -2.740   0.749   0.722
  -1.997   2.388   1.287  -0.198  -0.531   2.362   0.419  -0.510   0.703  -0.613
  -1.671  -0.075  -1.252  -1.606   1.211  -0.363  -3.032   1.768   0.555  -3.075
   1.963  -1.125  -3.326   0.374  -0.404  -3.746
  -3.620   1.358   0.495  -3.076   0.387   0.400  -3.246  -0.036  -0.545  -3.332
  -0.260   1.204  -1.596   0.534   0.575  -1.088   1.654   0.597  -0.906  -0.595
   0.661  -1.295  -1.489   0.813   0.570  -0.602   0.695   0.842   0.119   1.496
   1.083  -1.942   1.154   2.211  -2.004   1.107   0.554  -2.768   0.681   0.856
  -2.084   2.215   1.269  -0.230  -0.590   2.349   0.429  -0.607   0.735  -0.748
  -1.710  -0.163  -1.167  -1.761   1.266  -0.383  -3.021   1.546   0.662  -3.025
   2.177  -1.011  -3.311   0.530  -0.575  -3.753
  -3.537   1.267   0.628  -3.059   0.338   0.462  -3.296  -0.042  -0.500  -3.390
  -0.452   1.144  -1.613   0.550   0.573  -1.124   1.680   0.681  -0.923  -0.541
   0.640  -1.391  -1.407   0.422   0.544  -0.563   0.742   0.961   0.128   1.468
   1.007  -1.971   1.184   2.129  -2.087   1.100   0.525  -2.713   0.537   0.702
  -2.162   2.217   1.303  -0.271  -0.583   2.331   0.397  -0.592   0.780  -0.742
  -1.750  -0.170  -1.169  -1.669   1.369  -0.543  -3.097   1.589   0.537  -3.120
   2.333  -1.050  -3.235   0.633  -0.695  -3.873
  -3.565   1.316   0.709  -3.044   0.327   0.533  -3.278  -0.232  -0.424  -3.310
  -0.318   1.401  -1.585   0.539   0.522  -1.127   1.699   0.536  -0.802  -0.581
   0.555  -1.355  -1.447   0.540   0.632  -0.665   0.684   0.844  -0.004   1.517
   0.961  -2.075   1.164   2.026  -2.143   1.334   0.611  -2.782   0.460   0.596
  -2.317   2.130   1.309  -0.275  -0.622   2.307   0.456  -0.646   0.798  -0.748
  -1.754  -0.038  -1.339  -1.629   1.209  -0.428  -3.053   1.107   0.690  -3.176
   2.314  -0.647  -3.270   0.568  -0.883  -3.837
  -3.687   1.171   0.359  -3.110   0.318   0.560  -3.372  -0.418  -0.249  -3.397
  -0.171   1.507  -1.594   0.542   0.621  -1.063   1.630   0.578  -0.893  -0.590
   0.701  -1.427  -1.437   0.760   0.602  -0.605   0.757   1.010   0.131   1.501
   0.927  -2.052   1.131   2.007  -1.967   1.387   0.705  -2.719   0.298   0.382
  -2.345   2.044   1.287  -0.284  -0.653   2.251   0.464  -0.716   0.695  -0.698
  -1.777   0.012  -1.412  -1.679   1.215  -0.505  -3.160   1.380   0.525  -3.398
   2.107  -1.086  -3.115   0.504  -0.903  -3.921
  -3.653   1.176   0.466  -3.062   0.275   0.503  -3.302  -0.336  -0.384  -3.358
  -0.256   1.437  -1.572   0.550   0.594  -1.211   1.740   0.649  -0.801  -0.521
   0.609  -1.262  -1.436   0.445   0.676  -0.586   0.668   1.149   0.107   1.313
   0.952  -2.050   1.114   2.074  -2.119   1.142   0.611  -2.713   0.334   0.493
  -2.212   2.084   1.305  -0.280  -0.703   2.270   0.449  -0.826   0.636  -0.697
  -1.764  -0.135  -1.266  -1.706   1.120  -0.375  -3.170   1.350   0.688  -3.302
   1.991  -0.923  -3.297   0.324  -0.617  -3.935
  -3.602   1.218   0.341  -3.091   0.274   0.420  -3.268  -0.297  -0.495  -3.373
  -0.394   1.230  -1.582   0.530   0.638  -1.180   1.687   0.682  -0.806  -0.514
   0.661  -1.302  -1.394   0.851   0.667  -0.515   0.699   1.054   0.091   1.598
   0.990  -1.972   1.137   2.022  -2.178   1.054   0.436  -2.613   0.452   0.686
  -2.172   2.174   1.274  -0.194  -0.722   2.406   0.416  -0.755   0.584  -0.571
  -1.820  -0.200  -1.118  -1.641   1.075  -0.348  -3.150   1.047   0.706  -3.366
   2.107  -0.700  -3.193   0.529  -0.946  -3.866
  -3.540   1.393   0.583  -3.041   0.419   0.453  -3.225   0.008  -0.563  -3.411
  -0.307   1.201  -1.538   0.577   0.574  -1.095   1.715   0.660  -0.818  -0.516
   0.708  -1.294  -1.368   0.657   0.655  -0.537   0.707   1.098   0.172   1.472
   1.001  -1.884   1.265   2.019  -2.171   1.190   0.362  -2.682   0.851   0.711
  -1.869   2.303   1.313  -0.253  -0.689   2.286   0.407  -0.742   0.667  -0.647
  -1.834  -0.181  -1.168  -1.690   1.079  -0.380  -3.213   1.209   0.721  -3.316
   2.110  -0.724  -3.385   0.289  -0.741  -3.859
  -3.542   1.337   0.444  -3.003   0.382   0.397  -2.985   0.026  -0.664  -3.457
  -0.422   0.950  -1.538   0.624   0.648  -1.086   1.772   0.727  -0.782  -0.517
   0.753  -1.229  -1.397   0.510   0.678  -0.544   0.711   1.091   0.251   1.364
   1.058  -1.953   1.272   2.106  -2.118   1.255   0.638  -2.688   0.598   0.638
  -2.021   2.240   1.190  -0.230  -0.675   2.329   0.307  -0.759   0.558  -0.612
  -1.786  -0.224  -1.231  -1.627   1.042  -0.517  -3.158   1.091   0.529  -3.484
   2.073  -0.920  -3.207   0.310  -0.954  -3.829
  -3.532   1.378   0.494  -3.033   0.423   0.429  -3.090   0.031  -0.551  -3.391
  -0.251   1.248  -1.535   0.648   0.637  -1.023   1.766   0.749  -0.861  -0.495
   0.675  -1.303  -1.319   0.473   0.642  -0.487   0.618   1.034   0.368   1.294
   1.132  -1.833   1.156   2.199  -1.944   1.151   0.727  -2.679   0.584   0.714
  -1.988   2.174   1.259  -0.220  -0.751   2.387   0.312  -0.824   0.601  -0.580
  -1.805  -0.365  -0.900  -1.757   1.088  -0.433  -3.212   0.918   0.619  -3.550
   2.124  -0.794  -3.327   0.488  -1.022  -3.920
  -3.477   1.480   0.239  -3.052   0.523   0.498  -3.435  -0.188  -0.239  -3.376
   0.191   1.501  -1.541   0.620   0.570  -1.031   1.772   0.523  -0.835  -0.467
   0.665  -1.270  -1.357   0.579   0.614  -0.436   0.638   0.959   0.280   1.345
   1.132  -1.774   1.260   2.244  -1.743   1.385   0.951  -2.703   0.616   0.719
  -1.907   2.222   1.214  -0.170  -0.753   2.318   0.432  -0.759   0.546  -0.569
  -1.866  -0.318  -1.073  -1.702   0.951  -0.419  -3.252   0.775   0.631  -3.572
   1.965  -0.594  -3.323   0.357  -1.028  -3.926
  -3.484   1.527   0.632  -3.030   0.520   0.621  -3.377  -0.137  -0.211  -3.344
  -0.101   1.440  -1.519   0.655   0.502  -1.006   1.787   0.468  -0.852  -0.526
   0.580  -1.379  -1.426   0.825   0.599  -0.473   0.676   0.843   0.297   1.337
   1.118  -1.770   1.298   2.139  -1.759   1.348   0.808  -2.592   0.687   0.641
  -1.877   2.208   1.296  -0.176  -0.735   2.419   0.306  -0.771   0.577  -0.622
  -1.847  -0.382  -1.008  -1.674   1.072  -0.472  -3.246   0.868   0.554  -3.531
   2.122  -0.626  -3.381   0.541  -1.057  -3.944
  -3.343   1.557   0.371  -2.993   0.516   0.531  -3.202  -0.106  -0.318  -3.255
   0.072   1.478  -1.485   0.676   0.579  -0.986   1.822   0.522  -0.820  -0.468
   0.637  -1.319  -1.385   0.636   0.658  -0.538   0.662   0.907   0.264   1.359
   1.157  -1.839   1.194   2.262  -1.848   1.209   0.962  -2.623   0.515   0.842
  -1.941   2.264   1.304  -0.310  -0.707   2.329   0.375  -0.830   0.655  -0.636
  -1.810  -0.243  -1.101  -1.766   1.186  -0.411  -3.177   1.070   0.648  -3.487
   2.268  -0.489  -3.239   0.800  -1.030  -3.985
  -3.305   1.642   0.545  -2.896   0.638   0.531  -3.080   0.079  -0.415  -3.282
   0.034   1.359  -1.389   0.767   0.613  -0.893   1.853   0.589  -0.738  -0.368
   0.743  -1.238  -1.226   0.799   0.691  -0.431   0.703   1.199   0.149   1.414
   1.108  -1.852   1.124   2.212  -1.872   1.202   0.658  -2.643   0.581   0.697
  -1.982   2.057   1.295  -0.121  -0.703   2.337   0.499  -0.810   0.632  -0.517
  -1.781  -0.327  -0.869  -1.725   1.152  -0.382  -3.193   1.336   0.697  -3.359
   2.172  -0.834  -3.290   0.456  -0.725  -3.915
  -3.203   1.623   0.371  -2.882   0.640   0.578  -3.152  -0.116  -0.177  -3.355
   0.265   1.530  -1.417   0.789   0.702  -0.836   1.841   0.606  -0.717  -0.346
   0.799  -1.245  -1.236   0.902   0.745  -0.426   0.732   1.151   0.415   1.387
   1.041  -1.797   1.256   2.041  -1.919   1.601   0.778  -2.506   0.493   0.461
  -2.002   2.166   1.359  -0.159  -0.686   2.377   0.527  -0.755   0.691  -0.639
  -1.745  -0.238  -1.053  -1.581   1.142  -0.476  -3.116   1.122   0.598  -3.352
   2.048  -0.956  -3.086   0.407  -0.938  -3.772
  -3.248   1.517   0.145  -2.918   0.601   0.558  -3.182  -0.362  -0.055  -3.426
   0.476   1.507  -1.469   0.708   0.685  -0.900   1.751   0.498  -0.725  -0.387
   0.913  -1.220  -1.224   1.142   0.732  -0.519   0.780   1.298   0.080   1.484
   1.107  -1.877   1.331   2.211  -2.006   1.363   0.664  -2.675   0.800   0.799
  -1.928   2.390   1.308  -0.155  -0.654   2.284   0.592  -0.817   0.719  -0.673
  -1.771  -0.057  -1.348  -1.499   1.178  -0.541  -3.191   1.267   0.507  -3.443
   2.131  -1.030  -3.411   0.422  -0.913  -3.875
  -3.302   1.556   0.338  -2.932   0.606   0.642  -3.370  -0.168  -0.005  -3.329
   0.430   1.658  -1.407   0.704   0.568  -0.888   1.782   0.325  -0.676  -0.394
   0.895  -1.066  -1.233   1.130   0.744  -0.480   0.900   1.097   0.209   1.658
   1.118  -1.892   1.435   2.160  -2.072   1.194   0.607  -2.585   0.834   0.972
  -1.976   2.514   1.306  -0.199  -0.569   2.257   0.512  -0.718   0.709  -0.616
  -1.669  -0.011  -1.359  -1.519   1.198  -0.574  -3.061   1.391   0.381  -3.492
   2.150  -1.014  -3.116   0.544  -1.103  -3.858
  -3.313   1.416   0.316  -2.958   0.503   0.677  -3.268  -0.241  -0.032  -3.199
   0.270   1.700  -1.426   0.587   0.610  -0.997   1.676   0.282  -0.714  -0.483
   0.865  -1.203  -1.280   1.310   0.731  -0.579   0.807   1.042   0.192   1.496
   1.253  -1.912   1.307   2.223  -2.156   0.996   0.616  -2.682   0.887   1.137
  -1.845   2.428   1.331  -0.271  -0.554   2.327   0.484  -0.635   0.631  -0.635
  -1.639  -0.280  -1.038  -1.474   1.150  -0.505  -3.003   0.695   0.442  -3.298
   2.208  -0.464  -3.027   0.867  -1.346  -3.640
  -3.462   1.388   0.303  -2.923   0.514   0.727  -3.266  -0.315   0.234  -3.196
   0.344   1.750  -1.438   0.640   0.600  -0.907   1.705   0.219  -0.723  -0.474
   0.865  -1.298  -1.166   1.330   0.711  -0.531   0.867   0.973   0.207   1.603
   1.134  -1.930   1.366   1.982  -2.276   0.895   0.322  -2.597   1.129   1.261
  -2.020   2.427   1.296  -0.193  -0.534   2.360   0.424  -0.499   0.652  -0.625
  -1.610  -0.225  -1.147  -1.467   1.267  -0.397  -2.946   0.674   0.400  -3.465
   2.294   0.050  -2.929   1.246  -1.315  -3.537
  -3.372   1.393   0.155  -2.905   0.589   0.738  -3.124  -0.444   0.394  -3.088
   0.646   1.822  -1.420   0.654   0.519  -0.886   1.712   0.187  -0.771  -0.405
   0.896  -1.321  -1.144   1.365   0.717  -0.481   0.866   1.144   0.217   1.513
   1.217  -1.908   1.323   2.167  -2.167   0.868   0.389  -2.626   1.062   1.409
  -1.771   2.427   1.371  -0.125  -0.412   2.497   0.364  -0.432   0.732  -0.376
  -1.542  -0.189  -0.795  -1.572   1.302  -0.169  -2.857   0.876   0.719  -3.328
   2.345   0.010  -2.834   1.028  -0.943  -3.530
  -3.427   1.192   0.115  -2.960   0.587   0.863  -3.243  -0.475   0.774  -3.263
   1.055   1.800  -1.470   0.680   0.687  -1.009   1.668   0.170  -0.773  -0.419
   0.980  -1.302  -1.181   1.386   0.700  -0.496   0.872   1.059   0.320   1.546
   1.104  -1.885   1.340   2.200  -2.196   1.083   0.474  -2.760   1.096   1.148
  -1.920   2.424   1.409  -0.127  -0.396   2.513   0.398  -0.324   0.845  -0.385
  -1.573  -0.137  -0.674  -1.576   1.384  -0.116  -2.931   0.894   0.698  -3.541
   2.475   0.115  -2.855   1.314  -1.010  -3.506
  -3.441   0.747  -0.073  -3.013   0.614   0.911  -3.323  -0.390   1.117  -3.348
   1.331   1.650  -1.502   0.727   0.764  -1.009   1.730   0.217  -0.781  -0.370
   0.971  -1.264  -1.219   1.293   0.743  -0.485   0.916   1.259   0.154   1.679
   1.136  -1.963   1.278   2.116  -2.189   1.012   0.451  -2.627   0.687   0.985
  -2.039   2.376   1.415  -0.120  -0.427   2.520   0.371  -0.435   0.779  -0.283
  -1.622  -0.143  -0.562  -1.550   1.354   0.070  -2.946   1.124   1.118  -3.056
   2.450  -0.031  -2.928   0.989  -0.555  -3.718
  -3.418   0.456   0.076  -3.017   0.590   1.052  -3.260  -0.192   1.719  -3.364
   1.513   1.402  -1.498   0.671   0.793  -0.991   1.672   0.374  -0.793  -0.400
   0.910  -1.265  -1.190   1.240   0.672  -0.498   0.870   1.102   0.091   1.709
   1.072  -1.978   1.154   2.106  -2.001   0.823   0.506  -2.784   0.635   1.013
  -2.161   2.263   1.441  -0.047  -0.445   2.524   0.465  -0.376   0.848  -0.305
  -1.574   0.023  -0.812  -1.457   1.379   0.061  -2.907   1.149   1.162  -3.091
   2.445  -0.186  -2.892   1.036  -0.566  -3.665
  -3.532  -0.026   0.246  -2.950   0.528   1.076  -3.129   0.019   2.011  -3.373
   1.578   1.171  -1.469   0.696   0.760  -1.070   1.786   0.373  -0.718  -0.403
   0.851  -1.197  -1.266   1.130   0.757  -0.477   0.881   1.107   0.093   1.748
   1.027  -1.976   1.159   2.106  -2.208   1.067   0.598  -2.595   0.378   0.558
  -2.210   2.094   1.520  -0.062  -0.460   2.647   0.395  -0.322   0.935  -0.360
  -1.711   0.058  -0.871  -1.704   1.411   0.153  -3.020   1.212   1.210  -3.141
   2.484   0.041  -3.077   0.898  -0.377  -3.854
  -3.518  -0.054   0.389  -2.943   0.587   1.121  -3.141   0.147   2.082  -3.371
   1.530   1.116  -1.464   0.642   0.651  -1.010   1.768   0.387  -0.673  -0.444
   0.682  -1.179  -1.288   1.032   0.777  -0.534   0.835   1.031   0.046   1.727
   0.985  -2.061   1.159   2.050  -2.334   1.099   0.471  -2.694   0.486   0.739
  -2.246   2.223   1.568  -0.132  -0.361   2.625   0.459  -0.269   0.962  -0.442
  -1.545   0.230  -1.058  -1.586   1.400   0.175  -2.811   1.056   1.159  -2.788
   2.456   0.134  -2.864   0.972  -0.349  -3.661
  -3.334   0.147   0.088  -2.862   0.562   0.985  -3.097  -0.036   1.869  -3.311
   1.507   1.191  -1.331   0.727   0.794  -0.832   1.797   0.523  -0.671  -0.429
   0.634  -1.269  -1.246   0.708   0.795  -0.616   0.803   1.194  -0.104   1.674
   1.012  -2.145   1.053   2.054  -2.330   0.963   0.543  -2.693   0.245   0.628
  -2.499   2.024   1.512  -0.052  -0.388   2.586   0.425  -0.304   0.943  -0.298
  -1.594  -0.049  -0.498  -1.496   1.434   0.248  -2.868   1.226   1.369  -2.954
   2.491   0.193  -2.999   1.027  -0.300  -3.702
  -3.285  -0.074   0.185  -2.821   0.598   0.926  -2.908   0.021   1.828  -3.258
   1.568   0.998  -1.317   0.712   0.714  -0.736   1.815   0.563  -0.678  -0.468
   0.702  -1.205  -1.275   1.024   0.749  -0.598   0.878   1.031  -0.111   1.823
   1.012  -2.144   0.961   2.076  -2.369   0.741   0.371  -2.703   0.319   0.747
  -2.603   1.921   1.499  -0.043  -0.363   2.629   0.469  -0.283   0.964  -0.267
  -1.601  -0.021  -0.654  -1.691   1.567   0.278  -2.831   1.307   1.328  -2.930
   2.648   0.109  -2.830   1.063  -0.222  -3.688
  -3.265   0.018   0.366  -2.756   0.699   1.028  -2.910   0.365   2.047  -3.156
   1.655   0.988  -1.292   0.718   0.724  -0.659   1.735   0.570  -0.701  -0.408
   0.746  -1.283  -1.313   0.880   0.763  -0.646   0.826   1.220  -0.201   1.733
   0.988  -2.175   0.962   2.057  -2.529   0.884   0.519  -2.776   0.095   0.594
  -2.569   1.967   1.553  -0.120  -0.376   2.621   0.500  -0.239   1.011  -0.268
  -1.615   0.125  -0.744  -1.587   1.540   0.359  -2.810   1.374   1.509  -2.655
   2.587   0.075  -2.900   1.027   0.047  -3.741
  -3.392   0.097   0.499  -2.801   0.813   1.124  -3.021   0.537   2.154  -3.204
   1.816   0.905  -1.288   0.750   0.744  -0.717   1.853   0.555  -0.656  -0.449
   0.824  -1.244  -1.293   0.847   0.812  -0.648   0.872   1.237  -0.127   1.751
   1.061  -2.195   0.993   2.147  -2.262   0.999   0.534  -2.773   0.134   0.765
  -2.637   1.910   1.512  -0.107  -0.336   2.607   0.471  -0.249   1.076  -0.351
  -1.569   0.220  -0.872  -1.553   1.553   0.350  -2.792   1.713   1.369  -2.563
   2.449  -0.140  -3.131   0.775   0.296  -3.535
  -3.352   0.165   0.412  -2.844   0.802   1.079  -3.060   0.621   2.094  -3.335
   1.796   1.031  -1.327   0.757   0.816  -0.762   1.833   0.734  -0.657  -0.416
   0.830  -1.219  -1.202   0.912   0.823  -0.652   0.883   1.122  -0.034   1.710
   1.073  -2.143   1.053   2.079  -2.265   1.337   0.866  -2.724   0.157   0.435
  -2.644   1.797   1.605  -0.185  -0.343   2.605   0.511  -0.147   1.173  -0.350
  -1.616   0.285  -0.831  -1.714   1.509   0.415  -2.823   1.646   1.457  -2.621
   2.392  -0.134  -3.209   0.667   0.285  -3.549
  -3.263   0.227   0.409  -2.724   0.741   1.157  -2.796   0.313   2.154  -2.981
   1.795   1.337  -1.319   0.774   0.809  -0.811   1.868   0.641  -0.668  -0.424
   0.775  -1.243  -1.217   1.047   0.786  -0.649   0.821   1.217  -0.251   1.791
   1.049  -2.122   0.899   2.083  -2.340   1.010   0.735  -2.593  -0.037   0.359
  -2.474   1.691   1.560  -0.077  -0.408   2.602   0.552  -0.323   1.134  -0.420
  -1.660   0.493  -1.228  -1.711   1.435   0.299  -2.910   1.535   1.384  -2.655
   2.354  -0.107  -3.321   0.611   0.162  -3.618
