default_name                                                                    
   22  0.2000000E+02
  -3.2299681   1.8890626   1.5999837  -2.9151770   0.9681912   1.0759161
  -3.1607993   0.8705657   0.0443942  -3.4092263   0.1365546   1.6401397
  -1.4055333   0.9879281   1.3737939  -0.8342960   1.9672430   1.7668043
  -0.8208568  -0.1856598   1.2247198  -1.3796202  -0.9262709   0.8627281
   0.5618549  -0.5051921   1.2087285   1.1321238   0.0074801   1.9443591
   0.6220396  -1.9875356   1.5297974   1.6496199  -2.3344594   1.3253205
  -0.0703200  -2.4458834   0.7721866   0.2861106  -2.2287552   2.4619714
   1.3190704  -0.1508766  -0.0880619   2.4508733   0.2647442  -0.1210827
   0.7073570  -0.3734630  -1.2413250  -0.2149865  -0.7408721  -1.2149223
   1.3848968  -0.3847092  -2.5314832   2.4509016  -0.5370555  -2.2930314
   1.0314609  -1.3575827  -2.9717983   1.2713378   0.4209974  -3.1469134
   0.4632483   0.1539803   0.2333418   0.2888239  -0.0428747   0.0400325
   0.0543152   0.1332116   1.1514689   0.9119326  -0.1257265  -0.2857329
   0.6912122   0.1727041   0.0893215  -0.0307100  -0.2984777   0.2789810
   0.0274262  -0.1658889   0.0709200   0.6938776   0.2882676  -0.1101459
   0.1811558  -0.2384373  -0.3704810   1.4171179   1.3557201  -0.8785843
   0.0710331   0.1211071  -0.0221440   0.2462057  -0.0085022   2.0449981
   0.8622891   0.1109845  -2.5494041   0.6878695   0.7661105  -1.9438217
  -0.1623165  -0.0011131   0.0114928   0.2160027  -0.0307051  -0.0864945
   0.1678704   0.3337578   0.4177630   0.1872777   0.8048992   0.0337708
  -0.3020079   0.0316027  -0.0179719  -0.8450143   1.0332000   0.4553806
   1.0598967  -0.5230677   0.9679686  -0.7826278   0.4015568  -0.4656216
