default_name                                                                    
   22  0.2000000E+02
  -3.0287940   0.0271255   1.6821020  -2.6995792   0.9014677   1.1172282
  -3.3687630   1.7338735   1.3960893  -2.8431408   0.5775324   0.1059787
  -1.2099550   1.0936475   1.1009921  -0.7331266   2.2464728   0.9994697
  -0.5459820  -0.0469512   1.0106804  -1.0818603  -0.8766625   0.9028089
   0.8973145  -0.0869060   0.7325562   1.3770947   0.6236311   1.2880910
   1.3740064  -1.4562874   1.3101806   2.5025541  -1.4880525   1.2942976
   0.9808574  -2.3070241   0.6926719   1.0462950  -1.5117533   2.3736528
   1.3669124   0.1261523  -0.7632684   2.4853913  -0.1388125  -1.0535496
   0.5719022   0.5660563  -1.7529310  -0.3804361   0.8271045  -1.4633938
   0.9173469   0.5504020  -3.1992782   1.5855767   1.4184339  -3.4244453
   1.5112982  -0.3817595  -3.4627645   0.0313724   0.7649902  -3.7442385
   0.6722127  -0.8637105  -0.3181361   0.1235071  -0.4394189   0.0527949
   0.9784197   1.1798824   1.2956955  -0.0807304   0.2730950  -0.0515239
  -0.0133834   0.1564590  -0.0124358   0.2215306   0.1342950  -0.0399516
   0.1526010   0.1508660   0.0604053   0.1570092   0.1627693   0.2093838
   0.0225111  -0.0058982   0.2357036  -0.6729699  -0.9445409  -0.4521404
   0.1903674   0.2223020   0.0200676   0.6181036   0.1311676  -0.8154567
  -0.5399635  -1.0127275   0.0047929  -1.0603944   0.8740578   0.1077084
  -0.2458777  -0.2174345   0.1001387  -0.3045043   0.1823665  -0.0809179
  -0.1509334   0.0443120   0.0470790   0.7175930  -0.1433280   0.8382789
  -0.2282076   0.0993864   0.1103722   0.8401365   0.0193714  -0.5304464
   0.3221711  -1.0164344  -0.2072019  -0.2437445   0.0574818   1.0028096
