default_name                                                                    
  -3.669   1.092   0.686  -2.749   1.212   1.253  -2.919   0.924   2.292  -2.432
   2.253   1.198  -1.669   0.329   0.679  -1.920  -0.394  -0.279  -0.477   0.389
   1.282  -0.406   1.028   2.064   0.718  -0.412   0.964   1.493  -0.082   1.654
   0.423  -1.899   1.272   1.354  -2.472   1.256  -0.264  -2.332   0.546  -0.010
  -2.004   2.262   1.323  -0.191  -0.454   2.214  -0.938  -0.864   0.862   0.815
  -1.205   0.134   1.398  -0.804   1.331   1.147  -2.547   2.388   1.398  -2.511
   1.189   0.295  -3.210   0.779   2.005  -2.946
  -3.653   1.108   0.676  -2.721   1.230   1.243  -2.890   0.976   2.290  -2.419
   2.271   1.179  -1.657   0.329   0.667  -1.913  -0.396  -0.295  -0.474   0.378
   1.274  -0.389   1.000   2.071   0.716  -0.416   0.955   1.498  -0.087   1.653
   0.444  -1.900   1.300   1.381  -2.456   1.289  -0.246  -2.352   0.584  -0.009
  -1.971   2.298   1.313  -0.210  -0.455   2.223  -0.944  -0.867   0.863   0.818
  -1.194   0.126   1.382  -0.808   1.327   1.140  -2.547   2.382   1.432  -2.520
   1.224   0.282  -3.211   0.746   1.963  -2.966
  -3.651   1.140   0.603  -2.746   1.225   1.222  -2.969   0.938   2.252  -2.409
   2.258   1.201  -1.669   0.327   0.666  -1.904  -0.393  -0.294  -0.496   0.363
   1.292  -0.406   0.988   2.086   0.716  -0.423   0.958   1.498  -0.088   1.640
   0.450  -1.897   1.300   1.366  -2.479   1.220  -0.295  -2.296   0.596   0.062
  -2.006   2.321   1.329  -0.206  -0.457   2.226  -0.946  -0.866   0.845   0.802
  -1.210   0.086   1.352  -0.825   1.306   1.159  -2.544   2.359   1.447  -2.530
   1.194   0.302  -3.219   0.735   2.006  -2.929
  -3.663   1.074   0.674  -2.741   1.213   1.236  -2.913   1.004   2.299  -2.384
   2.244   1.138  -1.672   0.303   0.681  -1.913  -0.397  -0.302  -0.475   0.352
   1.289  -0.402   0.978   2.076   0.709  -0.426   0.950   1.474  -0.091   1.640
   0.457  -1.902   1.295   1.394  -2.444   1.192  -0.300  -2.319   0.642   0.114
  -1.975   2.326   1.309  -0.195  -0.459   2.218  -0.922  -0.891   0.854   0.816
  -1.203   0.076   1.364  -0.837   1.311   1.155  -2.550   2.376   1.403  -2.538
   1.157   0.325  -3.242   0.760   2.014  -2.932
  -3.646   1.069   0.664  -2.727   1.205   1.238  -2.902   0.968   2.300  -2.401
   2.245   1.174  -1.667   0.305   0.663  -1.893  -0.370  -0.324  -0.490   0.349
   1.281  -0.428   0.978   2.077   0.728  -0.405   0.949   1.510  -0.058   1.619
   0.477  -1.885   1.307   1.402  -2.438   1.272  -0.243  -2.311   0.613   0.086
  -1.939   2.326   1.325  -0.178  -0.479   2.202  -0.924  -0.925   0.848   0.821
  -1.237   0.086   1.342  -0.839   1.302   1.155  -2.581   2.369   1.359  -2.572
   1.098   0.341  -3.263   0.758   2.046  -2.922
  -3.737   0.933   0.797  -2.771   1.203   1.227  -2.858   1.026   2.305  -2.516
   2.246   1.061  -1.673   0.333   0.650  -1.876  -0.369  -0.337  -0.495   0.379
   1.276  -0.464   0.950   2.102   0.707  -0.402   0.934   1.492  -0.054   1.592
   0.477  -1.867   1.291   1.396  -2.442   1.184  -0.279  -2.293   0.628   0.125
  -1.942   2.332   1.295  -0.178  -0.491   2.184  -0.916  -0.900   0.836   0.835
  -1.251   0.099   1.396  -0.823   1.290   1.170  -2.603   2.362   1.363  -2.605
   1.091   0.329  -3.274   0.740   2.038  -2.951
  -3.760   0.948   0.782  -2.781   1.195   1.227  -2.824   0.971   2.300  -2.548
   2.250   1.081  -1.684   0.329   0.637  -1.887  -0.336  -0.368  -0.523   0.370
   1.268  -0.467   0.999   2.072   0.693  -0.383   0.932   1.458   0.006   1.602
   0.474  -1.855   1.299   1.432  -2.376   1.317  -0.204  -2.317   0.580   0.041
  -1.913   2.294   1.297  -0.202  -0.500   2.220  -0.909  -0.888   0.804   0.805
  -1.249   0.065   1.355  -0.854   1.261   1.143  -2.600   2.340   1.271  -2.628
   1.011   0.334  -3.269   0.794   2.064  -2.957
  -3.762   0.919   0.801  -2.803   1.201   1.219  -2.825   1.056   2.302  -2.636
   2.240   0.968  -1.702   0.350   0.617  -1.878  -0.335  -0.390  -0.542   0.381
   1.265  -0.495   0.979   2.087   0.679  -0.390   0.928   1.446  -0.031   1.600
   0.466  -1.873   1.294   1.467  -2.359   1.237  -0.207  -2.342   0.589   0.052
  -1.923   2.298   1.286  -0.181  -0.490   2.220  -0.888  -0.870   0.762   0.763
  -1.267  -0.006   1.286  -0.885   1.219   1.108  -2.628   2.281   1.366  -2.604
   1.098   0.272  -3.316   0.605   1.964  -2.997
  -3.747   0.833   0.773  -2.802   1.181   1.174  -2.807   1.079   2.263  -2.626
   2.207   0.894  -1.676   0.329   0.616  -1.883  -0.319  -0.406  -0.525   0.361
   1.281  -0.476   0.956   2.072   0.708  -0.384   0.929   1.468  -0.034   1.609
   0.525  -1.870   1.241   1.462  -2.398   1.126  -0.211  -2.303   0.569   0.144
  -1.981   2.276   1.299  -0.165  -0.498   2.256  -0.861  -0.888   0.743   0.753
  -1.283  -0.018   1.288  -0.898   1.243   1.114  -2.598   2.317   1.339  -2.528
   1.108   0.265  -3.264   0.722   1.960  -3.006
  -3.782   0.880   0.896  -2.803   1.215   1.190  -2.742   1.171   2.294  -2.629
   2.226   0.864  -1.709   0.336   0.618  -1.900  -0.329  -0.412  -0.557   0.361
   1.272  -0.513   0.993   2.050   0.680  -0.366   0.925   1.473  -0.005   1.582
   0.466  -1.845   1.273   1.427  -2.365   1.231  -0.232  -2.305   0.590   0.097
  -1.900   2.300   1.286  -0.128  -0.481   2.235  -0.821  -0.889   0.753   0.822
  -1.263  -0.083   1.284  -0.925   1.296   1.168  -2.573   2.363   1.407  -2.516
   1.171   0.298  -3.194   0.739   2.016  -3.001
  -3.777   0.883   0.890  -2.808   1.216   1.181  -2.749   1.259   2.258  -2.678
   2.216   0.755  -1.745   0.319   0.626  -1.950  -0.356  -0.381  -0.575   0.360
   1.274  -0.516   1.002   2.076   0.645  -0.375   0.925   1.415  -0.004   1.614
   0.459  -1.872   1.260   1.426  -2.348   1.132  -0.243  -2.328   0.542   0.165
  -1.953   2.301   1.267  -0.130  -0.483   2.219  -0.805  -0.885   0.720   0.824
  -1.282  -0.078   1.319  -0.930   1.272   1.182  -2.593   2.255   1.567  -2.432
   1.317   0.324  -3.282   0.632   1.926  -3.090
  -3.747   0.892   0.780  -2.788   1.242   1.121  -2.766   1.245   2.230  -2.605
   2.253   0.742  -1.725   0.304   0.600  -1.930  -0.355  -0.423  -0.554   0.351
   1.244  -0.516   0.947   2.039   0.661  -0.400   0.911   1.434  -0.042   1.591
   0.471  -1.876   1.244   1.405  -2.419   1.152  -0.291  -2.307   0.584   0.127
  -1.936   2.245   1.271  -0.137  -0.479   2.195  -0.864  -0.874   0.770   0.836
  -1.261  -0.044   1.329  -0.925   1.264   1.162  -2.597   2.269   1.525  -2.580
   1.198   0.275  -3.229   0.627   1.951  -2.991
  -3.755   0.827   0.671  -2.821   1.191   1.070  -2.871   1.213   2.150  -2.663
   2.219   0.700  -1.717   0.297   0.591  -1.901  -0.380  -0.433  -0.560   0.322
   1.252  -0.498   1.003   2.013   0.652  -0.418   0.916   1.464  -0.032   1.560
   0.463  -1.913   1.291   1.446  -2.400   1.209  -0.169  -2.414   0.600   0.036
  -2.007   2.299   1.224  -0.192  -0.498   2.169  -0.875  -0.886   0.738   0.774
  -1.273  -0.101   1.278  -0.967   1.285   1.199  -2.546   2.334   1.508  -2.430
   1.236   0.319  -3.171   0.739   2.036  -3.007
  -3.792   0.816   0.747  -2.817   1.221   1.066  -2.796   1.197   2.157  -2.690
   2.237   0.686  -1.689   0.335   0.576  -1.905  -0.424  -0.379  -0.531   0.327
   1.221  -0.496   0.887   2.053   0.690  -0.433   0.904   1.427  -0.054   1.581
   0.504  -1.909   1.267   1.457  -2.420   1.348  -0.104  -2.408   0.520   0.067
  -1.975   2.264   1.270  -0.238  -0.505   2.214  -0.927  -0.929   0.781   0.760
  -1.248  -0.035   1.252  -0.901   1.320   1.232  -2.507   2.330   1.609  -2.315
   1.368   0.474  -3.236   0.762   2.077  -2.956
  -3.754   0.871   0.856  -2.769   1.248   1.073  -2.678   1.263   2.149  -2.673
   2.241   0.627  -1.719   0.307   0.581  -1.965  -0.430  -0.382  -0.510   0.307
   1.190  -0.457   0.929   2.007   0.716  -0.478   0.860   1.460  -0.162   1.583
   0.474  -1.940   1.229   1.460  -2.420   1.205  -0.191  -2.417   0.506   0.035
  -2.008   2.230   1.305  -0.249  -0.536   2.209  -0.993  -0.969   0.794   0.736
  -1.286  -0.019   1.236  -0.928   1.327   1.196  -2.578   2.386   1.514  -2.478
   1.252   0.422  -3.321   0.800   2.094  -2.919
  -3.759   0.826   0.905  -2.777   1.205   1.142  -2.725   1.263   2.223  -2.682
   2.225   0.759  -1.691   0.298   0.604  -1.930  -0.404  -0.379  -0.505   0.321
   1.231  -0.471   0.942   2.012   0.693  -0.494   0.899   1.461  -0.125   1.581
   0.478  -1.953   1.271   1.411  -2.475   1.117  -0.267  -2.396   0.591   0.160
  -2.019   2.319   1.279  -0.278  -0.533   2.169  -1.000  -0.974   0.740   0.663
  -1.298  -0.101   1.091  -0.953   1.285   1.225  -2.516   2.350   1.473  -2.318
   1.222   0.560  -3.378   0.792   2.160  -2.726
  -3.697   0.798   0.965  -2.722   1.235   1.204  -2.678   1.344   2.285  -2.654
   2.174   0.682  -1.677   0.286   0.654  -1.971  -0.471  -0.270  -0.494   0.325
   1.259  -0.382   0.983   2.015   0.689  -0.507   0.896   1.482  -0.179   1.549
   0.470  -1.956   1.307   1.460  -2.415   1.275  -0.248  -2.456   0.664   0.064
  -2.032   2.339   1.199  -0.314  -0.566   2.096  -1.041  -0.959   0.667   0.650
  -1.319  -0.170   1.017  -0.946   1.217   1.256  -2.513   2.314   1.314  -2.438
   0.982   0.661  -3.394   0.807   2.266  -2.667
  -3.729   0.815   0.909  -2.751   1.221   1.206  -2.753   1.266   2.303  -2.614
   2.215   0.762  -1.710   0.232   0.656  -1.983  -0.504  -0.287  -0.543   0.273
   1.283  -0.461   0.966   2.034   0.645  -0.496   0.897   1.419  -0.092   1.526
   0.451  -1.967   1.301   1.382  -2.533   1.198  -0.248  -2.397   0.615   0.112
  -2.053   2.353   1.156  -0.288  -0.562   2.113  -0.975  -0.972   0.623   0.667
  -1.322  -0.208   1.131  -1.016   1.292   1.294  -2.496   2.343   1.380  -2.322
   1.110   0.737  -3.436   0.906   2.324  -2.653
  -3.763   0.998   0.911  -2.734   1.223   1.222  -2.683   1.210   2.331  -2.442
   2.183   0.776  -1.767   0.252   0.658  -2.106  -0.486  -0.257  -0.582   0.258
   1.240  -0.445   0.911   1.983   0.619  -0.509   0.860   1.389  -0.084   1.474
   0.439  -1.954   1.255   1.382  -2.461   1.153  -0.294  -2.440   0.617   0.125
  -2.005   2.283   1.154  -0.290  -0.577   2.070  -0.985  -1.004   0.551   0.619
  -1.359  -0.265   1.124  -1.002   1.178   1.272  -2.519   2.248   1.376  -2.305
   1.042   0.702  -3.445   0.822   2.300  -2.627
  -3.720   1.051   0.855  -2.739   1.231   1.268  -2.733   1.161   2.344  -2.413
   2.273   0.988  -1.779   0.209   0.701  -2.079  -0.498  -0.270  -0.580   0.186
   1.251  -0.412   0.930   1.913   0.635  -0.584   0.847   1.426  -0.159   1.461
   0.494  -2.071   1.274   1.477  -2.486   1.136  -0.200  -2.575   0.599   0.173
  -2.162   2.292   1.130  -0.361  -0.633   2.148  -0.948  -1.000   0.502   0.544
  -1.372  -0.394   0.830  -1.038   1.181   1.260  -2.471   2.253   1.356  -2.271
   1.049   0.708  -3.420   0.729   2.266  -2.591
  -3.758   1.055   0.807  -2.782   1.195   1.246  -2.820   1.069   2.311  -2.343
   2.119   1.007  -1.770   0.199   0.673  -2.090  -0.487  -0.295  -0.570   0.173
   1.238  -0.419   0.806   1.992   0.628  -0.589   0.855   1.420  -0.256   1.496
   0.478  -2.082   1.159   1.472  -2.534   1.089  -0.260  -2.576   0.509   0.136
  -2.231   2.191   1.147  -0.390  -0.586   2.167  -0.949  -0.908   0.487   0.518
  -1.340  -0.391   0.810  -1.008   1.058   1.226  -2.480   2.135   1.381  -2.168
   0.947   0.695  -3.407   0.635   2.215  -2.550
  -3.721   1.079   0.802  -2.763   1.199   1.268  -2.885   1.011   2.321  -2.380
   2.190   1.132  -1.801   0.174   0.697  -2.116  -0.506  -0.262  -0.582   0.178
   1.274  -0.394   0.875   1.947   0.553  -0.669   0.862   1.351  -0.401   1.572
   0.360  -2.128   1.157   1.325  -2.644   0.974  -0.448  -2.595   0.601   0.135
  -2.223   2.250   1.134  -0.355  -0.599   2.159  -0.944  -0.966   0.493   0.501
  -1.420  -0.384   0.833  -1.093   1.053   1.223  -2.549   2.118   1.504  -2.375
   0.983   0.633  -3.447   0.440   2.123  -2.733
  -3.666   1.192   0.632  -2.762   1.226   1.217  -2.970   1.003   2.257  -2.302
   2.204   1.193  -1.808   0.179   0.651  -2.132  -0.529  -0.299  -0.625   0.120
   1.270  -0.509   0.798   2.031   0.564  -0.629   0.881   1.396  -0.282   1.516
   0.367  -2.115   1.253   1.276  -2.592   1.074  -0.414  -2.536   0.603   0.128
  -2.208   2.327   1.105  -0.345  -0.590   2.164  -0.902  -0.990   0.530   0.596
  -1.357  -0.342   0.986  -1.023   1.046   1.190  -2.588   2.095   1.579  -2.473
   1.047   0.458  -3.414   0.450   2.076  -2.887
  -3.711   1.157   0.694  -2.735   1.220   1.233  -2.898   1.052   2.342  -2.311
   2.203   1.060  -1.804   0.178   0.690  -2.091  -0.507  -0.291  -0.609   0.150
   1.284  -0.478   0.730   2.132   0.554  -0.623   0.855   1.361  -0.329   1.543
   0.341  -2.090   1.234   1.234  -2.660   1.127  -0.491  -2.464   0.599   0.025
  -2.204   2.287   1.131  -0.392  -0.581   2.191  -0.950  -0.939   0.556   0.557
  -1.349  -0.330   0.867  -1.000   1.032   1.149  -2.614   1.990   1.635  -2.412
   1.071   0.393  -3.421   0.348   1.936  -2.923
  -3.743   1.089   0.927  -2.728   1.302   1.279  -2.726   1.283   2.363  -2.505
   2.289   0.915  -1.749   0.274   0.691  -2.104  -0.465  -0.248  -0.531   0.287
   1.214  -0.418   0.812   2.044   0.608  -0.566   0.829   1.429  -0.235   1.506
   0.320  -2.009   1.243   1.258  -2.536   1.077  -0.360  -2.407   0.543   0.004
  -2.094   2.247   1.190  -0.345  -0.607   2.266  -0.915  -0.997   0.575   0.602
  -1.342  -0.217   0.984  -0.860   1.024   1.187  -2.613   2.006   1.673  -2.466
   1.194   0.502  -3.450   0.250   1.926  -2.939
  -3.720   0.953   0.748  -2.754   1.208   1.205  -2.832   1.189   2.297  -2.397
   2.187   0.892  -1.747   0.233   0.668  -2.091  -0.487  -0.282  -0.531   0.249
   1.232  -0.377   0.891   2.014   0.640  -0.557   0.820   1.466  -0.258   1.432
   0.361  -2.076   1.132   1.272  -2.752   1.050  -0.449  -2.427   0.507  -0.003
  -2.113   2.182   1.150  -0.319  -0.635   2.166  -0.888  -1.027   0.576   0.630
  -1.378  -0.225   1.054  -0.957   1.019   1.178  -2.651   1.951   1.636  -2.540
   1.029   0.424  -3.364   0.333   1.972  -2.984
  -3.684   1.101   0.646  -2.743   1.304   1.217  -2.868   1.279   2.331  -2.379
   2.279   0.933  -1.751   0.246   0.678  -2.087  -0.557  -0.213  -0.517   0.182
   1.245  -0.332   0.774   2.096   0.673  -0.615   0.813   1.506  -0.362   1.457
   0.478  -2.130   1.101   1.308  -2.753   0.805  -0.389  -2.474   0.547   0.394
  -2.141   2.229   1.197  -0.316  -0.628   2.081  -0.983  -1.086   0.540   0.614
  -1.368  -0.238   1.098  -0.930   1.053   1.175  -2.633   1.959   1.720  -2.512
   1.168   0.361  -3.357   0.268   1.838  -2.997
  -3.686   1.134   0.780  -2.697   1.252   1.243  -2.685   1.139   2.334  -2.279
   2.229   0.935  -1.742   0.215   0.713  -2.110  -0.582  -0.138  -0.511   0.220
   1.209  -0.440   0.903   1.973   0.682  -0.527   0.797   1.472  -0.241   1.432
   0.457  -2.022   1.066   1.313  -2.594   0.721  -0.430  -2.392   0.539   0.278
  -2.179   2.148   1.178  -0.310  -0.643   2.116  -0.980  -1.093   0.609   0.640
  -1.376  -0.135   1.072  -0.913   1.024   1.209  -2.656   1.955   1.767  -2.590
   1.175   0.395  -3.360   0.230   1.807  -3.129
  -3.677   1.181   0.729  -2.741   1.228   1.322  -2.934   1.029   2.419  -2.388
   2.260   1.230  -1.748   0.264   0.727  -2.126  -0.501  -0.180  -0.520   0.219
   1.228  -0.272   0.857   1.945   0.625  -0.551   0.778   1.399  -0.152   1.434
   0.435  -2.058   1.137   1.284  -2.632   0.869  -0.509  -2.429   0.679   0.293
  -2.092   2.211   1.168  -0.337  -0.668   2.159  -0.946  -1.060   0.565   0.639
  -1.370  -0.256   0.987  -0.946   1.037   1.228  -2.634   1.712   2.073  -2.433
   1.481   0.495  -3.237   0.192   1.658  -3.220
  -3.637   1.140   0.801  -2.694   1.192   1.333  -2.843   0.947   2.358  -2.307
   2.174   1.245  -1.722   0.229   0.717  -2.086  -0.557  -0.183  -0.480   0.235
   1.200  -0.357   0.890   1.986   0.656  -0.585   0.763   1.485  -0.219   1.367
   0.458  -2.090   1.138   1.400  -2.610   0.916  -0.354  -2.549   0.554   0.148
  -2.125   2.185   1.197  -0.361  -0.653   2.234  -0.893  -1.068   0.589   0.602
  -1.339  -0.263   0.941  -1.019   1.046   1.187  -2.600   2.010   1.706  -2.461
   1.259   0.292  -3.236   0.276   1.838  -3.101
  -3.608   1.274   0.708  -2.709   1.204   1.296  -2.956   0.823   2.301  -2.312
   2.181   1.392  -1.745   0.194   0.681  -2.184  -0.550  -0.190  -0.485   0.257
   1.185  -0.285   0.941   1.896   0.646  -0.599   0.752   1.503  -0.284   1.383
   0.400  -2.113   1.073   1.297  -2.674   0.968  -0.445  -2.583   0.575   0.163
  -2.185   2.156   1.155  -0.387  -0.701   2.224  -0.927  -1.062   0.607   0.630
  -1.365  -0.238   1.044  -0.964   1.105   1.208  -2.586   2.003   1.692  -2.374
   1.261   0.387  -3.311   0.407   1.920  -3.005
  -3.647   1.185   0.775  -2.737   1.202   1.367  -2.958   0.920   2.397  -2.225
   2.165   1.346  -1.782   0.203   0.760  -2.172  -0.498  -0.160  -0.517   0.234
   1.158  -0.317   0.984   1.838   0.648  -0.555   0.737   1.421  -0.176   1.392
   0.423  -2.032   1.167   1.297  -2.582   0.840  -0.494  -2.510   0.759   0.350
  -2.114   2.264   1.198  -0.350  -0.683   2.175  -0.988  -1.090   0.652   0.661
  -1.392  -0.091   1.105  -0.898   1.093   1.187  -2.685   1.885   1.877  -2.436
   1.425   0.397  -3.383   0.272   1.721  -3.146
  -3.708   1.223   0.852  -2.718   1.246   1.345  -2.904   1.088   2.435  -2.355
   2.226   1.311  -1.740   0.237   0.706  -2.129  -0.516  -0.233  -0.504   0.248
   1.185  -0.342   0.975   1.899   0.639  -0.609   0.757   1.421  -0.282   1.422
   0.368  -2.094   1.120   1.240  -2.806   0.998  -0.505  -2.513   0.608   0.014
  -2.099   2.181   1.204  -0.318  -0.659   2.131  -0.995  -1.113   0.591   0.670
  -1.356  -0.163   1.156  -0.843   0.998   1.186  -2.682   1.770   1.944  -2.589
   1.347   0.302  -3.204   0.158   1.614  -3.210
  -3.742   1.150   0.714  -2.839   1.208   1.306  -3.012   0.826   2.311  -2.444
   2.241   1.342  -1.800   0.282   0.668  -2.104  -0.492  -0.223  -0.605   0.213
   1.270  -0.480   0.823   2.047   0.601  -0.570   0.836   1.454  -0.305   1.486
   0.386  -2.088   1.143   1.293  -2.705   0.948  -0.362  -2.474   0.392  -0.022
  -2.290   2.134   1.104  -0.323  -0.622   2.042  -0.977  -1.059   0.546   0.646
  -1.359  -0.130   1.248  -0.923   1.010   1.160  -2.620   1.843   1.854  -2.546
   1.316   0.358  -3.292   0.183   1.622  -3.135
  -3.735   1.166   0.829  -2.778   1.197   1.359  -2.964   0.957   2.420  -2.338
   2.200   1.350  -1.770   0.241   0.702  -2.082  -0.463  -0.277  -0.551   0.236
   1.247  -0.419   0.869   2.016   0.623  -0.575   0.831   1.458  -0.284   1.510
   0.404  -2.076   1.040   1.313  -2.680   0.979  -0.381  -2.474   0.395   0.064
  -2.226   2.079   1.151  -0.286  -0.614   2.046  -0.987  -1.073   0.598   0.678
  -1.357  -0.047   1.264  -0.874   1.002   1.165  -2.677   1.872   1.861  -2.516
   1.374   0.372  -3.362   0.210   1.594  -3.251
  -3.738   1.061   0.923  -2.742   1.213   1.369  -2.671   1.113   2.457  -2.396
   2.185   1.092  -1.818   0.209   0.742  -2.144  -0.414  -0.288  -0.639   0.154
   1.341  -0.523   0.868   2.076   0.573  -0.566   0.847   1.356  -0.115   1.443
   0.456  -2.072   1.116   1.496  -2.443   0.903  -0.214  -2.524   0.389   0.083
  -2.194   2.144   1.067  -0.278  -0.537   2.036  -0.913  -0.959   0.536   0.703
  -1.303  -0.221   1.194  -0.870   1.033   1.164  -2.620   1.780   1.939  -2.330
   1.334   0.333  -3.268   0.197   1.659  -3.112
  -3.838   1.079   0.968  -2.839   1.239   1.363  -2.922   1.103   2.461  -2.487
   2.236   1.103  -1.827   0.244   0.754  -2.150  -0.424  -0.252  -0.663   0.182
   1.327  -0.518   0.574   2.271   0.582  -0.577   0.839   1.395  -0.319   1.527
   0.397  -2.071   1.082   1.350  -2.584   1.028  -0.289  -2.524   0.327   0.076
  -2.179   2.179   1.129  -0.272  -0.561   2.046  -0.964  -0.960   0.644   0.793
  -1.282  -0.007   1.427  -0.795   1.146   1.197  -2.583   1.993   1.899  -2.489
   1.552   0.305  -3.115   0.308   1.604  -3.092
  -3.855   0.854   1.159  -2.850   1.203   1.366  -2.818   1.227   2.481  -2.623
   2.192   1.062  -1.803   0.248   0.764  -2.076  -0.431  -0.178  -0.607   0.180
   1.336  -0.528   0.814   2.118   0.542  -0.623   0.881   1.355  -0.360   1.578
   0.328  -2.114   1.097   1.267  -2.646   0.995  -0.406  -2.481   0.344  -0.033
  -2.242   2.120   1.103  -0.318  -0.548   2.090  -0.897  -0.962   0.579   0.710
  -1.240  -0.196   1.202  -0.746   1.084   1.257  -2.504   1.855   2.034  -2.360
   1.373   0.479  -3.197   0.262   1.786  -3.009
  -3.862   0.996   0.889  -2.847   1.146   1.329  -2.957   0.892   2.375  -2.482
   2.170   1.368  -1.865   0.208   0.738  -2.156  -0.449  -0.251  -0.622   0.096
   1.351  -0.451   0.740   2.167   0.586  -0.655   0.905   1.320  -0.313   1.612
   0.282  -2.099   1.108   1.158  -2.672   0.984  -0.387  -2.437   0.288  -0.045
  -2.336   2.145   1.107  -0.291  -0.518   2.035  -0.946  -0.996   0.569   0.771
  -1.148  -0.151   1.252  -0.704   0.956   1.237  -2.447   1.788   1.907  -2.360
   1.339   0.362  -3.019   0.187   1.712  -3.071
  -3.868   1.017   0.994  -2.868   1.131   1.482  -3.025   0.910   2.583  -2.455
   2.190   1.391  -1.917   0.160   0.813  -2.161  -0.471  -0.246  -0.636   0.196
   1.269  -0.499   0.846   2.026   0.561  -0.634   0.895   1.324  -0.302   1.603
   0.275  -2.113   1.112   1.165  -2.702   0.967  -0.462  -2.493   0.393  -0.071
  -2.341   2.100   1.178  -0.302  -0.499   2.037  -1.018  -1.011   0.600   0.743
  -1.165  -0.136   1.226  -0.667   0.897   1.244  -2.513   1.747   1.945  -2.521
   1.203   0.353  -3.066   0.017   1.701  -2.961
  -3.713   1.159   0.865  -2.851   1.192   1.454  -3.115   0.751   2.420  -2.475
   2.206   1.429  -1.848   0.258   0.769  -2.224  -0.400  -0.169  -0.598   0.200
   1.276  -0.471   0.846   2.025   0.602  -0.588   0.836   1.343  -0.327   1.577
   0.288  -2.080   1.078   1.193  -2.751   0.956  -0.523  -2.417   0.444   0.030
  -2.169   2.108   1.150  -0.243  -0.587   2.108  -0.901  -1.053   0.547   0.693
  -1.251  -0.223   1.174  -0.815   0.896   1.266  -2.521   1.651   2.046  -2.410
   1.249   0.550  -3.242  -0.037   1.712  -2.926
  -3.796   1.070   0.938  -2.839   1.154   1.416  -2.981   0.908   2.487  -2.615
   2.230   1.446  -1.809   0.255   0.812  -2.221  -0.467  -0.066  -0.600   0.173
   1.303  -0.428   0.773   2.119   0.554  -0.600   0.789   1.387  -0.337   1.447
   0.317  -2.079   1.089   1.246  -2.617   1.007  -0.468  -2.426   0.397  -0.070
  -2.108   2.107   1.122  -0.258  -0.661   2.161  -0.834  -1.110   0.487   0.643
  -1.331  -0.393   1.031  -0.842   0.844   1.230  -2.644   1.165   2.285  -2.465
   1.674   0.636  -3.061  -0.064   1.115  -3.308
  -3.704   1.222   1.007  -2.765   1.244   1.511  -2.907   0.816   2.473  -2.265
   2.220   1.435  -1.841   0.231   0.847  -2.239  -0.520  -0.007  -0.556   0.161
   1.311  -0.344   0.831   2.008   0.526  -0.657   0.772   1.368  -0.408   1.418
   0.258  -2.120   1.033   1.224  -2.720   0.896  -0.537  -2.460   0.423  -0.082
  -2.254   2.077   1.118  -0.264  -0.633   2.153  -0.793  -1.049   0.507   0.711
  -1.347  -0.295   1.180  -0.853   0.879   1.208  -2.662   1.153   2.257  -2.618
   1.628   0.574  -3.135   0.028   1.250  -3.301
  -3.739   1.120   1.202  -2.745   1.173   1.562  -2.704   0.881   2.610  -2.297
   2.149   1.456  -1.886   0.143   0.855  -2.286  -0.513  -0.146  -0.595   0.207
   1.242  -0.389   0.901   1.901   0.546  -0.581   0.767   1.433  -0.445   1.465
   0.229  -2.053   0.917   1.139  -2.591   0.728  -0.537  -2.391   0.130  -0.115
  -2.289   1.921   1.111  -0.216  -0.665   2.231  -0.730  -1.001   0.453   0.694
  -1.365  -0.433   1.034  -0.958   0.860   1.273  -2.685   1.419   2.233  -2.527
   1.532   0.612  -3.143  -0.080   1.433  -3.265
  -3.796   0.876   0.975  -2.840   1.121   1.419  -2.896   0.960   2.508  -2.537
   2.141   1.219  -1.882   0.152   0.777  -2.241  -0.618  -0.124  -0.608   0.201
   1.257  -0.489   0.801   2.079   0.590  -0.562   0.800   1.390  -0.366   1.438
   0.305  -2.032   0.939   1.235  -2.622   0.758  -0.398  -2.417   0.234  -0.150
  -2.304   1.894   1.144  -0.258  -0.626   2.242  -0.759  -0.965   0.542   0.678
  -1.371  -0.256   1.141  -0.927   1.021   1.263  -2.637   1.685   2.112  -2.450
   1.583   0.639  -3.293   0.175   1.501  -3.213
  -3.875   1.166   1.006  -2.894   1.204   1.399  -2.886   1.153   2.476  -2.718
   2.248   1.211  -1.893   0.293   0.782  -2.304  -0.449  -0.067  -0.622   0.158
   1.275  -0.483   0.687   2.123   0.518  -0.566   0.772   1.259  -0.322   1.503
   0.293  -2.006   0.946   1.251  -2.496   0.732  -0.454  -2.367   0.255  -0.094
  -2.235   1.982   1.175  -0.264  -0.606   2.280  -0.716  -0.941   0.419   0.499
  -1.445  -0.483   0.823  -1.121   1.061   1.180  -2.680   1.659   1.987  -2.273
   1.667   0.418  -3.201   0.361   1.610  -3.347
  -3.803   1.186   0.943  -2.823   1.226   1.463  -2.905   0.960   2.499  -2.456
   2.251   1.460  -1.879   0.197   0.792  -2.237  -0.507  -0.142  -0.646   0.205
   1.280  -0.381   0.979   1.848   0.499  -0.594   0.810   1.338  -0.355   1.467
   0.232  -2.083   0.949   1.201  -2.662   0.903  -0.558  -2.377   0.215  -0.081
  -2.297   1.956   1.080  -0.270  -0.574   2.199  -0.679  -0.897   0.408   0.545
  -1.403  -0.529   0.854  -1.182   0.985   1.096  -2.623   1.615   1.957  -2.457
   1.643   0.296  -3.057   0.227   1.339  -3.340
  -3.756   1.017   0.964  -2.813   1.155   1.473  -2.813   0.877   2.531  -2.351
   2.141   1.427  -1.830   0.227   0.731  -2.193  -0.426  -0.244  -0.636   0.230
   1.290  -0.504   0.883   2.061   0.556  -0.546   0.841   1.325  -0.257   1.516
   0.208  -2.058   1.079   1.063  -2.711   0.864  -0.587  -2.371   0.360  -0.086
  -2.260   2.121   1.108  -0.255  -0.572   2.191  -0.761  -0.930   0.449   0.613
  -1.352  -0.510   0.856  -1.076   0.881   1.067  -2.662   1.633   1.802  -2.498
   1.427   0.328  -3.239   0.006   1.412  -3.191
  -3.709   0.956   0.826  -2.795   1.203   1.386  -2.900   0.869   2.448  -2.444
   2.221   1.327  -1.801   0.302   0.742  -2.097  -0.338  -0.224  -0.579   0.268
   1.280  -0.341   0.925   2.004   0.538  -0.581   0.797   1.367  -0.402   1.511
   0.189  -2.074   1.069   1.044  -2.735   0.978  -0.464  -2.440   0.276  -0.251
  -2.142   2.070   1.140  -0.250  -0.568   2.202  -0.771  -0.983   0.471   0.610
  -1.314  -0.409   0.955  -0.897   0.941   1.123  -2.569   1.742   1.905  -2.392
   1.207   0.375  -3.274   0.099   1.756  -3.018
  -3.787   1.054   0.989  -2.754   1.286   1.395  -2.754   0.998   2.402  -2.475
   2.310   1.336  -1.752   0.406   0.715  -2.058  -0.288  -0.234  -0.515   0.266
   1.273  -0.308   0.779   2.107   0.571  -0.576   0.798   1.391  -0.374   1.458
   0.195  -2.056   1.016   1.088  -2.619   1.105  -0.335  -2.430   0.186  -0.438
  -2.089   1.924   1.201  -0.220  -0.605   2.272  -0.757  -0.927   0.471   0.515
  -1.385  -0.438   0.796  -1.050   0.993   1.145  -2.599   1.797   1.864  -2.477
   1.266   0.288  -3.283   0.218   1.671  -3.134
  -3.795   1.174   1.171  -2.747   1.256   1.516  -2.715   0.789   2.559  -2.394
   2.296   1.493  -1.775   0.393   0.734  -2.101  -0.221  -0.293  -0.576   0.259
   1.285  -0.373   0.880   2.057   0.551  -0.518   0.826   1.284  -0.378   1.544
   0.246  -1.991   0.947   1.169  -2.565   0.851  -0.522  -2.381   0.202  -0.177
  -2.168   1.906   1.120  -0.247  -0.611   2.228  -0.776  -0.922   0.430   0.558
  -1.438  -0.494   0.835  -1.165   0.998   1.145  -2.659   1.768   1.855  -2.322
   1.437   0.352  -3.291   0.238   1.680  -3.163
  -3.691   1.243   0.864  -2.777   1.223   1.465  -3.018   0.856   2.426  -2.440
   2.261   1.627  -1.746   0.391   0.764  -2.132  -0.267  -0.185  -0.527   0.398
   1.280  -0.319   0.951   2.083   0.569  -0.530   0.816   1.414  -0.296   1.471
   0.241  -1.991   1.107   1.024  -2.668   0.802  -0.699  -2.319   0.599   0.136
  -2.073   2.177   1.144  -0.269  -0.584   2.200  -0.700  -0.947   0.460   0.602
  -1.330  -0.523   0.750  -1.053   0.931   1.093  -2.596   1.785   1.778  -2.483
   1.281   0.256  -3.170   0.121   1.556  -3.160
  -3.638   1.700   0.972  -2.786   1.300   1.509  -3.058   0.782   2.467  -2.293
   2.240   1.860  -1.815   0.461   0.735  -2.257  -0.175  -0.219  -0.588   0.368
   1.262  -0.393   0.984   1.998   0.495  -0.520   0.810   1.390  -0.268   1.412
   0.233  -1.997   1.075   1.060  -2.610   0.706  -0.650  -2.367   0.585   0.082
  -2.209   2.164   1.078  -0.156  -0.578   2.175  -0.610  -0.953   0.368   0.659
  -1.355  -0.598   0.846  -1.136   0.968   1.140  -2.608   1.809   1.755  -2.331
   1.416   0.307  -3.167   0.272   1.601  -3.283
  -3.564   1.609   0.602  -2.902   1.332   1.413  -3.469   0.771   2.150  -2.276
   2.168   1.778  -1.952   0.374   0.817  -2.333  -0.217  -0.155  -0.677   0.332
   1.248  -0.513   0.716   2.109   0.442  -0.485   0.803   1.266  -0.251   1.548
   0.129  -2.023   1.050   0.992  -2.563   0.782  -0.641  -2.384   0.442  -0.037
  -2.231   2.103   1.070  -0.168  -0.551   2.209  -0.618  -0.857   0.443   0.643
  -1.413  -0.424   1.103  -1.137   1.043   1.180  -2.666   1.788   1.885  -2.496
   1.579   0.320  -3.181   0.244   1.620  -3.259
  -3.618   1.740   0.788  -2.902   1.335   1.510  -3.387   0.719   2.306  -2.406
   2.203   1.933  -1.876   0.445   0.811  -2.257  -0.163  -0.208  -0.632   0.305
   1.350  -0.395   0.861   2.112   0.386  -0.577   0.845   1.124  -0.476   1.598
  -0.088  -1.990   0.970   0.699  -2.727   0.921  -0.744  -2.277   0.093  -0.656
  -2.176   1.898   1.077  -0.217  -0.492   2.188  -0.778  -0.750   0.446   0.608
  -1.384  -0.543   0.789  -1.204   0.991   1.175  -2.682   1.868   1.727  -2.430
   1.342   0.356  -3.303   0.296   1.790  -3.230
  -3.576   1.758   0.755  -2.907   1.301   1.482  -3.552   0.830   2.234  -2.327
   2.108   1.976  -1.911   0.359   0.811  -2.271  -0.284  -0.174  -0.634   0.303
   1.289  -0.351   0.842   2.115   0.446  -0.553   0.870   1.214  -0.416   1.663
  -0.026  -2.050   0.897   0.808  -2.719   0.833  -0.666  -2.236   0.060  -0.501
  -2.238   1.864   1.068  -0.214  -0.512   2.152  -0.732  -0.786   0.389   0.536
  -1.415  -0.589   0.788  -1.240   1.112   1.093  -2.646   2.008   1.624  -2.388
   1.426   0.358  -3.298   0.480   1.813  -3.173
  -3.741   1.569   0.731  -2.967   1.358   1.478  -3.399   0.812   2.350  -2.495
   2.319   1.765  -1.932   0.488   0.776  -2.280  -0.097  -0.226  -0.728   0.310
   1.313  -0.521   0.795   2.165   0.406  -0.522   0.902   1.270  -0.508   1.620
  -0.084  -2.000   0.934   0.784  -2.623   0.724  -0.772  -2.221   0.117  -0.562
  -2.283   1.902   1.106  -0.289  -0.524   2.204  -0.775  -0.752   0.540   0.568
  -1.395  -0.422   0.799  -1.149   1.074   1.081  -2.644   1.986   1.649  -2.332
   1.337   0.342  -3.361   0.426   1.775  -3.120
  -3.593   1.819   0.634  -2.938   1.385   1.364  -3.425   0.802   2.172  -2.426
   2.209   1.866  -1.901   0.496   0.732  -2.187  -0.089  -0.306  -0.711   0.308
   1.371  -0.548   0.893   2.218   0.405  -0.585   0.908   1.147  -0.429   1.711
  -0.039  -2.095   0.923   0.883  -2.735   0.872  -0.805  -2.253   0.236  -0.551
  -2.294   1.890   1.068  -0.226  -0.439   2.163  -0.718  -0.677   0.495   0.622
  -1.259  -0.498   0.767  -1.125   1.070   1.120  -2.494   1.900   1.827  -2.215
   1.373   0.283  -3.142   0.256   1.691  -2.989
  -3.713   1.718   0.551  -2.955   1.389   1.299  -3.467   0.853   2.137  -2.509
   2.249   1.781  -1.871   0.489   0.744  -2.072   0.045  -0.390  -0.714   0.315
   1.406  -0.651   0.786   2.260   0.383  -0.539   0.932   1.160  -0.483   1.698
  -0.060  -1.990   1.021   0.764  -2.596   0.798  -0.888  -2.297   0.386  -0.423
  -2.128   2.043   1.124  -0.214  -0.431   2.256  -0.623  -0.575   0.574   0.706
  -1.265  -0.431   0.866  -1.113   1.020   1.077  -2.612   1.860   1.731  -2.652
   1.169   0.248  -3.280   0.325   1.780  -3.016
  -3.755   1.458   0.638  -2.874   1.444   1.308  -3.209   0.904   2.235  -2.360
   2.371   1.389  -1.896   0.507   0.678  -2.071   0.031  -0.405  -0.745   0.239
   1.404  -0.565   0.933   2.122   0.350  -0.536   0.917   1.137  -0.384   1.645
  -0.144  -2.050   1.005   0.755  -2.692   0.916  -0.919  -2.290   0.236  -0.661
  -2.154   1.955   1.098  -0.239  -0.436   2.234  -0.743  -0.518   0.583   0.752
  -1.265  -0.353   0.910  -0.967   1.045   0.976  -2.628   1.935   1.521  -2.643
   1.258  -0.004  -3.102   0.283   1.482  -3.304
  -3.887   1.487   0.870  -2.980   1.310   1.419  -3.258   0.761   2.250  -2.606
   2.223   1.648  -1.939   0.479   0.720  -2.161   0.024  -0.385  -0.757   0.282
   1.329  -0.702   0.869   2.123   0.341  -0.550   0.908   1.061  -0.443   1.696
  -0.009  -2.102   1.056   0.893  -2.776   0.857  -0.768  -2.302   0.293  -0.365
  -2.254   2.095   1.144  -0.224  -0.423   2.199  -0.754  -0.655   0.632   0.753
  -1.212  -0.264   1.169  -0.961   1.035   0.958  -2.575   1.958   1.639  -2.616
   1.446   0.014  -2.947   0.223   1.293  -3.227
  -3.737   1.589   0.709  -2.958   1.326   1.480  -3.361   0.631   2.265  -2.452
   2.234   1.793  -1.872   0.491   0.676  -2.062   0.068  -0.491  -0.740   0.320
   1.361  -0.774   0.667   2.326   0.495  -0.507   0.955   1.237  -0.404   1.735
   0.018  -1.965   1.070   0.914  -2.557   0.889  -0.722  -2.117   0.279  -0.466
  -2.252   2.002   1.202  -0.187  -0.367   2.229  -0.799  -0.626   0.682   0.670
  -1.207  -0.016   1.261  -0.816   1.134   0.815  -2.613   1.654   1.761  -2.718
   1.784  -0.014  -2.932   0.189   0.817  -3.289
  -3.783   1.448   0.782  -2.915   1.312   1.479  -3.239   0.809   2.388  -2.626
   2.303   1.737  -1.857   0.564   0.631  -2.093   0.175  -0.517  -0.775   0.352
   1.376  -0.732   0.722   2.305   0.400  -0.528   0.994   1.157  -0.417   1.799
  -0.064  -1.945   0.928   0.803  -2.571   0.838  -0.678  -2.135   0.028  -0.578
  -2.222   1.823   1.150  -0.214  -0.330   2.175  -0.860  -0.570   0.713   0.716
  -1.177  -0.150   1.163  -0.931   1.130   0.871  -2.558   1.727   1.780  -2.714
   1.638  -0.084  -2.864   0.240   0.900  -3.244
  -3.864   1.449   1.007  -2.978   1.354   1.463  -3.163   0.803   2.415  -2.592
   2.383   1.526  -1.922   0.544   0.728  -2.186   0.097  -0.337  -0.810   0.345
   1.346  -0.661   0.793   2.249   0.333  -0.544   0.960   1.063  -0.360   1.764
  -0.093  -2.052   0.974   0.762  -2.650   0.640  -0.865  -2.186   0.188  -0.502
  -2.333   1.973   1.118  -0.188  -0.361   2.162  -0.796  -0.598   0.631   0.679
  -1.256  -0.285   1.043  -0.916   1.088   0.832  -2.635   1.192   1.883  -2.832
   2.049   0.400  -2.880   0.367   0.415  -3.320
  -3.908   1.448   0.971  -3.005   1.203   1.560  -3.236   0.488   2.357  -2.740
   2.221   1.900  -1.934   0.487   0.735  -2.150   0.048  -0.358  -0.767   0.259
   1.321  -0.654   0.639   2.258   0.407  -0.595   0.861   1.145  -0.401   1.655
  -0.066  -2.030   1.086   0.712  -2.765   0.799  -1.005  -2.234   0.499  -0.353
  -2.174   2.125   1.133  -0.347  -0.451   2.226  -0.846  -0.730   0.577   0.515
  -1.292  -0.354   0.912  -1.050   1.161   0.878  -2.543   1.723   1.786  -2.399
   1.788   0.024  -2.923   0.433   1.019  -3.361
  -3.784   1.557   0.763  -2.992   1.227   1.465  -3.400   0.563   2.243  -2.528
   2.098   1.930  -1.934   0.511   0.709  -2.191   0.144  -0.419  -0.777   0.311
   1.340  -0.756   0.718   2.247   0.396  -0.567   0.910   1.139  -0.481   1.776
  -0.076  -2.037   1.058   0.784  -2.679   0.884  -0.893  -2.248   0.326  -0.304
  -2.297   2.060   1.161  -0.302  -0.422   2.230  -0.865  -0.664   0.610   0.478
  -1.322  -0.304   0.827  -1.047   1.186   0.875  -2.622   1.637   1.862  -2.583
   1.995   0.125  -2.816   0.367   0.741  -3.361
  -3.817   1.369   1.051  -2.875   1.134   1.565  -3.036   0.397   2.391  -2.520
   2.119   1.869  -1.867   0.425   0.670  -2.203   0.124  -0.482  -0.699   0.243
   1.297  -0.680   0.507   2.283   0.408  -0.622   0.965   1.230  -0.558   1.750
  -0.051  -2.077   1.004   0.789  -2.659   0.645  -0.909  -2.344   0.392  -0.415
  -2.389   2.012   1.084  -0.305  -0.422   2.197  -0.745  -0.586   0.511   0.385
  -1.341  -0.414   0.779  -1.104   1.238   0.826  -2.528   1.780   1.722  -2.279
   1.827   0.054  -2.815   0.473   1.097  -3.300
  -3.942   1.228   1.048  -2.971   1.187   1.571  -3.148   0.685   2.462  -2.586
   2.116   1.899  -1.931   0.525   0.768  -2.131   0.171  -0.408  -0.769   0.232
   1.378  -0.613   0.606   2.331   0.341  -0.563   0.988   1.140  -0.347   1.702
   0.006  -2.044   0.942   0.944  -2.586   0.861  -0.698  -2.197   0.092  -0.458
  -2.420   1.892   1.116  -0.213  -0.365   2.257  -0.631  -0.546   0.478   0.451
  -1.314  -0.512   0.860  -1.236   1.246   0.889  -2.551   2.082   1.543  -2.242
   1.566  -0.008  -3.079   0.508   1.504  -3.148
  -3.795   1.313   0.923  -2.936   1.164   1.631  -3.223   0.576   2.528  -2.627
   2.213   1.885  -1.870   0.465   0.816  -2.093   0.177  -0.308  -0.721   0.275
   1.461  -0.719   0.586   2.413   0.450  -0.572   1.006   1.092  -0.495   1.855
   0.015  -1.962   0.998   0.751  -2.651   0.638  -0.768  -2.015   0.159  -0.404
  -2.316   1.998   1.175  -0.201  -0.365   2.344  -0.590  -0.593   0.486   0.561
  -1.244  -0.503   0.600  -1.195   1.128   0.978  -2.426   1.809   1.833  -2.249
   1.684   0.144  -2.832   0.328   1.365  -3.093
  -3.784   1.464   1.037  -2.944   1.156   1.607  -3.379   0.417   2.287  -2.595
   2.055   2.133  -1.816   0.492   0.754  -2.112   0.222  -0.387  -0.676   0.287
   1.357  -0.671   0.447   2.369   0.476  -0.528   0.940   1.287  -0.383   1.656
   0.031  -1.999   0.914   0.806  -2.741   0.789  -0.757  -2.203   0.173  -0.363
  -2.256   1.893   1.215  -0.179  -0.375   2.368  -0.675  -0.570   0.666   0.736
  -1.170  -0.324   0.874  -1.017   1.145   0.976  -2.540   2.045   1.508  -2.590
   1.336   0.001  -3.015   0.322   1.522  -3.023
  -3.398   1.661   0.842  -2.767   1.212   1.616  -3.448   0.488   2.177  -2.364
   1.933   2.212  -1.735   0.537   0.791  -2.015   0.265  -0.389  -0.598   0.341
   1.403  -0.536   0.823   2.288   0.498  -0.471   0.927   1.332  -0.392   1.626
   0.002  -1.925   0.932   0.810  -2.511   0.571  -0.907  -2.052   0.367  -0.266
  -2.276   1.932   1.250  -0.151  -0.375   2.360  -0.775  -0.557   0.662   0.667
  -1.286  -0.153   1.161  -0.963   1.305   1.123  -2.520   2.101   1.817  -2.329
   1.717   0.311  -3.061   0.500   1.612  -3.164
  -3.494   1.672   0.975  -2.760   1.197   1.635  -3.133   0.323   2.123  -2.225
   1.939   2.322  -1.695   0.629   0.713  -1.977   0.170  -0.304  -0.561   0.398
   1.386  -0.452   0.864   2.246   0.542  -0.467   0.917   1.373  -0.287   1.577
   0.192  -1.942   0.995   1.022  -2.593   0.779  -0.608  -2.217   0.217  -0.172
  -2.186   2.025   1.261  -0.111  -0.377   2.313  -0.726  -0.727   0.689   0.751
  -1.240  -0.301   1.009  -1.063   1.285   1.091  -2.536   2.052   1.818  -2.514
   1.766   0.196  -2.903   0.496   1.430  -3.277
  -3.560   1.634   1.349  -2.693   1.153   1.788  -3.001   0.349   2.448  -2.229
   1.954   2.388  -1.700   0.558   0.807  -1.910   0.318  -0.370  -0.540   0.326
   1.362  -0.524   0.538   2.354   0.560  -0.417   0.924   1.264  -0.234   1.763
   0.275  -1.936   1.027   1.057  -2.564   0.680  -0.602  -2.227   0.483   0.134
  -2.188   2.102   1.289  -0.043  -0.362   2.274  -0.715  -0.650   0.819   0.874
  -1.176  -0.085   1.304  -0.946   1.373   1.122  -2.573   1.818   2.113  -2.691
   1.797   0.253  -3.069   0.465   1.218  -3.196
  -3.541   1.588   0.998  -2.755   1.176   1.591  -3.248   0.601   2.405  -2.283
   2.005   2.088  -1.747   0.451   0.831  -1.994   0.289  -0.375  -0.570   0.290
   1.382  -0.433   0.887   2.251   0.639  -0.444   0.956   1.385  -0.236   1.721
   0.294  -1.932   1.104   1.077  -2.516   0.745  -0.603  -2.210   0.500   0.126
  -2.155   2.168   1.300  -0.041  -0.381   2.351  -0.699  -0.605   0.722   0.846
  -1.223  -0.268   1.058  -0.980   1.169   1.208  -2.566   1.709   2.179  -2.372
   1.965   0.556  -3.048   0.424   1.413  -3.297
  -3.460   1.821   1.012  -2.732   1.328   1.565  -3.226   0.580   2.154  -2.283
   2.049   2.216  -1.729   0.554   0.714  -1.955   0.173  -0.398  -0.619   0.331
   1.397  -0.646   0.631   2.380   0.590  -0.451   0.921   1.404  -0.159   1.676
   0.446  -1.925   1.208   1.357  -2.350   1.021  -0.442  -2.322   0.691   0.171
  -2.002   2.246   1.283  -0.095  -0.449   2.323  -0.719  -0.719   0.833   0.926
  -1.224   0.070   1.407  -0.875   1.352   1.362  -2.562   1.863   2.294  -2.369
   1.981   0.561  -2.952   0.532   1.600  -3.312
  -3.744   1.465   1.114  -2.800   1.270   1.609  -3.018   0.679   2.554  -2.406
   2.241   2.033  -1.721   0.488   0.771  -2.050   0.057  -0.336  -0.561   0.338
   1.322  -0.440   0.767   2.208   0.564  -0.410   0.907   1.349  -0.144   1.650
   0.360  -1.875   1.174   1.230  -2.439   0.996  -0.450  -2.459   0.778   0.323
  -1.863   2.244   1.295  -0.080  -0.417   2.336  -0.690  -0.702   0.819   0.837
  -1.201  -0.087   1.176  -1.071   1.429   1.233  -2.477   1.893   2.195  -2.434
   2.128   0.524  -2.899   0.619   1.447  -3.201
  -3.718   1.627   0.914  -2.811   1.270   1.491  -3.081   0.608   2.265  -2.426
   2.097   2.109  -1.724   0.510   0.657  -2.061   0.174  -0.484  -0.562   0.331
   1.317  -0.386   0.772   2.166   0.598  -0.484   0.951   1.365  -0.202   1.625
   0.300  -1.906   1.271   1.160  -2.514   0.903  -0.693  -2.189   0.882   0.257
  -1.967   2.381   1.330  -0.166  -0.413   2.337  -0.791  -0.692   0.822   0.788
  -1.194   0.003   1.246  -0.966   1.453   1.211  -2.441   2.172   2.058  -2.395
   1.992   0.379  -2.926   0.630   1.400  -3.122
  -3.669   1.527   0.592  -2.908   1.253   1.325  -3.311   0.579   2.099  -2.488
   2.144   1.803  -1.768   0.532   0.637  -1.986   0.117  -0.455  -0.648   0.332
   1.343  -0.690   0.722   2.276   0.594  -0.432   1.046   1.351  -0.214   1.848
   0.274  -1.911   1.297   1.173  -2.529   1.077  -0.507  -2.244   0.603  -0.137
  -2.103   2.292   1.214  -0.124  -0.363   2.251  -0.735  -0.715   0.701   0.763
  -1.184  -0.264   1.123  -1.121   1.441   1.265  -2.384   2.099   2.136  -2.238
   2.142   0.493  -2.806   0.759   1.590  -3.153
  -3.846   1.083   0.628  -2.980   1.166   1.276  -3.225   0.695   2.218  -2.749
   2.269   1.524  -1.785   0.488   0.572  -1.953   0.073  -0.536  -0.692   0.357
   1.315  -0.726   0.716   2.268   0.571  -0.433   1.024   1.263  -0.133   1.791
   0.263  -1.963   1.266   1.208  -2.465   1.122  -0.484  -2.426   0.551  -0.002
  -2.090   2.274   1.189  -0.072  -0.372   2.178  -0.747  -0.652   0.733   0.956
  -1.141  -0.107   1.452  -0.902   1.355   1.338  -2.431   1.870   2.257  -2.199
   2.065   0.496  -2.795   0.650   1.547  -3.206
  -3.734   1.285   0.388  -3.008   1.291   1.152  -3.339   0.598   1.951  -2.808
   2.282   1.561  -1.820   0.539   0.583  -1.862   0.080  -0.581  -0.740   0.284
   1.311  -0.864   0.688   2.242   0.503  -0.453   0.986   1.268  -0.236   1.712
   0.285  -1.978   1.134   1.315  -2.356   0.933  -0.456  -2.369   0.432  -0.041
  -2.157   2.128   1.199  -0.064  -0.380   2.180  -0.699  -0.724   0.768   0.919
  -1.110  -0.140   1.332  -0.685   1.297   1.486  -2.456   1.980   2.358  -2.328
   1.929   0.705  -2.954   0.408   1.653  -3.085
