default_name                                                                    
  -3.510   1.537   1.088  -3.075   0.541   0.997  -3.436   0.040   0.099  -3.337
  -0.045   1.873  -1.571   0.677   0.927  -1.044   1.791   0.934  -0.872  -0.451
   0.873  -1.383  -1.316   0.872   0.598  -0.517   0.841   0.981   0.256   1.507
   1.014  -1.871   1.425   2.104  -1.931   1.467   0.659  -2.685   0.799   0.623
  -1.984   2.439   1.233  -0.258  -0.554   2.461  -0.181  -0.674   0.420  -0.139
  -1.616  -0.577  -0.209  -1.450   0.856   0.100  -2.992   1.408   1.041  -3.056
   1.513  -0.718  -3.319  -0.010   0.154  -3.655
  -3.524   1.551   1.081  -3.078   0.549   1.001  -3.446   0.040   0.114  -3.343
  -0.039   1.891  -1.574   0.681   0.930  -1.050   1.795   0.952  -0.872  -0.456
   0.856  -1.355  -1.338   0.880   0.595  -0.517   0.831   1.001   0.260   1.493
   1.024  -1.868   1.428   2.115  -1.940   1.476   0.658  -2.658   0.769   0.615
  -2.002   2.438   1.226  -0.256  -0.558   2.457  -0.191  -0.681   0.400  -0.136
  -1.603  -0.589  -0.208  -1.422   0.848   0.104  -2.975   1.338   1.073  -3.028
   1.538  -0.695  -3.299  -0.008   0.108  -3.656
  -3.550   1.529   1.081  -3.080   0.553   1.005  -3.447   0.026   0.140  -3.348
  -0.007   1.902  -1.569   0.686   0.931  -1.060   1.799   0.928  -0.861  -0.447
   0.872  -1.386  -1.315   0.857   0.604  -0.513   0.846   0.990   0.272   1.521
   1.029  -1.864   1.441   2.118  -1.887   1.516   0.736  -2.698   0.806   0.599
  -1.985   2.436   1.229  -0.241  -0.554   2.455  -0.190  -0.674   0.395  -0.089
  -1.591  -0.600  -0.166  -1.405   0.839   0.114  -2.968   1.353   1.079  -3.059
   1.529  -0.687  -3.252  -0.011   0.092  -3.654
  -3.509   1.578   1.146  -3.071   0.579   1.014  -3.450   0.129   0.096  -3.346
  -0.031   1.869  -1.557   0.691   0.943  -1.030   1.809   0.929  -0.872  -0.448
   0.872  -1.367  -1.325   0.886   0.601  -0.514   0.858   0.980   0.261   1.532
   1.006  -1.885   1.416   2.089  -1.960   1.493   0.671  -2.682   0.777   0.572
  -2.009   2.402   1.224  -0.238  -0.536   2.459  -0.192  -0.662   0.403  -0.057
  -1.584  -0.583  -0.142  -1.414   0.841   0.139  -2.961   1.388   1.087  -3.056
   1.483  -0.665  -3.272  -0.026   0.158  -3.634
  -3.522   1.584   1.071  -3.084   0.580   1.002  -3.443   0.110   0.072  -3.348
  -0.022   1.885  -1.577   0.708   0.936  -1.048   1.814   0.937  -0.876  -0.427
   0.912  -1.400  -1.294   0.921   0.584  -0.518   0.878   0.968   0.230   1.570
   1.018  -1.899   1.397   2.090  -1.917   1.466   0.698  -2.711   0.736   0.584
  -2.079   2.379   1.216  -0.223  -0.513   2.448  -0.175  -0.644   0.396  -0.074
  -1.564  -0.603  -0.107  -1.394   0.832   0.163  -2.955   1.310   1.140  -3.020
   1.501  -0.628  -3.270  -0.021   0.139  -3.613
  -3.498   1.647   1.089  -3.068   0.650   1.019  -3.448   0.138   0.139  -3.359
   0.077   1.909  -1.565   0.734   0.927  -1.020   1.825   0.887  -0.883  -0.428
   0.922  -1.415  -1.298   0.965   0.583  -0.534   0.868   1.008   0.191   1.574
   0.999  -1.917   1.381   2.080  -1.946   1.434   0.633  -2.697   0.703   0.592
  -2.087   2.383   1.224  -0.212  -0.519   2.461  -0.169  -0.650   0.394  -0.069
  -1.543  -0.599  -0.159  -1.368   0.829   0.161  -2.925   1.270   1.145  -3.025
   1.572  -0.590  -3.205   0.013   0.029  -3.641
  -3.494   1.613   1.193  -3.047   0.641   0.995  -3.391   0.262   0.046  -3.338
  -0.029   1.798  -1.549   0.756   0.964  -1.010   1.861   0.927  -0.874  -0.393
   0.920  -1.417  -1.258   0.929   0.587  -0.509   0.878   0.981   0.228   1.581
   1.024  -1.894   1.399   2.089  -1.957   1.424   0.651  -2.691   0.754   0.632
  -2.055   2.397   1.216  -0.202  -0.522   2.435  -0.166  -0.626   0.407  -0.056
  -1.565  -0.572  -0.083  -1.390   0.824   0.179  -2.934   1.219   1.209  -2.999
   1.609  -0.528  -3.211  -0.001   0.066  -3.625
  -3.473   1.589   1.224  -3.046   0.617   0.967  -3.380   0.296  -0.022  -3.356
  -0.105   1.717  -1.538   0.741   0.940  -1.013   1.854   0.930  -0.872  -0.406
   0.925  -1.408  -1.277   0.924   0.589  -0.509   0.893   0.965   0.237   1.603
   0.967  -1.926   1.416   2.052  -2.055   1.467   0.578  -2.661   0.723   0.514
  -2.080   2.395   1.223  -0.226  -0.520   2.447  -0.166  -0.638   0.396  -0.066
  -1.570  -0.602  -0.125  -1.387   0.855   0.204  -2.925   1.326   1.209  -3.053
   1.588  -0.553  -3.170   0.000   0.122  -3.622
  -3.460   1.639   1.213  -3.033   0.647   1.008  -3.388   0.336   0.020  -3.257
  -0.087   1.781  -1.542   0.760   0.952  -1.005   1.862   0.957  -0.863  -0.406
   0.903  -1.395  -1.262   0.828   0.600  -0.516   0.858   1.042   0.220   1.527
   0.957  -1.914   1.392   2.028  -1.982   1.551   0.673  -2.699   0.663   0.445
  -2.097   2.335   1.209  -0.227  -0.518   2.435  -0.168  -0.651   0.394  -0.056
  -1.580  -0.590  -0.149  -1.423   0.876   0.177  -2.943   1.397   1.134  -2.927
   1.603  -0.569  -3.224   0.010   0.141  -3.633
  -3.448   1.635   1.182  -3.047   0.638   1.018  -3.403   0.255   0.073  -3.363
   0.012   1.825  -1.559   0.750   0.953  -1.011   1.864   0.971  -0.889  -0.411
   0.905  -1.424  -1.267   0.954   0.570  -0.518   0.854   0.950   0.254   1.546
   0.954  -1.910   1.395   2.030  -1.919   1.604   0.704  -2.678   0.634   0.458
  -2.102   2.345   1.210  -0.207  -0.519   2.450  -0.156  -0.648   0.402  -0.031
  -1.586  -0.604  -0.100  -1.414   0.867   0.175  -2.986   1.439   1.093  -3.057
   1.541  -0.649  -3.278   0.032   0.180  -3.707
  -3.470   1.633   1.265  -3.044   0.640   1.047  -3.472   0.304   0.095  -3.300
  -0.064   1.843  -1.545   0.740   0.935  -1.005   1.848   0.966  -0.891  -0.424
   0.846  -1.457  -1.261   0.787   0.566  -0.532   0.842   0.912   0.211   1.585
   0.955  -1.923   1.362   2.033  -1.979   1.456   0.607  -2.724   0.711   0.436
  -2.111   2.305   1.231  -0.217  -0.537   2.463  -0.143  -0.650   0.428  -0.077
  -1.589  -0.586  -0.119  -1.420   0.904   0.146  -2.957   1.430   1.127  -3.019
   1.547  -0.676  -3.284   0.066   0.215  -3.645
  -3.446   1.635   1.100  -3.004   0.646   1.038  -3.398   0.194   0.119  -3.221
  -0.001   1.922  -1.510   0.761   0.929  -0.974   1.881   0.918  -0.884  -0.406
   0.837  -1.431  -1.237   0.731   0.577  -0.563   0.843   1.020   0.156   1.529
   0.927  -1.979   1.319   1.997  -2.116   1.477   0.536  -2.711   0.611   0.437
  -2.177   2.291   1.232  -0.244  -0.550   2.457  -0.119  -0.647   0.419  -0.103
  -1.589  -0.578  -0.181  -1.431   0.883   0.165  -2.970   1.464   1.072  -2.965
   1.585  -0.620  -3.319   0.092   0.272  -3.665
  -3.495   1.622   1.015  -3.028   0.636   1.005  -3.305   0.091   0.105  -3.283
   0.057   1.870  -1.540   0.772   0.925  -0.979   1.854   0.954  -0.869  -0.385
   0.882  -1.446  -1.206   0.843   0.575  -0.539   0.848   1.035   0.160   1.576
   0.891  -1.968   1.297   1.969  -2.074   1.391   0.546  -2.705   0.536   0.473
  -2.164   2.302   1.222  -0.254  -0.551   2.452  -0.170  -0.683   0.434  -0.125
  -1.626  -0.561  -0.233  -1.494   0.907   0.164  -2.976   1.537   1.055  -2.948
   1.471  -0.700  -3.401   0.047   0.371  -3.651
  -3.417   1.646   1.023  -2.971   0.656   1.005  -3.375   0.126   0.154  -3.279
   0.172   1.895  -1.490   0.789   0.931  -0.952   1.892   0.940  -0.831  -0.381
   0.926  -1.383  -1.212   0.932   0.615  -0.512   0.870   1.077   0.186   1.587
   0.892  -1.951   1.357   1.943  -2.114   1.571   0.614  -2.699   0.608   0.345
  -2.107   2.285   1.237  -0.268  -0.558   2.468  -0.265  -0.719   0.459  -0.106
  -1.634  -0.520  -0.118  -1.486   0.945   0.141  -2.986   1.553   1.064  -3.028
   1.551  -0.708  -3.317   0.080   0.311  -3.632
  -3.436   1.714   0.955  -3.006   0.694   1.000  -3.320   0.091   0.155  -3.365
   0.164   1.882  -1.492   0.812   0.948  -0.982   1.905   0.955  -0.842  -0.349
   0.919  -1.422  -1.168   0.815   0.595  -0.557   0.853   1.082   0.118   1.579
   0.927  -2.009   1.322   2.004  -2.132   1.475   0.580  -2.742   0.612   0.413
  -2.180   2.261   1.270  -0.283  -0.534   2.515  -0.313  -0.646   0.460  -0.092
  -1.589  -0.535  -0.142  -1.421   0.951   0.119  -2.951   1.623   0.965  -3.010
   1.423  -0.774  -3.382   0.084   0.328  -3.569
  -3.363   1.763   1.103  -2.964   0.762   1.048  -3.357   0.251   0.177  -3.279
   0.221   1.905  -1.482   0.827   0.961  -0.943   1.920   0.954  -0.840  -0.352
   0.932  -1.375  -1.186   0.960   0.584  -0.546   0.902   1.032   0.121   1.628
   0.929  -1.979   1.356   2.001  -2.097   1.493   0.555  -2.700   0.637   0.444
  -2.190   2.298   1.224  -0.253  -0.482   2.452  -0.307  -0.606   0.481  -0.045
  -1.567  -0.532  -0.075  -1.450   0.994   0.095  -2.930   1.743   0.860  -2.971
   1.493  -0.848  -3.231   0.146   0.309  -3.622
  -3.371   1.811   0.944  -3.008   0.806   0.968  -3.393   0.196   0.135  -3.359
   0.360   1.922  -1.483   0.781   0.897  -0.867   1.856   0.917  -0.889  -0.381
   0.874  -1.448  -1.223   0.926   0.571  -0.552   0.844   1.006   0.109   1.591
   0.871  -1.967   1.327   1.938  -2.073   1.569   0.656  -2.677   0.545   0.283
  -2.210   2.215   1.268  -0.259  -0.496   2.494  -0.234  -0.581   0.478  -0.036
  -1.554  -0.524  -0.132  -1.432   0.999   0.209  -2.912   1.721   1.011  -2.843
   1.466  -0.700  -3.269   0.172   0.567  -3.604
  -3.404   1.804   0.880  -3.028   0.781   0.988  -3.453   0.133   0.183  -3.284
   0.359   1.959  -1.516   0.822   0.904  -0.947   1.904   0.909  -0.882  -0.344
   0.819  -1.461  -1.154   0.768   0.577  -0.508   0.839   0.951   0.195   1.578
   0.914  -1.958   1.335   1.958  -2.170   1.446   0.412  -2.667   0.709   0.421
  -2.131   2.290   1.282  -0.241  -0.526   2.527  -0.239  -0.588   0.524  -0.030
  -1.583  -0.453   0.030  -1.418   0.953   0.172  -2.939   1.664   0.964  -2.962
   1.438  -0.714  -3.341   0.096   0.418  -3.575
  -3.447   1.757   1.007  -3.008   0.740   1.080  -3.464   0.146   0.289  -3.117
   0.352   2.113  -1.501   0.819   0.881  -0.929   1.908   0.835  -0.889  -0.347
   0.795  -1.451  -1.201   0.857   0.569  -0.554   0.824   1.002   0.195   1.524
   0.878  -1.937   1.334   1.974  -2.113   1.337   0.432  -2.653   0.647   0.445
  -2.038   2.352   1.263  -0.265  -0.497   2.516  -0.318  -0.596   0.503  -0.063
  -1.581  -0.481  -0.022  -1.400   1.011   0.165  -2.938   1.740   0.995  -2.961
   1.508  -0.702  -3.313   0.180   0.362  -3.609
  -3.454   1.751   1.054  -3.006   0.773   1.130  -3.439   0.086   0.412  -3.267
   0.298   2.105  -1.519   0.832   0.946  -0.927   1.909   0.928  -0.889  -0.326
   0.807  -1.467  -1.157   0.727   0.582  -0.544   0.820   1.023   0.154   1.548
   0.906  -1.946   1.362   2.006  -2.167   1.240   0.350  -2.651   0.747   0.663
  -2.062   2.419   1.306  -0.244  -0.537   2.537  -0.296  -0.566   0.540  -0.051
  -1.600  -0.468  -0.009  -1.438   0.999   0.265  -2.958   1.535   1.245  -2.979
   1.614  -0.589  -3.308   0.156   0.360  -3.636
  -3.412   1.817   0.921  -3.023   0.808   1.114  -3.443   0.047   0.439  -3.280
   0.463   2.100  -1.522   0.838   0.960  -0.939   1.913   0.934  -0.884  -0.344
   0.872  -1.398  -1.190   0.967   0.603  -0.485   0.845   1.024   0.245   1.516
   0.883  -1.932   1.307   1.948  -2.185   1.229   0.300  -2.650   0.703   0.575
  -1.992   2.351   1.256  -0.282  -0.525   2.473  -0.248  -0.550   0.486  -0.052
  -1.604  -0.472  -0.008  -1.411   0.964   0.163  -2.989   1.608   1.053  -3.046
   1.529  -0.672  -3.360   0.101   0.233  -3.660
  -3.458   1.828   1.230  -2.979   0.832   1.135  -3.471   0.380   0.291  -3.256
   0.263   2.028  -1.476   0.865   0.937  -0.889   1.965   0.928  -0.864  -0.349
   0.841  -1.477  -1.138   0.716   0.595  -0.525   0.862   0.986   0.190   1.646
   0.871  -1.988   1.277   1.963  -2.114   1.442   0.482  -2.661   0.522   0.371
  -2.259   2.210   1.283  -0.228  -0.500   2.524  -0.220  -0.602   0.515  -0.047
  -1.602  -0.489  -0.173  -1.483   0.967   0.214  -2.949   1.310   1.261  -2.991
   1.755  -0.475  -3.243   0.128   0.116  -3.600
  -3.320   1.860   1.195  -3.011   0.820   1.056  -3.407   0.346   0.150  -3.288
   0.189   1.929  -1.468   0.839   0.947  -0.856   1.926   0.964  -0.834  -0.313
   0.882  -1.431  -1.139   0.827   0.606  -0.547   0.784   1.073   0.073   1.559
   0.884  -1.994   1.239   1.942  -2.072   1.451   0.543  -2.689   0.483   0.359
  -2.231   2.165   1.262  -0.234  -0.572   2.504  -0.157  -0.650   0.470  -0.057
  -1.627  -0.508  -0.244  -1.446   0.936   0.240  -2.962   1.350   1.266  -2.935
   1.780  -0.384  -3.259   0.142   0.041  -3.676
  -3.314   1.849   1.286  -2.972   0.844   1.106  -3.445   0.505   0.169  -3.256
   0.148   1.907  -1.456   0.838   0.942  -0.851   1.879   0.954  -0.888  -0.373
   0.794  -1.456  -1.225   0.776   0.570  -0.540   0.823   1.044   0.086   1.620
   0.851  -1.953   1.208   1.959  -2.120   1.231   0.431  -2.618   0.469   0.426
  -2.192   2.215   1.268  -0.211  -0.537   2.516  -0.206  -0.649   0.453  -0.077
  -1.617  -0.539  -0.140  -1.376   0.876   0.278  -3.028   1.155   1.342  -3.086
   1.742  -0.345  -3.355   0.082   0.071  -3.709
  -3.356   1.908   1.128  -3.018   0.888   1.077  -3.381   0.372   0.193  -3.247
   0.373   2.036  -1.515   0.860   0.972  -0.895   1.957   0.983  -0.877  -0.315
   0.799  -1.465  -1.140   0.777   0.577  -0.540   0.790   1.067   0.127   1.516
   0.826  -2.005   1.184   1.897  -2.242   1.220   0.411  -2.653   0.406   0.370
  -2.153   2.191   1.249  -0.198  -0.580   2.506  -0.190  -0.669   0.459  -0.004
  -1.643  -0.544   0.016  -1.475   0.921   0.183  -3.005   1.200   1.223  -3.135
   1.859  -0.388  -3.186   0.176  -0.189  -3.746
  -3.241   2.014   1.361  -2.977   0.966   1.148  -3.511   0.570   0.287  -3.286
   0.330   2.001  -1.448   0.868   0.986  -0.789   1.922   1.048  -0.899  -0.332
   0.850  -1.506  -1.138   0.835   0.546  -0.503   0.732   0.993   0.183   1.453
   0.860  -1.954   1.197   1.951  -2.115   1.225   0.424  -2.748   0.549   0.513
  -2.085   2.237   1.225  -0.179  -0.621   2.482  -0.141  -0.635   0.503  -0.047
  -1.727  -0.477  -0.023  -1.557   1.043   0.239  -3.061   1.199   1.330  -3.230
   2.053  -0.235  -3.110   0.441  -0.135  -3.898
  -3.358   1.957   1.344  -3.014   0.939   1.186  -3.498   0.524   0.311  -3.299
   0.349   2.071  -1.508   0.870   1.019  -0.843   1.904   1.068  -0.950  -0.315
   0.816  -1.535  -1.114   0.677   0.494  -0.541   0.764   0.928   0.181   1.453
   0.856  -1.914   1.292   1.923  -2.064   1.346   0.450  -2.619   0.607   0.368
  -2.080   2.261   1.214  -0.201  -0.600   2.452  -0.098  -0.616   0.501  -0.040
  -1.712  -0.483  -0.169  -1.612   1.055   0.234  -3.078   1.280   1.299  -3.211
   1.950  -0.291  -3.244   0.354  -0.022  -3.837
  -3.293   1.956   1.380  -2.991   0.897   1.173  -3.515   0.482   0.348  -3.195
   0.247   2.030  -1.479   0.849   0.961  -0.826   1.891   1.041  -0.955  -0.370
   0.752  -1.603  -1.146   0.655   0.497  -0.588   0.784   0.884   0.106   1.521
   0.841  -1.986   1.269   1.913  -2.100   1.255   0.465  -2.750   0.597   0.487
  -2.135   2.303   1.204  -0.197  -0.578   2.436  -0.066  -0.637   0.467  -0.031
  -1.720  -0.538  -0.202  -1.682   0.966   0.270  -3.099   1.268   1.301  -3.195
   1.908  -0.321  -3.253   0.210   0.042  -3.852
  -3.312   2.000   1.257  -2.987   0.953   1.160  -3.472   0.565   0.294  -3.275
   0.253   1.976  -1.473   0.837   0.990  -0.757   1.829   1.076  -0.968  -0.401
   0.782  -1.598  -1.177   0.676   0.507  -0.609   0.659   0.983   0.116   1.393
   0.823  -1.979   1.214   1.894  -2.163   1.390   0.510  -2.698   0.485   0.230
  -2.069   2.116   1.204  -0.287  -0.627   2.423  -0.102  -0.607   0.446  -0.062
  -1.712  -0.571  -0.221  -1.664   0.997   0.296  -3.049   1.271   1.363  -3.079
   1.954  -0.250  -3.176   0.293   0.125  -3.826
  -3.253   1.954   1.491  -2.944   0.926   1.285  -3.519   0.442   0.495  -3.122
   0.314   2.175  -1.450   0.884   1.005  -0.786   1.919   1.069  -0.933  -0.285
   0.746  -1.589  -1.064   0.661   0.492  -0.612   0.720   0.953   0.045   1.443
   0.767  -2.022   1.305   1.843  -2.130   1.488   0.488  -2.772   0.545   0.325
  -2.096   2.300   1.172  -0.294  -0.629   2.408  -0.127  -0.639   0.408  -0.152
  -1.736  -0.607  -0.361  -1.620   0.927   0.258  -3.040   1.461   1.218  -2.901
   1.682  -0.461  -3.454   0.178   0.388  -3.806
  -3.258   1.915   1.616  -2.936   0.922   1.328  -3.508   0.574   0.479  -3.082
   0.244   2.121  -1.426   0.900   1.009  -0.737   1.911   1.122  -0.940  -0.317
   0.675  -1.581  -1.049   0.531   0.489  -0.591   0.696   0.938   0.092   1.371
   0.811  -1.993   1.255   1.848  -2.146   1.300   0.426  -2.789   0.596   0.349
  -2.102   2.242   1.186  -0.279  -0.636   2.396  -0.186  -0.742   0.412  -0.066
  -1.720  -0.589  -0.292  -1.590   0.942   0.188  -3.104   1.631   1.044  -3.097
   1.501  -0.686  -3.436   0.088   0.394  -3.803
  -3.034   1.984   1.687  -2.904   0.944   1.336  -3.477   0.703   0.432  -3.056
   0.180   2.137  -1.398   0.890   1.010  -0.665   1.889   1.111  -0.883  -0.312
   0.725  -1.511  -1.078   0.678   0.546  -0.575   0.762   0.977   0.150   1.475
   0.778  -2.017   1.217   1.848  -2.234   1.150   0.256  -2.734   0.567   0.400
  -2.129   2.189   1.153  -0.302  -0.641   2.380  -0.263  -0.764   0.398  -0.134
  -1.696  -0.584  -0.018  -1.563   0.930   0.169  -3.097   1.576   1.026  -3.026
   1.447  -0.680  -3.554   0.060   0.418  -3.720
  -3.133   1.975   1.644  -2.951   0.969   1.286  -3.599   0.795   0.439  -3.194
   0.252   2.117  -1.458   0.895   1.004  -0.771   1.936   1.096  -0.988  -0.358
   0.746  -1.608  -1.153   0.666   0.469  -0.584   0.719   0.956   0.106   1.433
   0.810  -2.008   1.203   1.907  -2.078   1.273   0.364  -2.728   0.555   0.328
  -2.113   2.185   1.198  -0.344  -0.630   2.455  -0.280  -0.764   0.427  -0.195
  -1.727  -0.582  -0.118  -1.525   0.893   0.139  -3.067   1.656   0.874  -2.968
   1.427  -0.671  -3.592   0.111   0.488  -3.689
  -3.248   2.015   1.380  -2.961   0.959   1.234  -3.487   0.513   0.389  -3.151
   0.427   2.206  -1.455   0.892   0.970  -0.806   1.962   0.999  -0.924  -0.316
   0.756  -1.586  -1.064   0.780   0.527  -0.576   0.720   0.975   0.053   1.466
   0.760  -2.032   1.175   1.835  -2.321   1.249   0.378  -2.737   0.470   0.376
  -2.214   2.206   1.182  -0.328  -0.643   2.417  -0.269  -0.681   0.444  -0.190
  -1.755  -0.553  -0.043  -1.556   0.931   0.142  -3.108   1.760   0.809  -3.029
   1.212  -0.773  -3.655   0.092   0.648  -3.632
  -3.337   1.985   1.223  -2.918   0.938   1.217  -3.481   0.368   0.470  -3.094
   0.496   2.193  -1.437   0.960   0.936  -0.737   1.938   0.962  -0.942  -0.256
   0.784  -1.629  -0.990   0.827   0.502  -0.591   0.678   1.058  -0.071   1.469
   0.690  -2.011   1.170   1.696  -2.333   1.117   0.013  -2.642   0.598   0.284
  -2.105   2.173   1.215  -0.387  -0.652   2.448  -0.284  -0.701   0.405  -0.173
  -1.705  -0.567  -0.334  -1.530   0.774   0.184  -3.071   1.728   0.653  -3.017
   0.838  -0.755  -3.605   0.080   0.855  -3.549
  -3.244   2.056   1.184  -2.949   1.031   1.225  -3.455   0.489   0.418  -3.160
   0.536   2.186  -1.434   0.935   0.926  -0.730   1.962   0.988  -0.998  -0.277
   0.627  -1.658  -1.011   0.675   0.476  -0.537   0.620   0.954   0.138   1.322
   0.794  -1.946   1.196   1.875  -2.061   1.272   0.417  -2.690   0.523   0.317
  -2.057   2.143   1.213  -0.389  -0.694   2.415  -0.312  -0.772   0.376  -0.232
  -1.754  -0.628  -0.258  -1.528   0.804   0.159  -3.086   1.828   0.530  -3.031
   0.763  -0.758  -3.747   0.118   0.868  -3.565
  -3.171   2.041   1.180  -2.949   1.004   1.078  -3.460   0.531   0.267  -3.186
   0.441   2.028  -1.448   0.917   0.851  -0.720   1.919   0.941  -0.969  -0.306
   0.589  -1.669  -1.014   0.653   0.467  -0.592   0.650   0.912   0.054   1.379
   0.722  -2.019   1.230   1.770  -2.173   1.435   0.401  -2.776   0.514   0.136
  -2.123   2.142   1.121  -0.379  -0.711   2.349  -0.446  -0.858   0.345  -0.210
  -1.762  -0.653  -0.358  -1.629   0.785   0.128  -3.104   1.739   0.720  -3.023
   0.934  -0.796  -3.685   0.087   0.764  -3.629
  -3.258   2.066   1.133  -2.958   1.018   1.013  -3.458   0.575   0.116  -3.190
   0.473   1.932  -1.480   0.946   0.917  -0.747   1.965   0.977  -1.024  -0.292
   0.694  -1.673  -1.054   0.803   0.404  -0.585   0.641   0.914   0.081   1.322
   0.661  -2.059   1.186   1.705  -2.218   1.442   0.349  -2.846   0.492   0.057
  -2.136   2.114   1.152  -0.406  -0.724   2.394  -0.421  -0.725   0.373  -0.208
  -1.816  -0.650  -0.312  -1.661   0.784   0.057  -3.209   1.699   0.674  -3.213
   0.990  -0.894  -3.756   0.001   0.609  -3.759
  -3.230   2.129   1.325  -2.973   1.099   0.994  -3.425   0.921   0.011  -3.402
   0.405   1.682  -1.487   0.910   0.855  -0.762   1.915   0.981  -1.045  -0.318
   0.693  -1.719  -1.087   0.377   0.433  -0.619   0.700   0.926   0.056   1.400
   0.650  -2.030   1.219   1.756  -2.154   1.285   0.264  -2.775   0.501   0.215
  -2.141   2.200   1.175  -0.424  -0.683   2.413  -0.411  -0.725   0.376  -0.286
  -1.799  -0.634  -0.225  -1.606   0.825  -0.018  -3.164   1.594   0.772  -3.148
   1.110  -0.930  -3.696  -0.048   0.328  -3.704
  -3.181   2.060   1.469  -2.996   1.077   1.069  -3.458   0.988   0.080  -3.421
   0.308   1.679  -1.476   0.908   0.896  -0.745   1.926   0.977  -1.030  -0.309
   0.670  -1.721  -1.017   0.429   0.467  -0.574   0.680   0.947   0.122   1.414
   0.579  -2.056   1.159   1.657  -2.279   1.184   0.022  -2.757   0.513   0.234
  -2.153   2.185   1.178  -0.441  -0.700   2.427  -0.535  -0.777   0.422  -0.149
  -1.790  -0.619  -0.186  -1.730   0.885   0.046  -3.149   1.735   0.813  -3.158
   1.251  -0.911  -3.544   0.081   0.411  -3.734
  -3.288   2.110   1.377  -2.989   1.045   1.118  -3.449   0.701   0.150  -3.309
   0.379   1.904  -1.484   0.908   0.870  -0.777   1.898   0.923  -0.994  -0.325
   0.635  -1.649  -1.086   0.561   0.419  -0.611   0.589   0.934   0.068   1.315
   0.591  -2.021   1.124   1.634  -2.224   1.118   0.105  -2.815   0.566   0.157
  -2.040   2.124   1.130  -0.419  -0.758   2.358  -0.537  -0.782   0.350  -0.170
  -1.851  -0.625  -0.173  -1.723   0.904   0.097  -3.246   1.604   0.902  -3.197
   1.342  -0.840  -3.637   0.016   0.359  -3.864
  -3.240   2.075   1.138  -2.930   1.004   1.053  -3.368   0.716   0.127  -3.270
   0.437   1.952  -1.441   0.884   0.793  -0.729   1.898   0.924  -0.958  -0.359
   0.665  -1.566  -1.169   0.685   0.454  -0.675   0.586   0.917   0.077   1.252
   0.723  -2.056   1.175   1.811  -2.170   1.312   0.352  -2.812   0.535   0.333
  -2.061   2.188   1.188  -0.475  -0.800   2.403  -0.649  -0.877   0.439  -0.200
  -1.894  -0.500   0.075  -1.742   0.944   0.044  -3.265   1.633   0.935  -3.242
   1.523  -0.796  -3.644   0.152   0.195  -3.962
  -3.299   2.097   1.076  -2.960   1.039   1.073  -3.510   0.464   0.333  -3.077
   0.595   2.047  -1.463   0.956   0.803  -0.795   1.972   0.767  -0.992  -0.265
   0.619  -1.662  -1.044   0.688   0.455  -0.559   0.601   0.902   0.133   1.309
   0.718  -1.936   1.251   1.756  -2.097   1.259   0.270  -2.703   0.572   0.364
  -1.997   2.284   1.168  -0.450  -0.789   2.368  -0.708  -0.948   0.381  -0.181
  -1.849  -0.599  -0.137  -1.669   0.906  -0.012  -3.231   1.609   0.828  -3.283
   1.343  -0.948  -3.686   0.087   0.196  -3.816
  -3.244   2.052   1.044  -2.972   1.029   1.011  -3.577   0.438   0.362  -3.066
   0.705   2.009  -1.495   0.920   0.703  -0.778   1.925   0.664  -0.977  -0.307
   0.636  -1.567  -1.066   0.801   0.457  -0.512   0.608   1.000   0.072   1.293
   0.714  -1.916   1.233   1.774  -2.086   1.258   0.270  -2.775   0.635   0.265
  -1.994   2.168   1.154  -0.468  -0.733   2.385  -0.728  -0.852   0.388  -0.190
  -1.817  -0.633  -0.147  -1.645   0.847  -0.102  -3.194   1.600   0.646  -3.359
   1.183  -1.078  -3.498  -0.058   0.170  -3.800
  -3.357   1.966   0.946  -2.929   0.974   1.049  -3.462   0.279   0.354  -3.133
   0.712   2.134  -1.483   0.895   0.702  -0.876   1.920   0.625  -0.975  -0.308
   0.618  -1.587  -1.123   0.661   0.489  -0.536   0.673   1.070   0.129   1.425
   0.611  -1.931   1.255   1.717  -2.056   1.439   0.303  -2.681   0.575   0.039
  -2.053   2.175   1.142  -0.430  -0.749   2.370  -0.668  -0.868   0.370  -0.240
  -1.806  -0.622  -0.159  -1.674   0.903  -0.126  -3.177   1.774   0.535  -3.119
   1.148  -1.096  -3.600   0.174   0.304  -3.854
  -3.354   1.905   0.856  -2.976   0.888   1.145  -3.476   0.044   0.623  -3.141
   0.695   2.170  -1.497   0.918   0.722  -0.895   1.981   0.534  -0.977  -0.336
   0.697  -1.586  -1.110   0.957   0.449  -0.578   0.622   1.005   0.174   1.195
   0.717  -1.925   1.297   1.774  -2.045   1.429   0.315  -2.790   0.756   0.127
  -2.141   2.211   1.146  -0.512  -0.770   2.366  -0.655  -0.864   0.373  -0.228
  -1.816  -0.617  -0.044  -1.646   0.933  -0.053  -3.203   1.716   0.708  -3.265
   1.289  -1.028  -3.612   0.201   0.332  -3.955
  -3.406   1.899   0.936  -2.927   0.950   1.185  -3.500   0.289   0.565  -2.926
   0.807   2.247  -1.511   0.879   0.706  -0.930   1.940   0.521  -0.930  -0.338
   0.690  -1.546  -1.136   0.944   0.503  -0.666   0.659   1.015   0.054   1.315
   0.793  -2.032   1.306   1.814  -2.298   1.499   0.350  -2.748   0.630   0.255
  -2.085   2.242   1.081  -0.597  -0.770   2.315  -0.690  -0.888   0.318  -0.362
  -1.847  -0.669  -0.226  -1.607   0.805  -0.087  -3.209   1.525   0.724  -3.155
   1.252  -0.978  -3.507   0.021   0.162  -3.910
  -3.360   1.989   0.681  -2.956   0.998   1.106  -3.491   0.144   0.656  -3.023
   0.980   2.185  -1.509   0.882   0.740  -0.903   1.870   0.395  -0.985  -0.345
   0.797  -1.549  -1.097   1.152   0.481  -0.636   0.641   0.940   0.115   1.288
   0.778  -2.013   1.263   1.865  -2.207   1.236   0.312  -2.773   0.636   0.399
  -2.064   2.290   1.044  -0.525  -0.750   2.305  -0.710  -0.868   0.269  -0.303
  -1.835  -0.726  -0.340  -1.726   0.828  -0.051  -3.221   1.545   0.779  -3.072
   1.327  -0.958  -3.564  -0.021   0.264  -3.863
  -3.362   1.955   0.863  -3.021   0.966   1.148  -3.597   0.125   0.762  -3.123
   0.988   2.230  -1.592   0.868   0.729  -0.958   1.856   0.398  -1.019  -0.360
   0.757  -1.570  -1.163   1.025   0.467  -0.581   0.627   0.882   0.215   1.233
   0.752  -2.002   1.196   1.814  -2.146   1.082   0.154  -2.737   0.595   0.498
  -2.101   2.251   1.109  -0.492  -0.810   2.313  -0.693  -0.890   0.235  -0.305
  -1.836  -0.771  -0.191  -1.606   0.749   0.032  -3.151   1.357   0.915  -3.037
   1.397  -0.793  -3.486  -0.129   0.305  -3.771
  -3.396   1.950   0.862  -3.022   0.972   1.070  -3.613   0.239   0.489  -3.177
   0.722   2.110  -1.544   0.854   0.736  -0.830   1.843   0.476  -0.988  -0.348
   0.751  -1.550  -1.179   0.901   0.461  -0.551   0.634   1.033   0.162   1.313
   0.735  -1.946   1.240   1.810  -2.078   1.313   0.358  -2.802   0.600   0.282
  -2.069   2.231   1.145  -0.495  -0.773   2.369  -0.578  -0.971   0.325  -0.363
  -1.759  -0.680  -0.385  -1.462   0.692  -0.045  -3.135   1.270   0.884  -3.127
   1.358  -0.792  -3.487  -0.180  -0.030  -3.795
  -3.279   2.050   0.823  -3.019   0.966   1.070  -3.542   0.242   0.490  -3.185
   0.780   2.144  -1.560   0.770   0.715  -0.913   1.767   0.441  -1.013  -0.420
   0.703  -1.531  -1.233   0.934   0.401  -0.673   0.595   0.916   0.115   1.216
   0.709  -2.050   1.258   1.716  -2.350   1.113   0.096  -2.839   0.850   0.541
  -1.906   2.312   1.072  -0.490  -0.764   2.334  -0.434  -0.878   0.233  -0.344
  -1.842  -0.738  -0.526  -1.664   0.713  -0.142  -3.164   1.350   0.756  -3.197
   1.379  -0.971  -3.518  -0.129   0.012  -3.867
  -3.417   1.923   0.709  -3.043   0.966   1.022  -3.641   0.231   0.585  -3.134
   0.849   2.079  -1.554   0.851   0.675  -0.833   1.832   0.440  -1.004  -0.365
   0.766  -1.609  -1.148   1.016   0.435  -0.674   0.637   0.993   0.055   1.292
   0.735  -2.007   1.238   1.768  -2.307   1.030   0.083  -2.687   0.747   0.477
  -2.003   2.253   1.025  -0.463  -0.782   2.253  -0.543  -0.837   0.192  -0.304
  -1.840  -0.770  -0.253  -1.576   0.706  -0.080  -3.186   1.375   0.781  -3.308
   1.351  -0.971  -3.446  -0.070   0.067  -3.904
  -3.432   1.721   0.622  -2.996   0.827   1.053  -3.533  -0.127   0.769  -2.970
   0.972   2.105  -1.582   0.763   0.701  -0.957   1.783   0.444  -1.013  -0.405
   0.751  -1.609  -1.171   1.017   0.421  -0.573   0.605   0.970   0.061   1.270
   0.809  -2.035   1.079   1.843  -2.216   0.850   0.284  -2.742   0.534   0.607
  -2.138   2.177   1.031  -0.463  -0.798   2.268  -0.414  -0.879   0.192  -0.379
  -1.829  -0.777  -0.398  -1.651   0.618  -0.149  -3.169   1.443   0.615  -3.193
   1.149  -1.000  -3.454  -0.129   0.013  -3.901
  -3.532   1.516   0.577  -3.002   0.844   1.136  -3.534  -0.069   0.902  -3.117
   1.185   2.165  -1.575   0.780   0.771  -0.989   1.795   0.362  -0.949  -0.420
   0.767  -1.489  -1.230   0.923   0.512  -0.620   0.605   0.913   0.165   1.248
   0.815  -2.094   1.131   1.836  -2.248   0.860   0.154  -2.844   0.598   0.751
  -2.099   2.250   1.118  -0.455  -0.870   2.314  -0.412  -1.060   0.285  -0.285
  -1.842  -0.694  -0.204  -1.563   0.613  -0.108  -3.252   1.339   0.697  -3.428
   0.951  -1.071  -3.654  -0.251   0.253  -3.785
  -3.504   1.531   0.288  -3.030   0.949   1.049  -3.560  -0.006   1.192  -3.169
   1.371   2.061  -1.561   0.769   0.689  -0.926   1.777   0.374  -1.004  -0.448
   0.728  -1.617  -1.175   1.067   0.471  -0.722   0.566   1.077  -0.028   1.206
   0.798  -2.154   1.148   1.871  -2.354   1.092   0.370  -2.895   0.515   0.578
  -2.259   2.264   1.028  -0.528  -0.843   2.260  -0.500  -1.024   0.162  -0.273
  -1.876  -0.791  -0.033  -1.597   0.581  -0.078  -3.252   1.243   0.745  -3.331
   1.154  -0.940  -3.634  -0.275   0.116  -3.890
  -3.535   1.479   0.312  -2.977   0.859   1.017  -3.468  -0.110   1.196  -3.051
   1.431   1.937  -1.528   0.766   0.617  -0.915   1.816   0.333  -0.970  -0.466
   0.754  -1.509  -1.282   1.060   0.472  -0.714   0.603   0.981   0.041   1.225
   0.764  -2.021   1.243   1.829  -2.165   1.537   0.453  -2.789   0.562   0.245
  -2.117   2.164   1.031  -0.489  -0.888   2.254  -0.514  -1.080   0.185  -0.286
  -1.940  -0.785  -0.126  -1.743   0.695   0.038  -3.329   1.350   0.955  -3.307
   1.238  -0.775  -3.787  -0.151   0.213  -4.002
  -3.633   1.122   0.064  -3.056   0.941   0.983  -3.410   0.058   1.537  -3.231
   1.649   1.813  -1.525   0.776   0.733  -0.866   1.722   0.367  -0.917  -0.455
   0.690  -1.456  -1.278   0.888   0.528  -0.688   0.553   1.153  -0.032   1.162
   0.813  -2.067   1.240   1.896  -2.114   1.410   0.408  -2.912   0.621   0.399
  -2.114   2.301   1.061  -0.520  -0.838   2.283  -0.485  -1.084   0.211  -0.281
  -1.870  -0.789  -0.328  -1.650   0.562   0.140  -3.217   1.034   1.109  -3.200
   1.192  -0.567  -3.734  -0.365   0.243  -3.765
  -3.554   1.112   0.128  -2.964   0.875   1.068  -3.349  -0.025   1.510  -3.014
   1.632   1.832  -1.476   0.705   0.728  -0.876   1.758   0.531  -0.953  -0.465
   0.546  -1.564  -1.266   0.794   0.507  -0.720   0.527   1.076   0.021   1.015
   0.812  -2.041   1.281   1.837  -2.248   1.386   0.313  -2.837   0.746   0.369
  -1.978   2.300   1.066  -0.563  -0.900   2.264  -0.456  -1.067   0.214  -0.282
  -1.909  -0.794  -0.410  -1.770   0.717   0.152  -3.209   1.281   1.079  -3.060
   1.396  -0.644  -3.570  -0.007   0.454  -4.008
  -3.456   1.079   0.223  -2.959   0.821   1.129  -3.254  -0.168   1.560  -3.166
   1.569   1.895  -1.542   0.771   0.745  -0.851   1.794   0.502  -1.038  -0.475
   0.560  -1.619  -1.217   0.597   0.488  -0.803   0.467   1.054  -0.140   1.032
   0.803  -2.103   1.174   1.859  -2.215   1.286   0.443  -2.924   0.504   0.289
  -2.114   2.188   1.086  -0.589  -0.993   2.302  -0.455  -1.113   0.281  -0.442
  -2.043  -0.701  -0.604  -1.918   0.681   0.099  -3.356   1.007   1.075  -3.228
   1.522  -0.390  -3.857  -0.174   0.184  -4.049
  -3.461   0.955   0.078  -2.956   0.818   1.042  -3.311  -0.036   1.548  -3.200
   1.745   1.549  -1.486   0.739   0.727  -0.931   1.794   0.420  -0.966  -0.487
   0.582  -1.482  -1.242   0.981   0.452  -0.725   0.437   0.820   0.105   1.012
   0.718  -2.068   1.168   1.701  -1.982   1.613   0.690  -2.865   0.434   0.020
  -2.264   1.975   1.147  -0.596  -0.986   2.329  -0.493  -1.066   0.353  -0.478
  -2.071  -0.655  -0.472  -1.913   0.755  -0.062  -3.436   1.347   0.877  -3.423
   1.254  -0.929  -3.949  -0.152   0.089  -4.044
  -3.695   1.122   0.202  -3.070   0.789   1.068  -3.425  -0.214   1.336  -3.077
   1.521   1.893  -1.597   0.695   0.662  -0.970   1.742   0.376  -0.995  -0.494
   0.547  -1.610  -1.222   0.913   0.460  -0.732   0.457   0.965  -0.036   1.152
   0.720  -2.115   1.102   1.776  -2.241   1.413   0.516  -2.901   0.385  -0.007
  -2.257   1.875   1.108  -0.602  -0.986   2.327  -0.483  -1.106   0.321  -0.542
  -2.102  -0.649  -0.799  -1.941   0.724   0.012  -3.400   1.074   0.976  -3.327
   1.507  -0.598  -3.858   0.005   0.033  -4.137
  -3.644   1.262   0.210  -3.086   0.830   1.021  -3.562  -0.129   1.335  -3.115
   1.514   1.882  -1.589   0.677   0.585  -0.905   1.698   0.424  -1.016  -0.527
   0.487  -1.482  -1.414   0.664   0.419  -0.673   0.455   0.976   0.062   1.092
   0.710  -2.039   1.150   1.798  -2.042   1.391   0.502  -2.820   0.488   0.028
  -2.222   1.925   1.014  -0.620  -0.924   2.250  -0.586  -0.951   0.212  -0.569
  -2.065  -0.754  -0.622  -1.886   0.717   0.114  -3.323   0.783   1.215  -3.297
   1.591  -0.413  -3.674   0.008  -0.183  -4.062
  -3.579   0.978   0.288  -2.959   0.999   1.142  -3.243   0.213   1.772  -3.054
   1.929   1.598  -1.568   0.674   0.699  -0.932   1.666   0.309  -1.049  -0.542
   0.509  -1.625  -1.377   0.639   0.397  -0.769   0.447   0.900   0.062   1.001
   0.724  -2.094   1.140   1.817  -2.140   1.429   0.420  -2.988   0.560   0.151
  -2.168   2.117   1.017  -0.637  -0.949   2.227  -0.581  -1.014   0.188  -0.449
  -2.008  -0.758  -0.669  -1.797   0.565   0.109  -3.310   0.563   1.173  -3.096
   1.568  -0.238  -3.531  -0.134  -0.105  -4.113
  -3.715   0.889   0.310  -2.954   0.894   1.149  -3.186   0.026   1.784  -3.082
   1.672   1.818  -1.532   0.753   0.672  -0.851   1.732   0.330  -1.044  -0.498
   0.593  -1.598  -1.320   0.896   0.379  -0.676   0.451   0.926   0.071   1.046
   0.742  -2.020   1.109   1.788  -2.010   1.370   0.566  -2.779   0.418   0.202
  -2.245   1.977   0.980  -0.507  -0.939   2.194  -0.563  -1.119   0.167  -0.557
  -2.025  -0.808  -0.612  -1.907   0.619   0.198  -3.212   0.562   1.266  -3.084
   1.638  -0.002  -3.442   0.048   0.023  -4.152
  -3.667   1.042   0.484  -2.984   0.765   1.209  -3.233  -0.295   1.407  -3.071
   1.429   2.029  -1.584   0.693   0.606  -0.934   1.701   0.339  -1.053  -0.526
   0.628  -1.626  -1.331   0.848   0.370  -0.739   0.494   0.721   0.045   1.125
   0.730  -2.063   1.240   1.791  -2.050   1.589   0.636  -2.940   0.503   0.130
  -2.215   2.120   0.925  -0.581  -0.959   2.114  -0.510  -1.084   0.128  -0.486
  -2.024  -0.892  -0.610  -1.872   0.502   0.135  -3.260   0.540   1.194  -3.027
   1.497  -0.194  -3.595  -0.213  -0.136  -4.049
  -3.729   1.355   0.370  -3.119   0.780   1.081  -3.596  -0.198   1.336  -3.100
   1.454   2.003  -1.684   0.679   0.611  -1.012   1.664   0.331  -1.117  -0.494
   0.589  -1.644  -1.374   0.745   0.346  -0.700   0.469   0.807   0.154   0.997
   0.704  -1.974   1.198   1.779  -2.013   1.252   0.316  -2.837   0.583   0.247
  -1.902   2.185   1.038  -0.565  -1.011   2.265  -0.510  -1.165   0.191  -0.448
  -2.059  -0.819  -0.690  -1.904   0.518   0.124  -3.363   0.743   1.213  -3.206
   1.389  -0.411  -3.835  -0.238  -0.063  -4.074
  -3.632   1.405   0.330  -3.016   0.807   1.016  -3.445  -0.184   0.985  -3.027
   1.190   2.053  -1.619   0.805   0.611  -0.974   1.821   0.367  -1.118  -0.431
   0.634  -1.649  -1.323   0.823   0.355  -0.706   0.536   0.838   0.086   1.201
   0.811  -1.979   1.258   1.858  -2.141   1.142   0.388  -2.865   0.866   0.684
  -1.857   2.381   1.009  -0.630  -0.909   2.225  -0.586  -1.135   0.166  -0.515
  -1.965  -0.845  -0.676  -1.734   0.495   0.137  -3.246   0.687   1.167  -3.096
   1.279  -0.334  -3.784  -0.402   0.148  -3.849
  -3.567   1.406   0.270  -3.042   0.826   1.052  -3.465  -0.124   1.027  -3.143
   1.322   1.986  -1.640   0.741   0.624  -1.102   1.779   0.277  -1.060  -0.425
   0.637  -1.632  -1.066   1.200   0.396  -0.740   0.506   0.830  -0.012   1.116
   0.829  -2.033   1.303   1.837  -2.300   1.197   0.169  -2.811   1.046   0.648
  -1.782   2.324   1.026  -0.615  -0.866   2.247  -0.561  -1.042   0.165  -0.455
  -1.938  -0.812  -0.311  -1.722   0.540   0.107  -3.180   0.719   1.129  -2.959
   1.492  -0.400  -3.546  -0.224   0.053  -4.011
  -3.616   1.161   0.344  -3.065   0.787   1.133  -3.443  -0.127   1.499  -2.994
   1.453   2.005  -1.673   0.676   0.627  -1.086   1.710   0.313  -1.064  -0.486
   0.638  -1.594  -1.242   1.104   0.387  -0.686   0.562   0.821   0.126   1.147
   0.719  -2.018   1.185   1.778  -2.163   1.126   0.252  -2.880   0.687   0.638
  -2.053   2.196   0.965  -0.643  -0.880   2.180  -0.607  -1.045   0.161  -0.460
  -1.915  -0.793  -0.532  -1.691   0.500   0.074  -3.301   0.576   1.162  -3.307
   1.382  -0.438  -3.619  -0.356  -0.117  -3.941
  -3.698   1.529   0.634  -3.055   0.815   1.158  -3.447  -0.194   1.053  -3.089
   0.994   2.259  -1.662   0.715   0.597  -1.006   1.722   0.277  -1.074  -0.470
   0.598  -1.747  -1.269   0.831   0.412  -0.722   0.517   0.951   0.003   1.063
   0.710  -2.069   1.185   1.676  -2.397   0.974  -0.080  -2.863   1.012   0.660
  -1.864   2.304   0.959  -0.640  -0.894   2.197  -0.615  -1.057   0.112  -0.399
  -1.863  -0.844  -0.666  -1.579   0.378   0.016  -3.266   0.635   1.091  -3.275
   1.342  -0.372  -3.536  -0.384  -0.205  -3.932
  -3.676   1.568   0.535  -3.052   0.847   1.029  -3.552  -0.144   0.841  -3.083
   1.106   2.132  -1.629   0.796   0.537  -1.079   1.862   0.236  -1.086  -0.453
   0.457  -1.724  -1.227   0.624   0.353  -0.675   0.440   0.834   0.167   0.970
   0.697  -2.015   1.230   1.749  -2.308   1.169   0.127  -2.828   0.797   0.386
  -1.898   2.240   0.970  -0.672  -0.971   2.187  -0.528  -1.141   0.128  -0.531
  -1.986  -0.775  -0.711  -1.734   0.442   0.069  -3.286   0.327   1.165  -3.182
   1.398  -0.348  -3.671  -0.339  -0.302  -4.034
  -3.459   1.724   0.533  -3.067   0.806   1.017  -3.630  -0.058   0.656  -3.095
   0.721   2.149  -1.604   0.753   0.533  -1.055   1.820   0.269  -1.052  -0.484
   0.503  -1.590  -1.300   0.702   0.399  -0.703   0.349   0.772   0.110   0.993
   0.744  -1.957   1.136   1.799  -2.109   1.271   0.313  -2.816   0.650   0.386
  -1.875   2.162   0.987  -0.500  -1.040   2.183  -0.536  -1.165   0.015  -0.366
  -1.968  -0.952  -0.383  -1.706   0.353   0.139  -3.326   0.472   1.178  -3.315
   1.288  -0.155  -3.712  -0.368  -0.102  -4.009
  -3.511   1.695   0.862  -3.022   0.744   1.128  -3.572  -0.075   0.667  -3.044
   0.699   2.271  -1.614   0.769   0.621  -1.147   1.833   0.272  -1.003  -0.380
   0.610  -1.429  -1.188   0.991   0.408  -0.606   0.419   0.944   0.200   0.900
   0.772  -1.911   1.150   1.843  -2.017   1.346   0.360  -2.857   0.617   0.428
  -1.859   2.236   0.878  -0.508  -1.018   2.106  -0.414  -1.248  -0.026  -0.419
  -2.036  -1.001  -0.573  -1.785   0.254   0.009  -3.460   0.385   1.105  -3.329
   1.227  -0.405  -3.848  -0.535  -0.154  -4.239
  -3.708   1.677   0.991  -3.068   0.719   1.033  -3.627  -0.141   0.506  -2.943
   0.593   2.089  -1.639   0.801   0.463  -1.091   1.866   0.214  -0.945  -0.290
   0.578  -1.539  -1.073   0.768   0.478  -0.510   0.489   0.992   0.275   1.003
   0.785  -1.914   1.184   1.806  -2.298   1.159   0.074  -2.766   0.849   0.603
  -1.805   2.193   0.903  -0.462  -1.043   2.083  -0.380  -1.301  -0.022  -0.388
  -2.019  -0.980  -0.639  -1.741   0.202   0.070  -3.362   0.167   1.153  -3.433
   1.162  -0.290  -3.686  -0.676  -0.239  -3.985
  -3.683   1.643   0.568  -3.128   0.784   0.948  -3.572  -0.174   0.700  -3.225
   0.874   2.008  -1.710   0.816   0.521  -1.149   1.880   0.126  -1.115  -0.383
   0.588  -1.714  -1.140   0.876   0.347  -0.593   0.439   0.904   0.169   0.993
   0.896  -1.880   1.175   1.928  -1.946   1.294   0.389  -2.742   0.796   0.614
  -1.859   2.216   0.894  -0.489  -1.046   2.080  -0.298  -1.337   0.008  -0.497
  -2.020  -0.966  -0.757  -1.798   0.345   0.083  -3.352   0.260   1.234  -3.401
   1.346  -0.167  -3.650  -0.315  -0.335  -4.114
  -3.639   1.645   0.382  -3.240   0.799   0.902  -3.648  -0.167   0.529  -3.467
   0.784   1.980  -1.764   0.769   0.591  -1.231   1.778   0.231  -1.105  -0.384
   0.619  -1.631  -1.219   0.722   0.359  -0.636   0.431   0.884   0.221   0.941
   0.770  -1.971   1.120   1.856  -2.052   1.226   0.425  -2.780   0.526   0.352
  -2.110   2.156   0.824  -0.538  -1.072   2.003  -0.400  -1.325  -0.032  -0.496
  -2.055  -0.982  -0.678  -1.830   0.282   0.251  -3.346   0.320   1.322  -3.260
   1.270  -0.019  -3.695  -0.332   0.178  -4.203
  -3.678   1.507   0.424  -3.185   0.764   1.018  -3.584  -0.176   0.744  -3.340
   1.021   2.042  -1.719   0.696   0.609  -1.189   1.737   0.385  -1.114  -0.467
   0.550  -1.530  -1.302   0.884   0.323  -0.615   0.274   0.824   0.176   0.839
   0.797  -1.919   0.945   1.874  -1.807   0.939   0.530  -2.749   0.338   0.372
  -2.035   1.952   0.799  -0.546  -1.200   2.014  -0.559  -1.380  -0.088  -0.532
  -2.213  -1.048  -0.738  -1.949   0.285   0.226  -3.443  -0.138   1.205  -3.392
   1.428   0.250  -3.586   0.027  -0.382  -4.326
  -3.792   1.616   0.481  -3.324   0.733   0.906  -3.739  -0.245   0.543  -3.434
   0.833   1.931  -1.781   0.720   0.716  -1.220   1.766   0.461  -1.067  -0.425
   0.740  -1.604  -1.245   0.912   0.363  -0.663   0.353   1.092   0.078   0.758
   0.832  -2.022   0.915   1.921  -2.126   0.899   0.399  -2.763   0.249   0.497
  -2.226   1.919   0.760  -0.584  -1.151   1.982  -0.700  -1.363  -0.103  -0.515
  -2.177  -1.093  -0.506  -1.941   0.268   0.046  -3.472   0.076   1.155  -3.485
   1.298  -0.149  -3.684  -0.405  -0.410  -4.241
  -3.756   1.801   0.634  -3.304   0.832   1.004  -3.775  -0.012   0.509  -3.309
   0.520   2.108  -1.822   0.856   0.606  -1.164   1.919   0.556  -1.252  -0.358
   0.504  -1.864  -1.062   0.678   0.214  -0.607   0.282   0.697   0.201   0.780
   0.651  -2.003   0.852   1.740  -2.057   0.815   0.221  -2.769   0.143   0.290
  -2.115   1.894   0.750  -0.570  -1.207   1.983  -0.664  -1.354  -0.143  -0.367
  -2.175  -1.135  -0.466  -1.911   0.219   0.055  -3.508   0.478   1.094  -3.529
   1.085  -0.512  -3.888  -0.660  -0.108  -4.169
  -3.459   1.701   0.957  -3.202   0.682   1.081  -3.811   0.093   0.402  -3.267
   0.368   2.127  -1.717   0.751   0.618  -1.146   1.847   0.528  -1.253  -0.447
   0.410  -1.901  -1.220   0.539   0.220  -0.664   0.204   0.768   0.160   0.673
   0.563  -2.004   0.852   1.673  -2.194   0.676  -0.105  -2.785   0.529   0.533
  -1.873   1.935   0.763  -0.574  -1.235   1.973  -0.645  -1.443  -0.160  -0.368
  -2.142  -1.096  -0.679  -1.835   0.183   0.215  -3.506   0.308   1.321  -3.416
   1.016  -0.339  -4.028  -0.602   0.093  -4.244
