default_name                                                                    
   22  0.2000000E+02
  -3.4594356   1.7005099   0.9568470  -3.2023530   0.6821103   1.0805967
  -3.8109533   0.0926868   0.4022217  -3.2669631   0.3683924   2.1268374
  -1.7165273   0.7511671   0.6178442  -1.1461572   1.8470323   0.5276850
  -1.2532952  -0.4465143   0.4098978  -1.9014343  -1.2198013   0.5389123
   0.2204226  -0.6642472   0.2035541   0.7678841   0.1595297   0.6728339
   0.5632142  -2.0036927   0.8519619   1.6727183  -2.1937064   0.6764006
  -0.1053193  -2.7847870   0.5293191   0.5334035  -1.8733908   1.9354670
   0.7627364  -0.5736993  -1.2346441   1.9729364  -0.6450980  -1.4428516
  -0.1604828  -0.3680296  -2.1416464  -1.0957543  -0.6789667  -1.8352130
   0.1831492   0.2145862  -3.5060499   0.3077080   1.3211499  -3.4163620
   1.0164660  -0.3386498  -4.0284480  -0.6016200   0.0929260  -4.2438865
   0.5102002   0.4342159  -0.9068430  -0.0428723  -0.2574695  -0.2447121
  -0.3039044   0.6725066  -0.5388534   0.6173940  -0.3899776   0.0564832
  -0.0330392   0.2912417   0.0055361  -0.3788904   0.0913608   0.0478368
  -0.0667391   0.0664139  -0.0142201  -0.7416703   1.6382061  -1.2244710
  -0.2467836  -0.4423201   0.0313875  -0.0329739   0.7950182   0.5856312
  -0.1110130   0.0781156  -0.0876435  -0.4827014   0.2365380  -0.0034626
   1.5588981  -1.3736666  -1.1740362   0.6520597   1.2262444   0.3760957
  -0.0329468  -0.1508746   0.1883133   0.2548045   0.0188185  -0.2803290
   0.2083444  -0.0683515   0.0705815  -0.5292282   0.1195947   0.8629415
   0.1024062  -0.0403342   0.0251643   0.6114045   1.2791172  -0.6355149
   0.0885596   0.0831202  -1.4006857  -0.0996456   0.5819787   0.0411621
