default_name                                                                    
  -3.543   1.517   1.044  -3.075   0.536   0.982  -3.427   0.009   0.095  -3.338
  -0.040   1.872  -1.566   0.698   0.929  -1.063   1.821   0.931  -0.822  -0.397
   0.894  -1.318  -1.274   0.901   0.646  -0.474   0.851   1.051   0.279   1.528
   1.021  -1.861   1.405   2.106  -1.939   1.498   0.670  -2.655   0.740   0.578
  -2.000   2.387   1.259  -0.231  -0.552   2.480  -0.178  -0.677   0.435  -0.095
  -1.603  -0.562  -0.167  -1.419   0.850   0.108  -2.994   1.417   1.042  -3.072
   1.477  -0.720  -3.323  -0.020   0.173  -3.643
  -3.531   1.524   1.069  -3.044   0.547   0.982  -3.358   0.051   0.066  -3.328
  -0.063   1.845  -1.547   0.737   0.923  -1.074   1.857   0.921  -0.787  -0.338
   0.936  -1.269  -1.223   0.968   0.666  -0.415   0.869   1.097   0.345   1.508
   1.043  -1.811   1.403   2.137  -1.896   1.481   0.690  -2.583   0.718   0.610
  -1.978   2.384   1.262  -0.196  -0.549   2.486  -0.174  -0.682   0.447  -0.006
  -1.597  -0.546  -0.079  -1.409   0.858   0.137  -2.985   1.429   1.051  -3.119
   1.479  -0.704  -3.293  -0.002   0.177  -3.637
  -3.533   1.486   1.117  -3.035   0.535   0.986  -3.335   0.057   0.058  -3.267
  -0.105   1.830  -1.534   0.748   0.941  -1.088   1.890   0.888  -0.749  -0.310
   0.972  -1.239  -1.181   1.029   0.713  -0.386   0.897   1.125   0.389   1.552
   1.094  -1.773   1.432   2.177  -1.846   1.506   0.719  -2.548   0.748   0.636
  -1.939   2.407   1.294  -0.167  -0.524   2.519  -0.192  -0.697   0.465   0.074
  -1.541  -0.517   0.099  -1.318   0.869   0.154  -2.954   1.496   1.052  -3.114
   1.425  -0.756  -3.226  -0.024   0.242  -3.586
  -3.534   1.460   1.108  -3.000   0.530   0.995  -3.305   0.018   0.072  -3.243
  -0.098   1.848  -1.505   0.775   0.965  -1.077   1.917   0.844  -0.716  -0.281
   1.020  -1.176  -1.176   1.097   0.739  -0.354   0.921   1.183   0.399   1.584
   1.126  -1.739   1.452   2.203  -1.784   1.562   0.810  -2.514   0.754   0.681
  -1.936   2.434   1.322  -0.137  -0.504   2.539  -0.238  -0.674   0.493   0.096
  -1.535  -0.496   0.147  -1.338   0.880   0.145  -2.940   1.457   1.055  -3.113
   1.508  -0.719  -3.165   0.007   0.163  -3.590
  -3.503   1.498   1.141  -2.994   0.541   1.020  -3.335   0.022   0.131  -3.220
  -0.042   1.905  -1.496   0.796   0.924  -1.056   1.948   0.822  -0.687  -0.257
   1.004  -1.165  -1.140   1.119   0.762  -0.332   0.940   1.185   0.432   1.605
   1.132  -1.734   1.467   2.229  -1.830   1.538   0.735  -2.492   0.773   0.728
  -1.872   2.479   1.353  -0.120  -0.490   2.570  -0.200  -0.679   0.525   0.168
  -1.506  -0.448   0.338  -1.276   0.860   0.159  -2.925   1.428   1.048  -3.166
   1.466  -0.708  -3.140  -0.052   0.112  -3.545
  -3.519   1.510   1.048  -2.976   0.556   1.010  -3.287  -0.036   0.126  -3.237
  -0.031   1.885  -1.493   0.821   0.941  -1.046   1.961   0.779  -0.681  -0.207
   1.056  -1.143  -1.086   1.219   0.792  -0.296   0.954   1.254   0.464   1.601
   1.141  -1.705   1.454   2.227  -1.896   1.386   0.628  -2.430   0.832   0.806
  -1.869   2.490   1.381  -0.077  -0.497   2.604  -0.225  -0.707   0.524   0.229
  -1.491  -0.444   0.376  -1.270   0.878   0.206  -2.921   1.480   1.072  -3.183
   1.430  -0.725  -3.114  -0.057   0.200  -3.530
  -3.519   1.506   0.943  -2.968   0.573   0.980  -3.278  -0.024   0.118  -3.177
   0.058   1.910  -1.475   0.851   0.918  -1.059   1.990   0.757  -0.652  -0.159
   1.098  -1.127  -1.037   1.280   0.808  -0.260   0.964   1.276   0.503   1.600
   1.144  -1.682   1.453   2.214  -1.845   1.484   0.673  -2.419   0.784   0.724
  -1.829   2.479   1.381  -0.063  -0.476   2.588  -0.228  -0.684   0.536   0.270
  -1.466  -0.423   0.414  -1.204   0.882   0.259  -2.904   1.527   1.107  -3.129
   1.387  -0.672  -3.142  -0.023   0.335  -3.513
  -3.493   1.525   0.902  -2.943   0.581   0.970  -3.202  -0.098   0.171  -3.175
   0.130   1.925  -1.463   0.884   0.929  -1.059   2.028   0.761  -0.640  -0.139
   1.099  -1.080  -1.025   1.280   0.806  -0.239   0.967   1.231   0.548   1.614
   1.163  -1.663   1.474   2.221  -1.797   1.446   0.667  -2.388   0.809   0.824
  -1.810   2.511   1.373  -0.046  -0.481   2.563  -0.277  -0.702   0.552   0.293
  -1.474  -0.411   0.476  -1.239   0.890   0.241  -2.902   1.602   1.023  -3.128
   1.348  -0.722  -3.182  -0.003   0.421  -3.505
  -3.442   1.558   0.818  -2.905   0.605   0.964  -3.154  -0.112   0.175  -3.160
   0.168   1.914  -1.415   0.924   0.932  -1.014   2.066   0.799  -0.584  -0.107
   1.134  -1.055  -0.959   1.411   0.852  -0.226   0.967   1.353   0.547   1.535
   1.192  -1.636   1.503   2.281  -1.808   1.481   0.720  -2.402   0.905   0.854
  -1.774   2.538   1.379  -0.055  -0.487   2.567  -0.291  -0.657   0.566   0.355
  -1.465  -0.400   0.532  -1.230   0.938   0.288  -2.885   1.638   1.072  -3.121
   1.427  -0.660  -3.100   0.051   0.379  -3.534
  -3.467   1.539   0.886  -2.876   0.613   0.946  -3.066  -0.008   0.076  -3.148
   0.042   1.820  -1.401   0.941   0.976  -1.001   2.091   0.808  -0.548  -0.052
   1.215  -1.013  -0.946   1.404   0.901  -0.168   1.000   1.403   0.547   1.621
   1.289  -1.566   1.540   2.382  -1.706   1.624   0.865  -2.380   0.928   0.912
  -1.729   2.544   1.415   0.002  -0.461   2.590  -0.268  -0.727   0.565   0.361
  -1.426  -0.379   0.555  -1.151   0.893   0.342  -2.848   1.596   1.150  -3.068
   1.372  -0.601  -3.118   0.006   0.454  -3.458
  -3.456   1.531   0.897  -2.859   0.621   0.939  -3.111  -0.026   0.089  -3.089
   0.087   1.864  -1.380   0.956   0.946  -0.992   2.084   0.721  -0.561  -0.060
   1.195  -1.041  -0.924   1.310   0.900  -0.129   1.012   1.363   0.635   1.622
   1.279  -1.523   1.543   2.373  -1.663   1.573   0.870  -2.315   0.938   0.986
  -1.620   2.586   1.413   0.009  -0.448   2.602  -0.213  -0.709   0.565   0.363
  -1.433  -0.382   0.539  -1.177   0.874   0.357  -2.849   1.548   1.194  -3.112
   1.370  -0.579  -3.095  -0.060   0.436  -3.397
  -3.424   1.549   0.934  -2.849   0.612   0.953  -3.048   0.110   0.012  -3.114
  -0.002   1.807  -1.356   0.938   0.964  -0.960   2.079   0.710  -0.522  -0.044
   1.190  -0.964  -0.917   1.412   0.922  -0.138   1.023   1.388   0.668   1.624
   1.355  -1.508   1.577   2.434  -1.598   1.589   0.948  -2.291   0.949   0.984
  -1.682   2.576   1.430   0.039  -0.437   2.625  -0.174  -0.666   0.578   0.362
  -1.421  -0.371   0.547  -1.174   0.864   0.349  -2.853   1.532   1.168  -3.143
   1.349  -0.627  -3.158  -0.036   0.449  -3.456
  -3.456   1.581   0.922  -2.862   0.659   0.898  -3.110   0.051   0.023  -3.125
   0.095   1.788  -1.372   0.986   0.918  -0.991   2.111   0.718  -0.535   0.002
   1.155  -0.978  -0.881   1.363   0.945  -0.090   1.035   1.427   0.675   1.634
   1.333  -1.454   1.627   2.405  -1.541   1.656   0.911  -2.232   0.976   0.947
  -1.538   2.652   1.446   0.029  -0.435   2.623  -0.224  -0.692   0.581   0.335
  -1.427  -0.375   0.511  -1.128   0.833   0.336  -2.862   1.553   1.129  -3.136
   1.225  -0.615  -3.170  -0.119   0.447  -3.418
  -3.413   1.492   0.815  -2.811   0.611   0.907  -3.011  -0.080   0.087  -3.038
   0.028   1.796  -1.363   0.995   0.958  -0.999   2.153   0.711  -0.508   0.024
   1.236  -0.954  -0.840   1.519   0.936  -0.063   1.035   1.392   0.762   1.623
   1.425  -1.409   1.675   2.507  -1.417   1.664   1.095  -2.287   1.132   1.098
  -1.470   2.722   1.424   0.032  -0.452   2.608  -0.209  -0.736   0.557   0.347
  -1.403  -0.351   0.652  -1.065   0.891   0.288  -2.851   1.558   1.091  -3.136
   1.339  -0.679  -3.143  -0.069   0.437  -3.401
  -3.340   1.609   1.006  -2.832   0.647   0.963  -3.058   0.103   0.087  -3.062
   0.077   1.878  -1.341   0.987   0.953  -0.970   2.129   0.710  -0.501   0.008
   1.254  -0.948  -0.870   1.434   0.968  -0.058   1.071   1.429   0.789   1.600
   1.409  -1.397   1.734   2.518  -1.403   1.785   1.155  -2.250   1.094   1.025
  -1.569   2.708   1.471   0.028  -0.410   2.647  -0.148  -0.690   0.560   0.358
  -1.344  -0.398   0.536  -1.070   0.841   0.304  -2.785   1.396   1.201  -3.103
   1.426  -0.578  -3.008  -0.093   0.278  -3.349
  -3.384   1.541   0.845  -2.795   0.632   0.960  -2.986   0.002   0.096  -3.050
   0.128   1.884  -1.344   0.993   0.971  -0.994   2.147   0.727  -0.490   0.025
   1.240  -0.922  -0.824   1.564   0.955  -0.060   1.070   1.468   0.710   1.635
   1.387  -1.436   1.698   2.435  -1.476   1.727   0.981  -2.305   1.125   0.999
  -1.531   2.729   1.469   0.037  -0.405   2.668  -0.169  -0.673   0.574   0.348
  -1.343  -0.387   0.393  -1.056   0.830   0.363  -2.747   1.414   1.230  -3.013
   1.397  -0.530  -3.003  -0.119   0.358  -3.310
  -3.351   1.474   0.646  -2.775   0.636   0.996  -2.981  -0.208   0.333  -3.104
   0.385   1.970  -1.317   1.015   0.984  -0.947   2.157   0.702  -0.475   0.031
   1.259  -0.942  -0.805   1.613   1.010  -0.044   1.094   1.512   0.763   1.616
   1.430  -1.388   1.718   2.514  -1.547   1.683   0.930  -2.171   1.175   1.096
  -1.421   2.727   1.497   0.087  -0.351   2.685  -0.153  -0.640   0.600   0.417
  -1.315  -0.332   0.663  -0.998   0.890   0.396  -2.750   1.577   1.194  -3.014
   1.354  -0.548  -3.034   0.005   0.556  -3.334
  -3.312   1.564   0.655  -2.766   0.699   1.007  -2.933  -0.110   0.343  -3.094
   0.505   2.031  -1.318   1.057   0.981  -0.952   2.197   0.698  -0.451   0.078
   1.250  -0.901  -0.807   1.427   0.996   0.037   1.121   1.420   0.907   1.638
   1.454  -1.302   1.760   2.553  -1.408   1.637   1.018  -2.146   1.227   1.214
  -1.290   2.818   1.482   0.120  -0.349   2.636  -0.196  -0.631   0.605   0.473
  -1.341  -0.300   0.772  -1.044   0.925   0.501  -2.755   1.677   1.276  -2.949
   1.341  -0.435  -3.103   0.040   0.782  -3.313
  -3.387   1.603   0.721  -2.774   0.719   0.943  -2.918  -0.130   0.301  -3.063
   0.369   1.934  -1.299   1.080   0.976  -0.905   2.192   0.650  -0.427   0.102
   1.248  -0.807  -0.761   1.547   1.026   0.036   1.072   1.463   0.836   1.659
   1.469  -1.277   1.764   2.560  -1.334   1.760   1.082  -2.165   1.249   1.120
  -1.330   2.809   1.535   0.077  -0.405   2.683  -0.258  -0.699   0.627   0.447
  -1.343  -0.294   0.708  -1.020   0.917   0.519  -2.736   1.612   1.347  -2.940
   1.403  -0.442  -3.072  -0.016   0.631  -3.338
  -3.319   1.581   0.712  -2.722   0.717   0.995  -2.930  -0.106   0.352  -3.023
   0.418   1.998  -1.278   1.095   0.988  -0.962   2.206   0.603  -0.366   0.207
   1.365  -0.723  -0.639   1.740   1.079   0.100   1.116   1.574   0.930   1.609
   1.514  -1.224   1.843   2.572  -1.330   1.913   1.112  -2.128   1.402   1.127
  -1.256   2.872   1.554   0.127  -0.375   2.678  -0.271  -0.645   0.704   0.509
  -1.353  -0.227   0.802  -1.052   0.921   0.508  -2.803   1.487   1.342  -3.161
   1.412  -0.441  -3.113  -0.059   0.527  -3.319
  -3.262   1.464   0.514  -2.662   0.669   1.019  -2.800  -0.325   0.584  -2.932
   0.653   2.055  -1.216   1.104   0.956  -0.950   2.228   0.512  -0.367   0.213
   1.391  -0.743  -0.677   1.721   1.095   0.174   1.164   1.539   1.016   1.661
   1.561  -1.133   1.842   2.641  -1.211   1.815   1.209  -2.010   1.302   1.214
  -1.241   2.854   1.552   0.188  -0.352   2.650  -0.262  -0.683   0.715   0.561
  -1.302  -0.199   0.863  -1.023   0.915   0.411  -2.747   1.351   1.340  -3.135
   1.648  -0.352  -2.999   0.010   0.239  -3.306
  -3.350   1.524   0.729  -2.703   0.684   0.997  -2.876  -0.196   0.400  -2.947
   0.414   2.029  -1.263   1.127   0.942  -0.915   2.227   0.514  -0.385   0.177
   1.281  -0.755  -0.673   1.679   1.047   0.118   1.102   1.445   0.986   1.640
   1.533  -1.135   1.830   2.641  -1.202   1.803   1.131  -2.020   1.353   1.170
  -1.062   2.873   1.550   0.174  -0.383   2.648  -0.243  -0.698   0.691   0.619
  -1.308  -0.139   1.128  -1.022   0.890   0.474  -2.755   1.441   1.361  -3.106
   1.470  -0.406  -3.032  -0.103   0.325  -3.241
  -3.426   1.548   0.889  -2.776   0.691   1.025  -2.912  -0.067   0.227  -2.925
   0.237   2.023  -1.312   1.121   0.948  -0.936   2.296   0.589  -0.457   0.148
   1.275  -0.832  -0.674   1.710   0.983   0.143   1.102   1.401   1.012   1.592
   1.486  -1.062   1.919   2.570  -1.113   1.919   1.031  -1.990   1.511   1.098
  -0.929   2.929   1.487   0.136  -0.371   2.609  -0.344  -0.651   0.690   0.628
  -1.338  -0.162   1.045  -1.025   0.915   0.546  -2.796   1.426   1.446  -3.144
   1.568  -0.299  -3.129  -0.057   0.443  -3.331
  -3.354   1.777   0.859  -2.805   0.816   1.006  -3.086   0.197   0.168  -3.035
   0.352   1.939  -1.337   1.135   0.956  -0.978   2.238   0.599  -0.497   0.165
   1.291  -0.909  -0.670   1.612   0.971   0.139   1.117   1.384   1.054   1.510
   1.516  -1.011   1.955   2.628  -0.907   2.069   1.150  -1.952   1.521   1.083
  -0.971   2.967   1.478   0.141  -0.382   2.585  -0.358  -0.640   0.681   0.613
  -1.352  -0.155   1.086  -1.045   0.960   0.527  -2.807   1.473   1.429  -3.198
   1.624  -0.346  -2.947   0.010   0.336  -3.321
  -3.347   1.724   0.856  -2.771   0.812   1.058  -2.974   0.046   0.316  -3.055
   0.480   2.063  -1.323   1.172   0.976  -0.968   2.279   0.550  -0.461   0.235
   1.292  -0.864  -0.608   1.619   1.000   0.128   1.070   1.406   1.052   1.415
   1.491  -1.009   1.950   2.593  -0.972   1.983   1.163  -1.976   1.608   1.101
  -0.847   2.954   1.493   0.099  -0.406   2.598  -0.382  -0.675   0.688   0.559
  -1.385  -0.136   1.053  -1.098   0.943   0.485  -2.798   1.535   1.386  -3.092
   1.470  -0.482  -3.016  -0.002   0.511  -3.355
  -3.424   1.738   1.050  -2.825   0.842   1.086  -3.128   0.173   0.262  -3.019
   0.425   2.060  -1.322   1.168   0.922  -0.978   2.272   0.545  -0.401   0.264
   1.300  -0.829  -0.557   1.725   1.067   0.183   1.111   1.614   1.042   1.548
   1.581  -1.001   1.920   2.665  -0.987   1.882   1.254  -1.947   1.490   1.328
  -0.928   2.993   1.476   0.074  -0.373   2.594  -0.347  -0.708   0.668   0.574
  -1.319  -0.233   0.922  -1.050   0.895   0.489  -2.780   1.709   1.150  -3.049
   1.266  -0.488  -3.081   0.086   0.796  -3.454
  -3.324   1.716   0.677  -2.761   0.847   0.990  -3.073   0.053   0.278  -3.096
   0.529   1.982  -1.274   1.156   0.952  -0.914   2.230   0.468  -0.390   0.243
   1.370  -0.771  -0.534   1.895   1.074   0.207   1.136   1.533   1.091   1.605
   1.609  -1.019   1.884   2.729  -0.939   1.945   1.213  -1.893   1.413   1.286
  -1.051   2.939   1.559   0.123  -0.384   2.680  -0.378  -0.608   0.730   0.542
  -1.370  -0.142   0.944  -1.092   0.991   0.480  -2.812   1.708   1.226  -3.073
   1.354  -0.489  -3.155   0.031   0.639  -3.395
  -3.298   1.599   0.829  -2.678   0.773   1.030  -2.855  -0.008   0.300  -2.870
   0.428   2.091  -1.242   1.175   0.922  -0.907   2.256   0.460  -0.373   0.291
   1.369  -0.755  -0.469   1.853   1.091   0.241   1.124   1.477   1.175   1.537
   1.634  -0.980   1.908   2.723  -0.955   1.891   1.291  -1.914   1.441   1.228
  -0.912   2.964   1.587   0.166  -0.384   2.670  -0.356  -0.652   0.800   0.655
  -1.357   0.022   1.244  -1.020   0.951   0.457  -2.853   1.678   1.106  -3.213
   1.309  -0.597  -2.990   0.013   0.607  -3.378
  -3.160   1.800   0.781  -2.653   0.873   1.005  -2.919   0.123   0.259  -2.993
   0.541   2.005  -1.197   1.152   0.911  -0.872   2.216   0.414  -0.293   0.254
   1.387  -0.675  -0.556   1.813   1.148   0.206   1.091   1.536   1.134   1.487
   1.708  -0.963   1.894   2.816  -0.948   1.876   1.272  -1.884   1.448   1.456
  -0.912   2.932   1.576   0.192  -0.394   2.636  -0.301  -0.773   0.737   0.681
  -1.308  -0.076   1.232  -1.015   0.923   0.492  -2.762   1.806   1.067  -3.074
   1.005  -0.577  -2.975   0.030   0.864  -3.276
  -3.273   1.803   0.899  -2.638   0.919   1.054  -2.875   0.116   0.278  -2.819
   0.493   2.007  -1.158   1.234   0.893  -0.902   2.286   0.366  -0.278   0.319
   1.377  -0.630  -0.450   1.899   1.191   0.288   1.115   1.597   1.217   1.501
   1.734  -0.909   1.921   2.827  -0.859   1.880   1.409  -1.865   1.542   1.495
  -0.839   2.983   1.606   0.280  -0.378   2.671  -0.256  -0.745   0.752   0.735
  -1.309  -0.093   1.168  -1.005   0.852   0.508  -2.722   1.738   0.986  -3.057
   0.963  -0.580  -2.875   0.011   0.934  -3.202
  -3.325   1.649   0.721  -2.646   0.867   1.052  -2.849  -0.001   0.440  -2.862
   0.610   2.101  -1.159   1.262   0.881  -0.934   2.321   0.313  -0.275   0.334
   1.314  -0.721  -0.528   1.636   1.189   0.244   1.123   1.610   1.147   1.583
   1.740  -0.989   1.853   2.832  -1.001   1.765   1.389  -1.881   1.346   1.454
  -0.995   2.913   1.647   0.231  -0.359   2.697  -0.301  -0.731   0.763   0.600
  -1.282  -0.152   0.912  -0.947   0.896   0.434  -2.734   1.641   1.072  -3.158
   1.112  -0.601  -2.972  -0.082   0.591  -3.212
  -3.326   1.615   0.758  -2.640   0.870   1.158  -2.889  -0.089   0.743  -2.761
   0.887   2.286  -1.191   1.223   0.903  -0.925   2.277   0.323  -0.267   0.354
   1.361  -0.682  -0.439   1.809   1.203   0.290   1.102   1.714   1.120   1.584
   1.660  -0.994   1.803   2.732  -0.915   1.983   1.403  -1.866   1.245   1.219
  -1.047   2.794   1.621   0.174  -0.449   2.726  -0.308  -0.772   0.741   0.602
  -1.326   0.029   1.173  -0.961   0.842   0.435  -2.800   1.641   1.031  -3.232
   0.951  -0.594  -2.935  -0.138   0.744  -3.247
  -3.255   1.662   1.003  -2.628   0.810   1.266  -2.918  -0.104   0.695  -2.758
   0.607   2.313  -1.180   1.187   0.980  -0.938   2.212   0.326  -0.239   0.306
   1.318  -0.606  -0.545   1.702   1.180   0.258   1.057   1.516   1.237   1.487
   1.702  -0.956   1.883   2.781  -1.111   1.954   1.345  -1.869   1.406   1.341
  -0.969   2.926   1.646   0.211  -0.412   2.739  -0.305  -0.756   0.845   0.663
  -1.347   0.060   1.153  -1.013   0.911   0.411  -2.774   1.741   0.986  -3.202
   1.028  -0.656  -3.009  -0.035   0.756  -3.212
  -3.333   1.709   0.995  -2.654   0.930   1.248  -2.959   0.001   0.727  -2.720
   0.773   2.346  -1.201   1.213   0.932  -0.881   2.242   0.357  -0.326   0.249
   1.301  -0.738  -0.604   1.624   1.118   0.252   1.069   1.490   1.182   1.471
   1.677  -0.948   1.885   2.774  -0.826   1.883   1.394  -1.867   1.369   1.299
  -0.988   2.988   1.595   0.245  -0.414   2.715  -0.182  -0.712   0.726   0.640
  -1.341  -0.133   1.130  -1.043   0.859   0.334  -2.785   1.842   0.674  -3.130
   0.799  -0.725  -2.858   0.084   0.831  -3.389
  -3.294   1.782   1.018  -2.702   0.887   1.175  -3.026   0.077   0.525  -2.711
   0.652   2.253  -1.241   1.236   0.899  -0.870   2.289   0.369  -0.373   0.294
   1.277  -0.831  -0.553   1.590   1.112   0.264   1.094   1.605   1.138   1.557
   1.646  -0.949   1.885   2.741  -0.933   1.879   1.310  -1.823   1.333   1.310
  -0.918   2.922   1.568   0.236  -0.381   2.646  -0.312  -0.648   0.717   0.617
  -1.339  -0.161   1.045  -1.076   0.851   0.336  -2.768   1.675   0.931  -3.161
   1.001  -0.762  -2.917  -0.028   0.605  -3.303
  -3.331   1.887   1.077  -2.702   0.988   1.162  -3.038   0.284   0.444  -2.878
   0.576   2.131  -1.244   1.246   0.904  -0.921   2.314   0.377  -0.348   0.319
   1.269  -0.682  -0.484   1.818   1.093   0.288   1.077   1.511   1.223   1.514
   1.586  -0.884   1.989   2.603  -1.127   1.828   1.081  -1.789   1.712   1.404
  -0.695   3.008   1.608   0.196  -0.368   2.724  -0.261  -0.685   0.753   0.543
  -1.322  -0.151   0.878  -0.989   0.927   0.339  -2.782   1.821   0.808  -3.151
   0.884  -0.747  -3.052   0.072   0.801  -3.280
  -3.191   1.852   1.076  -2.663   0.941   1.269  -3.074   0.111   0.652  -2.847
   0.732   2.288  -1.214   1.254   0.924  -0.938   2.304   0.306  -0.330   0.367
   1.312  -0.716  -0.445   1.820   1.132   0.396   1.107   1.602   1.295   1.466
   1.671  -0.851   1.877   2.754  -0.837   1.847   1.273  -1.783   1.433   1.312
  -0.794   2.950   1.634   0.221  -0.395   2.769  -0.298  -0.648   0.770   0.548
  -1.355  -0.107   0.933  -1.029   0.957   0.318  -2.757   1.847   0.884  -3.136
   1.043  -0.777  -2.923   0.046   0.676  -3.254
  -3.373   1.655   0.931  -2.635   0.866   1.182  -2.819   0.030   0.521  -2.837
   0.539   2.197  -1.213   1.321   0.975  -0.946   2.403   0.422  -0.313   0.407
   1.278  -0.724  -0.400   1.729   1.120   0.357   1.097   1.411   1.340   1.464
   1.611  -0.810   1.938   2.709  -0.833   2.035   1.392  -1.735   1.423   1.254
  -0.789   2.955   1.632   0.170  -0.351   2.737  -0.310  -0.625   0.815   0.578
  -1.339  -0.058   1.023  -1.047   0.968   0.384  -2.762   2.001   0.750  -3.036
   0.853  -0.684  -2.980   0.221   0.963  -3.257
  -3.256   1.680   0.743  -2.578   0.913   1.128  -2.758   0.053   0.535  -2.758
   0.750   2.191  -1.116   1.336   0.925  -0.951   2.423   0.395  -0.218   0.435
   1.272  -0.594  -0.390   1.663   1.247   0.468   1.146   1.712   1.360   1.526
   1.683  -0.745   2.069   2.729  -0.666   2.176   1.542  -1.680   1.554   1.256
  -0.663   3.108   1.659   0.219  -0.334   2.751  -0.291  -0.590   0.822   0.621
  -1.320  -0.059   1.088  -1.130   1.064   0.366  -2.715   2.055   0.831  -2.994
   1.040  -0.696  -2.839   0.287   0.901  -3.292
  -3.224   1.878   0.885  -2.670   0.965   1.088  -2.886   0.184   0.343  -2.828
   0.600   2.133  -1.228   1.342   0.901  -0.956   2.341   0.296  -0.272   0.473
   1.391  -0.616  -0.340   1.831   1.202   0.410   1.152   1.665   1.346   1.540
   1.700  -0.694   2.096   2.778  -0.673   2.178   1.476  -1.701   1.712   1.236
  -0.550   3.061   1.728   0.195  -0.343   2.851  -0.285  -0.550   0.862   0.565
  -1.332   0.150   1.172  -1.054   1.126   0.385  -2.732   2.211   0.613  -2.933
   0.924  -0.657  -2.985   0.443   0.990  -3.334
  -3.319   1.852   0.803  -2.650   0.987   1.102  -2.903   0.220   0.406  -2.874
   0.752   2.162  -1.183   1.326   0.913  -0.868   2.374   0.293  -0.286   0.448
   1.334  -0.753  -0.333   1.784   1.182   0.388   1.153   1.626   1.311   1.500
   1.696  -0.739   2.064   2.766  -0.720   2.066   1.396  -1.730   1.725   1.319
  -0.585   3.064   1.689   0.141  -0.303   2.802  -0.302  -0.572   0.850   0.538
  -1.277   0.012   0.991  -0.976   1.178   0.353  -2.699   2.247   0.473  -2.808
   0.785  -0.651  -2.960   0.593   1.121  -3.252
  -3.252   1.754   0.643  -2.612   0.921   1.016  -2.897   0.009   0.445  -2.907
   0.782   2.007  -1.136   1.341   0.925  -0.849   2.363   0.301  -0.296   0.409
   1.316  -0.741  -0.333   1.812   1.204   0.357   1.129   1.673   1.286   1.501
   1.711  -0.778   2.043   2.774  -0.649   2.124   1.541  -1.716   1.635   1.216
  -0.649   2.961   1.719   0.191  -0.326   2.843  -0.261  -0.589   0.868   0.532
  -1.298  -0.082   0.805  -1.042   1.139   0.429  -2.762   2.211   0.693  -2.905
   1.016  -0.611  -3.046   0.439   1.106  -3.315
  -3.217   1.555   0.619  -2.551   0.853   1.123  -2.729  -0.135   0.710  -2.685
   0.726   2.185  -1.137   1.321   0.882  -0.903   2.408   0.367  -0.242   0.388
   1.316  -0.678  -0.423   1.769   1.191   0.260   1.144   1.547   1.258   1.374
   1.742  -0.786   2.131   2.763  -0.521   2.317   1.621  -1.759   1.712   1.204
  -0.852   3.097   1.669   0.185  -0.328   2.864  -0.162  -0.513   0.837   0.545
  -1.356  -0.058   0.886  -1.100   1.155   0.442  -2.811   2.237   0.563  -2.953
   0.957  -0.610  -3.068   0.553   1.118  -3.393
  -3.110   1.600   0.439  -2.525   0.939   1.090  -2.655  -0.054   0.690  -2.887
   0.886   2.151  -1.089   1.319   0.950  -0.831   2.389   0.436  -0.146   0.447
   1.392  -0.542  -0.326   1.838   1.283   0.381   1.178   1.671   1.327   1.585
   1.791  -0.785   2.034   2.878  -0.670   2.202   1.724  -1.709   1.523   1.233
  -0.772   2.963   1.751   0.251  -0.325   2.873  -0.168  -0.595   0.816   0.495
  -1.264  -0.069   0.918  -0.976   1.176   0.397  -2.733   2.226   0.570  -2.853
   0.955  -0.668  -3.051   0.653   1.129  -3.390
  -3.222   1.654   0.767  -2.523   0.919   1.122  -2.795  -0.003   0.494  -2.763
   0.694   2.140  -1.107   1.362   0.918  -0.840   2.469   0.432  -0.152   0.558
   1.351  -0.577  -0.248   1.798   1.318   0.483   1.145   1.746   1.398   1.513
   1.800  -0.750   2.058   2.859  -0.848   1.984   1.343  -1.679   1.667   1.621
  -0.551   3.103   1.747   0.220  -0.297   2.901  -0.097  -0.602   0.875   0.452
  -1.301  -0.045   0.838  -1.099   1.220   0.315  -2.746   2.149   0.780  -2.918
   1.329  -0.677  -3.135   0.509   0.825  -3.395
  -3.199   1.786   1.048  -2.497   0.963   1.091  -2.783   0.229   0.372  -2.591
   0.560   2.090  -1.106   1.394   0.891  -0.846   2.478   0.367  -0.155   0.539
   1.337  -0.546  -0.243   1.844   1.310   0.403   1.130   1.766   1.322   1.508
   1.721  -0.850   2.002   2.787  -1.042   1.907   1.173  -1.707   1.703   1.423
  -0.620   3.013   1.749   0.251  -0.318   2.919  -0.099  -0.540   0.841   0.400
  -1.314  -0.072   0.863  -0.996   1.188   0.377  -2.735   1.973   1.078  -3.017
   1.596  -0.587  -3.032   0.294   0.519  -3.347
  -3.054   1.963   1.123  -2.516   1.031   1.012  -2.821   0.445   0.156  -2.672
   0.477   1.917  -1.015   1.409   0.836  -0.682   2.412   0.231  -0.165   0.553
   1.347  -0.641  -0.197   1.768   1.309   0.430   1.177   1.789   1.334   1.524
   1.755  -0.764   1.971   2.890  -0.982   1.903   1.225  -1.618   1.625   1.481
  -0.566   3.007   1.742   0.204  -0.294   2.916  -0.085  -0.549   0.841   0.274
  -1.305  -0.134   0.541  -1.018   1.187   0.301  -2.743   1.940   1.020  -3.012
   1.508  -0.680  -3.063   0.258   0.560  -3.313
  -2.973   2.128   1.052  -2.470   1.142   1.123  -2.925   0.505   0.334  -2.622
   0.758   2.152  -1.018   1.362   0.854  -0.729   2.397   0.268  -0.154   0.459
   1.310  -0.578  -0.228   1.927   1.259   0.361   1.142   1.699   1.240   1.574
   1.726  -0.801   2.004   2.848  -0.774   2.046   1.327  -1.738   1.602   1.369
  -0.746   3.005   1.751   0.180  -0.320   2.970  -0.158  -0.541   0.884   0.361
  -1.336  -0.052   0.599  -1.060   1.174   0.300  -2.776   1.824   1.226  -2.917
   1.785  -0.537  -2.986   0.294   0.311  -3.404
  -2.934   2.125   0.947  -2.543   1.117   1.040  -2.872   0.561   0.211  -2.710
   0.639   2.050  -1.060   1.431   0.900  -0.674   2.386   0.259  -0.225   0.465
   1.333  -0.576  -0.386   1.763   1.268   0.352   1.129   1.740   1.263   1.440
   1.708  -0.873   1.940   2.833  -0.960   1.928   1.254  -1.757   1.548   1.340
  -0.809   2.991   1.741   0.216  -0.350   2.927  -0.083  -0.584   0.851   0.327
  -1.350  -0.147   0.395  -1.031   1.138   0.294  -2.803   1.713   1.155  -3.179
   1.678  -0.605  -2.986   0.180   0.247  -3.318
  -2.941   2.167   0.835  -2.472   1.221   0.985  -2.836   0.545   0.209  -2.651
   0.776   2.029  -0.994   1.466   0.822  -0.585   2.524   0.423  -0.184   0.484
   1.224  -0.630  -0.335   1.599   1.247   0.361   1.093   1.700   1.229   1.564
   1.627  -0.914   1.872   2.651  -1.133   1.767   1.029  -1.716   1.500   1.297
  -0.796   2.932   1.707   0.154  -0.380   2.910  -0.055  -0.586   0.789   0.221
  -1.345  -0.161   0.428  -1.001   1.101   0.287  -2.795   1.745   1.173  -3.050
   1.607  -0.694  -2.998   0.173   0.539  -3.366
  -3.035   2.120   0.826  -2.454   1.260   0.998  -2.700   0.328   0.498  -2.585
   1.002   2.083  -0.975   1.499   0.835  -0.579   2.521   0.310  -0.216   0.446
   1.253  -0.680  -0.238   1.825   1.206   0.335   1.131   1.682   1.304   1.482
   1.685  -0.864   1.979   2.746  -0.978   1.892   1.167  -1.766   1.641   1.396
  -0.637   3.043   1.677   0.180  -0.359   2.842  -0.155  -0.642   0.814   0.328
  -1.397  -0.183   0.508  -1.149   1.127   0.275  -2.835   1.736   1.195  -3.098
   1.709  -0.630  -3.095   0.201   0.228  -3.423
  -2.992   2.261   1.034  -2.465   1.308   1.122  -2.856   0.590   0.413  -2.589
   0.817   2.082  -0.984   1.526   0.908  -0.587   2.545   0.358  -0.218   0.501
   1.275  -0.672  -0.264   1.727   1.225   0.332   1.087   1.694   1.249   1.613
   1.585  -0.816   2.008   2.706  -0.923   1.950   1.105  -1.708   1.725   1.245
  -0.524   3.008   1.664   0.128  -0.415   2.846  -0.201  -0.578   0.804   0.428
  -1.433  -0.102   0.794  -1.164   1.132   0.391  -2.865   1.702   1.301  -3.106
   1.686  -0.532  -3.028   0.173   0.347  -3.452
  -2.983   2.251   1.212  -2.495   1.314   1.110  -2.858   0.743   0.304  -2.594
   0.796   2.080  -1.034   1.503   0.845  -0.613   2.539   0.371  -0.188   0.532
   1.223  -0.658  -0.249   1.578   1.245   0.397   1.071   1.657   1.413   1.406
   1.621  -0.733   2.007   2.680  -0.819   1.965   1.205  -1.640   1.644   1.330
  -0.478   3.039   1.725   0.195  -0.384   2.819  -0.297  -0.701   0.831   0.432
  -1.329  -0.077   0.776  -1.028   1.086   0.377  -2.782   1.610   1.255  -3.129
   1.679  -0.490  -3.133   0.087   0.341  -3.306
  -3.079   2.180   1.454  -2.538   1.318   1.111  -2.924   0.944   0.195  -2.857
   0.589   1.832  -1.010   1.548   0.949  -0.659   2.569   0.385  -0.161   0.554
   1.308  -0.622  -0.266   1.697   1.299   0.462   1.089   1.774   1.389   1.518
   1.596  -0.679   2.027   2.647  -0.890   2.213   1.048  -1.568   1.735   1.239
  -0.389   3.018   1.735   0.213  -0.394   2.836  -0.267  -0.625   0.865   0.496
  -1.384   0.008   0.982  -1.078   1.136   0.414  -2.772   1.662   1.291  -3.099
   1.749  -0.423  -2.983   0.197   0.358  -3.314
  -3.036   2.223   1.330  -2.501   1.323   1.163  -2.807   0.883   0.182  -2.700
   0.477   1.880  -0.998   1.627   1.000  -0.666   2.648   0.431  -0.233   0.571
   1.227  -0.612  -0.297   1.559   1.264   0.445   1.102   1.586   1.435   1.415
   1.634  -0.646   2.125   2.730  -0.789   2.181   1.126  -1.583   1.806   1.355
  -0.371   3.171   1.752   0.204  -0.298   2.834  -0.403  -0.503   0.949   0.581
  -1.318   0.033   0.969  -1.124   1.136   0.377  -2.751   1.814   1.129  -3.154
   1.624  -0.639  -2.861   0.156   0.317  -3.260
  -2.788   2.239   1.791  -2.430   1.394   1.195  -3.012   1.321   0.233  -2.593
   0.423   1.693  -0.970   1.655   0.905  -0.632   2.722   0.539  -0.182   0.667
   1.267  -0.633  -0.195   1.560   1.270   0.577   1.173   1.697   1.513   1.437
   1.679  -0.594   2.086   2.765  -0.744   2.074   1.154  -1.485   1.689   1.456
  -0.313   3.156   1.811   0.290  -0.285   2.857  -0.282  -0.464   0.954   0.568
  -1.277   0.099   1.011  -1.005   1.177   0.355  -2.756   1.707   1.167  -3.196
   1.774  -0.567  -2.887   0.264   0.390  -3.269
  -2.914   1.934   1.953  -2.440   1.405   1.127  -2.969   1.576   0.130  -2.557
   0.363   1.481  -0.914   1.626   0.998  -0.501   2.671   0.573  -0.105   0.707
   1.341  -0.503  -0.172   1.577   1.322   0.553   1.129   1.702   1.495   1.505
   1.790  -0.552   2.122   2.858  -0.597   2.016   1.335  -1.462   1.710   1.432
  -0.490   3.170   1.726   0.316  -0.367   2.809  -0.186  -0.637   0.829   0.595
  -1.330   0.006   1.152  -1.077   1.143   0.385  -2.754   1.771   1.240  -3.168
   1.632  -0.565  -2.948   0.236   0.330  -3.332
  -2.826   2.186   1.882  -2.467   1.445   1.155  -2.962   1.575   0.206  -2.775
   0.434   1.558  -1.017   1.642   1.025  -0.569   2.696   0.463  -0.217   0.634
   1.331  -0.640  -0.116   1.702   1.213   0.532   1.128   1.634   1.501   1.457
   1.818  -0.509   2.077   2.861  -0.348   2.125   1.472  -1.526   1.874   1.558
  -0.451   3.177   1.627   0.337  -0.380   2.715  -0.129  -0.618   0.795   0.627
  -1.400  -0.097   1.038  -1.140   1.104   0.424  -2.840   1.642   1.311  -3.115
   1.713  -0.397  -3.090   0.180   0.336  -3.409
  -2.749   2.005   2.106  -2.418   1.352   1.255  -2.928   1.640   0.268  -2.616
   0.284   1.468  -1.017   1.661   1.034  -0.645   2.701   0.546  -0.202   0.669
   1.335  -0.681  -0.141   1.689   1.272   0.613   1.091   1.737   1.578   1.366
   1.801  -0.475   2.017   2.862  -0.618   1.985   1.349  -1.485   1.617   1.539
  -0.277   3.074   1.709   0.388  -0.371   2.757  -0.157  -0.504   0.841   0.570
  -1.404  -0.063   1.000  -1.180   1.170   0.431  -2.836   1.556   1.413  -3.228
   1.791  -0.493  -3.026   0.206   0.282  -3.252
  -2.807   2.338   1.864  -2.463   1.523   1.287  -2.900   1.561   0.251  -2.722
   0.514   1.740  -1.042   1.662   1.103  -0.663   2.743   0.612  -0.242   0.642
   1.422  -0.699  -0.180   1.780   1.189   0.550   1.146   1.490   1.517   1.410
   1.814  -0.431   2.119   2.898  -0.567   2.134   1.435  -1.426   1.887   1.483
  -0.153   3.138   1.644   0.321  -0.302   2.820  -0.013  -0.531   0.799   0.569
  -1.310  -0.193   0.717  -1.078   1.195   0.509  -2.740   1.628   1.392  -3.008
   1.945  -0.304  -2.763   0.517   0.118  -3.382
  -2.793   2.032   2.174  -2.607   1.359   1.311  -3.167   1.724   0.350  -2.784
   0.319   1.613  -1.118   1.589   1.053  -0.623   2.649   0.657  -0.247   0.600
   1.382  -0.657  -0.216   1.856   1.208   0.606   1.176   1.505   1.572   1.469
   1.789  -0.440   2.171   2.869  -0.442   2.257   1.492  -1.476   1.874   1.467
  -0.157   3.188   1.690   0.387  -0.273   2.856   0.131  -0.524   0.767   0.425
  -1.261  -0.169   0.707  -1.061   1.204   0.429  -2.656   1.567   1.426  -2.938
   1.978  -0.375  -2.800   0.357   0.097  -3.327
  -2.757   1.970   2.184  -2.564   1.348   1.367  -3.324   1.647   0.632  -2.885
   0.387   1.555  -1.162   1.552   0.961  -0.744   2.626   0.517  -0.292   0.612
   1.414  -0.697  -0.178   1.963   1.157   0.666   1.267   1.471   1.732   1.436
   1.755  -0.325   2.269   2.835  -0.273   2.304   1.514  -1.279   1.873   1.471
  -0.234   3.286   1.681   0.419  -0.210   2.851   0.135  -0.466   0.816   0.440
  -1.228  -0.137   0.657  -0.915   1.206   0.294  -2.606   1.773   1.229  -2.902
   1.803  -0.588  -2.840   0.385   0.223  -3.276
  -2.924   1.739   2.255  -2.628   1.340   1.303  -3.184   1.776   0.479  -2.789
   0.240   1.299  -1.117   1.577   1.051  -0.770   2.694   0.591  -0.266   0.604
   1.331  -0.650  -0.207   1.792   1.162   0.619   1.223   1.484   1.688   1.446
   1.763  -0.510   2.098   2.801  -0.330   2.351   1.495  -1.511   1.588   1.220
  -0.413   3.033   1.690   0.446  -0.235   2.866   0.202  -0.471   0.814   0.426
  -1.269  -0.171   0.535  -0.945   1.130   0.346  -2.657   1.673   1.228  -2.991
   1.763  -0.513  -2.845   0.222   0.327  -3.221
  -2.947   1.469   2.228  -2.556   1.281   1.216  -3.148   2.058   0.648  -2.792
   0.264   0.901  -1.118   1.666   1.011  -0.751   2.702   0.503  -0.257   0.671
   1.391  -0.627  -0.022   2.017   1.207   0.648   1.217   1.652   1.629   1.440
   1.753  -0.452   2.077   2.819  -0.240   2.362   1.664  -1.407   1.529   1.222
  -0.512   2.975   1.683   0.402  -0.225   2.908   0.107  -0.479   0.799   0.513
  -1.233  -0.190   0.676  -0.990   1.194   0.246  -2.660   1.807   1.033  -3.056
   1.619  -0.779  -2.802   0.294   0.176  -3.312
  -2.729   1.438   2.420  -2.610   1.450   1.336  -3.163   2.290   0.847  -2.901
   0.508   0.815  -1.089   1.637   1.014  -0.738   2.658   0.464  -0.198   0.710
   1.405  -0.575  -0.018   2.107   1.255   0.638   1.197   1.637   1.629   1.567
   1.754  -0.562   2.117   2.753  -0.293   2.413   1.760  -1.486   1.544   1.174
  -0.805   3.048   1.656   0.442  -0.256   2.836   0.238  -0.500   0.772   0.534
  -1.226  -0.198   0.729  -0.900   1.068   0.387  -2.645   1.678   1.240  -3.011
   1.560  -0.561  -2.845   0.175   0.432  -3.301
  -2.530   1.125   2.398  -2.454   1.368   1.308  -3.107   2.168   0.967  -2.725
   0.505   0.672  -1.031   1.638   1.018  -0.669   2.687   0.473  -0.189   0.769
   1.427  -0.629  -0.011   1.852   1.256   0.691   1.257   1.693   1.635   1.584
   1.734  -0.483   2.082   2.833  -0.451   2.146   1.330  -1.390   1.588   1.316
  -0.438   3.094   1.730   0.505  -0.226   2.919   0.416  -0.577   0.802   0.515
  -1.210  -0.210   0.642  -0.947   1.125   0.373  -2.614   1.641   1.238  -2.963
   1.650  -0.612  -2.734   0.175   0.338  -3.138
  -2.620   1.061   2.483  -2.528   1.368   1.423  -3.105   2.271   1.123  -2.774
   0.528   0.764  -1.060   1.632   1.022  -0.809   2.631   0.286  -0.160   0.770
   1.377  -0.534  -0.001   1.929   1.241   0.731   1.216   1.541   1.692   1.621
   1.722  -0.390   2.078   2.825  -0.494   2.086   1.212  -1.329   1.793   1.481
  -0.159   3.118   1.704   0.594  -0.259   2.911   0.396  -0.597   0.831   0.543
  -1.178  -0.126   0.673  -0.817   1.070   0.429  -2.577   1.583   1.326  -2.860
   1.719  -0.441  -2.806   0.112   0.391  -3.108
  -2.562   1.293   2.308  -2.484   1.534   1.242  -3.123   2.356   1.004  -2.857
   0.652   0.668  -0.980   1.754   0.948  -0.658   2.753   0.246  -0.119   0.836
   1.386  -0.567   0.110   1.920   1.349   0.643   1.192   1.815   1.566   1.505
   1.797  -0.528   2.146   2.893  -0.507   2.291   1.650  -1.461   1.597   1.290
  -0.530   3.109   1.822   0.507  -0.270   2.964   0.476  -0.531   0.872   0.579
  -1.194  -0.059   0.710  -0.745   1.094   0.440  -2.673   1.469   1.368  -2.958
   1.755  -0.413  -2.965   0.186   0.337  -3.097
  -2.521   1.165   2.320  -2.365   1.426   1.231  -3.029   2.285   0.935  -2.559
   0.469   0.731  -0.960   1.781   0.886  -0.587   2.666   0.124  -0.080   0.857
   1.341  -0.485   0.132   1.823   1.445   0.741   1.185   1.887   1.611   1.613
   1.913  -0.417   1.967   2.969  -0.475   2.172   1.482  -1.321   1.519   1.277
  -0.421   2.945   1.890   0.673  -0.248   3.044   0.502  -0.489   0.963   0.563
  -1.225  -0.017   0.508  -0.941   1.217   0.346  -2.663   1.447   1.273  -3.174
   2.048  -0.283  -2.729   0.359  -0.117  -3.124
  -2.493   1.316   2.233  -2.464   1.396   1.145  -3.062   2.242   0.949  -2.917
   0.571   0.631  -0.979   1.643   0.838  -0.711   2.603   0.057  -0.082   0.860
   1.408  -0.575   0.206   2.015   1.407   0.802   1.211   1.854   1.621   1.742
   1.853  -0.454   2.032   2.930  -0.551   1.993   1.392  -1.309   1.641   1.705
  -0.280   3.073   1.899   0.656  -0.228   3.121   0.589  -0.505   0.998   0.563
  -1.170   0.000   0.562  -0.877   1.132   0.432  -2.689   1.857   1.195  -3.008
   1.631  -0.550  -2.933   0.127   0.472  -3.070
  -2.597   1.451   2.286  -2.452   1.345   1.221  -3.182   1.890   0.625  -2.525
   0.278   1.009  -1.020   1.729   0.862  -0.805   2.600   0.027  -0.069   0.900
   1.276  -0.419   0.097   1.777   1.390   0.822   1.244   1.824   1.691   1.658
   1.912  -0.409   2.129   2.998  -0.495   2.042   1.437  -1.332   1.866   1.707
  -0.264   3.153   1.926   0.666  -0.202   3.077   0.461  -0.443   1.079   0.776
  -1.247   0.138   0.793  -0.904   1.257   0.453  -2.650   2.177   0.967  -3.013
   1.447  -0.658  -2.642   0.313   0.755  -3.182
  -2.500   1.542   2.355  -2.423   1.295   1.243  -3.223   1.851   0.711  -2.582
   0.214   1.150  -1.045   1.613   0.833  -0.851   2.559   0.059  -0.068   0.795
   1.299  -0.359  -0.076   1.787   1.359   0.850   1.215   1.684   1.791   1.599
   1.795  -0.284   2.039   2.843  -0.271   1.968   1.496  -1.254   1.716   1.582
  -0.038   3.079   1.896   0.684  -0.254   3.056   0.341  -0.385   1.061   0.840
  -1.294   0.148   1.076  -1.023   1.306   0.403  -2.672   2.221   0.838  -3.129
   1.403  -0.707  -2.809   0.446   0.662  -3.289
  -2.470   1.574   2.350  -2.411   1.322   1.276  -3.027   1.849   0.544  -2.602
   0.204   1.114  -0.999   1.678   0.941  -0.774   2.608   0.195  -0.028   0.871
   1.377  -0.412   0.209   1.993   1.430   0.813   1.229   1.978   1.663   1.733
   1.820  -0.402   2.122   2.862  -0.568   2.150   1.312  -1.211   1.561   1.349
  -0.381   3.101   1.929   0.660  -0.198   3.095   0.356  -0.361   1.016   0.625
  -1.160   0.095   1.035  -0.986   1.368   0.304  -2.619   2.111   1.009  -3.037
   1.827  -0.625  -2.614   0.481   0.311  -3.199
  -2.563   1.322   2.322  -2.389   1.387   1.289  -3.092   2.115   0.900  -2.538
   0.418   0.836  -0.964   1.726   0.914  -0.733   2.606   0.110  -0.043   0.965
   1.455  -0.428   0.449   2.212   1.449   0.766   1.257   1.946   1.642   1.656
   1.832  -0.479   2.101   2.897  -0.703   1.901   1.197  -1.367   1.890   1.659
  -0.218   3.073   1.936   0.541  -0.198   3.137   0.450  -0.391   0.991   0.638
  -1.151   0.069   0.939  -0.875   1.395   0.413  -2.539   1.897   1.297  -2.971
   2.155  -0.356  -2.578   0.491   0.188  -3.138
  -2.709   1.661   2.204  -2.438   1.367   1.238  -3.051   1.970   0.578  -2.553
   0.255   1.018  -0.997   1.667   0.918  -0.745   2.513   0.040  -0.078   0.892
   1.534  -0.394   0.234   2.228   1.418   0.830   1.311   1.912   1.778   1.671
   1.903  -0.308   2.135   3.019  -0.508   1.979   1.166  -1.223   1.958   1.826
   0.063   3.204   1.921   0.615  -0.139   3.094   0.398  -0.395   1.017   0.544
  -1.121   0.036   0.790  -0.919   1.394   0.537  -2.533   1.820   1.471  -2.811
   2.269  -0.136  -2.702   0.721   0.127  -3.206
  -2.680   1.530   2.283  -2.381   1.467   1.270  -2.989   2.158   0.649  -2.767
   0.472   1.012  -0.991   1.572   0.943  -0.676   2.490   0.203  -0.035   0.791
   1.509  -0.359   0.017   2.059   1.352   0.798   1.268   1.846   1.728   1.633
   1.857  -0.410   2.055   2.916  -0.676   1.887   1.435  -1.355   1.738   1.590
  -0.210   3.010   1.899   0.556  -0.157   3.068   0.300  -0.314   1.018   0.625
  -1.170   0.077   0.590  -0.811   1.295   0.520  -2.621   1.757   1.443  -3.043
   1.978  -0.338  -2.828   0.353   0.303  -3.165
  -2.705   1.602   2.256  -2.366   1.438   1.161  -2.820   2.087   0.415  -2.643
   0.430   0.887  -0.923   1.736   1.015  -0.626   2.589   0.236  -0.037   0.848
   1.473  -0.415   0.025   1.906   1.438   0.742   1.284   1.914   1.607   1.633
   1.980  -0.298   2.276   3.026  -0.576   2.129   1.329  -1.197   2.140   1.849
   0.025   3.325   1.938   0.573  -0.193   3.179   0.318  -0.412   1.066   0.718
  -1.219   0.164   0.948  -0.899   1.308   0.439  -2.601   1.960   1.140  -3.132
   1.757  -0.529  -2.674   0.359   0.373  -3.158
  -2.597   1.475   2.151  -2.308   1.426   1.142  -3.040   2.104   0.603  -2.590
   0.474   0.793  -0.926   1.676   0.831  -0.674   2.705   0.221  -0.078   0.888
   1.384  -0.454   0.155   1.916   1.418   0.760   1.251   1.882   1.746   1.564
   1.795  -0.335   2.230   2.908  -0.501   2.223   1.353  -1.325   2.008   1.483
  -0.022   3.238   1.957   0.609  -0.211   3.136   0.264  -0.425   1.112   0.764
  -1.217   0.134   0.992  -1.041   1.355   0.414  -2.602   1.969   1.102  -2.998
   1.811  -0.556  -2.558   0.424   0.315  -3.164
  -2.669   1.942   1.951  -2.360   1.407   1.104  -2.984   1.720   0.221  -2.478
   0.323   1.330  -0.886   1.775   0.843  -0.635   2.780   0.211  -0.090   0.919
   1.453  -0.563   0.179   1.926   1.459   0.852   1.342   1.871   1.789   1.694
   1.818  -0.356   2.231   2.867  -0.597   2.198   1.246  -1.236   1.857   1.515
  -0.072   3.270   1.975   0.635  -0.096   3.119   0.202  -0.273   1.113   0.774
  -1.147   0.244   1.272  -0.894   1.372   0.376  -2.494   2.229   0.925  -2.899
   1.723  -0.667  -2.434   0.603   0.547  -3.201
  -2.739   1.715   2.088  -2.352   1.311   1.183  -2.907   1.760   0.373  -2.308
   0.202   1.206  -0.895   1.770   1.011  -0.611   2.776   0.411  -0.038   0.884
   1.538  -0.535   0.235   2.097   1.413   0.870   1.369   1.850   1.725   1.839
   1.803  -0.341   2.241   2.910  -0.363   2.489   1.363  -1.222   1.859   1.246
  -0.152   3.182   1.986   0.656  -0.105   3.178   0.236  -0.286   1.115   0.772
  -1.101   0.160   1.086  -0.737   1.285   0.501  -2.476   2.058   1.019  -2.873
   1.570  -0.567  -2.556   0.402   0.619  -3.097
