default_name                                                                    
  -3.658   1.102   0.698  -2.735   1.222   1.259  -2.893   0.947   2.303  -2.395
   2.262   1.206  -1.669   0.339   0.673  -1.926  -0.393  -0.285  -0.480   0.374
   1.273  -0.404   1.000   2.056   0.713  -0.431   0.945   1.487  -0.100   1.642
   0.439  -1.909   1.271   1.363  -2.475   1.222  -0.264  -2.331   0.551   0.012
  -1.995   2.270   1.321  -0.213  -0.462   2.233  -0.944  -0.869   0.869   0.811
  -1.201   0.118   1.362  -0.812   1.323   1.152  -2.549   2.385   1.369  -2.530
   1.156   0.320  -3.230   0.776   2.022  -2.924
  -3.635   1.178   0.630  -2.737   1.246   1.234  -2.926   0.981   2.271  -2.387
   2.272   1.189  -1.676   0.330   0.667  -1.934  -0.388  -0.301  -0.491   0.357
   1.274  -0.385   1.013   2.039   0.705  -0.439   0.938   1.455  -0.112   1.648
   0.445  -1.910   1.267   1.391  -2.458   1.208  -0.272  -2.345   0.555   0.038
  -1.991   2.283   1.330  -0.207  -0.465   2.229  -0.946  -0.883   0.882   0.819
  -1.204   0.147   1.381  -0.803   1.318   1.153  -2.557   2.378   1.398  -2.560
   1.128   0.304  -3.237   0.750   2.016  -2.923
  -3.630   1.202   0.581  -2.739   1.254   1.216  -3.016   0.920   2.220  -2.358
   2.282   1.246  -1.667   0.328   0.661  -1.928  -0.400  -0.300  -0.481   0.352
   1.282  -0.386   1.004   2.045   0.707  -0.438   0.943   1.479  -0.086   1.631
   0.468  -1.927   1.262   1.414  -2.467   1.259  -0.220  -2.352   0.532   0.043
  -1.986   2.265   1.319  -0.198  -0.469   2.203  -0.947  -0.881   0.882   0.827
  -1.195   0.180   1.432  -0.775   1.327   1.154  -2.548   2.413   1.332  -2.560
   1.109   0.311  -3.201   0.813   2.045  -2.904
  -3.563   1.257   0.527  -2.711   1.255   1.208  -3.001   0.925   2.199  -2.297
   2.268   1.231  -1.659   0.325   0.666  -1.937  -0.416  -0.277  -0.487   0.344
   1.292  -0.394   0.983   2.068   0.716  -0.431   0.942   1.494  -0.078   1.607
   0.497  -1.915   1.295   1.432  -2.454   1.253  -0.204  -2.360   0.586   0.093
  -1.987   2.304   1.316  -0.193  -0.473   2.204  -0.948  -0.900   0.877   0.847
  -1.188   0.167   1.407  -0.758   1.284   1.165  -2.553   2.363   1.370  -2.561
   1.086   0.329  -3.223   0.745   2.043  -2.919
  -3.612   1.198   0.559  -2.734   1.241   1.196  -3.013   0.940   2.217  -2.331
   2.267   1.238  -1.661   0.303   0.665  -1.885  -0.432  -0.292  -0.482   0.364
   1.292  -0.423   1.002   2.063   0.715  -0.411   0.945   1.500  -0.092   1.620
   0.497  -1.894   1.292   1.453  -2.436   1.241  -0.152  -2.354   0.555   0.098
  -1.987   2.313   1.317  -0.177  -0.469   2.192  -0.934  -0.882   0.871   0.861
  -1.205   0.141   1.445  -0.821   1.286   1.158  -2.581   2.359   1.372  -2.595
   1.068   0.292  -3.236   0.777   2.036  -2.968
  -3.622   1.117   0.615  -2.715   1.263   1.178  -2.911   1.072   2.227  -2.370
   2.303   1.051  -1.662   0.308   0.681  -1.893  -0.440  -0.274  -0.480   0.381
   1.297  -0.424   1.049   2.044   0.720  -0.397   0.980   1.470  -0.009   1.667
   0.534  -1.891   1.325   1.479  -2.443   1.247  -0.185  -2.351   0.643   0.170
  -1.995   2.337   1.305  -0.169  -0.468   2.196  -0.930  -0.878   0.831   0.823
  -1.237   0.146   1.418  -0.817   1.273   1.156  -2.584   2.351   1.364  -2.590
   1.092   0.310  -3.251   0.724   2.037  -2.953
  -3.636   1.147   0.629  -2.702   1.253   1.191  -2.870   1.047   2.241  -2.318
   2.264   1.032  -1.654   0.295   0.686  -1.910  -0.452  -0.247  -0.482   0.352
   1.305  -0.402   1.010   2.089   0.734  -0.383   0.954   1.512  -0.005   1.605
   0.523  -1.869   1.340   1.452  -2.422   1.225  -0.200  -2.327   0.660   0.228
  -1.958   2.395   1.300  -0.166  -0.474   2.201  -0.906  -0.882   0.828   0.842
  -1.240   0.095   1.412  -0.861   1.315   1.157  -2.593   2.353   1.421  -2.541
   1.150   0.283  -3.228   0.762   1.996  -2.994
  -3.658   1.100   0.713  -2.722   1.238   1.223  -2.842   1.136   2.306  -2.378
   2.248   1.031  -1.681   0.273   0.694  -1.956  -0.466  -0.251  -0.503   0.323
   1.314  -0.471   0.957   2.108   0.728  -0.397   0.957   1.531  -0.034   1.608
   0.517  -1.871   1.329   1.460  -2.441   1.225  -0.245  -2.323   0.710   0.267
  -1.932   2.396   1.283  -0.174  -0.468   2.184  -0.927  -0.857   0.819   0.834
  -1.228   0.098   1.417  -0.796   1.319   1.168  -2.554   2.416   1.359  -2.556
   1.080   0.358  -3.249   0.811   2.054  -2.935
  -3.720   1.071   0.718  -2.769   1.218   1.230  -2.895   1.059   2.290  -2.498
   2.273   1.051  -1.703   0.277   0.704  -1.923  -0.469  -0.237  -0.522   0.367
   1.310  -0.399   1.029   2.058   0.701  -0.368   0.958   1.492  -0.007   1.619
   0.495  -1.858   1.323   1.414  -2.410   1.161  -0.245  -2.326   0.706   0.179
  -1.964   2.369   1.269  -0.165  -0.468   2.148  -0.918  -0.878   0.814   0.848
  -1.223   0.063   1.415  -0.856   1.313   1.157  -2.568   2.368   1.284  -2.510
   1.036   0.331  -3.233   0.847   2.076  -2.948
  -3.725   1.041   0.662  -2.793   1.231   1.221  -2.956   1.110   2.287  -2.495
   2.246   0.993  -1.710   0.310   0.706  -1.970  -0.452  -0.239  -0.525   0.385
   1.294  -0.440   1.076   2.030   0.677  -0.403   0.976   1.491   0.007   1.598
   0.501  -1.885   1.392   1.458  -2.416   1.297  -0.233  -2.390   0.793   0.204
  -1.921   2.435   1.221  -0.215  -0.459   2.148  -0.917  -0.871   0.762   0.789
  -1.243   0.040   1.389  -0.839   1.272   1.133  -2.567   2.358   1.199  -2.550
   0.965   0.353  -3.294   0.855   2.097  -2.869
  -3.742   1.160   0.694  -2.796   1.275   1.217  -2.989   1.085   2.270  -2.431
   2.312   1.104  -1.728   0.311   0.725  -1.962  -0.459  -0.204  -0.542   0.386
   1.308  -0.409   1.123   1.961   0.671  -0.387   0.972   1.484  -0.007   1.602
   0.479  -1.859   1.389   1.407  -2.411   1.198  -0.287  -2.326   0.790   0.215
  -1.905   2.452   1.221  -0.233  -0.470   2.111  -0.994  -0.885   0.771   0.772
  -1.250   0.072   1.361  -0.891   1.316   1.103  -2.557   2.404   1.134  -2.582
   0.981   0.344  -3.301   0.927   2.055  -2.900
  -3.764   0.990   0.612  -2.843   1.209   1.201  -3.051   0.973   2.256  -2.516
   2.246   1.103  -1.743   0.301   0.690  -1.991  -0.440  -0.266  -0.545   0.354
   1.300  -0.438   0.929   2.111   0.677  -0.378   0.946   1.446   0.091   1.539
   0.546  -1.863   1.382   1.478  -2.384   1.159  -0.266  -2.328   0.869   0.411
  -1.918   2.459   1.242  -0.198  -0.472   2.133  -0.956  -0.895   0.784   0.786
  -1.244  -0.030   1.289  -0.885   1.290   1.118  -2.575   2.394   1.168  -2.564
   0.951   0.381  -3.315   0.888   2.118  -2.856
  -3.788   1.059   0.708  -2.838   1.202   1.224  -2.962   0.990   2.278  -2.469
   2.203   1.125  -1.763   0.278   0.704  -1.984  -0.447  -0.260  -0.585   0.325
   1.324  -0.501   0.941   2.119   0.676  -0.390   0.952   1.482  -0.008   1.583
   0.584  -1.845   1.409   1.530  -2.389   1.172  -0.212  -2.325   0.883   0.459
  -1.854   2.475   1.260  -0.217  -0.480   2.131  -0.977  -0.877   0.743   0.763
  -1.250   0.014   1.326  -0.833   1.276   1.121  -2.589   2.353   1.241  -2.521
   0.995   0.367  -3.326   0.810   2.078  -2.909
  -3.740   1.171   0.631  -2.832   1.256   1.240  -3.028   1.015   2.302  -2.474
   2.302   1.124  -1.732   0.340   0.694  -1.942  -0.424  -0.235  -0.584   0.352
   1.358  -0.444   1.075   2.017   0.656  -0.398   0.964   1.446   0.070   1.562
   0.537  -1.878   1.377   1.487  -2.344   1.283  -0.154  -2.444   0.772   0.322
  -1.953   2.468   1.224  -0.212  -0.487   2.135  -0.934  -0.880   0.703   0.757
  -1.258  -0.039   1.332  -0.875   1.259   1.111  -2.577   2.338   1.219  -2.506
   1.100   0.343  -3.317   0.808   2.057  -2.912
  -3.772   1.113   0.542  -2.871   1.234   1.176  -3.175   0.960   2.178  -2.493
   2.252   1.176  -1.745   0.306   0.681  -1.932  -0.422  -0.285  -0.578   0.340
   1.332  -0.525   0.942   2.140   0.682  -0.371   1.000   1.453   0.083   1.635
   0.579  -1.837   1.436   1.527  -2.350   1.346  -0.228  -2.392   0.940   0.322
  -1.857   2.512   1.202  -0.243  -0.459   2.159  -0.926  -0.856   0.655   0.681
  -1.219  -0.086   1.228  -0.841   1.167   1.093  -2.531   2.238   1.162  -2.544
   0.849   0.338  -3.241   0.759   2.055  -2.853
  -3.716   1.126   0.483  -2.846   1.200   1.140  -3.118   1.043   2.193  -2.490
   2.226   1.011  -1.778   0.232   0.687  -1.955  -0.515  -0.269  -0.610   0.301
   1.351  -0.577   0.941   2.137   0.655  -0.404   1.006   1.426   0.101   1.600
   0.572  -1.867   1.471   1.525  -2.319   1.202  -0.211  -2.373   0.921   0.377
  -1.975   2.565   1.222  -0.190  -0.428   2.160  -0.904  -0.796   0.683   0.736
  -1.210  -0.106   1.272  -0.864   1.113   0.997  -2.566   2.186   1.240  -2.596
   0.938   0.096  -3.194   0.529   1.836  -2.967
  -3.722   0.925   0.557  -2.808   1.145   1.124  -2.961   0.970   2.188  -2.521
   2.143   0.928  -1.717   0.229   0.662  -1.919  -0.547  -0.290  -0.553   0.339
   1.309  -0.525   0.892   2.133   0.692  -0.377   0.987   1.452   0.042   1.649
   0.559  -1.828   1.419   1.525  -2.362   1.316  -0.177  -2.339   0.782   0.290
  -1.907   2.476   1.244  -0.176  -0.458   2.184  -0.861  -0.861   0.728   0.798
  -1.201  -0.026   1.326  -0.774   1.099   1.054  -2.611   2.074   1.475  -2.591
   1.153   0.143  -3.178   0.455   1.780  -3.154
  -3.762   0.915   0.581  -2.813   1.134   1.098  -2.879   1.038   2.184  -2.453
   2.098   0.828  -1.725   0.216   0.649  -1.953  -0.528  -0.285  -0.548   0.325
   1.302  -0.500   1.034   2.049   0.732  -0.360   0.973   1.495   0.096   1.608
   0.599  -1.807   1.441   1.564  -2.306   1.407  -0.025  -2.340   0.730   0.181
  -1.898   2.456   1.247  -0.208  -0.488   2.169  -0.919  -0.896   0.726   0.756
  -1.250   0.049   1.374  -0.871   1.154   1.052  -2.618   2.143   1.494  -2.592
   1.237   0.139  -3.213   0.441   1.709  -3.115
  -3.754   0.948   0.531  -2.824   1.188   1.097  -3.003   1.056   2.141  -2.583
   2.237   0.901  -1.724   0.278   0.651  -1.891  -0.477  -0.261  -0.555   0.414
   1.272  -0.516   1.051   2.096   0.707  -0.345   0.980   1.465   0.097   1.630
   0.569  -1.798   1.421   1.545  -2.323   1.534  -0.066  -2.322   0.695   0.085
  -1.808   2.390   1.245  -0.227  -0.470   2.154  -0.963  -0.876   0.738   0.731
  -1.246   0.028   1.273  -0.849   1.177   1.088  -2.592   2.175   1.538  -2.594
   1.211   0.163  -3.187   0.450   1.769  -3.033
  -3.772   0.970   0.670  -2.791   1.236   1.091  -2.880   1.174   2.176  -2.529
   2.286   0.814  -1.708   0.315   0.600  -1.867  -0.438  -0.345  -0.559   0.390
   1.278  -0.567   1.139   1.931   0.687  -0.319   0.987   1.426   0.146   1.626
   0.533  -1.768   1.451   1.517  -2.242   1.505  -0.127  -2.293   0.780   0.090
  -1.860   2.434   1.249  -0.181  -0.478   2.156  -0.955  -0.827   0.752   0.780
  -1.260   0.059   1.401  -0.860   1.233   1.052  -2.613   2.307   1.325  -2.562
   1.117   0.197  -3.249   0.693   1.879  -3.047
  -3.730   1.050   0.650  -2.766   1.281   1.081  -2.855   1.168   2.121  -2.535
   2.339   0.912  -1.689   0.367   0.586  -1.883  -0.398  -0.356  -0.515   0.458
   1.247  -0.463   1.074   2.020   0.728  -0.308   0.985   1.556   0.087   1.610
   0.551  -1.781   1.437   1.505  -2.316   1.414  -0.156  -2.332   0.773   0.191
  -1.875   2.489   1.268  -0.178  -0.477   2.163  -0.962  -0.836   0.794   0.798
  -1.272   0.063   1.353  -0.907   1.207   1.103  -2.616   2.221   1.435  -2.604
   1.121   0.224  -3.264   0.538   1.898  -2.998
  -3.697   1.025   0.669  -2.791   1.244   1.104  -2.820   1.198   2.220  -2.553
   2.274   0.831  -1.683   0.376   0.566  -1.866  -0.387  -0.388  -0.524   0.456
   1.219  -0.509   1.071   2.009   0.737  -0.295   0.959   1.452   0.126   1.619
   0.567  -1.750   1.398   1.516  -2.264   1.432  -0.118  -2.233   0.711   0.173
  -1.815   2.441   1.284  -0.124  -0.503   2.178  -0.910  -0.842   0.811   0.864
  -1.280   0.154   1.478  -0.869   1.184   1.160  -2.672   2.231   1.469  -2.779
   1.051   0.320  -3.334   0.571   1.990  -3.028
  -3.675   1.106   0.589  -2.734   1.248   1.105  -2.898   1.101   2.196  -2.400
   2.314   0.941  -1.667   0.306   0.585  -1.871  -0.428  -0.403  -0.538   0.407
   1.275  -0.539   1.055   2.008   0.785  -0.263   1.005   1.551   0.205   1.627
   0.628  -1.714   1.423   1.640  -2.110   1.398  -0.010  -2.270   0.791   0.205
  -1.768   2.427   1.282  -0.083  -0.453   2.139  -0.871  -0.892   0.794   0.895
  -1.239  -0.020   1.371  -0.911   1.119   1.174  -2.647   2.145   1.517  -2.697
   1.001   0.254  -3.227   0.485   1.948  -3.044
  -3.587   1.110   0.519  -2.726   1.245   1.152  -2.986   1.007   2.213  -2.484
   2.312   1.124  -1.634   0.362   0.622  -1.809  -0.381  -0.331  -0.508   0.450
   1.294  -0.505   1.031   2.114   0.739  -0.217   0.950   1.565   0.166   1.560
   0.618  -1.684   1.383   1.545  -2.235   1.332  -0.086  -2.223   0.666   0.223
  -1.741   2.410   1.261  -0.038  -0.487   2.127  -0.786  -0.937   0.766   0.973
  -1.223   0.096   1.556  -0.730   1.043   1.239  -2.607   2.088   1.618  -2.738
   0.885   0.360  -3.223   0.371   1.987  -3.012
  -3.617   1.012   0.494  -2.750   1.268   1.098  -2.998   1.085   2.147  -2.444
   2.297   0.915  -1.628   0.380   0.632  -1.764  -0.385  -0.324  -0.480   0.445
   1.326  -0.457   1.080   2.106   0.758  -0.262   0.997   1.530   0.122   1.650
   0.566  -1.720   1.414   1.484  -2.215   1.272  -0.115  -2.191   0.711   0.212
  -1.826   2.445   1.298  -0.085  -0.482   2.189  -0.803  -0.887   0.728   0.861
  -1.219  -0.037   1.375  -0.788   1.067   1.276  -2.595   2.123   1.478  -2.645
   0.815   0.468  -3.274   0.452   2.127  -2.907
  -3.584   1.064   0.459  -2.777   1.201   1.178  -3.042   0.799   2.147  -2.444
   2.267   1.211  -1.616   0.419   0.626  -1.749  -0.338  -0.367  -0.498   0.492
   1.327  -0.509   1.028   2.180   0.732  -0.225   1.018   1.510   0.209   1.682
   0.597  -1.675   1.443   1.597  -2.166   1.422  -0.072  -2.159   0.733   0.127
  -1.743   2.420   1.227  -0.081  -0.459   2.132  -0.775  -0.875   0.672   0.866
  -1.222  -0.107   1.375  -0.794   1.042   1.212  -2.614   2.108   1.532  -2.685
   0.877   0.358  -3.258   0.397   1.990  -3.016
  -3.706   1.094   0.619  -2.800   1.218   1.210  -3.012   0.824   2.180  -2.532
   2.268   1.319  -1.681   0.455   0.589  -1.811  -0.255  -0.437  -0.548   0.479
   1.316  -0.652   0.983   2.160   0.707  -0.204   1.010   1.436   0.307   1.611
   0.595  -1.643   1.448   1.523  -2.137   1.269  -0.204  -2.172   0.895   0.403
  -1.653   2.507   1.229  -0.026  -0.443   2.137  -0.711  -0.851   0.607   0.886
  -1.245  -0.256   1.359  -0.925   1.033   1.218  -2.643   2.137   1.331  -2.589
   0.765   0.322  -3.244   0.559   2.121  -3.038
  -3.665   1.119   0.441  -2.834   1.249   1.149  -3.087   0.879   2.146  -2.547
   2.263   1.125  -1.699   0.472   0.594  -1.853  -0.124  -0.475  -0.561   0.548
   1.292  -0.619   1.068   2.138   0.711  -0.158   1.038   1.487   0.367   1.617
   0.578  -1.575   1.537   1.548  -2.084   1.434  -0.136  -2.107   0.903   0.249
  -1.566   2.602   1.202  -0.010  -0.423   2.104  -0.740  -0.907   0.691   0.959
  -1.188  -0.004   1.541  -0.739   0.961   1.155  -2.627   1.996   1.293  -2.836
   0.696   0.320  -3.264   0.408   2.014  -3.007
  -3.829   1.089   0.511  -2.935   1.275   1.109  -3.079   0.963   2.155  -2.677
   2.322   1.074  -1.730   0.494   0.607  -1.800  -0.201  -0.403  -0.613   0.525
   1.370  -0.617   1.146   2.162   0.652  -0.134   1.030   1.443   0.306   1.560
   0.558  -1.604   1.563   1.517  -2.171   1.471  -0.152  -2.188   0.957   0.272
  -1.654   2.603   1.214   0.004  -0.437   2.059  -0.767  -0.848   0.676   0.919
  -1.263  -0.052   1.488  -0.898   1.073   1.163  -2.617   2.149   1.088  -2.781
   0.544   0.482  -3.251   0.713   2.150  -2.901
  -3.863   0.985   0.504  -2.980   1.170   1.168  -3.185   0.862   2.179  -2.712
   2.244   1.184  -1.734   0.433   0.625  -1.789  -0.232  -0.412  -0.663   0.517
   1.360  -0.719   1.120   2.207   0.626  -0.075   1.067   1.353   0.450   1.710
   0.531  -1.488   1.590   1.543  -1.942   1.572  -0.173  -2.053   0.966   0.165
  -1.489   2.599   1.163  -0.007  -0.407   2.067  -0.750  -0.805   0.660   0.925
  -1.196  -0.054   1.526  -0.831   0.985   1.173  -2.584   2.054   0.958  -2.759
   0.484   0.484  -3.233   0.790   2.155  -2.993
  -3.899   0.948   0.474  -3.047   1.149   1.140  -3.271   0.830   2.165  -2.814
   2.182   1.119  -1.848   0.389   0.657  -1.957  -0.256  -0.404  -0.685   0.510
   1.317  -0.747   1.034   2.184   0.602  -0.068   1.073   1.301   0.478   1.684
   0.573  -1.535   1.558   1.571  -1.961   1.439  -0.088  -2.148   0.906   0.253
  -1.504   2.615   1.156   0.079  -0.360   2.086  -0.667  -0.695   0.529   0.943
  -1.200  -0.272   1.473  -0.891   0.972   1.143  -2.548   2.007   1.009  -2.608
   0.482   0.441  -3.241   0.785   2.141  -2.910
  -3.789   1.064   0.326  -3.028   1.197   1.108  -3.491   0.799   1.994  -2.758
   2.240   1.231  -1.811   0.374   0.677  -1.862  -0.350  -0.333  -0.697   0.521
   1.415  -0.767   1.089   2.237   0.571  -0.091   1.081   1.246   0.425   1.751
   0.597  -1.565   1.520   1.610  -1.918   1.512  -0.037  -2.170   0.854   0.234
  -1.643   2.551   1.113   0.032  -0.356   2.148  -0.566  -0.702   0.506   0.883
  -1.177  -0.279   1.355  -0.851   0.912   1.105  -2.568   2.006   1.185  -2.557
   0.519   0.245  -3.166   0.612   2.094  -2.896
  -3.664   1.326   0.221  -3.007   1.162   1.073  -3.588   0.732   1.871  -2.690
   2.107   1.545  -1.805   0.355   0.640  -1.790  -0.331  -0.385  -0.715   0.408
   1.367  -0.811   0.936   2.214   0.598  -0.156   1.108   1.250   0.400   1.728
   0.668  -1.590   1.582   1.711  -1.942   1.536   0.056  -2.223   0.966   0.307
  -1.598   2.596   1.158   0.020  -0.341   2.135  -0.581  -0.719   0.552   0.874
  -1.176  -0.328   1.254  -0.805   0.881   1.045  -2.601   1.913   0.907  -2.776
   0.303   0.287  -3.167   0.565   2.051  -2.943
  -3.729   1.188   0.177  -3.010   1.177   0.999  -3.416   0.746   1.978  -2.691
   2.229   1.124  -1.820   0.338   0.576  -1.880  -0.391  -0.415  -0.723   0.477
   1.346  -0.840   0.877   2.246   0.605  -0.108   1.073   1.385   0.433   1.655
   0.615  -1.576   1.515   1.658  -1.962   1.407  -0.042  -2.186   0.875   0.323
  -1.657   2.553   1.170   0.022  -0.364   2.194  -0.579  -0.692   0.491   0.847
  -1.189  -0.335   1.302  -0.820   0.872   1.055  -2.554   1.879   0.869  -2.746
   0.262   0.411  -3.163   0.671   2.042  -2.863
  -3.854   1.104   0.243  -3.053   1.138   1.016  -3.490   0.732   1.949  -2.822
   2.148   1.293  -1.815   0.329   0.649  -1.877  -0.374  -0.350  -0.701   0.490
   1.341  -0.752   0.955   2.212   0.606  -0.094   1.095   1.244   0.408   1.771
   0.628  -1.547   1.547   1.657  -1.927   1.563  -0.079  -2.095   0.875   0.329
  -1.578   2.547   1.195   0.054  -0.324   2.199  -0.606  -0.729   0.544   0.870
  -1.220  -0.223   1.413  -0.865   0.902   1.107  -2.647   1.976   0.832  -2.765
   0.207   0.569  -3.394   0.822   2.170  -2.796
  -3.783   1.174   0.204  -3.108   1.064   1.034  -3.553   0.430   1.799  -2.881
   2.023   1.460  -1.863   0.374   0.615  -1.900  -0.396  -0.360  -0.764   0.551
   1.364  -0.928   1.108   2.197   0.604   0.000   1.118   1.248   0.560   1.751
   0.667  -1.502   1.616   1.715  -1.761   1.698   0.075  -2.098   0.955   0.189
  -1.615   2.580   1.176   0.074  -0.342   2.105  -0.678  -0.755   0.610   0.979
  -1.148  -0.117   1.545  -0.761   0.824   1.139  -2.602   1.853   0.836  -2.814
   0.202   0.464  -3.174   0.658   2.212  -2.861
  -3.672   1.283   0.172  -3.040   1.072   1.033  -3.598   0.474   1.742  -2.738
   1.992   1.581  -1.825   0.291   0.617  -1.913  -0.381  -0.411  -0.741   0.530
   1.359  -0.898   1.240   2.064   0.650  -0.055   1.121   1.368   0.473   1.747
   0.597  -1.464   1.696   1.592  -1.928   1.778  -0.031  -2.081   1.066   0.215
  -1.432   2.754   1.127   0.034  -0.340   2.088  -0.646  -0.722   0.485   0.884
  -1.182  -0.266   1.451  -0.727   0.898   1.059  -2.569   2.007   1.099  -2.622
   0.593   0.219  -3.152   0.414   1.977  -2.941
  -3.696   1.353   0.163  -3.096   1.060   1.067  -3.695   0.462   1.812  -2.703
   1.932   1.615  -1.855   0.264   0.654  -1.893  -0.405  -0.396  -0.723   0.492
   1.378  -0.824   1.039   2.189   0.662  -0.046   1.146   1.429   0.397   1.836
   0.575  -1.479   1.677   1.546  -1.939   1.610  -0.193  -2.095   1.108   0.182
  -1.381   2.677   1.172   0.014  -0.342   2.152  -0.684  -0.663   0.538   0.854
  -1.180  -0.214   1.381  -0.765   0.869   0.991  -2.573   1.979   0.973  -2.753
   0.515   0.184  -3.201   0.467   1.941  -2.902
  -3.691   1.157   0.026  -3.052   1.065   0.954  -3.479   0.467   1.768  -2.762
   2.038   1.308  -1.763   0.321   0.561  -1.762  -0.445  -0.379  -0.735   0.565
   1.350  -0.782   1.266   2.076   0.636  -0.022   1.081   1.323   0.553   1.718
   0.544  -1.452   1.669   1.517  -1.904   1.720  -0.191  -2.090   1.149   0.164
  -1.441   2.679   1.250  -0.013  -0.355   2.199  -0.711  -0.649   0.590   0.793
  -1.172  -0.120   1.444  -0.777   0.928   0.971  -2.560   2.032   1.018  -2.688
   0.645   0.046  -3.026   0.496   1.864  -3.061
  -3.873   1.000   0.245  -3.089   1.008   1.016  -3.469   0.421   1.868  -3.016
   2.057   1.312  -1.787   0.414   0.496  -1.849  -0.393  -0.409  -0.716   0.658
   1.240  -0.841   1.236   2.068   0.653   0.045   1.164   1.258   0.721   1.736
   0.574  -1.397   1.736   1.581  -1.838   1.850   0.008  -2.108   1.099   0.094
  -1.320   2.731   1.177  -0.035  -0.321   2.104  -0.790  -0.633   0.549   0.744
  -1.240  -0.304   1.245  -0.943   1.013   0.884  -2.604   2.104   0.984  -2.632
   0.752  -0.005  -3.171   0.609   1.800  -3.004
  -3.881   0.932   0.356  -3.038   1.218   1.007  -3.295   0.871   2.033  -2.909
   2.321   1.010  -1.814   0.458   0.599  -1.836  -0.335  -0.337  -0.665   0.773
   1.252  -0.658   1.526   1.963   0.610   0.070   1.146   1.316   0.602   1.794
   0.568  -1.350   1.741   1.573  -1.804   1.745  -0.029  -2.036   1.089   0.122
  -1.399   2.756   1.133  -0.014  -0.277   2.102  -0.712  -0.587   0.513   0.785
  -1.202  -0.308   1.333  -0.907   0.931   0.838  -2.612   2.067   0.922  -2.678
   0.646  -0.077  -3.137   0.532   1.714  -3.099
  -3.869   0.968   0.584  -3.003   1.276   1.119  -3.157   1.078   2.205  -2.918
   2.332   0.973  -1.807   0.456   0.639  -1.872  -0.320  -0.336  -0.699   0.706
   1.309  -0.849   1.306   2.079   0.597   0.016   1.147   1.292   0.585   1.717
   0.563  -1.354   1.788   1.561  -1.891   1.780  -0.148  -2.005   1.321   0.258
  -1.155   2.816   1.122  -0.052  -0.275   1.986  -0.810  -0.616   0.578   0.713
  -1.244  -0.153   1.272  -0.861   0.926   0.790  -2.696   2.069   0.718  -2.736
   0.428   0.038  -3.266   0.542   1.767  -3.121
  -4.023   0.835   0.761  -3.048   1.225   1.151  -3.057   1.177   2.268  -2.871
   2.251   0.797  -1.902   0.400   0.622  -2.001  -0.391  -0.261  -0.754   0.651
   1.237  -0.826   1.295   1.963   0.582   0.020   1.073   1.253   0.693   1.551
   0.607  -1.349   1.821   1.648  -1.715   1.769  -0.042  -1.991   1.252   0.332
  -1.152   2.886   1.125  -0.104  -0.347   2.086  -0.847  -0.672   0.552   0.648
  -1.269  -0.042   1.390  -0.929   1.060   0.795  -2.664   2.166   0.939  -2.727
   0.830  -0.072  -3.248   0.550   1.633  -3.131
  -3.987   0.878   0.719  -3.105   1.262   1.078  -3.083   1.224   2.191  -2.985
   2.290   0.739  -1.901   0.443   0.613  -2.058  -0.487  -0.200  -0.698   0.764
   1.177  -0.761   1.539   1.832   0.588   0.025   1.070   1.320   0.609   1.622
   0.523  -1.288   1.899   1.481  -1.777   2.011  -0.151  -2.051   1.427   0.213
  -1.068   2.875   1.101  -0.129  -0.346   2.025  -0.899  -0.589   0.533   0.645
  -1.297  -0.145   1.288  -0.968   0.921   0.821  -2.710   1.923   1.194  -2.865
   0.916  -0.125  -3.214   0.209   1.466  -3.226
  -3.926   0.759   0.793  -3.015   1.307   1.018  -3.015   1.447   2.102  -2.984
   2.256   0.470  -1.928   0.406   0.611  -2.047  -0.494  -0.203  -0.754   0.706
   1.218  -0.819   1.538   1.819   0.559   0.011   1.100   1.379   0.636   1.505
   0.489  -1.280   1.976   1.474  -1.776   2.095  -0.223  -2.007   1.610   0.187
  -0.955   2.960   1.077  -0.198  -0.375   1.969  -1.000  -0.607   0.525   0.571
  -1.311  -0.303   1.101  -0.992   0.951   0.750  -2.691   2.084   0.928  -2.681
   0.742  -0.185  -3.260   0.492   1.569  -3.099
  -4.049   0.790   0.790  -3.103   1.308   1.061  -3.087   1.494   2.143  -3.051
   2.222   0.449  -1.923   0.438   0.624  -2.074  -0.389  -0.252  -0.805   0.713
   1.239  -0.876   1.474   1.883   0.535   0.053   1.132   1.233   0.776   1.604
   0.510  -1.197   2.042   1.467  -1.759   2.110  -0.249  -1.954   1.756   0.373
  -0.925   3.084   1.032  -0.194  -0.331   1.940  -0.968  -0.579   0.494   0.656
  -1.255  -0.148   1.346  -0.919   0.965   0.701  -2.587   2.024   0.964  -2.593
   0.794  -0.158  -3.150   0.381   1.498  -3.065
  -4.031   0.613   0.958  -3.214   1.301   0.969  -3.075   1.705   1.971  -3.400
   2.151   0.271  -1.966   0.500   0.585  -2.062  -0.344  -0.271  -0.788   0.762
   1.211  -0.895   1.394   2.012   0.499   0.048   1.073   1.247   0.655   1.573
   0.507  -1.215   1.966   1.427  -1.790   1.962  -0.202  -1.925   1.627   0.261
  -0.994   3.040   0.991  -0.125  -0.329   1.930  -0.912  -0.574   0.409   0.523
  -1.328  -0.392   1.055  -1.062   0.925   0.648  -2.689   1.958   0.728  -2.761
   0.688  -0.210  -3.272   0.523   1.543  -3.162
  -3.982   0.613   0.970  -3.180   1.322   0.962  -3.060   1.760   1.886  -3.453
   2.047   0.167  -1.965   0.499   0.539  -2.095  -0.417  -0.308  -0.769   0.757
   1.157  -0.722   1.612   1.689   0.499   0.039   1.074   1.261   0.703   1.488
   0.484  -1.201   1.941   1.433  -1.729   1.856  -0.341  -1.843   1.572   0.199
  -0.904   2.958   0.952  -0.306  -0.332   1.912  -1.057  -0.474   0.487   0.455
  -1.331  -0.268   1.089  -1.094   1.003   0.597  -2.624   2.071   0.849  -2.528
   0.848  -0.308  -3.231   0.536   1.447  -3.137
  -4.059   0.559   1.040  -3.211   1.288   0.921  -3.015   1.871   1.803  -3.369
   2.083   0.185  -2.035   0.471   0.537  -2.135  -0.427  -0.275  -0.885   0.791
   1.141  -0.853   1.663   1.646   0.426   0.068   1.058   1.138   0.780   1.397
   0.379  -1.171   1.950   1.344  -1.720   1.991  -0.361  -1.839   1.571   0.102
  -0.867   2.976   0.932  -0.272  -0.364   1.883  -1.103  -0.540   0.363   0.495
  -1.371  -0.354   1.104  -1.138   0.940   0.605  -2.680   2.007   0.785  -2.652
   0.768  -0.314  -3.234   0.453   1.466  -3.131
  -4.063   0.713   1.213  -3.257   1.374   1.034  -2.949   1.843   2.024  -3.390
   2.165   0.266  -2.069   0.562   0.551  -2.187  -0.404  -0.202  -0.854   0.871
   1.091  -0.789   1.690   1.715   0.412   0.030   1.046   1.154   0.646   1.534
   0.282  -1.268   1.937   1.058  -1.959   1.661  -0.637  -1.793   1.714   0.333
  -0.924   2.985   0.922  -0.252  -0.409   1.817  -1.062  -0.667   0.282   0.437
  -1.402  -0.476   1.035  -1.112   0.847   0.620  -2.721   1.887   0.875  -2.763
   0.651  -0.341  -3.244   0.330   1.378  -3.295
  -4.022   0.941   1.441  -3.202   1.458   0.940  -2.827   2.271   1.588  -3.559
   1.924   0.038  -2.107   0.451   0.601  -2.315  -0.474  -0.198  -0.915   0.745
   1.163  -0.914   1.556   1.720   0.389   0.031   1.064   1.140   0.704   1.533
   0.328  -1.222   1.986   1.216  -1.870   1.859  -0.442  -1.894   1.669   0.259
  -0.962   3.011   0.909  -0.280  -0.387   1.882  -1.049  -0.603   0.366   0.414
  -1.400  -0.361   1.029  -1.064   0.818   0.503  -2.756   1.925   0.705  -2.698
   0.621  -0.380  -3.360   0.402   1.393  -3.192
  -3.904   1.093   1.679  -3.180   1.491   0.963  -2.723   2.345   1.334  -3.652
   1.798   0.051  -2.124   0.455   0.635  -2.324  -0.436  -0.223  -0.908   0.612
   1.205  -0.933   1.434   1.831   0.382  -0.075   1.109   1.095   0.667   1.633
   0.447  -1.338   2.026   1.469  -1.682   1.901  -0.306  -2.102   1.673   0.323
  -1.096   3.086   0.984  -0.283  -0.379   1.872  -1.121  -0.671   0.436   0.509
  -1.348  -0.241   1.166  -1.046   0.807   0.497  -2.776   1.911   0.375  -2.858
   0.420  -0.398  -3.239   0.303   1.411  -3.173
  -4.042   1.014   1.462  -3.205   1.450   0.986  -2.748   2.249   1.576  -3.530
   1.925   0.031  -2.102   0.450   0.659  -2.350  -0.487  -0.083  -0.956   0.698
   1.232  -1.040   1.433   1.882   0.330  -0.069   1.020   1.051   0.572   1.385
   0.434  -1.251   2.007   1.439  -1.730   2.073  -0.210  -1.990   1.663  -0.043
  -1.070   2.925   0.982  -0.329  -0.417   1.972  -1.103  -0.603   0.413   0.397
  -1.407  -0.435   0.920  -1.104   0.765   0.376  -2.866   1.841   0.637  -2.961
   0.748  -0.609  -3.290   0.230   1.153  -3.444
  -4.033   0.702   1.510  -3.251   1.355   1.046  -2.961   2.160   1.758  -3.650
   1.732   0.089  -2.100   0.418   0.626  -2.383  -0.586  -0.006  -0.893   0.628
   1.230  -0.846   1.430   1.836   0.436  -0.067   1.071   1.171   0.655   1.451
   0.429  -1.310   1.953   1.421  -1.790   2.039  -0.294  -1.951   1.555   0.040
  -1.023   2.936   0.932  -0.349  -0.414   1.857  -1.137  -0.565   0.354   0.351
  -1.402  -0.361   1.007  -1.156   0.703   0.277  -2.819   1.751   0.595  -3.015
   0.546  -0.738  -3.218   0.014   0.953  -3.332
  -3.997   0.701   1.521  -3.289   1.349   0.989  -2.931   2.154   1.680  -3.867
   1.655   0.121  -2.159   0.349   0.671  -2.389  -0.599  -0.095  -0.972   0.645
   1.244  -1.008   1.495   1.820   0.347  -0.020   1.165   0.925   0.764   1.683
   0.337  -1.289   2.091   1.241  -1.885   2.039  -0.477  -1.943   1.789   0.153
  -0.942   3.040   0.972  -0.311  -0.262   1.836  -1.106  -0.494   0.381   0.303
  -1.315  -0.387   0.914  -1.101   0.663   0.270  -2.763   1.705   0.512  -2.951
   0.693  -0.803  -3.064  -0.157   0.796  -3.331
  -3.976   0.769   1.447  -3.276   1.338   0.957  -3.018   2.104   1.672  -3.663
   1.736   0.025  -2.096   0.426   0.690  -2.320  -0.532  -0.103  -0.902   0.653
   1.249  -0.800   1.383   1.987   0.355  -0.066   1.130   1.155   0.548   1.565
   0.263  -1.233   2.118   1.332  -1.736   2.385  -0.380  -2.036   1.693  -0.148
  -0.820   2.997   0.865  -0.383  -0.311   1.810  -1.153  -0.469   0.341   0.267
  -1.346  -0.498   0.845  -1.128   0.681   0.110  -2.729   1.680   0.636  -2.889
   0.808  -0.931  -3.045  -0.068   0.688  -3.279
  -4.054   0.810   1.258  -3.170   1.438   1.051  -2.830   2.075   1.884  -3.318
   1.927   0.100  -2.103   0.481   0.730  -2.334  -0.340  -0.187  -0.932   0.667
   1.287  -0.899   1.434   1.884   0.345  -0.114   1.130   1.099   0.464   1.643
   0.236  -1.380   1.992   1.250  -1.792   2.131  -0.469  -2.149   1.604  -0.133
  -1.244   2.967   0.879  -0.311  -0.305   1.842  -1.094  -0.521   0.302   0.319
  -1.330  -0.481   0.904  -1.063   0.523   0.108  -2.743   1.495   0.478  -3.030
   0.466  -0.934  -3.041  -0.098   0.799  -3.372
  -4.105   1.047   1.433  -3.203   1.540   1.117  -2.845   2.214   1.931  -3.529
   2.172   0.241  -2.115   0.578   0.752  -2.345  -0.246  -0.136  -0.910   0.725
   1.314  -0.911   1.447   2.038   0.368  -0.037   1.156   1.161   0.633   1.521
   0.218  -1.303   2.069   1.176  -1.694   2.382  -0.518  -2.066   1.594  -0.234
  -0.983   2.939   0.853  -0.361  -0.300   1.812  -1.151  -0.494   0.238   0.325
  -1.279  -0.602   0.918  -1.100   0.588   0.059  -2.712   1.640   0.442  -2.850
   0.586  -1.040  -2.926  -0.097   0.535  -3.335
  -4.030   1.060   1.402  -3.169   1.500   1.128  -2.906   2.168   1.881  -3.431
   2.138   0.226  -2.073   0.601   0.760  -2.355  -0.323   0.013  -0.897   0.787
   1.286  -0.813   1.632   1.898   0.291  -0.067   1.120   1.108   0.497   1.616
   0.179  -1.298   2.064   1.163  -1.816   2.056  -0.461  -2.074   1.623  -0.146
  -1.035   3.091   0.853  -0.341  -0.294   1.826  -1.089  -0.469   0.315   0.270
  -1.349  -0.573   0.746  -1.199   0.567   0.011  -2.725   1.514   0.314  -2.942
   0.481  -1.017  -3.026  -0.190   0.530  -3.323
  -3.897   1.155   1.559  -3.088   1.617   1.043  -2.684   2.283   1.757  -3.358
   2.096   0.115  -2.024   0.604   0.687  -2.314  -0.341  -0.084  -0.827   0.828
   1.197  -0.735   1.533   1.860   0.359  -0.070   1.048   1.093   0.551   1.538
   0.167  -1.287   2.021   1.033  -1.932   2.022  -0.683  -1.876   1.530  -0.156
  -0.962   3.010   0.913  -0.376  -0.385   1.796  -1.217  -0.533   0.366   0.331
  -1.372  -0.343   1.019  -1.208   0.545  -0.073  -2.744   1.305   0.564  -3.191
   0.914  -1.078  -2.870  -0.386   0.149  -3.246
  -3.913   1.239   1.356  -3.030   1.687   0.922  -2.655   2.354   1.686  -3.290
   2.138  -0.065  -2.093   0.542   0.586  -2.346  -0.340  -0.250  -0.896   0.659
   1.198  -0.903   1.492   1.845   0.345  -0.086   1.075   1.072   0.547   1.509
   0.205  -1.321   2.040   1.151  -1.855   2.208  -0.504  -1.962   1.633  -0.237
  -1.088   2.940   0.877  -0.428  -0.353   1.864  -1.186  -0.469   0.350   0.255
  -1.351  -0.259   0.996  -1.100   0.567   0.001  -2.823   1.477   0.540  -3.084
   0.758  -1.076  -2.978  -0.306   0.354  -3.392
  -4.002   1.180   1.360  -3.069   1.598   0.894  -2.651   2.371   1.506  -3.333
   2.118   0.006  -2.089   0.544   0.627  -2.333  -0.365  -0.154  -0.953   0.643
   1.273  -0.824   1.453   1.828   0.276  -0.150   1.142   0.990   0.445   1.698
   0.200  -1.409   1.928   1.147  -1.920   1.767  -0.621  -2.033   1.696   0.233
  -1.201   2.958   0.904  -0.480  -0.274   1.993  -1.067  -0.452   0.355   0.195
  -1.263  -0.452   0.727  -0.962   0.575  -0.073  -2.719   1.352   0.590  -3.057
   0.955  -1.110  -2.803  -0.314   0.083  -3.305
  -4.126   1.255   0.764  -3.101   1.624   0.835  -2.861   2.138   1.743  -2.958
   2.322  -0.043  -2.087   0.501   0.590  -2.413  -0.432  -0.138  -0.920   0.616
   1.214  -0.914   1.287   2.008   0.335  -0.124   1.153   1.113   0.511   1.698
   0.069  -1.408   1.997   1.028  -1.927   1.893  -0.775  -2.032   1.695  -0.045
  -1.146   3.036   0.889  -0.408  -0.313   1.920  -1.094  -0.404   0.218   0.163
  -1.325  -0.556   0.786  -1.145   0.632   0.030  -2.713   1.445   0.710  -2.909
   0.955  -0.997  -2.858  -0.214   0.257  -3.355
  -4.148   1.107   0.663  -3.185   1.576   0.799  -3.136   1.953   1.821  -3.025
   2.448   0.180  -2.071   0.521   0.552  -2.376  -0.523  -0.068  -0.875   0.735
   1.130  -0.740   1.607   1.605   0.323  -0.156   1.129   1.070   0.461   1.595
   0.044  -1.376   1.975   0.993  -1.957   1.970  -0.750  -1.988   1.594  -0.177
  -1.001   2.934   0.933  -0.363  -0.287   1.986  -0.962  -0.420   0.208  -0.004
  -1.389  -0.757   0.249  -1.202   0.654   0.027  -2.707   1.431   0.786  -2.862
   0.958  -1.018  -3.055  -0.197   0.330  -3.310
  -4.022   1.052   0.525  -3.137   1.551   0.812  -3.154   1.754   1.837  -2.913
   2.433   0.235  -2.103   0.539   0.575  -2.406  -0.396  -0.127  -0.937   0.859
   1.065  -0.925   1.775   1.592   0.322   0.017   1.108   1.158   0.550   1.572
   0.148  -1.220   1.998   1.086  -1.820   2.254  -0.647  -1.883   1.574  -0.312
  -0.804   2.864   0.916  -0.430  -0.232   2.015  -1.035  -0.294   0.196  -0.136
  -1.310  -0.639   0.388  -1.072   0.706  -0.009  -2.671   1.783   0.266  -2.758
   0.534  -0.999  -3.077   0.055   0.675  -3.206
  -4.096   1.196   0.493  -3.177   1.557   0.876  -3.140   1.966   1.882  -2.871
   2.342   0.187  -2.100   0.467   0.619  -2.350  -0.478  -0.099  -0.920   0.737
   1.157  -0.915   1.609   1.699   0.326  -0.005   1.177   1.135   0.514   1.637
   0.097  -1.242   2.120   1.076  -1.801   2.237  -0.707  -1.957   1.789  -0.183
  -0.834   3.104   0.926  -0.440  -0.208   2.071  -1.001  -0.190   0.271  -0.100
  -1.340  -0.617   0.289  -1.189   0.742  -0.085  -2.732   1.727   0.319  -2.961
   0.654  -1.072  -3.113   0.074   0.541  -3.280
  -4.106   1.194   0.708  -3.138   1.551   0.955  -3.129   1.826   2.029  -2.899
   2.513   0.533  -2.070   0.524   0.664  -2.421  -0.501   0.010  -0.886   0.752
   1.227  -0.882   1.540   1.863   0.363   0.011   1.272   1.163   0.588   1.754
   0.126  -1.196   2.108   1.021  -1.666   2.546  -0.457  -1.875   1.533  -0.474
  -0.887   2.977   0.939  -0.444  -0.062   2.110  -1.006  -0.067   0.319  -0.170
  -1.233  -0.627   0.156  -1.189   0.753  -0.358  -2.633   1.641   0.257  -2.860
   1.006  -1.383  -2.908  -0.128  -0.103  -3.268
  -4.016   1.422   0.384  -3.116   1.572   0.930  -3.344   1.597   1.975  -2.695
   2.505   0.500  -2.133   0.451   0.723  -2.404  -0.592   0.088  -0.893   0.715
   1.152  -0.813   1.727   1.451   0.311  -0.091   1.222   1.087   0.551   1.624
   0.118  -1.194   2.227   1.058  -1.469   2.593  -0.393  -1.975   1.786  -0.447
  -0.850   3.037   0.896  -0.615  -0.103   2.063  -1.091  -0.127   0.299  -0.244
  -1.252  -0.608   0.201  -1.105   0.718  -0.342  -2.649   1.600   0.282  -2.829
   0.801  -1.335  -3.074  -0.109  -0.002  -3.307
  -3.884   1.359   0.268  -3.100   1.627   0.924  -3.393   1.717   1.945  -2.823
   2.623   0.469  -2.091   0.521   0.734  -2.402  -0.522   0.125  -0.871   0.695
   1.148  -0.736   1.627   1.521   0.286  -0.201   1.292   0.948   0.594   1.693
   0.084  -1.314   2.310   1.073  -1.707   2.560  -0.444  -2.128   1.885  -0.466
  -0.957   3.146   0.985  -0.590  -0.022   2.081  -1.137  -0.003   0.334  -0.247
  -1.209  -0.567   0.286  -1.109   0.817  -0.418  -2.578   1.747   0.132  -2.781
   1.115  -1.432  -2.710   0.106  -0.152  -3.279
  -3.935   1.187   0.362  -3.118   1.502   0.893  -3.331   1.417   1.964  -2.793
   2.490   0.490  -2.141   0.413   0.698  -2.426  -0.594   0.117  -0.965   0.647
   1.267  -0.910   1.512   1.769   0.365  -0.032   1.271   1.070   0.616   1.777
   0.167  -1.245   2.147   1.067  -1.784   2.373  -0.478  -1.909   1.670  -0.253
  -0.974   3.130   1.004  -0.577  -0.075   2.061  -1.199   0.020   0.365  -0.391
  -1.246  -0.504   0.112  -1.268   0.951  -0.471  -2.620   1.773   0.278  -2.729
   1.406  -1.429  -2.863   0.234  -0.301  -3.392
  -4.043   1.266   0.306  -3.273   1.471   1.024  -3.677   1.375   2.017  -2.870
   2.501   0.823  -2.183   0.333   0.828  -2.477  -0.658   0.171  -0.952   0.641
   1.183  -0.889   1.535   1.722   0.271  -0.132   1.283   0.964   0.577   1.719
   0.136  -1.307   2.248   1.135  -1.686   2.385  -0.446  -2.180   1.804  -0.418
  -0.967   3.135   0.927  -0.587  -0.072   2.005  -1.128   0.055   0.303  -0.369
  -1.281  -0.597   0.024  -1.342   0.991  -0.508  -2.548   1.970   0.072  -2.582
   1.294  -1.517  -2.728   0.325  -0.329  -3.392
  -3.923   1.444   0.137  -3.247   1.505   0.971  -3.708   1.395   1.926  -2.632
   2.435   0.863  -2.231   0.352   0.852  -2.478  -0.603   0.137  -1.033   0.577
   1.346  -0.992   1.502   1.847   0.282  -0.255   1.300   0.998   0.473   1.732
   0.264  -1.417   2.330   1.279  -1.819   2.690  -0.199  -2.324   1.995  -0.099
  -0.997   3.263   0.944  -0.620  -0.031   2.095  -1.106  -0.014   0.335  -0.439
  -1.226  -0.600  -0.019  -1.214   0.978  -0.449  -2.546   1.759   0.285  -2.581
   1.349  -1.488  -2.764   0.312  -0.289  -3.414
  -4.102   1.196   0.314  -3.224   1.412   0.951  -3.472   1.484   2.004  -2.787
   2.420   0.719  -2.191   0.361   0.793  -2.473  -0.672   0.183  -1.023   0.647
   1.416  -0.917   1.532   1.926   0.238  -0.171   1.363   0.977   0.486   1.684
   0.196  -1.356   2.328   1.251  -1.656   2.487  -0.356  -2.242   1.987  -0.243
  -1.024   3.321   0.937  -0.599   0.024   2.095  -1.051   0.080   0.413  -0.381
  -1.229  -0.573  -0.217  -1.241   1.042  -0.433  -2.504   1.839   0.305  -2.395
   1.478  -1.373  -2.651   0.284  -0.132  -3.342
  -4.124   0.974   0.420  -3.240   1.350   0.915  -3.547   1.463   1.927  -2.721
   2.238   0.470  -2.158   0.281   0.853  -2.397  -0.718   0.195  -1.015   0.483
   1.451  -0.876   1.503   1.760   0.275  -0.196   1.388   0.943   0.563   1.820
   0.187  -1.314   2.331   1.150  -1.724   2.466  -0.421  -2.062   1.747  -0.253
  -1.088   3.287   0.958  -0.625   0.041   2.038  -1.166   0.103   0.352  -0.260
  -1.174  -0.480   0.318  -1.256   1.012  -0.531  -2.429   1.683   0.258  -2.742
   1.737  -1.266  -2.339   0.272  -0.815  -3.198
  -4.164   0.882   0.651  -3.224   1.287   1.020  -3.404   1.400   2.076  -2.966
   2.230   0.554  -2.144   0.277   0.793  -2.360  -0.758   0.089  -0.963   0.596
   1.375  -1.030   1.279   2.116   0.349  -0.171   1.412   1.096   0.498   1.941
   0.181  -1.378   2.350   1.158  -1.743   2.547  -0.432  -2.087   1.850  -0.203
  -1.095   3.255   0.964  -0.648   0.059   2.069  -1.210   0.112   0.407  -0.415
  -1.131  -0.442   0.134  -1.101   1.007  -0.687  -2.427   1.674   0.128  -2.578
   1.649  -1.550  -2.407   0.210  -0.781  -3.195
  -4.123   0.773   0.690  -3.169   1.266   1.102  -3.246   1.346   2.197  -2.904
   2.219   0.576  -2.116   0.234   0.815  -2.315  -0.862   0.246  -0.959   0.543
   1.280  -0.922   1.406   1.846   0.320  -0.197   1.368   1.054   0.458   1.772
   0.144  -1.408   2.354   1.117  -1.665   2.747  -0.311  -2.317   1.837  -0.508
  -1.203   3.223   0.936  -0.693   0.073   1.985  -1.341   0.121   0.305  -0.471
  -1.105  -0.555   0.120  -1.162   0.809  -0.890  -2.449   1.313  -0.016  -2.825
   1.373  -1.849  -2.344  -0.073  -1.045  -3.173
  -4.166   0.949   0.673  -3.201   1.247   1.021  -3.239   1.516   2.067  -2.924
   2.137   0.474  -2.139   0.199   0.830  -2.362  -0.802   0.213  -0.894   0.577
   1.315  -0.849   1.481   1.787   0.317  -0.229   1.363   1.088   0.414   1.769
   0.168  -1.300   2.478   1.107  -1.707   2.875  -0.385  -2.152   2.030  -0.487
  -0.850   3.265   0.899  -0.664   0.023   2.010  -1.244   0.101   0.362  -0.473
  -1.199  -0.463   0.107  -1.150   0.844  -0.945  -2.520   1.652  -0.321  -2.754
   1.323  -1.890  -2.240   0.076  -1.133  -3.229
  -4.116   0.851   0.614  -3.224   1.257   1.068  -3.282   1.496   2.113  -3.054
   2.189   0.540  -2.106   0.248   0.783  -2.350  -0.810   0.222  -0.916   0.564
   1.278  -0.806   1.498   1.698   0.340  -0.211   1.328   1.136   0.439   1.797
   0.162  -1.223   2.381   0.962  -1.883   2.448  -0.670  -1.923   2.233  -0.034
  -0.803   3.395   1.006  -0.719  -0.015   2.109  -1.341   0.042   0.379  -0.430
  -1.207  -0.432   0.215  -1.254   0.772  -0.930  -2.503   1.599  -0.342  -2.901
   1.035  -1.998  -2.393  -0.030  -0.795  -3.173
  -4.184   0.988   0.652  -3.233   1.311   0.976  -3.281   1.570   2.046  -2.965
   2.263   0.440  -2.078   0.258   0.791  -2.346  -0.794   0.240  -0.908   0.568
   1.280  -0.886   1.458   1.735   0.381  -0.207   1.373   1.129   0.507   1.804
   0.159  -1.303   2.341   0.984  -2.039   2.262  -0.738  -1.854   2.213   0.213
  -0.959   3.338   1.037  -0.617   0.040   2.162  -1.118   0.032   0.451  -0.293
  -1.118  -0.456   0.063  -1.049   0.809  -0.885  -2.514   1.758  -0.343  -2.805
   1.015  -1.916  -2.616  -0.037  -0.704  -3.264
  -3.992   0.978   0.204  -3.221   1.284   0.898  -3.364   1.327   1.975  -2.857
   2.263   0.511  -2.108   0.299   0.760  -2.243  -0.800   0.178  -0.939   0.637
   1.302  -0.881   1.483   1.824   0.344  -0.131   1.389   0.962   0.649   1.817
   0.292  -1.350   2.424   1.196  -1.872   2.337  -0.621  -1.912   2.214   0.292
  -0.951   3.469   1.067  -0.502   0.053   2.171  -1.147   0.047   0.381  -0.290
  -1.065  -0.539   0.080  -0.924   0.757  -0.876  -2.393   1.660  -0.412  -2.822
   0.970  -1.958  -2.248  -0.098  -0.759  -3.054
