default_name                                                                    
  -3.669   1.094   0.687  -2.750   1.213   1.254  -2.920   0.925   2.292  -2.432
   2.254   1.198  -1.670   0.329   0.680  -1.922  -0.393  -0.280  -0.478   0.387
   1.284  -0.407   1.024   2.066   0.717  -0.414   0.962   1.493  -0.084   1.652
   0.423  -1.901   1.271   1.354  -2.474   1.254  -0.264  -2.334   0.545  -0.009
  -2.006   2.261   1.321  -0.192  -0.456   2.215  -0.937  -0.865   0.857   0.810
  -1.210   0.127   1.392  -0.811   1.331   1.146  -2.549   2.387   1.398  -2.508
   1.191   0.296  -3.215   0.780   2.005  -2.948
  -3.649   1.108   0.676  -2.717   1.230   1.243  -2.887   0.975   2.290  -2.416
   2.272   1.180  -1.651   0.330   0.666  -1.911  -0.395  -0.296  -0.470   0.374
   1.276  -0.384   0.995   2.073   0.720  -0.418   0.957   1.505  -0.089   1.652
   0.445  -1.901   1.300   1.381  -2.459   1.287  -0.247  -2.351   0.583  -0.007
  -1.973   2.297   1.306  -0.211  -0.458   2.221  -0.940  -0.868   0.846   0.811
  -1.202   0.109   1.376  -0.817   1.324   1.138  -2.550   2.380   1.430  -2.513
   1.228   0.283  -3.217   0.748   1.964  -2.971
  -3.644   1.140   0.603  -2.740   1.225   1.221  -2.963   0.938   2.252  -2.402
   2.258   1.201  -1.664   0.326   0.667  -1.900  -0.392  -0.295  -0.491   0.360
   1.295  -0.400   0.984   2.090   0.718  -0.428   0.956   1.505  -0.093   1.632
   0.451  -1.902   1.300   1.366  -2.484   1.217  -0.297  -2.300   0.598   0.066
  -2.010   2.323   1.318  -0.212  -0.463   2.224  -0.941  -0.869   0.818   0.784
  -1.224   0.045   1.321  -0.847   1.297   1.156  -2.547   2.350   1.444  -2.513
   1.197   0.306  -3.233   0.732   2.006  -2.931
  -3.657   1.076   0.674  -2.736   1.214   1.237  -2.909   1.007   2.301  -2.377
   2.244   1.139  -1.669   0.302   0.685  -1.909  -0.396  -0.300  -0.472   0.351
   1.292  -0.397   0.976   2.080   0.710  -0.429   0.949   1.479  -0.094   1.636
   0.457  -1.905   1.295   1.393  -2.448   1.188  -0.303  -2.320   0.645   0.119
  -1.978   2.328   1.302  -0.199  -0.463   2.218  -0.917  -0.894   0.833   0.800
  -1.214   0.047   1.339  -0.853   1.301   1.152  -2.554   2.365   1.401  -2.531
   1.154   0.327  -3.254   0.750   2.013  -2.933
  -3.641   1.072   0.666  -2.723   1.207   1.240  -2.899   0.971   2.303  -2.395
   2.246   1.177  -1.664   0.306   0.666  -1.890  -0.369  -0.321  -0.487   0.347
   1.284  -0.424   0.975   2.081   0.730  -0.408   0.949   1.515  -0.061   1.616
   0.478  -1.887   1.307   1.402  -2.442   1.267  -0.246  -2.312   0.616   0.091
  -1.942   2.328   1.320  -0.181  -0.482   2.204  -0.920  -0.927   0.830   0.807
  -1.247   0.058   1.318  -0.854   1.290   1.150  -2.586   2.356   1.357  -2.569
   1.093   0.340  -3.275   0.747   2.042  -2.925
  -3.732   0.936   0.799  -2.766   1.206   1.229  -2.854   1.029   2.307  -2.510
   2.248   1.064  -1.669   0.335   0.654  -1.871  -0.366  -0.333  -0.493   0.375
   1.286  -0.462   0.942   2.115   0.709  -0.404   0.937   1.497  -0.057   1.591
   0.479  -1.870   1.291   1.398  -2.445   1.178  -0.281  -2.294   0.632   0.132
  -1.947   2.334   1.290  -0.178  -0.493   2.185  -0.910  -0.901   0.821   0.829
  -1.257   0.077   1.382  -0.834   1.278   1.165  -2.608   2.349   1.361  -2.607
   1.082   0.325  -3.281   0.726   2.033  -2.956
  -3.756   0.952   0.783  -2.778   1.199   1.230  -2.822   0.975   2.303  -2.544
   2.254   1.084  -1.679   0.332   0.642  -1.883  -0.332  -0.364  -0.519   0.375
   1.275  -0.462   1.003   2.079   0.693  -0.380   0.934   1.461   0.007   1.602
   0.476  -1.853   1.299   1.433  -2.374   1.312  -0.205  -2.314   0.582   0.047
  -1.913   2.296   1.294  -0.198  -0.501   2.220  -0.903  -0.889   0.797   0.809
  -1.249   0.058   1.359  -0.854   1.250   1.140  -2.604   2.328   1.269  -2.639
   0.998   0.326  -3.268   0.780   2.058  -2.966
  -3.758   0.922   0.802  -2.800   1.205   1.223  -2.823   1.059   2.305  -2.634
   2.245   0.973  -1.697   0.358   0.621  -1.871  -0.331  -0.384  -0.538   0.392
   1.273  -0.493   0.990   2.095   0.680  -0.381   0.933   1.449  -0.025   1.605
   0.467  -1.866   1.295   1.467  -2.353   1.234  -0.208  -2.333   0.591   0.056
  -1.919   2.299   1.286  -0.170  -0.484   2.216  -0.881  -0.871   0.770   0.785
  -1.254   0.003   1.307  -0.871   1.207   1.108  -2.627   2.269   1.368  -2.620
   1.080   0.262  -3.301   0.588   1.958  -3.001
  -3.743   0.838   0.774  -2.800   1.188   1.176  -2.806   1.085   2.265  -2.625
   2.215   0.897  -1.670   0.339   0.619  -1.875  -0.311  -0.402  -0.525   0.363
   1.297  -0.477   0.959   2.086   0.710  -0.376   0.940   1.470  -0.028   1.621
   0.526  -1.864   1.243   1.463  -2.392   1.125  -0.211  -2.293   0.570   0.146
  -1.980   2.278   1.300  -0.152  -0.488   2.249  -0.854  -0.886   0.749   0.775
  -1.266   0.000   1.322  -0.873   1.232   1.118  -2.592   2.307   1.343  -2.540
   1.086   0.258  -3.243   0.705   1.957  -3.006
  -3.777   0.887   0.896  -2.798   1.221   1.192  -2.743   1.181   2.297  -2.621
   2.232   0.864  -1.703   0.335   0.629  -1.890  -0.320  -0.407  -0.560   0.346
   1.299  -0.520   0.977   2.078   0.682  -0.360   0.943   1.475  -0.001   1.600
   0.471  -1.842   1.278   1.433  -2.360   1.232  -0.227  -2.298   0.591   0.102
  -1.906   2.304   1.279  -0.111  -0.467   2.223  -0.811  -0.886   0.745   0.844
  -1.245  -0.083   1.315  -0.901   1.281   1.174  -2.564   2.348   1.411  -2.517
   1.149   0.298  -3.175   0.722   2.018  -2.996
  -3.769   0.887   0.890  -2.801   1.219   1.186  -2.751   1.268   2.263  -2.665
   2.216   0.755  -1.737   0.316   0.644  -1.934  -0.349  -0.373  -0.574   0.352
   1.305  -0.524   0.981   2.118   0.648  -0.370   0.947   1.419  -0.002   1.638
   0.469  -1.872   1.266   1.437  -2.344   1.128  -0.233  -2.323   0.545   0.178
  -1.967   2.306   1.259  -0.103  -0.463   2.198  -0.787  -0.881   0.716   0.868
  -1.249  -0.074   1.372  -0.892   1.252   1.196  -2.577   2.240   1.578  -2.438
   1.284   0.325  -3.249   0.610   1.934  -3.082
  -3.740   0.894   0.780  -2.783   1.243   1.127  -2.769   1.251   2.236  -2.593
   2.251   0.745  -1.719   0.298   0.618  -1.913  -0.349  -0.415  -0.558   0.335
   1.282  -0.530   0.921   2.085   0.663  -0.394   0.936   1.435  -0.038   1.618
   0.484  -1.876   1.250   1.422  -2.411   1.150  -0.277  -2.303   0.586   0.142
  -1.952   2.251   1.265  -0.106  -0.454   2.171  -0.844  -0.872   0.774   0.889
  -1.217  -0.028   1.395  -0.870   1.241   1.185  -2.573   2.248   1.544  -2.584
   1.160   0.286  -3.186   0.600   1.967  -2.971
  -3.748   0.826   0.672  -2.817   1.190   1.078  -2.875   1.214   2.158  -2.655
   2.216   0.707  -1.710   0.293   0.610  -1.884  -0.376  -0.422  -0.560   0.319
   1.284  -0.508   0.990   2.054   0.658  -0.406   0.944   1.468  -0.023   1.591
   0.478  -1.910   1.298   1.464  -2.390   1.209  -0.151  -2.405   0.601   0.052
  -2.021   2.305   1.221  -0.158  -0.471   2.144  -0.854  -0.885   0.751   0.839
  -1.220  -0.072   1.357  -0.896   1.261   1.230  -2.518   2.313   1.537  -2.437
   1.190   0.336  -3.121   0.705   2.060  -2.981
  -3.784   0.808   0.748  -2.813   1.216   1.076  -2.803   1.194   2.167  -2.686
   2.232   0.697  -1.676   0.335   0.597  -1.882  -0.422  -0.363  -0.524   0.335
   1.252  -0.497   0.889   2.087   0.701  -0.417   0.931   1.439  -0.039   1.607
   0.521  -1.898   1.276   1.476  -2.404   1.352  -0.085  -2.391   0.524   0.085
  -1.977   2.273   1.264  -0.201  -0.479   2.181  -0.908  -0.934   0.809   0.850
  -1.173   0.028   1.370  -0.795   1.297   1.276  -2.472   2.319   1.645  -2.338
   1.304   0.494  -3.177   0.731   2.114  -2.922
  -3.748   0.860   0.858  -2.767   1.242   1.085  -2.686   1.256   2.161  -2.672
   2.237   0.641  -1.706   0.308   0.600  -1.941  -0.430  -0.365  -0.494   0.329
   1.210  -0.453   0.948   2.031   0.734  -0.457   0.888   1.474  -0.141   1.615
   0.492  -1.923   1.240   1.479  -2.400   1.211  -0.170  -2.395   0.511   0.052
  -2.004   2.239   1.310  -0.201  -0.504   2.170  -0.974  -0.980   0.838   0.849
  -1.197   0.067   1.382  -0.801   1.304   1.252  -2.537   2.370   1.560  -2.509
   1.178   0.452  -3.245   0.768   2.144  -2.879
  -3.744   0.808   0.908  -2.768   1.196   1.155  -2.727   1.253   2.237  -2.678
   2.217   0.775  -1.668   0.301   0.627  -1.898  -0.407  -0.355  -0.483   0.345
   1.261  -0.458   0.973   2.037   0.718  -0.466   0.935   1.484  -0.103   1.623
   0.499  -1.932   1.283   1.433  -2.453   1.125  -0.242  -2.366   0.594   0.176
  -2.014   2.329   1.293  -0.222  -0.494   2.126  -0.979  -0.990   0.792   0.789
  -1.193   0.011   1.269  -0.786   1.263   1.298  -2.463   2.342   1.538  -2.344
   1.138   0.600  -3.292   0.762   2.227  -2.677
  -3.681   0.779   0.968  -2.714   1.227   1.219  -2.682   1.333   2.300  -2.654
   2.169   0.701  -1.651   0.296   0.676  -1.931  -0.474  -0.243  -0.471   0.360
   1.287  -0.369   1.026   2.038   0.718  -0.466   0.932   1.507  -0.142   1.591
   0.496  -1.923   1.321   1.487  -2.380   1.288  -0.216  -2.414   0.667   0.084
  -2.013   2.349   1.218  -0.244  -0.527   2.045  -1.020  -0.979   0.736   0.795
  -1.211  -0.029   1.227  -0.766   1.202   1.341  -2.466   2.302   1.392  -2.468
   0.904   0.709  -3.299   0.790   2.348  -2.636
  -3.708   0.793   0.911  -2.739   1.212   1.219  -2.756   1.256   2.316  -2.613
   2.210   0.779  -1.670   0.237   0.681  -1.936  -0.506  -0.259  -0.514   0.310
   1.329  -0.446   1.014   2.071   0.676  -0.450   0.938   1.453  -0.046   1.563
   0.485  -1.926   1.320   1.418  -2.487   1.217  -0.207  -2.352   0.623   0.138
  -2.026   2.368   1.151  -0.221  -0.530   2.047  -0.957  -1.001   0.684   0.832
  -1.206  -0.054   1.380  -0.812   1.286   1.391  -2.448   2.350   1.464  -2.355
   1.033   0.791  -3.344   0.904   2.418  -2.628
  -3.738   0.970   0.910  -2.719   1.214   1.236  -2.685   1.204   2.346  -2.440
   2.179   0.792  -1.724   0.260   0.689  -2.044  -0.490  -0.222  -0.546   0.305
   1.285  -0.423   0.962   2.027   0.657  -0.450   0.902   1.436  -0.025   1.504
   0.480  -1.902   1.280   1.425  -2.404   1.173  -0.250  -2.386   0.637   0.166
  -1.967   2.308   1.133  -0.212  -0.548   1.971  -0.962  -1.047   0.591   0.807
  -1.240  -0.127   1.392  -0.805   1.169   1.384  -2.465   2.252   1.461  -2.315
   0.964   0.774  -3.352   0.835   2.415  -2.600
  -3.700   1.015   0.853  -2.730   1.218   1.282  -2.739   1.151   2.357  -2.422
   2.266   1.004  -1.740   0.217   0.733  -2.015  -0.511  -0.233  -0.540   0.258
   1.279  -0.386   1.020   1.926   0.671  -0.505   0.877   1.470  -0.076   1.477
   0.541  -1.997   1.300   1.526  -2.404   1.156  -0.150  -2.505   0.625   0.223
  -2.096   2.318   1.109  -0.253  -0.608   2.031  -0.925  -1.063   0.566   0.795
  -1.226  -0.229   1.203  -0.784   1.184   1.402  -2.421   2.271   1.463  -2.306
   0.959   0.787  -3.310   0.761   2.415  -2.587
  -3.743   1.014   0.806  -2.777   1.183   1.258  -2.825   1.055   2.322  -2.363
   2.119   1.023  -1.731   0.216   0.702  -2.027  -0.502  -0.253  -0.537   0.234
   1.279  -0.399   0.880   2.025   0.663  -0.513   0.891   1.462  -0.170   1.519
   0.532  -2.011   1.188   1.530  -2.451   1.109  -0.205  -2.509   0.540   0.197
  -2.169   2.220   1.132  -0.281  -0.560   2.046  -0.937  -0.986   0.530   0.735
  -1.225  -0.230   1.165  -0.772   1.056   1.372  -2.428   2.153   1.493  -2.184
   0.868   0.799  -3.316   0.664   2.372  -2.520
  -3.710   1.042   0.805  -2.762   1.192   1.282  -2.892   1.010   2.335  -2.405
   2.193   1.142  -1.764   0.190   0.732  -2.056  -0.515  -0.215  -0.549   0.241
   1.316  -0.376   0.947   1.984   0.591  -0.589   0.896   1.398  -0.306   1.589
   0.421  -2.050   1.191   1.391  -2.553   1.001  -0.385  -2.529   0.640   0.204
  -2.149   2.285   1.119  -0.257  -0.583   2.041  -0.941  -1.049   0.535   0.717
  -1.310  -0.241   1.162  -0.884   1.051   1.368  -2.500   2.136   1.612  -2.400
   0.904   0.747  -3.365   0.466   2.286  -2.687
  -3.659   1.159   0.642  -2.762   1.225   1.236  -2.974   1.006   2.277  -2.328
   2.214   1.207  -1.776   0.197   0.693  -2.075  -0.535  -0.247  -0.594   0.180
   1.316  -0.485   0.873   2.066   0.602  -0.544   0.911   1.441  -0.179   1.526
   0.434  -2.033   1.288   1.349  -2.494   1.104  -0.344  -2.473   0.647   0.205
  -2.127   2.364   1.090  -0.245  -0.576   2.051  -0.898  -1.072   0.569   0.786
  -1.264  -0.191   1.293  -0.826   1.040   1.338  -2.534   2.107   1.688  -2.482
   0.969   0.592  -3.342   0.465   2.241  -2.823
  -3.706   1.130   0.711  -2.736   1.219   1.256  -2.905   1.060   2.365  -2.330
   2.210   1.076  -1.779   0.192   0.733  -2.044  -0.512  -0.242  -0.588   0.188
   1.335  -0.465   0.770   2.182   0.587  -0.551   0.883   1.401  -0.230   1.550
   0.417  -2.019   1.272   1.322  -2.568   1.157  -0.412  -2.416   0.649   0.115
  -2.135   2.329   1.115  -0.305  -0.570   2.087  -0.946  -1.018   0.590   0.725
  -1.266  -0.221   1.131  -0.834   1.023   1.294  -2.560   2.006   1.744  -2.413
   0.991   0.531  -3.362   0.352   2.104  -2.838
  -3.735   1.064   0.951  -2.728   1.302   1.307  -2.732   1.295   2.392  -2.525
   2.291   0.933  -1.724   0.289   0.737  -2.060  -0.467  -0.196  -0.509   0.332
   1.264  -0.404   0.855   2.096   0.638  -0.496   0.856   1.469  -0.141   1.507
   0.398  -1.944   1.284   1.348  -2.445   1.104  -0.283  -2.367   0.599   0.103
  -2.032   2.294   1.165  -0.266  -0.600   2.171  -0.906  -1.066   0.588   0.747
  -1.278  -0.121   1.196  -0.728   1.010   1.326  -2.562   2.012   1.778  -2.448
   1.127   0.643  -3.407   0.252   2.093  -2.855
  -3.707   0.932   0.780  -2.747   1.208   1.239  -2.828   1.199   2.331  -2.407
   2.189   0.916  -1.721   0.247   0.716  -2.050  -0.489  -0.227  -0.506   0.285
   1.279  -0.354   0.929   2.060   0.673  -0.497   0.842   1.511  -0.172   1.423
   0.437  -2.022   1.175   1.359  -2.679   1.077  -0.380  -2.397   0.574   0.102
  -2.057   2.234   1.123  -0.255  -0.634   2.078  -0.877  -1.094   0.577   0.752
  -1.320  -0.172   1.213  -0.848   0.994   1.309  -2.597   1.949   1.720  -2.509
   0.943   0.575  -3.330   0.333   2.142  -2.883
  -3.671   1.082   0.685  -2.732   1.305   1.253  -2.856   1.286   2.367  -2.386
   2.283   0.961  -1.724   0.257   0.720  -2.051  -0.560  -0.159  -0.488   0.215
   1.281  -0.304   0.810   2.131   0.707  -0.563   0.833   1.553  -0.284   1.450
   0.553  -2.078   1.144   1.386  -2.686   0.827  -0.323  -2.445   0.618   0.503
  -2.080   2.274   1.176  -0.261  -0.627   1.994  -0.966  -1.150   0.542   0.732
  -1.305  -0.190   1.239  -0.818   1.023   1.303  -2.577   1.958   1.803  -2.479
   1.073   0.506  -3.328   0.255   2.013  -2.891
  -3.672   1.113   0.819  -2.684   1.248   1.279  -2.668   1.142   2.370  -2.280
   2.228   0.961  -1.718   0.218   0.755  -2.077  -0.590  -0.089  -0.482   0.254
   1.243  -0.417   0.940   2.005   0.720  -0.471   0.816   1.519  -0.158   1.426
   0.535  -1.970   1.108   1.392  -2.528   0.741  -0.360  -2.364   0.612   0.392
  -2.120   2.196   1.156  -0.250  -0.642   2.024  -0.964  -1.161   0.621   0.769
  -1.303  -0.043   1.250  -0.768   0.989   1.340  -2.596   1.950   1.851  -2.572
   1.063   0.532  -3.322   0.205   1.984  -3.015
  -3.668   1.158   0.768  -2.732   1.223   1.359  -2.920   1.029   2.459  -2.393
   2.259   1.258  -1.727   0.270   0.770  -2.094  -0.511  -0.128  -0.495   0.258
   1.262  -0.251   0.901   1.976   0.656  -0.492   0.794   1.437  -0.061   1.421
   0.514  -1.999   1.177   1.368  -2.557   0.892  -0.434  -2.399   0.750   0.406
  -2.022   2.255   1.149  -0.271  -0.668   2.067  -0.939  -1.133   0.590   0.783
  -1.294  -0.156   1.192  -0.792   1.007   1.362  -2.581   1.736   2.169  -2.428
   1.362   0.610  -3.221   0.147   1.834  -3.109
  -3.635   1.121   0.848  -2.691   1.192   1.375  -2.831   0.950   2.402  -2.320
   2.179   1.279  -1.709   0.240   0.763  -2.062  -0.563  -0.128  -0.460   0.274
   1.226  -0.337   0.935   2.008   0.684  -0.530   0.770   1.521  -0.134   1.347
   0.534  -2.033   1.173   1.483  -2.533   0.935  -0.282  -2.520   0.621   0.256
  -2.056   2.229   1.176  -0.305  -0.663   2.153  -0.887  -1.142   0.583   0.700
  -1.297  -0.213   1.094  -0.904   1.013   1.314  -2.554   2.008   1.777  -2.439
   1.147   0.434  -3.230   0.256   2.019  -2.997
  -3.616   1.259   0.764  -2.713   1.208   1.347  -2.947   0.835   2.357  -2.329
   2.192   1.426  -1.739   0.207   0.733  -2.174  -0.552  -0.128  -0.479   0.267
   1.230  -0.273   0.962   1.928   0.662  -0.558   0.760   1.525  -0.214   1.366
   0.471  -2.068   1.107   1.379  -2.605   0.980  -0.379  -2.566   0.642   0.271
  -2.130   2.197   1.135  -0.333  -0.707   2.158  -0.915  -1.129   0.575   0.689
  -1.350  -0.232   1.130  -0.899   1.070   1.323  -2.549   1.993   1.758  -2.336
   1.174   0.542  -3.324   0.392   2.085  -2.907
  -3.645   1.175   0.834  -2.730   1.206   1.420  -2.943   0.934   2.454  -2.225
   2.172   1.384  -1.772   0.207   0.816  -2.164  -0.496  -0.102  -0.504   0.235
   1.210  -0.302   0.979   1.896   0.668  -0.527   0.753   1.455  -0.123   1.376
   0.490  -2.004   1.199   1.365  -2.539   0.850  -0.431  -2.503   0.823   0.453
  -2.079   2.298   1.164  -0.319  -0.689   2.118  -0.964  -1.140   0.590   0.690
  -1.379  -0.145   1.122  -0.862   1.045   1.279  -2.640   1.866   1.918  -2.353
   1.336   0.527  -3.394   0.246   1.879  -3.050
  -3.702   1.220   0.918  -2.709   1.250   1.405  -2.886   1.100   2.498  -2.349
   2.231   1.360  -1.732   0.241   0.768  -2.125  -0.514  -0.171  -0.487   0.258
   1.224  -0.318   0.976   1.944   0.655  -0.594   0.761   1.450  -0.246   1.399
   0.428  -2.078   1.151   1.308  -2.774   1.003  -0.457  -2.517   0.674   0.116
  -2.077   2.223   1.179  -0.305  -0.671   2.093  -0.969  -1.156   0.510   0.664
  -1.350  -0.250   1.121  -0.818   0.940   1.266  -2.635   1.743   1.980  -2.486
   1.255   0.413  -3.223   0.119   1.769  -3.126
  -3.733   1.144   0.790  -2.824   1.211   1.372  -2.985   0.833   2.380  -2.435
   2.246   1.398  -1.787   0.287   0.728  -2.101  -0.492  -0.156  -0.577   0.235
   1.301  -0.437   0.850   2.073   0.622  -0.546   0.838   1.493  -0.264   1.456
   0.437  -2.065   1.172   1.345  -2.673   0.949  -0.331  -2.469   0.451   0.069
  -2.261   2.180   1.071  -0.311  -0.639   2.009  -0.949  -1.099   0.479   0.654
  -1.356  -0.216   1.221  -0.905   0.951   1.236  -2.580   1.817   1.883  -2.465
   1.210   0.469  -3.312   0.139   1.772  -3.046
  -3.727   1.159   0.913  -2.760   1.200   1.424  -2.923   0.964   2.490  -2.327
   2.206   1.403  -1.756   0.247   0.754  -2.083  -0.468  -0.212  -0.523   0.264
   1.267  -0.379   0.901   2.030   0.646  -0.547   0.834   1.496  -0.240   1.487
   0.452  -2.050   1.067   1.362  -2.647   0.979  -0.354  -2.465   0.458   0.155
  -2.191   2.120   1.127  -0.265  -0.627   2.015  -0.960  -1.114   0.550   0.705
  -1.341  -0.103   1.264  -0.838   0.943   1.239  -2.644   1.845   1.889  -2.463
   1.263   0.467  -3.380   0.160   1.738  -3.172
  -3.728   1.049   1.011  -2.726   1.215   1.438  -2.633   1.122   2.524  -2.398
   2.190   1.147  -1.805   0.216   0.799  -2.142  -0.420  -0.217  -0.608   0.196
   1.363  -0.479   0.923   2.084   0.594  -0.524   0.847   1.391  -0.057   1.414
   0.502  -2.028   1.143   1.540  -2.392   0.902  -0.190  -2.497   0.450   0.170
  -2.138   2.186   1.045  -0.238  -0.550   1.992  -0.885  -1.006   0.512   0.774
  -1.276  -0.231   1.263  -0.816   0.977   1.245  -2.600   1.771   1.974  -2.320
   1.211   0.416  -3.284   0.147   1.801  -3.042
  -3.827   1.074   1.056  -2.821   1.243   1.430  -2.882   1.112   2.531  -2.481
   2.241   1.160  -1.815   0.250   0.808  -2.150  -0.427  -0.188  -0.640   0.204
   1.358  -0.482   0.600   2.297   0.600  -0.542   0.845   1.427  -0.267   1.509
   0.444  -2.036   1.108   1.401  -2.537   1.024  -0.261  -2.506   0.381   0.161
  -2.139   2.217   1.103  -0.237  -0.571   2.004  -0.931  -1.003   0.603   0.838
  -1.267  -0.039   1.464  -0.759   1.089   1.266  -2.565   1.971   1.926  -2.468
   1.441   0.376  -3.138   0.259   1.731  -3.034
  -3.838   0.847   1.247  -2.832   1.206   1.433  -2.781   1.239   2.547  -2.620
   2.194   1.118  -1.789   0.253   0.821  -2.074  -0.432  -0.112  -0.583   0.200
   1.375  -0.496   0.834   2.156   0.565  -0.588   0.889   1.395  -0.307   1.560
   0.378  -2.080   1.123   1.317  -2.603   0.989  -0.378  -2.459   0.401   0.059
  -2.206   2.160   1.074  -0.291  -0.561   2.049  -0.867  -1.005   0.526   0.732
  -1.242  -0.235   1.223  -0.723   1.025   1.320  -2.490   1.827   2.060  -2.331
   1.272   0.561  -3.225   0.214   1.899  -2.956
  -3.850   0.990   0.979  -2.828   1.150   1.400  -2.917   0.902   2.448  -2.472
   2.177   1.425  -1.855   0.212   0.798  -2.156  -0.449  -0.183  -0.595   0.107
   1.382  -0.411   0.756   2.193   0.612  -0.632   0.910   1.366  -0.265   1.582
   0.334  -2.072   1.136   1.210  -2.633   0.979  -0.365  -2.426   0.350   0.051
  -2.301   2.191   1.079  -0.266  -0.532   1.995  -0.914  -1.039   0.503   0.783
  -1.151  -0.228   1.243  -0.701   0.892   1.291  -2.441   1.750   1.926  -2.327
   1.245   0.430  -3.053   0.140   1.822  -3.036
  -3.859   1.018   1.086  -2.850   1.132   1.557  -2.989   0.924   2.662  -2.432
   2.187   1.446  -1.923   0.143   0.883  -2.170  -0.476  -0.181  -0.630   0.181
   1.312  -0.479   0.843   2.056   0.582  -0.619   0.904   1.353  -0.272   1.597
   0.327  -2.101   1.134   1.219  -2.678   0.956  -0.432  -2.493   0.444   0.025
  -2.329   2.136   1.177  -0.273  -0.503   2.016  -0.986  -1.048   0.604   0.799
  -1.126  -0.151   1.245  -0.619   0.835   1.294  -2.491   1.700   1.975  -2.532
   1.097   0.402  -3.063  -0.052   1.775  -2.897
  -3.712   1.156   0.953  -2.839   1.180   1.526  -3.089   0.744   2.498  -2.453
   2.189   1.492  -1.855   0.233   0.825  -2.251  -0.416  -0.110  -0.593   0.170
   1.308  -0.467   0.812   2.060   0.629  -0.586   0.855   1.358  -0.316   1.605
   0.346  -2.083   1.090   1.258  -2.738   0.939  -0.477  -2.425   0.474   0.119
  -2.185   2.126   1.192  -0.201  -0.558   2.100  -0.882  -1.082   0.619   0.790
  -1.155  -0.107   1.287  -0.667   0.849   1.323  -2.466   1.621   2.094  -2.443
   1.129   0.586  -3.197  -0.113   1.772  -2.797
  -3.789   1.054   1.026  -2.823   1.134   1.487  -2.949   0.892   2.561  -2.596
   2.209   1.508  -1.808   0.228   0.869  -2.239  -0.489  -0.006  -0.586   0.151
   1.332  -0.411   0.748   2.151   0.580  -0.599   0.803   1.405  -0.330   1.467
   0.375  -2.083   1.093   1.312  -2.604   0.991  -0.415  -2.434   0.408   0.005
  -2.127   2.117   1.161  -0.220  -0.637   2.157  -0.826  -1.136   0.552   0.744
  -1.239  -0.276   1.166  -0.693   0.808   1.291  -2.593   1.146   2.350  -2.470
   1.595   0.674  -3.055  -0.146   1.166  -3.187
  -3.694   1.198   1.091  -2.746   1.218   1.580  -2.873   0.791   2.544  -2.245
   2.193   1.496  -1.836   0.199   0.903  -2.249  -0.548   0.053  -0.543   0.135
   1.349  -0.331   0.800   2.051   0.550  -0.656   0.791   1.388  -0.404   1.441
   0.314  -2.128   1.033   1.288  -2.710   0.876  -0.483  -2.470   0.426  -0.012
  -2.284   2.078   1.144  -0.225  -0.606   2.141  -0.787  -1.071   0.569   0.813
  -1.260  -0.180   1.314  -0.715   0.854   1.275  -2.605   1.139   2.321  -2.601
   1.565   0.625  -3.116  -0.039   1.312  -3.179
  -3.724   1.088   1.284  -2.725   1.145   1.630  -2.669   0.849   2.676  -2.282
   2.123   1.522  -1.872   0.119   0.909  -2.287  -0.541  -0.084  -0.576   0.180
   1.286  -0.371   0.871   1.950   0.576  -0.582   0.792   1.461  -0.448   1.493
   0.282  -2.061   0.914   1.199  -2.581   0.709  -0.484  -2.394   0.125  -0.053
  -2.322   1.914   1.132  -0.178  -0.633   2.217  -0.727  -1.021   0.492   0.778
  -1.284  -0.349   1.164  -0.821   0.840   1.342  -2.629   1.415   2.300  -2.509
   1.475   0.668  -3.117  -0.128   1.502  -3.162
  -3.784   0.844   1.058  -2.823   1.091   1.490  -2.865   0.930   2.579  -2.524
   2.112   1.286  -1.870   0.125   0.835  -2.238  -0.647  -0.060  -0.588   0.189
   1.293  -0.465   0.791   2.114   0.616  -0.554   0.818   1.415  -0.359   1.457
   0.355  -2.031   0.937   1.290  -2.607   0.745  -0.348  -2.415   0.231  -0.093
  -2.322   1.890   1.162  -0.216  -0.602   2.229  -0.752  -0.986   0.579   0.772
  -1.296  -0.179   1.265  -0.808   1.008   1.340  -2.587   1.686   2.185  -2.434
   1.539   0.705  -3.257   0.140   1.578  -3.129
  -3.864   1.130   1.082  -2.881   1.173   1.470  -2.866   1.122   2.546  -2.714
   2.220   1.280  -1.879   0.267   0.848  -2.293  -0.477   0.003  -0.598   0.166
   1.326  -0.458   0.698   2.172   0.552  -0.533   0.802   1.292  -0.300   1.538
   0.344  -1.988   0.948   1.306  -2.466   0.722  -0.399  -2.343   0.249  -0.040
  -2.245   1.978   1.201  -0.204  -0.578   2.266  -0.707  -0.962   0.476   0.653
  -1.351  -0.390   1.017  -0.981   1.062   1.275  -2.631   1.691   2.080  -2.281
   1.624   0.486  -3.165   0.329   1.699  -3.264
  -3.798   1.148   1.020  -2.815   1.196   1.536  -2.889   0.926   2.572  -2.459
   2.226   1.533  -1.866   0.179   0.858  -2.225  -0.537  -0.067  -0.623   0.215
   1.322  -0.364   0.994   1.887   0.527  -0.560   0.831   1.366  -0.321   1.489
   0.287  -2.057   0.951   1.266  -2.619   0.900  -0.493  -2.356   0.209  -0.025
  -2.292   1.954   1.102  -0.199  -0.545   2.174  -0.673  -0.925   0.472   0.710
  -1.308  -0.426   1.084  -1.034   0.996   1.205  -2.571   1.650   2.057  -2.469
   1.616   0.379  -3.011   0.207   1.438  -3.257
  -3.749   0.979   1.044  -2.802   1.123   1.546  -2.792   0.843   2.604  -2.348
   2.113   1.499  -1.820   0.203   0.795  -2.184  -0.456  -0.174  -0.618   0.219
   1.335  -0.483   0.875   2.104   0.585  -0.526   0.861   1.351  -0.232   1.537
   0.266  -2.043   1.082   1.136  -2.677   0.870  -0.517  -2.365   0.353  -0.034
  -2.261   2.119   1.135  -0.194  -0.544   2.169  -0.754  -0.957   0.516   0.751
  -1.266  -0.403   1.065  -0.933   0.895   1.176  -2.604   1.663   1.902  -2.489
   1.405   0.419  -3.190   0.001   1.521  -3.103
  -3.703   0.914   0.907  -2.783   1.169   1.455  -2.872   0.834   2.518  -2.441
   2.191   1.391  -1.794   0.276   0.799  -2.087  -0.367  -0.165  -0.568   0.254
   1.327  -0.332   0.904   2.057   0.564  -0.562   0.818   1.391  -0.378   1.534
   0.250  -2.066   1.073   1.120  -2.705   0.981  -0.390  -2.439   0.272  -0.193
  -2.156   2.070   1.163  -0.201  -0.545   2.175  -0.773  -1.013   0.556   0.755
  -1.221  -0.267   1.160  -0.747   0.962   1.235  -2.505   1.774   2.017  -2.376
   1.193   0.473  -3.209   0.104   1.864  -2.928
  -3.785   1.010   1.069  -2.750   1.250   1.463  -2.733   0.960   2.470  -2.482
   2.277   1.403  -1.749   0.380   0.768  -2.052  -0.319  -0.176  -0.498   0.281
   1.301  -0.294   0.782   2.142   0.594  -0.546   0.809   1.416  -0.337   1.465
   0.253  -2.041   1.019   1.159  -2.584   1.105  -0.267  -2.425   0.187  -0.378
  -2.094   1.926   1.210  -0.170  -0.594   2.234  -0.766  -0.966   0.546   0.707
  -1.281  -0.326   1.046  -0.900   1.025   1.271  -2.538   1.842   1.985  -2.471
   1.261   0.389  -3.205   0.236   1.787  -3.059
  -3.801   1.119   1.248  -2.749   1.216   1.579  -2.697   0.743   2.619  -2.416
   2.262   1.560  -1.772   0.377   0.776  -2.100  -0.257  -0.237  -0.559   0.290
   1.304  -0.359   0.915   2.074   0.576  -0.470   0.839   1.308  -0.321   1.552
   0.303  -1.958   0.952   1.239  -2.512   0.860  -0.453  -2.364   0.203  -0.119
  -2.151   1.908   1.130  -0.178  -0.599   2.171  -0.790  -0.978   0.515   0.780
  -1.327  -0.336   1.160  -0.979   1.039   1.291  -2.602   1.843   1.990  -2.335
   1.416   0.455  -3.219   0.266   1.823  -3.090
  -3.698   1.183   0.930  -2.776   1.183   1.519  -2.994   0.808   2.481  -2.462
   2.227   1.680  -1.735   0.375   0.802  -2.123  -0.301  -0.134  -0.510   0.413
   1.304  -0.304   0.975   2.102   0.600  -0.491   0.833   1.442  -0.244   1.486
   0.303  -1.959   1.114   1.102  -2.619   0.813  -0.626  -2.305   0.599   0.193
  -2.048   2.183   1.161  -0.189  -0.561   2.138  -0.719  -1.006   0.539   0.796
  -1.224  -0.366   1.082  -0.855   0.972   1.248  -2.525   1.855   1.905  -2.467
   1.264   0.392  -3.103   0.153   1.724  -3.065
  -3.648   1.640   1.031  -2.781   1.262   1.558  -3.031   0.739   2.520  -2.305
   2.214   1.903  -1.798   0.439   0.776  -2.240  -0.204  -0.172  -0.572   0.351
   1.310  -0.385   0.969   2.047   0.530  -0.499   0.841   1.424  -0.236   1.440
   0.296  -1.982   1.083   1.138  -2.575   0.718  -0.574  -2.363   0.579   0.138
  -2.209   2.168   1.090  -0.101  -0.548   2.119  -0.632  -1.006   0.418   0.806
  -1.256  -0.496   1.102  -0.963   1.003   1.294  -2.521   1.873   1.875  -2.256
   1.408   0.461  -3.112   0.305   1.793  -3.167
  -3.568   1.554   0.657  -2.895   1.292   1.464  -3.448   0.732   2.210  -2.275
   2.138   1.817  -1.938   0.341   0.868  -2.311  -0.245  -0.111  -0.656   0.322
   1.287  -0.499   0.687   2.159   0.469  -0.472   0.821   1.295  -0.228   1.561
   0.192  -2.018   1.061   1.071  -2.535   0.798  -0.564  -2.394   0.443   0.020
  -2.238   2.110   1.076  -0.130  -0.536   2.161  -0.652  -0.907   0.501   0.794
  -1.317  -0.307   1.319  -0.974   1.082   1.340  -2.572   1.860   2.009  -2.405
   1.577   0.479  -3.121   0.284   1.820  -3.130
  -3.620   1.688   0.843  -2.894   1.293   1.561  -3.367   0.671   2.360  -2.407
   2.168   1.980  -1.861   0.416   0.856  -2.236  -0.193  -0.164  -0.614   0.297
   1.391  -0.385   0.848   2.159   0.416  -0.557   0.869   1.160  -0.446   1.612
  -0.025  -1.984   0.982   0.777  -2.702   0.930  -0.675  -2.281   0.103  -0.591
  -2.188   1.908   1.082  -0.175  -0.474   2.144  -0.804  -0.798   0.504   0.760
  -1.285  -0.460   1.003  -1.060   1.034   1.332  -2.586   1.929   1.856  -2.340
   1.354   0.518  -3.229   0.347   1.976  -3.105
  -3.588   1.700   0.811  -2.905   1.256   1.533  -3.533   0.775   2.294  -2.335
   2.073   2.022  -1.897   0.333   0.856  -2.252  -0.319  -0.127  -0.610   0.318
   1.313  -0.331   0.858   2.141   0.479  -0.522   0.884   1.250  -0.371   1.670
   0.036  -2.031   0.913   0.883  -2.684   0.851  -0.599  -2.232   0.077  -0.434
  -2.228   1.881   1.087  -0.162  -0.496   2.101  -0.765  -0.845   0.465   0.729
  -1.307  -0.473   1.062  -1.072   1.167   1.261  -2.557   2.091   1.756  -2.331
   1.425   0.515  -3.219   0.542   2.003  -3.060
  -3.753   1.506   0.792  -2.966   1.314   1.532  -3.379   0.758   2.406  -2.515
   2.286   1.816  -1.915   0.469   0.817  -2.265  -0.132  -0.174  -0.702   0.323
   1.336  -0.490   0.821   2.179   0.433  -0.493   0.908   1.305  -0.461   1.617
  -0.024  -1.977   0.948   0.858  -2.581   0.741  -0.708  -2.216   0.134  -0.493
  -2.265   1.919   1.119  -0.228  -0.515   2.158  -0.804  -0.815   0.612   0.739
  -1.303  -0.294   1.072  -0.981   1.132   1.256  -2.558   2.067   1.792  -2.262
   1.354   0.518  -3.291   0.495   1.977  -3.008
  -3.604   1.760   0.687  -2.932   1.341   1.411  -3.399   0.749   2.224  -2.434
   2.177   1.907  -1.883   0.471   0.768  -2.172  -0.127  -0.261  -0.677   0.335
   1.387  -0.517   0.921   2.233   0.442  -0.549   0.916   1.193  -0.382   1.710
   0.022  -2.071   0.939   0.954  -2.698   0.891  -0.739  -2.247   0.253  -0.486
  -2.276   1.907   1.075  -0.174  -0.438   2.109  -0.746  -0.744   0.582   0.807
  -1.162  -0.375   1.053  -0.959   1.133   1.298  -2.407   1.994   1.973  -2.145
   1.392   0.457  -3.068   0.322   1.897  -2.875
  -3.724   1.653   0.601  -2.950   1.339   1.338  -3.438   0.794   2.184  -2.518
   2.210   1.813  -1.856   0.463   0.763  -2.058   0.000  -0.361  -0.687   0.339
   1.400  -0.624   0.818   2.250   0.419  -0.498   0.928   1.201  -0.419   1.685
   0.006  -1.959   1.037   0.843  -2.551   0.824  -0.817  -2.293   0.409  -0.351
  -2.091   2.062   1.136  -0.154  -0.434   2.201  -0.673  -0.664   0.686   0.905
  -1.153  -0.266   1.212  -0.917   1.090   1.259  -2.522   1.946   1.886  -2.603
   1.190   0.423  -3.190   0.396   1.978  -2.899
  -3.768   1.388   0.679  -2.878   1.395   1.339  -3.194   0.850   2.271  -2.385
   2.333   1.414  -1.885   0.479   0.703  -2.059  -0.011  -0.376  -0.728   0.236
   1.425  -0.554   0.945   2.130   0.387  -0.503   0.926   1.176  -0.326   1.646
  -0.072  -2.024   1.025   0.840  -2.649   0.946  -0.841  -2.288   0.257  -0.586
  -2.128   1.977   1.122  -0.187  -0.432   2.190  -0.800  -0.605   0.686   0.890
  -1.189  -0.165   1.211  -0.794   1.115   1.151  -2.553   2.017   1.675  -2.581
   1.293   0.180  -3.059   0.343   1.686  -3.193
  -3.893   1.417   0.905  -2.980   1.260   1.449  -3.240   0.707   2.283  -2.627
   2.184   1.674  -1.921   0.453   0.742  -2.142  -0.016  -0.356  -0.730   0.291
   1.339  -0.681   0.874   2.136   0.376  -0.533   0.910   1.105  -0.401   1.686
   0.060  -2.090   1.080   0.976  -2.748   0.888  -0.694  -2.319   0.320  -0.291
  -2.237   2.120   1.159  -0.223  -0.435   2.163  -0.815  -0.731   0.713   0.834
  -1.148  -0.128   1.317  -0.839   1.104   1.115  -2.502   2.038   1.781  -2.509
   1.495   0.192  -2.934   0.290   1.498  -3.123
  -3.741   1.528   0.741  -2.953   1.275   1.506  -3.340   0.572   2.292  -2.460
   2.190   1.820  -1.856   0.464   0.693  -2.047   0.024  -0.467  -0.715   0.315
   1.369  -0.740   0.678   2.328   0.529  -0.499   0.954   1.278  -0.371   1.724
   0.080  -1.962   1.100   0.986  -2.542   0.929  -0.662  -2.141   0.316  -0.397
  -2.237   2.039   1.227  -0.183  -0.374   2.186  -0.869  -0.703   0.768   0.766
  -1.146   0.134   1.392  -0.704   1.207   0.972  -2.547   1.748   1.910  -2.604
   1.834   0.147  -2.920   0.255   1.033  -3.210
  -3.780   1.383   0.810  -2.907   1.263   1.502  -3.217   0.752   2.411  -2.641
   2.261   1.763  -1.837   0.539   0.647  -2.074   0.139  -0.496  -0.748   0.345
   1.388  -0.706   0.716   2.317   0.437  -0.522   1.003   1.197  -0.394   1.802
  -0.004  -1.946   0.958   0.871  -2.561   0.879  -0.615  -2.160   0.062  -0.514
  -2.217   1.858   1.175  -0.202  -0.327   2.127  -0.927  -0.645   0.796   0.806
  -1.109  -0.009   1.322  -0.804   1.202   1.027  -2.486   1.823   1.925  -2.603
   1.681   0.077  -2.850   0.303   1.122  -3.153
  -3.857   1.378   1.033  -2.966   1.303   1.484  -3.139   0.747   2.435  -2.601
   2.340   1.548  -1.895   0.512   0.742  -2.163   0.059  -0.318  -0.775   0.339
   1.353  -0.631   0.786   2.258   0.371  -0.544   0.967   1.105  -0.342   1.762
  -0.036  -2.055   1.006   0.827  -2.648   0.686  -0.802  -2.212   0.219  -0.445
  -2.325   2.008   1.133  -0.186  -0.365   2.118  -0.862  -0.672   0.703   0.767
  -1.190  -0.155   1.213  -0.792   1.156   0.984  -2.562   1.300   2.040  -2.697
   2.097   0.529  -2.841   0.412   0.637  -3.266
  -3.896   1.386   0.992  -2.989   1.152   1.579  -3.209   0.432   2.375  -2.736
   2.174   1.918  -1.910   0.453   0.750  -2.124   0.008  -0.341  -0.738   0.242
   1.332  -0.627   0.623   2.269   0.443  -0.601   0.868   1.188  -0.387   1.651
  -0.008  -2.039   1.116   0.778  -2.769   0.836  -0.948  -2.263   0.537  -0.288
  -2.170   2.159   1.150  -0.351  -0.456   2.185  -0.924  -0.803   0.642   0.603
  -1.232  -0.228   1.081  -0.923   1.231   1.028  -2.463   1.817   1.911  -2.271
   1.834   0.183  -2.898   0.504   1.235  -3.264
  -3.769   1.487   0.779  -2.972   1.173   1.484  -3.368   0.501   2.262  -2.527
   2.053   1.947  -1.900   0.478   0.731  -2.155   0.097  -0.393  -0.733   0.322
   1.356  -0.710   0.735   2.262   0.435  -0.555   0.919   1.188  -0.458   1.773
  -0.019  -2.033   1.088   0.848  -2.668   0.918  -0.836  -2.265   0.362  -0.241
  -2.286   2.092   1.179  -0.281  -0.422   2.176  -0.937  -0.738   0.707   0.635
  -1.234  -0.139   1.082  -0.887   1.260   1.030  -2.543   1.758   1.995  -2.490
   2.031   0.253  -2.777   0.416   0.950  -3.260
  -3.795   1.296   1.073  -2.851   1.082   1.588  -2.998   0.339   2.412  -2.518
   2.074   1.894  -1.827   0.397   0.691  -2.162   0.075  -0.454  -0.645   0.269
   1.305  -0.619   0.544   2.287   0.458  -0.594   0.969   1.292  -0.517   1.739
   0.011  -2.054   1.030   0.855  -2.634   0.679  -0.847  -2.339   0.425  -0.348
  -2.354   2.043   1.105  -0.271  -0.428   2.146  -0.828  -0.675   0.604   0.576
  -1.248  -0.266   1.046  -0.952   1.316   1.000  -2.449   1.892   1.873  -2.203
   1.869   0.215  -2.772   0.540   1.302  -3.203
  -3.917   1.159   1.074  -2.945   1.136   1.595  -3.108   0.626   2.483  -2.579
   2.071   1.927  -1.889   0.500   0.791  -2.087   0.125  -0.380  -0.720   0.232
   1.396  -0.560   0.614   2.346   0.393  -0.552   0.997   1.200  -0.324   1.697
   0.070  -2.036   0.968   1.012  -2.573   0.895  -0.633  -2.205   0.121  -0.391
  -2.403   1.923   1.142  -0.197  -0.372   2.222  -0.726  -0.637   0.536   0.587
  -1.247  -0.402   1.085  -1.102   1.317   1.065  -2.463   2.181   1.662  -2.124
   1.593   0.190  -3.050   0.601   1.745  -3.021
  -3.765   1.248   0.947  -2.904   1.114   1.653  -3.180   0.522   2.552  -2.611
   2.168   1.905  -1.828   0.430   0.838  -2.047   0.138  -0.286  -0.675   0.264
   1.479  -0.671   0.576   2.432   0.498  -0.575   1.017   1.153  -0.483   1.854
   0.078  -1.970   1.026   0.818  -2.655   0.670  -0.707  -2.037   0.188  -0.338
  -2.318   2.029   1.191  -0.202  -0.371   2.308  -0.674  -0.674   0.547   0.679
  -1.173  -0.435   0.762  -1.105   1.192   1.148  -2.330   1.916   1.954  -2.110
   1.696   0.324  -2.818   0.398   1.628  -2.951
  -3.748   1.403   1.054  -2.905   1.104   1.626  -3.336   0.364   2.307  -2.565
   2.007   2.150  -1.773   0.446   0.777  -2.064   0.187  -0.368  -0.644   0.220
   1.391  -0.644   0.363   2.406   0.512  -0.571   0.957   1.334  -0.416   1.659
   0.088  -2.046   0.936   0.872  -2.776   0.807  -0.704  -2.259   0.202  -0.295
  -2.304   1.919   1.219  -0.196  -0.370   2.333  -0.748  -0.635   0.683   0.769
  -1.112  -0.289   0.956  -0.920   1.201   1.142  -2.436   2.134   1.620  -2.395
   1.358   0.220  -3.016   0.420   1.785  -2.866
  -3.364   1.606   0.864  -2.730   1.162   1.639  -3.409   0.439   2.203  -2.328
   1.887   2.231  -1.699   0.485   0.817  -1.972   0.231  -0.369  -0.568   0.268
   1.435  -0.511   0.729   2.331   0.536  -0.526   0.945   1.380  -0.442   1.632
   0.054  -1.988   0.951   0.863  -2.566   0.580  -0.861  -2.121   0.396  -0.199
  -2.344   1.953   1.258  -0.187  -0.371   2.338  -0.841  -0.612   0.668   0.673
  -1.246  -0.142   1.155  -0.893   1.348   1.267  -2.407   2.193   1.845  -2.119
   1.695   0.520  -3.074   0.590   1.915  -2.960
  -3.449   1.621   1.000  -2.718   1.145   1.663  -3.099   0.279   2.159  -2.176
   1.890   2.342  -1.659   0.561   0.746  -1.939   0.135  -0.283  -0.533   0.293
   1.419  -0.421   0.739   2.290   0.575  -0.551   0.928   1.416  -0.364   1.575
   0.244  -2.025   1.007   1.079  -2.666   0.779  -0.564  -2.304   0.239  -0.105
  -2.273   2.042   1.267  -0.164  -0.373   2.301  -0.783  -0.774   0.681   0.720
  -1.203  -0.305   0.973  -1.006   1.324   1.213  -2.424   2.121   1.889  -2.273
   1.785   0.357  -2.897   0.566   1.670  -3.136
  -3.510   1.590   1.383  -2.646   1.102   1.820  -2.962   0.309   2.490  -2.166
   1.901   2.410  -1.665   0.486   0.841  -1.878   0.283  -0.345  -0.517   0.199
   1.400  -0.503   0.374   2.401   0.585  -0.525   0.930   1.303  -0.337   1.757
   0.322  -2.044   1.028   1.107  -2.657   0.664  -0.561  -2.341   0.497   0.199
  -2.304   2.104   1.282  -0.119  -0.366   2.270  -0.769  -0.686   0.787   0.808
  -1.150  -0.123   1.220  -0.909   1.406   1.215  -2.477   1.934   2.168  -2.429
   1.783   0.392  -3.081   0.547   1.503  -3.085
  -3.485   1.551   1.040  -2.705   1.122   1.630  -3.209   0.562   2.448  -2.210
   1.942   2.120  -1.714   0.367   0.868  -1.967   0.249  -0.346  -0.540   0.167
   1.418  -0.400   0.730   2.308   0.659  -0.552   0.954   1.418  -0.344   1.708
   0.338  -2.043   1.097   1.125  -2.612   0.717  -0.567  -2.324   0.508   0.192
  -2.277   2.163   1.293  -0.113  -0.385   2.349  -0.754  -0.636   0.712   0.799
  -1.189  -0.288   0.970  -0.957   1.199   1.298  -2.473   1.776   2.218  -2.167
   1.962   0.661  -3.026   0.481   1.635  -3.183
  -3.391   1.777   1.063  -2.671   1.266   1.612  -3.177   0.526   2.199  -2.207
   1.975   2.265  -1.687   0.478   0.753  -1.922   0.123  -0.364  -0.577   0.228
   1.427  -0.601   0.493   2.420   0.623  -0.550   0.925   1.447  -0.266   1.672
   0.488  -2.030   1.194   1.396  -2.449   0.980  -0.410  -2.423   0.690   0.235
  -2.121   2.236   1.288  -0.161  -0.450   2.325  -0.773  -0.751   0.833   0.887
  -1.185   0.045   1.321  -0.828   1.378   1.436  -2.473   1.915   2.324  -2.180
   1.990   0.658  -2.931   0.578   1.773  -3.205
  -3.681   1.429   1.170  -2.739   1.210   1.661  -2.968   0.618   2.603  -2.323
   2.170   2.091  -1.679   0.412   0.814  -2.018   0.009  -0.300  -0.521   0.221
   1.357  -0.387   0.617   2.256   0.589  -0.525   0.905   1.389  -0.275   1.638
   0.397  -1.995   1.155   1.265  -2.554   0.947  -0.426  -2.573   0.773   0.384
  -1.999   2.226   1.295  -0.162  -0.423   2.349  -0.739  -0.728   0.782   0.744
  -1.198  -0.146   1.026  -1.083   1.443   1.282  -2.395   1.915   2.224  -2.219
   2.150   0.619  -2.883   0.665   1.587  -3.124
  -3.648   1.581   0.973  -2.748   1.198   1.545  -3.033   0.540   2.316  -2.343
   2.012   2.168  -1.679   0.422   0.702  -2.027   0.118  -0.447  -0.511   0.239
   1.351  -0.330   0.656   2.213   0.639  -0.578   0.958   1.418  -0.317   1.625
   0.337  -2.012   1.248   1.182  -2.614   0.844  -0.669  -2.277   0.877   0.320
  -2.101   2.357   1.349  -0.235  -0.412   2.356  -0.843  -0.720   0.839   0.749
  -1.153  -0.008   1.147  -0.934   1.476   1.260  -2.359   2.210   2.086  -2.240
   2.007   0.459  -2.901   0.661   1.520  -3.020
  -3.608   1.473   0.657  -2.851   1.176   1.386  -3.262   0.500   2.154  -2.415
   2.055   1.873  -1.727   0.445   0.686  -1.952   0.051  -0.412  -0.595   0.252
   1.372  -0.623   0.633   2.309   0.636  -0.510   1.040   1.401  -0.310   1.841
   0.314  -1.996   1.268   1.206  -2.615   1.017  -0.483  -2.311   0.586  -0.075
  -2.210   2.266   1.250  -0.169  -0.364   2.268  -0.789  -0.751   0.767   0.792
  -1.115  -0.200   1.141  -1.035   1.481   1.321  -2.312   2.160   2.170  -2.144
   2.159   0.554  -2.779   0.786   1.688  -3.049
  -3.797   1.024   0.692  -2.928   1.086   1.337  -3.176   0.606   2.273  -2.684
   2.183   1.597  -1.744   0.404   0.620  -1.922   0.004  -0.492  -0.644   0.265
   1.348  -0.664   0.615   2.305   0.614  -0.516   1.024   1.309  -0.234   1.795
   0.307  -2.049   1.232   1.249  -2.549   1.064  -0.450  -2.495   0.519   0.055
  -2.198   2.243   1.233  -0.111  -0.361   2.192  -0.803  -0.691   0.789   0.947
  -1.085  -0.019   1.469  -0.798   1.402   1.391  -2.362   1.937   2.288  -2.094
   2.087   0.557  -2.779   0.689   1.654  -3.108
  -3.694   1.214   0.454  -2.963   1.208   1.213  -3.290   0.511   2.010  -2.751
   2.194   1.628  -1.789   0.453   0.628  -1.830   0.010  -0.542  -0.695   0.205
   1.334  -0.805   0.595   2.273   0.548  -0.519   0.975   1.315  -0.322   1.706
   0.335  -2.054   1.100   1.363  -2.428   0.881  -0.412  -2.434   0.399   0.017
  -2.253   2.094   1.247  -0.093  -0.381   2.186  -0.760  -0.773   0.862   0.976
  -1.021   0.001   1.420  -0.538   1.349   1.539  -2.382   2.051   2.396  -2.262
   1.947   0.754  -2.912   0.441   1.733  -2.976
