default_name                                                                    
   22  0.2000000E+02
  -2.6113591   0.3002318   2.7856744  -2.8127561   0.4165151   1.7023744
  -3.4025534   1.2662174   1.4663179  -3.3843231  -0.4757927   1.4378513
  -1.4636781   0.4923891   1.1005767  -1.1761981   1.5454624   0.5281899
  -0.6140371  -0.5113147   1.2040912  -1.0753946  -1.3264203   1.6192275
   0.8758529  -0.4554484   1.1566106   1.1159760   0.4748526   1.7062085
   1.3891862  -1.6747261   1.8370125   2.4191654  -1.5389484   1.8030717
   0.9866462  -2.5641001   1.2775590   0.9573340  -1.6903413   2.8019915
   1.3271206  -0.2853388  -0.2687638   2.5048415   0.2168248  -0.3659274
   0.6227635  -0.6898337  -1.2305553  -0.2281058  -1.2132913  -1.0721083
   0.9860635  -0.4137477  -2.6047731   1.2222957   0.6281374  -2.6649910
   1.8166941  -1.0693001  -3.0145516   0.0265158  -0.7181642  -3.2037918
   1.3724399   1.0535578  -1.2759260   0.2220082  -0.1883912  -0.0563822
  -0.2223754   0.3851766  -0.4514050  -1.0204313  -1.2230273   0.0279248
   0.1656733  -0.2274431   0.4101098   0.2873848  -0.0134032  -0.1295488
  -0.1011529  -0.2566677  -0.0434167   0.4640157   0.1395907  -1.5410560
   0.0595198   0.0948903  -0.2118124  -1.1783314   0.7942062  -0.2022770
  -0.0199077  -0.1242829   0.0233662  -0.1268320  -0.3100264  -0.1891863
   0.5830125   1.0660662  -0.0800264   2.0948454  -0.7990979  -0.4945484
  -0.2976591   0.0512947   0.0749190  -0.0055978  -0.2697315  -0.0551453
  -0.1045044   0.4417533   0.0033877  -0.4719853   1.1722689   0.7577505
  -0.1942000   0.0905248   0.1703061   0.5870371  -0.0637063   0.6877609
  -0.5783873  -0.4022843   0.5851958   1.4990309  -1.2594254  -1.0367108
