default_name                                                                    
   22  0.2000000E+02
  -3.6943944   1.2141911   0.4542854  -2.9632054   1.2078413   1.2130335
  -3.2904586   0.5110635   2.0095073  -2.7510020   2.1937047   1.6280273
  -1.7893628   0.4525423   0.6276490  -1.8304620   0.0097776  -0.5423604
  -0.6953249   0.2047469   1.3342366  -0.8053524   0.5948329   2.2730784
   0.5484829  -0.5193486   0.9750954   1.3149892  -0.3219666   1.7056156
   0.3353858  -2.0539809   1.0999398   1.3632331  -2.4282046   0.8814729
  -0.4123276  -2.4338050   0.3989606   0.0173639  -2.2532964   2.0939977
   1.2465413  -0.0934485  -0.3805877   2.1857122  -0.7595749  -0.7727681
   0.8621002   0.9763748  -1.0208504   0.0011669   1.4198101  -0.5380045
   1.3488541   1.5385455  -2.3824562   2.0514870   2.3960128  -2.2623648
   1.9467041   0.7540561  -2.9124472   0.4406809   1.7326608  -2.9762720
  -0.3039551  -0.2668062   0.0202943   0.0037456  -0.1536400   0.1400413
  -0.9198193   0.2522007   0.8592339   0.6332009   1.0422348   0.0170174
  -0.1830955   0.0048419  -0.0643977   0.0176696  -0.3167316  -0.2414844
   0.0772139   0.1525062   0.2707246  -0.9881200  -0.2243165   1.2688751
  -0.1714055  -0.1529716  -0.0146384  -0.2130524  -0.7390000   0.6085987
  -0.0453236   0.2383697  -0.2181327  -0.4836477   0.7594338  -1.0199651
  -1.5698251   0.7594555  -1.0411541   0.7113944   0.0316517  -0.1169185
   0.0910922  -0.2208191  -0.0779469   0.3444112  -0.1488638  -0.1256695
   0.3177812   0.1593786  -0.2485341  -0.0717024   0.3039067   0.9903281
   0.1127279   0.1237520  -0.0092348   0.4376522  -0.4674662   0.3845842
  -1.4459203  -1.5918305   0.4127541  -0.8541886   0.7616173  -0.9200933
