default_name                                                                    
   22  0.2000000E+02
  -3.2945558   1.6006971   0.5233988  -2.4739702   1.3536897   1.2104903
  -2.8955267   0.5899829   1.8358862  -2.1491273   2.1827685   1.8107139
  -1.3286624   0.5404925   0.5506865  -1.5187814  -0.0930546  -0.4440283
  -0.1497356   0.4864215   1.1982331  -0.0446450   1.1910309   1.9911447
   1.0061464  -0.3763662   0.9357316   1.7975060  -0.1654287   1.6122982
   0.5367302  -1.7791777   1.3585049   1.4058105  -2.4333539   1.6459552
  -0.1267104  -2.1604660   0.6155982  -0.0237459  -1.7061879   2.2606401
   1.5403304  -0.3462583  -0.5381654   2.0031243  -1.3930220  -1.0427230
   1.5441613   0.8243810  -1.1987322   1.2281972   1.6788464  -0.7557573
   2.0071756   1.0004434  -2.5353535   2.0676846   1.9921231  -2.8441774
   3.0577957   0.6613428  -2.6008159   1.3670982   0.3505585  -3.1704834
   0.3682194   0.6192577   1.1028361  -0.3139840   0.0273998  -0.1879097
  -0.1529040  -0.7652539  -0.8068074  -0.6732174   0.1312253  -0.9255087
  -0.0417282   0.4412179  -0.5008147   0.1641300   0.2370652  -0.3200193
  -0.4017544   0.1518906  -0.3978329   0.5877993   0.1350733  -0.2166728
  -0.3789974  -0.1034521  -0.0847584  -1.1554781   0.6199660  -0.1618638
  -0.3672985  -0.0831693   0.0923249   0.1833589   1.2471353   0.6682845
   0.6175266  -0.0428886   0.9889875  -0.2188896  -1.3091314   0.5213290
   0.1380096   0.4022154  -0.1740529   0.1474430  -0.0659659  -0.2002663
   0.1922551  -0.3068524   0.0214042  -0.2400616  -1.1837024  -0.6999919
  -0.2083398  -0.1050578  -0.0388333   1.9425702  -0.1797881  -0.5218178
   1.6542384  -0.3997256  -0.7216977   0.3804177   0.1198865   0.3049900
