default_name                                                                    
  -3.537   1.514   1.017  -3.071   0.530   0.980  -3.415   0.012   0.079  -3.343
  -0.052   1.862  -1.572   0.676   0.935  -1.052   1.788   0.933  -0.865  -0.445
   0.869  -1.370  -1.316   0.867   0.605  -0.508   0.839   1.003   0.258   1.507
   1.026  -1.875   1.409   2.108  -1.926   1.484   0.678  -2.673   0.748   0.591
  -2.013   2.394   1.241  -0.255  -0.556   2.465  -0.179  -0.675   0.421  -0.136
  -1.615  -0.582  -0.228  -1.442   0.855   0.093  -2.996   1.419   1.028  -3.061
   1.506  -0.724  -3.316  -0.009   0.126  -3.667
  -3.516   1.537   1.037  -3.073   0.542   0.982  -3.436   0.049   0.076  -3.349
  -0.039   1.860  -1.570   0.676   0.921  -1.052   1.799   0.907  -0.869  -0.465
   0.889  -1.371  -1.335   0.909   0.600  -0.511   0.841   1.000   0.246   1.505
   1.025  -1.885   1.406   2.113  -1.932   1.463   0.675  -2.690   0.760   0.594
  -2.024   2.404   1.228  -0.250  -0.554   2.457  -0.161  -0.669   0.416  -0.138
  -1.612  -0.583  -0.219  -1.439   0.861   0.075  -2.993   1.398   1.021  -3.075
   1.531  -0.726  -3.317  -0.022   0.118  -3.640
  -3.541   1.506   1.014  -3.050   0.532   0.952  -3.384   0.000   0.075  -3.313
  -0.032   1.834  -1.555   0.679   0.917  -1.037   1.793   0.950  -0.846  -0.456
   0.852  -1.349  -1.335   0.901   0.622  -0.493   0.838   1.005   0.276   1.501
   1.048  -1.854   1.420   2.136  -1.915   1.432   0.694  -2.684   0.803   0.660
  -2.003   2.430   1.243  -0.234  -0.553   2.466  -0.158  -0.685   0.429  -0.129
  -1.613  -0.556  -0.261  -1.442   0.861   0.083  -2.998   1.407   1.013  -3.047
   1.512  -0.735  -3.301  -0.002   0.128  -3.668
  -3.503   1.506   1.045  -3.049   0.523   0.980  -3.405   0.023   0.096  -3.321
  -0.080   1.838  -1.556   0.682   0.935  -1.065   1.813   0.944  -0.839  -0.455
   0.843  -1.339  -1.334   0.886   0.627  -0.499   0.825   0.998   0.275   1.477
   1.062  -1.851   1.397   2.155  -1.911   1.417   0.670  -2.655   0.767   0.700
  -1.961   2.426   1.264  -0.245  -0.564   2.475  -0.152  -0.679   0.446  -0.134
  -1.619  -0.554  -0.188  -1.446   0.889   0.092  -2.993   1.400   1.054  -3.054
   1.583  -0.688  -3.322   0.024   0.110  -3.663
  -3.545   1.490   1.009  -3.081   0.520   1.019  -3.444  -0.055   0.161  -3.323
  -0.020   1.925  -1.571   0.682   0.943  -1.083   1.806   0.983  -0.846  -0.426
   0.801  -1.362  -1.290   0.771   0.630  -0.489   0.814   0.989   0.316   1.460
   1.049  -1.832   1.408   2.143  -1.907   1.478   0.680  -2.657   0.793   0.629
  -1.940   2.402   1.290  -0.246  -0.566   2.512  -0.154  -0.689   0.470  -0.129
  -1.631  -0.525  -0.219  -1.452   0.897   0.092  -3.004   1.402   1.071  -3.091
   1.624  -0.689  -3.306   0.036   0.074  -3.686
  -3.552   1.499   1.042  -3.071   0.522   1.026  -3.406  -0.036   0.155  -3.313
  -0.025   1.945  -1.560   0.679   0.937  -1.069   1.812   1.001  -0.847  -0.431
   0.794  -1.359  -1.305   0.768   0.632  -0.506   0.807   0.992   0.272   1.487
   1.058  -1.860   1.388   2.140  -1.894   1.523   0.694  -2.656   0.717   0.583
  -1.949   2.368   1.296  -0.272  -0.583   2.522  -0.199  -0.695   0.473  -0.139
  -1.622  -0.504  -0.278  -1.465   0.906   0.084  -2.997   1.414   1.055  -3.080
   1.608  -0.710  -3.293   0.067   0.061  -3.696
  -3.544   1.543   1.046  -3.062   0.557   1.007  -3.456   0.047   0.116  -3.318
   0.018   1.910  -1.568   0.692   0.945  -1.073   1.809   1.039  -0.852  -0.425
   0.756  -1.365  -1.296   0.670   0.625  -0.522   0.793   0.999   0.204   1.479
   1.032  -1.882   1.373   2.105  -1.946   1.484   0.657  -2.686   0.724   0.595
  -2.017   2.372   1.296  -0.259  -0.570   2.527  -0.132  -0.674   0.486  -0.157
  -1.634  -0.506  -0.304  -1.467   0.897   0.073  -3.007   1.337   1.078  -3.106
   1.617  -0.678  -3.298   0.038   0.032  -3.701
  -3.576   1.498   1.062  -3.073   0.521   1.015  -3.437  -0.012   0.134  -3.300
  -0.113   1.892  -1.560   0.694   0.961  -1.048   1.806   1.048  -0.844  -0.414
   0.771  -1.356  -1.293   0.682   0.636  -0.500   0.780   1.037   0.226   1.472
   1.002  -1.855   1.361   2.082  -1.948   1.439   0.618  -2.674   0.737   0.567
  -1.952   2.375   1.309  -0.269  -0.579   2.525  -0.177  -0.706   0.491  -0.158
  -1.619  -0.495  -0.314  -1.446   0.885   0.046  -3.024   1.347   1.020  -3.100
   1.613  -0.720  -3.371  -0.002   0.029  -3.677
  -3.519   1.493   1.048  -3.041   0.519   0.991  -3.423  -0.011   0.102  -3.291
  -0.084   1.875  -1.548   0.703   0.940  -1.037   1.817   1.035  -0.827  -0.395
   0.751  -1.331  -1.263   0.627   0.651  -0.501   0.775   1.062   0.248   1.477
   0.984  -1.881   1.354   2.061  -1.977   1.390   0.591  -2.686   0.744   0.540
  -1.984   2.337   1.342  -0.260  -0.596   2.568  -0.168  -0.668   0.507  -0.136
  -1.653  -0.476  -0.201  -1.440   0.857   0.117  -3.046   1.394   1.059  -3.109
   1.542  -0.641  -3.432  -0.068   0.146  -3.660
  -3.462   1.535   1.095  -3.016   0.553   1.001  -3.319   0.016   0.116  -3.289
  -0.032   1.888  -1.508   0.701   0.936  -1.000   1.816   1.052  -0.778  -0.393
   0.701  -1.280  -1.287   0.634   0.678  -0.495   0.759   1.047   0.265   1.445
   0.981  -1.883   1.358   2.059  -2.018   1.431   0.570  -2.675   0.735   0.571
  -1.934   2.352   1.359  -0.237  -0.611   2.578  -0.175  -0.734   0.505  -0.100
  -1.647  -0.472  -0.185  -1.395   0.838   0.111  -3.064   1.388   1.040  -3.161
   1.397  -0.718  -3.456  -0.095   0.170  -3.662
  -3.488   1.514   0.995  -3.008   0.538   0.982  -3.374  -0.011   0.125  -3.268
  -0.029   1.870  -1.499   0.723   0.896  -1.003   1.845   1.034  -0.762  -0.416
   0.723  -1.261  -1.271   0.617   0.697  -0.525   0.755   1.081   0.180   1.454
   1.026  -1.921   1.331   2.120  -2.001   1.466   0.611  -2.694   0.674   0.587
  -2.041   2.312   1.356  -0.226  -0.618   2.583  -0.175  -0.722   0.532  -0.048
  -1.644  -0.461  -0.035  -1.468   0.900   0.195  -3.033   1.597   1.056  -3.085
   1.417  -0.676  -3.451  -0.010   0.412  -3.567
  -3.460   1.518   0.952  -2.988   0.533   1.011  -3.367  -0.133   0.229  -3.240
   0.068   1.951  -1.478   0.698   0.896  -0.942   1.784   1.065  -0.766  -0.416
   0.717  -1.262  -1.290   0.631   0.709  -0.521   0.783   1.077   0.233   1.505
   1.058  -1.922   1.286   2.117  -2.013   1.262   0.622  -2.718   0.652   0.694
  -2.013   2.315   1.366  -0.212  -0.585   2.587  -0.182  -0.725   0.538  -0.004
  -1.641  -0.453  -0.031  -1.468   0.948   0.149  -3.043   1.706   0.949  -3.075
   1.381  -0.766  -3.425   0.093   0.414  -3.630
  -3.381   1.513   1.008  -2.963   0.519   1.016  -3.360  -0.003   0.134  -3.284
  -0.110   1.841  -1.448   0.649   0.933  -0.913   1.758   1.060  -0.775  -0.474
   0.780  -1.295  -1.324   0.788   0.700  -0.510   0.799   1.100   0.216   1.498
   1.066  -1.904   1.283   2.171  -2.011   1.285   0.683  -2.666   0.600   0.699
  -2.054   2.269   1.354  -0.220  -0.598   2.599  -0.188  -0.726   0.528  -0.004
  -1.640  -0.459  -0.017  -1.444   0.948   0.180  -3.011   1.603   1.050  -3.109
   1.468  -0.726  -3.362   0.080   0.398  -3.632
  -3.459   1.457   1.104  -2.980   0.501   0.948  -3.364  -0.005   0.056  -3.242
  -0.097   1.802  -1.469   0.655   0.883  -0.933   1.758   1.039  -0.777  -0.482
   0.745  -1.321  -1.344   0.703   0.710  -0.558   0.757   1.138   0.199   1.436
   1.064  -1.956   1.279   2.176  -2.023   1.429   0.666  -2.719   0.598   0.587
  -2.072   2.251   1.320  -0.210  -0.612   2.564  -0.174  -0.698   0.501   0.064
  -1.646  -0.494  -0.011  -1.494   0.992   0.221  -3.045   1.667   1.096  -3.106
   1.610  -0.640  -3.320   0.121   0.319  -3.721
  -3.469   1.537   1.081  -2.994   0.560   0.947  -3.310   0.073   0.042  -3.229
  -0.015   1.837  -1.489   0.658   0.900  -0.913   1.746   0.994  -0.826  -0.483
   0.714  -1.329  -1.358   0.671   0.640  -0.531   0.767   0.979   0.232   1.494
   1.085  -1.940   1.247   2.150  -1.937   1.444   0.795  -2.719   0.509   0.540
  -2.180   2.140   1.342  -0.157  -0.552   2.545  -0.168  -0.684   0.546   0.116
  -1.609  -0.445   0.148  -1.475   0.986   0.243  -3.020   1.677   1.071  -3.155
   1.410  -0.716  -3.399   0.104   0.504  -3.572
  -3.419   1.614   1.161  -3.003   0.585   0.947  -3.310   0.284  -0.041  -3.265
  -0.172   1.703  -1.503   0.665   0.924  -0.943   1.747   1.000  -0.807  -0.489
   0.763  -1.336  -1.343   0.606   0.669  -0.559   0.738   1.025   0.128   1.493
   1.031  -1.978   1.169   2.103  -1.980   1.427   0.855  -2.728   0.390   0.489
  -2.280   2.070   1.345  -0.141  -0.601   2.562  -0.192  -0.664   0.565   0.243
  -1.605  -0.408   0.284  -1.445   0.998   0.358  -2.992   1.700   1.166  -3.044
   1.463  -0.597  -3.286   0.158   0.558  -3.635
  -3.477   1.596   1.129  -3.020   0.612   0.945  -3.394   0.151   0.013  -3.308
   0.034   1.833  -1.502   0.695   0.878  -0.954   1.775   1.032  -0.830  -0.444
   0.674  -1.369  -1.277   0.558   0.651  -0.547   0.730   1.019   0.105   1.500
   1.023  -1.993   1.104   2.106  -2.067   1.310   0.705  -2.690   0.333   0.505
  -2.231   2.057   1.380  -0.128  -0.564   2.613  -0.244  -0.697   0.594   0.311
  -1.581  -0.383   0.373  -1.369   0.954   0.365  -2.999   1.693   1.181  -3.173
   1.444  -0.583  -3.298   0.100   0.536  -3.652
  -3.452   1.548   1.138  -2.998   0.582   0.909  -3.362   0.212  -0.027  -3.310
  -0.154   1.671  -1.493   0.699   0.849  -0.934   1.747   1.073  -0.817  -0.423
   0.660  -1.316  -1.309   0.617   0.658  -0.506   0.700   0.975   0.159   1.480
   0.991  -1.939   1.130   2.049  -2.061   1.320   0.663  -2.670   0.384   0.446
  -2.178   2.041   1.363  -0.103  -0.607   2.576  -0.258  -0.688   0.593   0.357
  -1.592  -0.390   0.455  -1.395   0.973   0.361  -2.985   1.609   1.207  -3.148
   1.474  -0.585  -3.243   0.091   0.513  -3.627
  -3.334   1.567   1.157  -2.980   0.581   0.921  -3.361   0.274  -0.043  -3.294
  -0.198   1.610  -1.476   0.694   0.862  -0.994   1.816   1.052  -0.793  -0.425
   0.693  -1.293  -1.270   0.435   0.658  -0.532   0.786   0.975   0.114   1.613
   1.045  -1.994   1.118   2.123  -2.079   1.196   0.594  -2.673   0.404   0.639
  -2.286   2.120   1.356  -0.060  -0.532   2.573  -0.187  -0.676   0.556   0.428
  -1.517  -0.399   0.450  -1.303   0.953   0.446  -2.938   1.667   1.266  -3.061
   1.421  -0.492  -3.217   0.077   0.558  -3.568
  -3.527   1.401   1.122  -3.028   0.451   0.879  -3.350   0.222  -0.138  -3.286
  -0.328   1.578  -1.547   0.646   0.921  -1.044   1.762   1.055  -0.801  -0.463
   0.724  -1.304  -1.301   0.534   0.661  -0.519   0.788   1.009   0.116   1.591
   0.987  -1.968   1.104   2.073  -2.092   1.112   0.552  -2.650   0.334   0.483
  -2.234   2.022   1.311  -0.075  -0.563   2.528  -0.186  -0.736   0.536   0.423
  -1.527  -0.456   0.553  -1.305   0.974   0.514  -2.898   1.596   1.411  -2.995
   1.444  -0.401  -3.206   0.092   0.655  -3.567
  -3.484   1.413   1.176  -3.015   0.483   0.903  -3.342   0.119  -0.046  -3.270
  -0.265   1.687  -1.543   0.674   0.864  -1.029   1.727   1.101  -0.809  -0.419
   0.707  -1.301  -1.305   0.550   0.661  -0.457   0.736   1.009   0.222   1.519
   1.046  -1.932   1.058   2.112  -2.070   1.031   0.586  -2.588   0.300   0.664
  -2.183   2.050   1.334  -0.010  -0.546   2.560  -0.147  -0.708   0.527   0.375
  -1.538  -0.479   0.368  -1.313   0.944   0.630  -2.904   1.577   1.516  -2.957
   1.432  -0.292  -3.302   0.087   0.822  -3.545
  -3.618   1.357   1.029  -3.066   0.432   0.820  -3.318   0.086  -0.171  -3.367
  -0.313   1.548  -1.573   0.648   0.919  -1.086   1.781   1.108  -0.831  -0.452
   0.719  -1.321  -1.281   0.481   0.651  -0.547   0.722   1.026   0.110   1.550
   1.047  -2.004   1.038   2.125  -2.145   1.022   0.595  -2.679   0.314   0.651
  -2.293   2.031   1.305   0.006  -0.591   2.526  -0.122  -0.719   0.463   0.435
  -1.543  -0.502   0.467  -1.274   0.878   0.670  -2.949   1.629   1.442  -3.011
   1.343  -0.232  -3.367   0.044   0.946  -3.588
  -3.577   1.349   1.108  -3.036   0.437   0.830  -3.379   0.066  -0.178  -3.299
  -0.322   1.559  -1.528   0.628   0.903  -1.021   1.726   1.118  -0.839  -0.489
   0.675  -1.339  -1.371   0.731   0.617  -0.560   0.684   0.980   0.069   1.474
   1.027  -1.993   1.023   2.113  -2.135   1.002   0.514  -2.724   0.348   0.754
  -2.281   2.037   1.286  -0.036  -0.584   2.520  -0.075  -0.696   0.477   0.388
  -1.602  -0.520   0.340  -1.442   0.953   0.623  -2.972   1.737   1.403  -2.924
   1.382  -0.287  -3.336   0.107   0.904  -3.589
  -3.586   1.350   1.073  -3.065   0.424   0.818  -3.367   0.007  -0.135  -3.402
  -0.253   1.609  -1.554   0.599   0.878  -1.065   1.712   1.077  -0.830  -0.499
   0.737  -1.345  -1.366   0.656   0.641  -0.598   0.718   1.030   0.054   1.507
   1.146  -2.025   1.079   2.225  -2.033   1.173   0.851  -2.713   0.266   0.686
  -2.337   1.999   1.228  -0.063  -0.605   2.443  -0.079  -0.741   0.442   0.375
  -1.570  -0.579   0.358  -1.460   0.998   0.644  -2.886   1.702   1.482  -2.877
   1.463  -0.277  -3.354   0.180   0.936  -3.564
  -3.580   1.381   0.997  -3.101   0.412   0.766  -3.444   0.086  -0.252  -3.430
  -0.364   1.486  -1.585   0.585   0.853  -1.163   1.739   1.012  -0.839  -0.530
   0.787  -1.251  -1.431   0.692   0.630  -0.536   0.779   0.991   0.142   1.489
   1.081  -1.988   1.042   2.159  -2.072   1.185   0.771  -2.679   0.249   0.596
  -2.316   1.970   1.271   0.014  -0.532   2.498   0.026  -0.616   0.474   0.346
  -1.566  -0.495   0.312  -1.363   0.988   0.642  -2.916   1.891   1.248  -2.769
   1.228  -0.261  -3.469   0.210   1.216  -3.468
  -3.695   1.327   1.114  -3.143   0.436   0.818  -3.428   0.177  -0.227  -3.509
  -0.355   1.401  -1.654   0.563   0.908  -1.130   1.680   1.034  -0.895  -0.542
   0.878  -1.419  -1.436   0.762   0.541  -0.518   0.756   0.942   0.107   1.542
   0.987  -1.969   0.983   2.085  -1.958   1.160   0.744  -2.542   0.077   0.507
  -2.397   1.861   1.210   0.030  -0.552   2.444   0.135  -0.642   0.409   0.279
  -1.592  -0.577   0.037  -1.474   0.854   0.724  -2.907   1.648   1.461  -2.809
   1.216  -0.093  -3.467  -0.002   1.182  -3.437
  -3.546   1.427   0.963  -3.079   0.449   0.757  -3.256   0.167  -0.293  -3.440
  -0.310   1.424  -1.561   0.597   0.900  -1.027   1.709   1.080  -0.855  -0.526
   0.862  -1.271  -1.427   0.757   0.608  -0.587   0.767   1.031  -0.060   1.601
   0.963  -2.093   0.968   2.037  -2.169   1.107   0.718  -2.616   0.040   0.423
  -2.467   1.880   1.238  -0.002  -0.541   2.473   0.120  -0.683   0.431   0.257
  -1.582  -0.530   0.033  -1.382   0.856   0.720  -2.890   1.430   1.661  -2.829
   1.467  -0.031  -3.406  -0.006   0.919  -3.451
  -3.531   1.374   0.911  -3.082   0.412   0.705  -3.221   0.212  -0.342  -3.469
  -0.382   1.328  -1.598   0.509   0.871  -1.096   1.615   1.096  -0.887  -0.596
   0.832  -1.332  -1.503   0.763   0.573  -0.622   0.746   0.936  -0.032   1.585
   0.966  -2.069   0.958   2.045  -2.177   0.989   0.523  -2.657   0.154   0.499
  -2.399   1.886   1.173  -0.065  -0.576   2.403   0.064  -0.649   0.390   0.321
  -1.573  -0.640   0.265  -1.497   0.878   0.704  -2.885   1.247   1.760  -2.805
   1.671   0.020  -3.219   0.066   0.762  -3.635
  -3.653   1.317   0.666  -3.126   0.372   0.683  -3.349  -0.204  -0.240  -3.549
  -0.274   1.409  -1.614   0.548   0.863  -1.119   1.661   1.041  -0.918  -0.594
   0.835  -1.407  -1.428   0.652   0.567  -0.619   0.735   0.980  -0.047   1.562
   0.941  -2.102   0.968   2.030  -2.191   0.983   0.511  -2.776   0.187   0.549
  -2.417   1.941   1.205  -0.026  -0.563   2.450   0.123  -0.618   0.404   0.334
  -1.583  -0.598   0.205  -1.411   0.869   0.783  -2.917   1.454   1.705  -2.936
   1.509   0.003  -3.376   0.017   0.947  -3.574
  -3.647   1.333   0.735  -3.135   0.341   0.686  -3.283  -0.098  -0.299  -3.538
  -0.305   1.426  -1.637   0.508   0.904  -1.208   1.644   1.088  -0.898  -0.558
   0.773  -1.380  -1.412   0.611   0.570  -0.617   0.676   0.985   0.006   1.499
   0.969  -2.044   1.019   2.023  -2.080   1.093   0.688  -2.758   0.274   0.570
  -2.321   1.965   1.207  -0.103  -0.603   2.450  -0.004  -0.641   0.453   0.407
  -1.577  -0.556   0.443  -1.447   0.934   0.761  -2.916   1.817   1.440  -2.843
   1.352  -0.100  -3.364   0.166   1.177  -3.586
  -3.620   1.292   0.769  -3.134   0.317   0.715  -3.281  -0.150  -0.275  -3.496
  -0.366   1.504  -1.655   0.505   0.967  -1.199   1.626   1.203  -0.918  -0.582
   0.801  -1.433  -1.435   0.711   0.504  -0.574   0.758   0.853  -0.031   1.611
   0.957  -2.020   0.993   2.060  -2.048   0.983   0.660  -2.643   0.158   0.532
  -2.391   1.903   1.174   0.004  -0.528   2.419  -0.042  -0.654   0.390   0.420
  -1.547  -0.581   0.460  -1.412   0.960   0.729  -2.902   1.754   1.467  -2.794
   1.420  -0.161  -3.341   0.205   1.136  -3.534
  -3.752   1.240   0.932  -3.184   0.323   0.697  -3.318   0.034  -0.367  -3.551
  -0.413   1.401  -1.691   0.517   1.004  -1.196   1.617   1.171  -0.937  -0.527
   0.832  -1.412  -1.395   0.587   0.533  -0.530   0.804   0.912   0.116   1.601
   0.963  -1.945   1.098   2.061  -2.056   1.162   0.617  -2.603   0.268   0.541
  -2.271   2.016   1.179  -0.032  -0.493   2.394  -0.131  -0.615   0.455   0.468
  -1.476  -0.535   0.486  -1.339   1.008   0.690  -2.795   1.815   1.448  -2.733
   1.382  -0.246  -3.231   0.237   1.155  -3.450
  -3.715   1.273   0.815  -3.187   0.274   0.727  -3.333  -0.004  -0.303  -3.643
  -0.505   1.355  -1.704   0.483   0.995  -1.247   1.583   1.317  -0.905  -0.558
   0.770  -1.352  -1.455   0.640   0.544  -0.544   0.825   0.914   0.100   1.641
   1.011  -2.009   1.018   2.117  -2.133   1.089   0.687  -2.615   0.213   0.617
  -2.432   1.961   1.201   0.009  -0.474   2.419  -0.068  -0.664   0.426   0.526
  -1.458  -0.534   0.551  -1.215   0.903   0.801  -2.843   1.431   1.711  -2.894
   1.556  -0.051  -3.158   0.127   0.779  -3.589
  -3.666   1.321   0.695  -3.237   0.350   0.833  -3.373  -0.257  -0.069  -3.748
  -0.227   1.679  -1.778   0.519   1.101  -1.316   1.594   1.383  -0.964  -0.548
   0.801  -1.428  -1.380   0.436   0.518  -0.566   0.777   0.919  -0.053   1.657
   1.042  -2.037   0.873   2.130  -2.045   0.961   0.609  -2.644   0.102   0.626
  -2.498   1.769   1.195   0.042  -0.481   2.386  -0.087  -0.656   0.468   0.559
  -1.471  -0.509   0.549  -1.370   0.908   0.869  -2.804   1.392   1.871  -2.826
   1.637   0.105  -3.151   0.049   0.864  -3.449
  -3.764   1.268   0.870  -3.271   0.317   0.877  -3.515  -0.156  -0.023  -3.604
  -0.318   1.725  -1.734   0.525   1.057  -1.298   1.631   1.405  -0.960  -0.517
   0.723  -1.435  -1.374   0.425   0.516  -0.555   0.755   0.813   0.024   1.603
   0.929  -2.009   0.976   2.001  -2.034   1.111   0.632  -2.586   0.093   0.402
  -2.397   1.902   1.227   0.018  -0.494   2.445  -0.071  -0.587   0.458   0.627
  -1.435  -0.540   0.634  -1.240   0.919   0.873  -2.815   1.450   1.856  -2.832
   1.563   0.046  -3.054   0.089   0.849  -3.489
  -3.693   1.299   1.295  -3.233   0.354   1.023  -3.440   0.040   0.016  -3.493
  -0.391   1.792  -1.732   0.525   1.104  -1.314   1.659   1.401  -1.012  -0.487
   0.697  -1.488  -1.314   0.395   0.449  -0.575   0.760   0.749   0.059   1.586
   0.879  -1.999   1.047   1.948  -1.998   1.332   0.732  -2.644   0.144   0.251
  -2.404   1.844   1.237   0.004  -0.448   2.433  -0.197  -0.612   0.538   0.652
  -1.389  -0.424   0.834  -1.180   0.920   0.949  -2.795   1.359   1.959  -2.865
   1.624   0.211  -3.212   0.025   0.945  -3.424
  -3.793   1.124   1.250  -3.151   0.316   0.974  -3.382   0.127  -0.095  -3.409
  -0.552   1.559  -1.729   0.561   1.074  -1.280   1.669   1.384  -0.962  -0.498
   0.654  -1.396  -1.297   0.267   0.517  -0.566   0.772   0.830   0.024   1.596
   0.927  -2.036   1.003   2.037  -2.003   1.124   0.661  -2.575   0.079   0.448
  -2.434   1.922   1.261   0.027  -0.468   2.448  -0.187  -0.576   0.530   0.679
  -1.403  -0.470   0.759  -1.215   0.935   0.997  -2.781   1.253   2.051  -2.888
   1.829   0.459  -3.054   0.127   0.715  -3.453
  -3.691   1.207   1.396  -3.258   0.260   0.984  -3.636   0.104  -0.065  -3.537
  -0.619   1.618  -1.747   0.526   0.990  -1.344   1.634   1.305  -0.880  -0.512
   0.739  -1.318  -1.381   0.622   0.539  -0.551   0.802   0.861   0.045   1.627
   0.971  -2.003   1.019   2.023  -2.091   1.247   0.636  -2.575   0.093   0.466
  -2.418   1.890   1.265   0.011  -0.475   2.476  -0.217  -0.684   0.579   0.685
  -1.417  -0.292   1.048  -1.117   1.029   1.024  -2.805   1.317   2.061  -2.828
   1.790   0.388  -3.163   0.237   0.785  -3.475
  -3.768   1.244   1.357  -3.254   0.345   1.051  -3.623   0.121   0.030  -3.390
  -0.485   1.770  -1.777   0.551   1.027  -1.381   1.705   1.302  -0.967  -0.523
   0.706  -1.415  -1.462   0.610   0.522  -0.515   0.779   0.868   0.119   1.600
   0.928  -2.007   0.978   1.963  -2.045   0.973   0.650  -2.696   0.204   0.582
  -2.418   1.952   1.273   0.021  -0.465   2.487  -0.197  -0.627   0.538   0.637
  -1.423  -0.417   0.919  -1.221   1.023   0.957  -2.787   1.377   1.980  -2.960
   1.898   0.326  -2.974   0.199   0.777  -3.466
  -3.857   1.208   1.176  -3.204   0.347   0.961  -3.442  -0.001  -0.021  -3.459
  -0.455   1.652  -1.735   0.643   1.082  -1.358   1.796   1.326  -0.987  -0.419
   0.848  -1.541  -1.236   0.668   0.474  -0.541   0.847   0.828   0.076   1.662
   0.911  -1.967   1.134   2.020  -1.983   1.247   0.537  -2.603   0.321   0.356
  -2.299   1.976   1.222   0.035  -0.428   2.428  -0.157  -0.578   0.476   0.622
  -1.391  -0.442   1.011  -1.180   0.976   0.868  -2.726   1.332   1.880  -2.896
   1.780   0.144  -3.035   0.193   0.857  -3.454
  -3.859   1.287   1.212  -3.297   0.369   0.919  -3.492   0.225  -0.162  -3.628
  -0.537   1.480  -1.818   0.604   1.100  -1.388   1.711   1.319  -0.989  -0.391
   0.828  -1.434  -1.293   0.675   0.491  -0.368   0.873   0.814   0.259   1.692
   0.845  -1.853   1.121   1.888  -1.974   1.367   0.697  -2.347   0.188   0.116
  -2.335   1.878   1.200   0.062  -0.411   2.421  -0.163  -0.570   0.508   0.653
  -1.370  -0.461   0.896  -1.229   0.949   0.904  -2.778   1.188   1.953  -2.936
   1.869   0.446  -3.033   0.187   0.481  -3.397
  -3.719   1.338   1.172  -3.262   0.394   0.952  -3.493   0.257  -0.080  -3.621
  -0.407   1.618  -1.795   0.621   1.120  -1.450   1.787   1.275  -0.971  -0.378
   0.825  -1.430  -1.294   0.606   0.493  -0.464   0.870   0.801   0.047   1.798
   0.840  -1.937   1.158   1.947  -2.023   1.221   0.436  -2.516   0.329   0.431
  -2.338   2.110   1.238   0.103  -0.365   2.471  -0.172  -0.497   0.580   0.711
  -1.377  -0.421   0.768  -1.233   1.031   0.974  -2.723   1.225   2.040  -2.890
   1.949   0.419  -2.914   0.252   0.664  -3.519
  -3.740   1.194   1.346  -3.227   0.363   0.916  -3.602   0.191  -0.098  -3.460
  -0.508   1.548  -1.754   0.591   1.050  -1.416   1.758   1.278  -0.947  -0.461
   0.823  -1.434  -1.350   0.637   0.534  -0.473   0.904   0.885   0.062   1.774
   0.874  -1.990   1.058   1.933  -2.200   1.133   0.501  -2.519   0.194   0.377
  -2.406   1.954   1.221   0.068  -0.366   2.421  -0.175  -0.585   0.482   0.659
  -1.335  -0.497   0.645  -1.188   1.033   0.992  -2.658   1.181   2.087  -2.586
   1.942   0.492  -2.835   0.233   0.730  -3.403
  -3.720   1.300   0.820  -3.235   0.360   0.850  -3.394  -0.147  -0.072  -3.681
  -0.264   1.633  -1.747   0.551   1.059  -1.274   1.666   1.316  -0.958  -0.512
   0.868  -1.437  -1.384   0.654   0.537  -0.468   0.871   0.985   0.160   1.675
   1.039  -1.924   1.096   2.094  -1.981   1.117   0.719  -2.589   0.296   0.594
  -2.306   1.990   1.216   0.113  -0.368   2.422  -0.086  -0.506   0.487   0.716
  -1.351  -0.530   0.714  -1.161   0.923   1.060  -2.719   1.461   2.008  -2.763
   1.525   0.216  -3.152   0.046   1.162  -3.332
  -3.653   1.338   0.824  -3.193   0.371   0.845  -3.479  -0.091  -0.113  -3.633
  -0.217   1.644  -1.699   0.578   1.005  -1.254   1.642   1.279  -0.954  -0.486
   0.765  -1.444  -1.333   0.473   0.515  -0.446   0.892   0.703   0.178   1.768
   1.023  -1.860   1.113   2.094  -1.773   1.205   0.772  -2.465   0.212   0.594
  -2.360   1.992   1.201   0.086  -0.403   2.378  -0.155  -0.638   0.522   0.801
  -1.294  -0.434   1.098  -1.071   0.934   1.006  -2.684   1.464   1.926  -2.700
   1.566   0.171  -2.970   0.044   0.967  -3.361
  -3.680   1.319   0.639  -3.263   0.329   0.821  -3.447  -0.382   0.037  -3.772
  -0.076   1.737  -1.745   0.507   0.991  -1.313   1.682   1.214  -0.956  -0.569
   0.794  -1.333  -1.471   0.491   0.540  -0.456   0.872   0.716   0.190   1.748
   1.087  -1.836   1.240   2.174  -1.746   1.512   1.137  -2.536   0.398   0.500
  -2.325   2.063   1.226   0.060  -0.393   2.434  -0.214  -0.652   0.475   0.789
  -1.264  -0.424   1.061  -0.917   0.889   1.048  -2.644   1.656   1.848  -2.536
   1.328   0.135  -3.098   0.080   1.381  -3.291
  -3.593   1.214   0.477  -3.171   0.273   0.761  -3.327  -0.388  -0.088  -3.678
  -0.116   1.667  -1.698   0.483   1.053  -1.192   1.561   1.223  -0.885  -0.585
   0.866  -1.405  -1.414   0.669   0.597  -0.582   0.871   0.936   0.129   1.655
   1.223  -1.949   1.317   2.254  -1.852   1.562   1.154  -2.690   0.564   0.716
  -2.276   2.227   1.197  -0.036  -0.446   2.347  -0.300  -0.661   0.530   0.762
  -1.252  -0.433   0.933  -1.033   0.978   1.094  -2.554   1.780   1.805  -2.495
   1.471   0.271  -3.060   0.273   1.578  -3.211
  -3.561   1.283   0.930  -3.127   0.269   0.908  -3.389  -0.219  -0.038  -3.460
  -0.372   1.675  -1.605   0.499   0.968  -1.128   1.612   1.126  -0.906  -0.595
   0.830  -1.382  -1.467   0.692   0.563  -0.554   0.879   0.817   0.159   1.677
   1.064  -1.936   1.254   2.165  -1.865   1.325   0.850  -2.659   0.527   0.602
  -2.253   2.187   1.217  -0.011  -0.418   2.405  -0.276  -0.627   0.578   0.846
  -1.243  -0.324   1.153  -0.929   1.045   1.198  -2.553   1.918   1.852  -2.485
   1.313   0.273  -3.112   0.218   1.624  -3.100
  -3.793   1.140   0.784  -3.148   0.225   0.937  -3.344  -0.441   0.161  -3.434
  -0.260   1.879  -1.653   0.476   0.933  -1.182   1.581   1.068  -0.891  -0.632
   0.856  -1.381  -1.538   0.725   0.576  -0.562   0.950   0.882   0.172   1.740
   1.050  -1.978   1.364   2.200  -2.008   1.451   0.760  -2.626   0.557   0.778
  -2.332   2.373   1.208  -0.056  -0.364   2.430  -0.271  -0.652   0.542   0.772
  -1.165  -0.382   1.086  -0.930   1.047   1.140  -2.485   2.038   1.609  -2.341
   1.136   0.269  -3.135   0.341   1.779  -3.069
  -3.796   1.031   1.013  -3.233   0.123   0.861  -3.447  -0.319  -0.064  -3.507
  -0.627   1.662  -1.756   0.409   1.021  -1.294   1.604   1.082  -0.965  -0.671
   0.807  -1.335  -1.559   0.493   0.500  -0.581   0.916   0.796   0.117   1.726
   0.976  -1.952   1.330   2.061  -1.910   1.547   0.844  -2.700   0.562   0.473
  -2.351   2.247   1.219  -0.033  -0.357   2.352  -0.305  -0.622   0.490   0.765
  -1.143  -0.401   1.086  -0.879   1.041   1.145  -2.487   2.065   1.484  -2.305
   1.056   0.414  -3.280   0.471   2.069  -2.823
  -3.699   1.181   0.989  -3.225   0.178   0.846  -3.557  -0.312  -0.072  -3.548
  -0.406   1.669  -1.746   0.381   0.926  -1.344   1.567   1.082  -0.949  -0.693
   0.859  -1.361  -1.563   0.629   0.496  -0.604   0.896   0.734   0.051   1.710
   1.022  -2.019   1.264   2.094  -1.976   1.359   0.870  -2.692   0.471   0.607
  -2.256   2.193   1.208  -0.010  -0.356   2.356  -0.315  -0.619   0.529   0.793
  -1.140  -0.410   0.938  -0.874   1.046   1.195  -2.427   2.041   1.636  -2.391
   1.108   0.300  -3.053   0.438   1.912  -2.953
  -3.826   1.085   0.831  -3.216   0.205   0.799  -3.306  -0.330  -0.116  -3.423
  -0.429   1.694  -1.742   0.475   0.984  -1.281   1.604   1.120  -0.992  -0.595
   0.862  -1.424  -1.480   0.746   0.501  -0.604   0.947   0.811   0.066   1.755
   1.070  -2.008   1.258   2.187  -1.953   1.359   0.881  -2.755   0.483   0.576
  -2.352   2.151   1.229   0.014  -0.279   2.349  -0.335  -0.616   0.496   0.753
  -1.144  -0.448   0.994  -0.863   0.907   1.144  -2.499   1.972   1.320  -2.538
   0.728   0.367  -3.219   0.393   2.076  -2.784
  -3.709   1.272   0.699  -3.271   0.301   0.882  -3.480  -0.423   0.015  -3.679
  -0.187   1.810  -1.749   0.497   0.940  -1.246   1.619   1.122  -1.006  -0.589
   0.859  -1.570  -1.428   0.718   0.499  -0.566   0.976   0.837   0.027   1.811
   1.014  -2.021   1.344   2.122  -2.085   1.473   0.791  -2.656   0.443   0.581
  -2.394   2.255   1.115  -0.060  -0.328   2.279  -0.408  -0.547   0.453   0.777
  -1.120  -0.442   1.173  -0.756   0.875   1.211  -2.446   1.944   1.259  -2.415
   0.527   0.463  -3.159   0.418   2.148  -2.752
  -3.688   1.292   0.810  -3.260   0.264   0.981  -3.334  -0.475   0.254  -3.528
  -0.139   1.968  -1.771   0.456   1.060  -1.336   1.574   1.124  -1.031  -0.614
   0.860  -1.499  -1.443   0.480   0.438  -0.594   0.949   0.747   0.030   1.737
   0.921  -2.013   1.333   1.946  -2.051   1.695   0.888  -2.643   0.461   0.242
  -2.460   2.062   1.141  -0.103  -0.311   2.360  -0.395  -0.514   0.457   0.700
  -1.158  -0.422   0.946  -0.815   0.887   1.215  -2.458   1.966   1.483  -2.393
   0.865   0.499  -3.293   0.310   2.091  -2.773
  -3.977   1.037   0.615  -3.306   0.216   0.886  -3.569  -0.652   0.224  -3.600
  -0.018   1.904  -1.814   0.488   0.982  -1.388   1.642   1.172  -0.956  -0.576
   0.833  -1.347  -1.465   0.700   0.520  -0.554   0.975   0.783   0.107   1.801
   0.987  -2.013   1.285   2.095  -2.062   1.431   0.771  -2.653   0.461   0.453
  -2.390   2.124   1.276  -0.053  -0.259   2.400  -0.436  -0.513   0.507   0.611
  -1.132  -0.409   0.737  -0.830   0.825   1.201  -2.448   1.888   1.407  -2.468
   0.598   0.637  -3.367   0.341   2.156  -2.597
  -3.668   1.101   0.568  -3.197   0.200   0.931  -3.317  -0.488   0.084  -3.622
  -0.183   1.802  -1.721   0.480   1.002  -1.279   1.606   1.214  -0.962  -0.587
   0.842  -1.414  -1.433   0.836   0.545  -0.662   0.972   0.867  -0.188   1.830
   0.931  -2.155   1.319   2.037  -2.253   1.496   0.725  -2.837   0.482   0.331
  -2.488   2.161   1.255  -0.119  -0.319   2.455  -0.317  -0.453   0.455   0.555
  -1.110  -0.480   0.595  -0.841   0.835   1.077  -2.434   1.948   1.198  -2.481
   0.419   0.433  -3.266   0.474   2.068  -2.487
  -3.808   1.058   1.010  -3.263   0.156   0.969  -3.498  -0.389   0.114  -3.425
  -0.289   1.886  -1.769   0.432   0.987  -1.319   1.579   1.208  -0.955  -0.634
   0.865  -1.443  -1.453   0.604   0.537  -0.714   0.942   0.829   0.016   1.699
   0.983  -2.096   1.411   2.060  -2.218   1.341   0.604  -2.845   0.713   0.489
  -2.272   2.352   1.270  -0.120  -0.285   2.490  -0.393  -0.516   0.540   0.674
  -1.070  -0.461   0.852  -0.776   0.804   1.215  -2.384   1.874   1.225  -2.543
   0.314   0.628  -3.143   0.467   2.230  -2.445
  -3.750   1.084   0.936  -3.258   0.115   0.994  -3.570  -0.359   0.155  -3.608
  -0.395   1.847  -1.750   0.351   1.028  -1.354   1.494   1.264  -0.916  -0.705
   0.780  -1.350  -1.621   0.601   0.535  -0.659   0.946   0.801   0.007   1.743
   1.044  -2.023   1.497   2.108  -1.997   1.668   0.710  -2.758   0.765   0.532
  -2.254   2.457   1.213  -0.184  -0.322   2.378  -0.360  -0.542   0.475   0.643
  -1.147  -0.342   1.039  -0.790   0.840   1.097  -2.506   1.826   0.781  -2.775
   0.159   0.636  -3.163   0.755   2.179  -2.596
  -3.862   1.004   0.957  -3.311   0.045   1.037  -3.609  -0.499   0.144  -3.497
  -0.612   1.803  -1.775   0.323   1.086  -1.424   1.496   1.408  -0.924  -0.724
   0.832  -1.353  -1.585   0.537   0.554  -0.691   0.968   0.776   0.042   1.702
   1.048  -2.089   1.450   2.099  -2.187   1.428   0.817  -2.659   0.560   0.603
  -2.443   2.402   1.257  -0.142  -0.337   2.472  -0.329  -0.561   0.524   0.499
  -1.200  -0.424   0.702  -0.885   0.962   1.068  -2.460   1.994   0.891  -2.661
   0.284   0.661  -3.224   0.747   2.122  -2.402
  -3.805   0.968   1.454  -3.331   0.027   1.151  -3.620  -0.379   0.153  -3.469
  -0.675   1.949  -1.808   0.292   1.121  -1.377   1.436   1.245  -0.977  -0.761
   0.936  -1.422  -1.673   0.935   0.508  -0.734   0.944   0.772   0.054   1.702
   1.076  -2.107   1.447   2.168  -2.021   1.545   0.770  -2.961   0.805   0.686
  -2.290   2.377   1.222  -0.072  -0.289   2.467  -0.197  -0.455   0.437   0.568
  -1.139  -0.564   0.758  -0.798   0.835   1.141  -2.409   1.943   1.077  -2.576
   0.488   0.555  -3.209   0.543   2.172  -2.486
  -3.788   0.892   1.559  -3.313  -0.071   1.257  -3.738  -0.585   0.397  -3.340
  -0.701   2.199  -1.805   0.251   1.052  -1.338   1.354   1.286  -0.973  -0.722
   0.857  -1.361  -1.675   0.806   0.490  -0.681   0.994   0.761  -0.048   1.953
   0.902  -2.097   1.355   1.969  -2.334   1.147   0.367  -2.745   0.747   0.563
  -2.295   2.415   1.158  -0.052  -0.259   2.379  -0.191  -0.430   0.426   0.617
  -1.200  -0.574   0.693  -1.058   0.847   1.135  -2.500   1.891   0.833  -2.752
   0.142   0.933  -3.312   0.792   2.227  -2.407
  -3.656   0.861   1.571  -3.208  -0.080   1.325  -3.655  -0.518   0.419  -3.234
  -0.891   2.045  -1.799   0.319   1.123  -1.335   1.452   1.247  -0.979  -0.680
   0.800  -1.413  -1.560   0.848   0.466  -0.631   0.930   0.695   0.035   1.796
   0.938  -2.103   1.202   2.011  -2.179   1.214   0.461  -2.787   0.526   0.597
  -2.403   2.198   1.219  -0.043  -0.342   2.448  -0.174  -0.451   0.436   0.624
  -1.232  -0.456   0.837  -0.854   0.975   1.293  -2.473   1.969   0.945  -2.638
   0.440   0.948  -3.363   0.887   2.422  -2.545
  -3.752   0.820   1.751  -3.211  -0.041   1.385  -3.806  -0.239   0.489  -3.299
  -0.953   2.019  -1.809   0.322   1.097  -1.426   1.480   1.263  -0.987  -0.677
   0.846  -1.408  -1.612   0.722   0.455  -0.622   0.944   0.655   0.051   1.783
   0.887  -2.053   1.331   1.977  -2.215   1.314   0.474  -2.781   0.724   0.399
  -2.274   2.300   1.224  -0.042  -0.264   2.459  -0.255  -0.417   0.463   0.597
  -1.208  -0.554   0.569  -1.035   1.035   1.355  -2.359   2.072   0.993  -2.584
   0.402   1.259  -3.224   1.078   2.415  -2.080
  -3.686   0.769   2.008  -3.230  -0.055   1.431  -3.815  -0.414   0.577  -3.153
  -0.865   2.162  -1.857   0.305   1.114  -1.433   1.455   1.210  -1.054  -0.745
   0.891  -1.522  -1.619   0.861   0.418  -0.690   1.000   0.657  -0.050   1.886
   0.859  -2.074   1.322   1.931  -2.136   1.360   0.458  -2.748   0.521   0.529
  -2.457   2.262   1.226  -0.023  -0.230   2.443  -0.235  -0.431   0.526   0.766
  -1.064  -0.466   0.783  -0.766   0.879   1.435  -2.356   1.831   1.109  -2.668
   0.199   1.124  -3.084   0.936   2.465  -2.219
  -3.860   0.896   1.494  -3.314  -0.089   1.351  -3.758  -0.680   0.577  -3.268
  -0.687   2.257  -1.860   0.290   1.141  -1.412   1.393   1.321  -1.067  -0.800
   0.889  -1.471  -1.725   0.642   0.399  -0.706   0.970   0.673   0.024   1.774
   0.921  -2.120   1.308   1.990  -2.082   1.471   0.631  -2.780   0.517   0.443
  -2.345   2.260   1.168  -0.035  -0.241   2.348  -0.272  -0.507   0.374   0.680
  -1.053  -0.619   0.614  -0.937   0.818   1.406  -2.292   1.817   1.014  -2.525
   0.133   1.201  -3.070   1.012   2.423  -2.089
  -3.795   1.019   1.491  -3.281   0.075   1.374  -3.546  -0.413   0.422  -3.477
  -0.682   2.050  -1.789   0.270   1.226  -1.337   1.402   1.337  -1.000  -0.749
   0.917  -1.384  -1.638   0.826   0.429  -0.685   0.964   0.757  -0.160   1.838
   0.881  -2.152   1.359   1.926  -2.212   1.629   0.555  -2.795   0.506   0.335
  -2.496   2.257   1.124  -0.062  -0.271   2.354  -0.267  -0.554   0.274   0.668
  -1.050  -0.727   0.529  -0.873   0.725   1.454  -2.200   1.597   1.010  -2.721
  -0.053   1.599  -2.917   0.862   2.515  -1.911
  -3.742   1.088   1.449  -3.290   0.144   1.374  -3.821  -0.428   0.613  -3.363
  -0.387   2.312  -1.793   0.269   1.150  -1.319   1.363   1.353  -1.058  -0.760
   0.898  -1.525  -1.589   0.875   0.406  -0.717   0.907   0.763  -0.050   1.758
   0.838  -2.070   1.451   1.899  -1.973   1.610   0.573  -2.805   0.585   0.357
  -2.333   2.365   1.082  -0.137  -0.409   2.324  -0.296  -0.582   0.317   0.679
  -1.126  -0.583   0.863  -0.697   0.749   1.536  -2.200   1.541   1.060  -2.827
  -0.084   1.726  -2.863   1.085   2.530  -1.861
  -3.674   1.166   1.399  -3.256   0.152   1.385  -3.686  -0.333   0.502  -3.612
  -0.409   2.245  -1.743   0.228   1.210  -1.199   1.305   1.341  -1.078  -0.858
   0.849  -1.554  -1.687   0.487   0.415  -0.784   0.863   0.640  -0.198   1.743
   0.958  -2.149   1.321   2.031  -2.048   1.507   0.784  -2.978   0.587   0.532
  -2.479   2.301   1.162  -0.071  -0.358   2.390  -0.306  -0.654   0.346   0.626
  -1.188  -0.545   0.981  -0.829   0.804   1.441  -2.295   1.752   1.098  -2.744
  -0.041   1.484  -3.088   1.042   2.501  -1.936
  -3.632   1.161   1.502  -3.210   0.169   1.360  -3.521  -0.295   0.476  -3.532
  -0.541   2.179  -1.692   0.303   1.162  -1.144   1.374   1.397  -1.020  -0.776
   0.831  -1.562  -1.603   0.632   0.399  -0.844   0.840   0.702  -0.253   1.613
   0.903  -2.163   1.338   1.983  -2.095   1.658   0.889  -2.935   0.535   0.385
  -2.480   2.266   1.091  -0.144  -0.361   2.351  -0.218  -0.567   0.329   0.665
  -1.133  -0.613   0.634  -0.843   0.717   1.558  -2.221   1.656   1.342  -2.761
  -0.103   1.654  -2.946   1.006   2.533  -1.804
  -3.584   1.204   1.486  -3.140   0.228   1.302  -3.529  -0.256   0.432  -3.372
  -0.420   2.114  -1.682   0.340   1.232  -1.184   1.475   1.439  -1.036  -0.693
   0.778  -1.644  -1.546   0.736   0.438  -0.810   0.873   0.709  -0.176   1.676
   0.830  -2.200   1.199   1.887  -2.236   1.380   0.581  -2.784   0.331   0.338
  -2.571   2.103   1.108  -0.203  -0.456   2.297  -0.324  -0.711   0.312   0.644
  -1.135  -0.652   0.649  -0.898   0.748   1.564  -2.225   1.655   1.262  -2.672
   0.018   1.489  -3.058   0.875   2.579  -1.792
  -3.556   1.360   1.241  -3.250   0.301   1.270  -3.746  -0.283   0.470  -3.450
  -0.106   2.264  -1.745   0.360   1.132  -1.211   1.433   1.556  -1.104  -0.697
   0.628  -1.645  -1.509   0.357   0.349  -0.765   0.790   0.697  -0.199   1.675
   0.882  -2.177   1.197   1.823  -1.999   1.698   0.977  -2.753   0.283   0.296
  -2.783   1.882   1.035  -0.075  -0.430   2.245  -0.287  -0.698   0.265   0.877
  -1.091  -0.761   0.915  -0.894   0.720   1.476  -2.337   1.705   1.108  -2.706
  -0.042   1.227  -3.081   0.745   2.509  -2.192
  -3.683   1.277   1.107  -3.395   0.272   1.253  -3.794  -0.297   0.455  -3.837
   0.058   2.202  -1.820   0.318   1.203  -1.308   1.363   1.533  -1.078  -0.631
   0.603  -1.504  -1.480   0.236   0.361  -0.697   0.731   0.594  -0.193   1.695
   0.851  -2.120   0.960   1.810  -2.186   1.534   0.868  -2.783   0.071   0.205
  -2.575   1.707   1.108   0.007  -0.455   2.226  -0.374  -0.806   0.377   0.882
  -1.148  -0.504   1.127  -0.698   0.737   1.608  -2.334   1.717   1.399  -2.653
   0.098   1.276  -3.148   0.614   2.675  -2.149
  -3.889   1.149   0.785  -3.305   0.212   1.007  -3.616  -0.496   0.233  -3.582
  -0.136   2.048  -1.794   0.410   1.078  -1.235   1.362   1.568  -1.117  -0.705
   0.653  -1.611  -1.509   0.219   0.371  -0.765   0.652   0.693  -0.205   1.536
   0.772  -2.199   0.941   1.754  -2.200   1.397   0.833  -2.778  -0.008   0.084
  -2.763   1.607   1.114  -0.107  -0.521   2.240  -0.472  -0.814   0.385   0.835
  -1.194  -0.424   1.240  -0.669   0.702   1.482  -2.406   1.756   1.253  -2.713
   0.038   1.242  -3.213   0.597   2.583  -2.266
  -3.582   1.289   1.100  -3.140   0.304   1.083  -3.466  -0.307   0.285  -3.423
  -0.188   2.015  -1.728   0.399   1.095  -1.272   1.458   1.489  -0.988  -0.665
   0.830  -1.507  -1.463   0.610   0.505  -0.735   0.799   0.948  -0.245   1.690
   0.846  -2.212   0.877   1.855  -2.308   1.189   0.776  -2.682  -0.060   0.317
  -2.711   1.654   1.134  -0.069  -0.497   2.185  -0.490  -0.925   0.369   0.819
  -1.198  -0.532   1.008  -0.811   0.788   1.521  -2.416   1.759   1.185  -2.774
   0.131   1.190  -3.239   0.638   2.558  -2.314
  -3.721   1.261   1.202  -3.254   0.316   1.138  -3.615  -0.299   0.260  -3.462
  -0.270   2.076  -1.723   0.392   1.108  -1.175   1.440   1.468  -1.007  -0.730
   0.798  -1.543  -1.576   0.658   0.489  -0.731   0.718   0.944  -0.140   1.547
   0.907  -2.255   0.854   2.024  -2.335   0.949   0.622  -2.626  -0.183   0.523
  -2.852   1.681   1.098  -0.082  -0.501   2.170  -0.411  -0.889   0.365   0.792
  -1.221  -0.592   0.764  -1.169   0.770   1.645  -2.351   1.726   1.297  -2.707
  -0.010   1.508  -3.121   0.883   2.684  -1.934
  -3.722   1.155   1.285  -3.202   0.220   1.059  -3.345  -0.296   0.152  -3.455
  -0.493   1.812  -1.703   0.457   1.162  -1.245   1.551   1.396  -1.016  -0.720
   1.009  -1.501  -1.554   0.857   0.463  -0.783   0.795   1.065  -0.451   1.645
   0.828  -2.307   0.922   1.888  -2.327   1.025   0.523  -2.923   0.080   0.239
  -2.639   1.823   1.113  -0.098  -0.468   2.212  -0.501  -0.897   0.417   0.801
  -1.125  -0.391   1.198  -0.650   0.785   1.535  -2.391   1.843   1.297  -2.674
  -0.010   1.332  -3.217   0.712   2.530  -2.023
  -3.664   1.273   1.088  -3.213   0.235   1.135  -3.463  -0.403   0.249  -3.580
  -0.322   2.002  -1.678   0.478   1.211  -1.226   1.635   1.301  -0.949  -0.683
   1.000  -1.496  -1.543   1.111   0.535  -0.715   0.845   0.997  -0.199   1.684
   0.807  -2.176   0.980   1.885  -2.227   1.084   0.503  -2.698   0.106   0.307
  -2.498   1.864   1.125  -0.080  -0.454   2.295  -0.381  -0.837   0.352   0.703
  -1.171  -0.474   0.848  -0.740   0.751   1.570  -2.385   1.726   1.468  -2.781
   0.033   1.303  -3.229   0.600   2.586  -2.010
  -3.696   1.140   1.334  -3.228   0.153   1.108  -3.511  -0.366   0.202  -3.501
  -0.548   1.891  -1.765   0.450   1.143  -1.318   1.551   1.327  -0.908  -0.617
   1.027  -1.367  -1.468   0.899   0.561  -0.600   0.866   1.057  -0.123   1.727
   0.959  -2.080   0.982   2.042  -2.160   1.263   0.782  -2.637   0.079   0.377
  -2.577   1.751   1.068  -0.085  -0.460   2.258  -0.267  -0.822   0.340   0.747
  -1.180  -0.617   0.858  -0.862   0.858   1.522  -2.305   1.800   1.224  -2.725
   0.105   1.525  -3.053   1.095   2.513  -1.947
  -3.825   1.246   1.302  -3.351   0.285   1.054  -3.658  -0.125   0.151  -3.710
  -0.447   1.859  -1.846   0.424   1.122  -1.376   1.562   1.287  -1.090  -0.605
   0.968  -1.547  -1.531   0.783   0.396  -0.628   0.808   0.733  -0.057   1.672
   0.864  -2.079   1.076   1.912  -1.911   1.413   0.809  -2.616   0.127   0.308
  -2.510   1.927   1.099  -0.045  -0.486   2.274  -0.206  -0.850   0.393   0.871
  -1.103  -0.479   1.046  -0.632   0.873   1.603  -2.297   1.825   1.242  -2.762
   0.013   1.675  -3.050   1.030   2.607  -2.058
  -3.885   0.894   1.701  -3.432   0.208   1.083  -3.785   0.317   0.130  -3.558
  -0.713   1.662  -1.883   0.437   1.128  -1.392   1.534   1.326  -1.049  -0.601
   0.951  -1.469  -1.419   0.612   0.395  -0.639   0.932   0.729  -0.040   1.756
   0.756  -2.081   1.162   1.845  -2.162   1.419   0.609  -2.646   0.212   0.220
  -2.647   1.944   1.079   0.046  -0.335   2.238  -0.267  -0.643   0.456   1.054
  -1.047  -0.458   1.221  -0.617   0.840   1.734  -2.327   1.799   1.406  -2.707
   0.119   1.603  -3.152   0.770   2.815  -2.151
