default_name                                                                    
  -3.673   1.107   0.681  -2.746   1.227   1.249  -2.930   0.941   2.282  -2.407
   2.259   1.205  -1.678   0.322   0.679  -1.932  -0.402  -0.281  -0.494   0.375
   1.274  -0.389   1.031   2.037   0.705  -0.422   0.954   1.484  -0.094   1.659
   0.434  -1.899   1.273   1.353  -2.485   1.185  -0.292  -2.299   0.577   0.051
  -2.007   2.288   1.327  -0.202  -0.451   2.231  -0.941  -0.869   0.862   0.811
  -1.197   0.122   1.366  -0.799   1.348   1.155  -2.536   2.409   1.410  -2.498
   1.221   0.302  -3.206   0.787   2.001  -2.940
  -3.685   1.066   0.671  -2.755   1.215   1.222  -2.907   0.977   2.275  -2.412
   2.250   1.151  -1.678   0.323   0.660  -1.914  -0.408  -0.301  -0.495   0.365
   1.284  -0.413   0.975   2.085   0.703  -0.428   0.951   1.467  -0.094   1.652
   0.446  -1.913   1.278   1.378  -2.482   1.190  -0.283  -2.328   0.591   0.080
  -2.008   2.303   1.321  -0.204  -0.452   2.216  -0.956  -0.854   0.872   0.823
  -1.195   0.153   1.408  -0.793   1.340   1.150  -2.537   2.395   1.390  -2.503
   1.160   0.302  -3.207   0.796   2.014  -2.908
  -3.671   1.070   0.680  -2.735   1.232   1.215  -2.885   0.983   2.259  -2.424
   2.269   1.140  -1.670   0.328   0.655  -1.906  -0.396  -0.301  -0.483   0.366
   1.284  -0.420   0.977   2.079   0.705  -0.424   0.963   1.490  -0.080   1.627
   0.444  -1.904   1.293   1.357  -2.487   1.161  -0.314  -2.328   0.631   0.074
  -1.990   2.302   1.300  -0.204  -0.447   2.192  -0.945  -0.873   0.878   0.836
  -1.182   0.152   1.418  -0.791   1.349   1.170  -2.521   2.421   1.387  -2.505
   1.178   0.344  -3.212   0.822   2.055  -2.869
  -3.660   1.146   0.569  -2.759   1.224   1.187  -2.970   0.940   2.226  -2.401
   2.255   1.178  -1.679   0.328   0.635  -1.899  -0.422  -0.323  -0.502   0.352
   1.273  -0.430   0.966   2.078   0.711  -0.419   0.961   1.465  -0.062   1.657
   0.457  -1.901   1.321   1.391  -2.429   1.252  -0.251  -2.362   0.621   0.018
  -1.932   2.311   1.331  -0.190  -0.446   2.202  -0.984  -0.852   0.886   0.871
  -1.165   0.170   1.453  -0.749   1.333   1.198  -2.524   2.396   1.430  -2.511
   1.142   0.347  -3.191   0.802   2.076  -2.926
  -3.660   1.130   0.583  -2.754   1.232   1.179  -2.945   1.009   2.212  -2.382
   2.266   1.114  -1.673   0.332   0.654  -1.915  -0.399  -0.299  -0.498   0.382
   1.279  -0.433   1.052   2.035   0.708  -0.418   0.962   1.486  -0.087   1.641
   0.445  -1.906   1.304   1.359  -2.510   1.242  -0.265  -2.333   0.600   0.072
  -1.954   2.307   1.313  -0.206  -0.453   2.179  -0.970  -0.875   0.884   0.852
  -1.152   0.174   1.431  -0.747   1.349   1.192  -2.497   2.407   1.452  -2.500
   1.174   0.342  -3.158   0.810   2.066  -2.888
  -3.622   1.104   0.581  -2.724   1.251   1.181  -2.940   1.013   2.209  -2.384
   2.287   1.109  -1.659   0.321   0.662  -1.915  -0.396  -0.310  -0.461   0.399
   1.273  -0.364   1.069   2.025   0.720  -0.406   0.953   1.486  -0.078   1.688
   0.438  -1.872   1.308   1.359  -2.440   1.306  -0.258  -2.316   0.587   0.031
  -1.945   2.304   1.342  -0.191  -0.449   2.184  -0.977  -0.887   0.897   0.859
  -1.158   0.179   1.445  -0.727   1.360   1.217  -2.506   2.421   1.478  -2.434
   1.262   0.367  -3.186   0.789   2.058  -2.884
  -3.625   1.129   0.582  -2.719   1.229   1.190  -2.980   0.918   2.203  -2.358
   2.258   1.187  -1.643   0.319   0.650  -1.883  -0.405  -0.322  -0.490   0.356
   1.284  -0.437   0.942   2.092   0.723  -0.398   0.964   1.478  -0.047   1.650
   0.456  -1.874   1.338   1.386  -2.410   1.325  -0.250  -2.352   0.642   0.051
  -1.954   2.318   1.355  -0.215  -0.454   2.171  -1.021  -0.899   0.944   0.877
  -1.159   0.244   1.461  -0.747   1.365   1.224  -2.514   2.424   1.544  -2.517
   1.233   0.382  -3.181   0.759   2.049  -2.884
  -3.657   1.128   0.575  -2.772   1.222   1.180  -3.000   0.955   2.220  -2.392
   2.240   1.163  -1.691   0.344   0.631  -1.910  -0.382  -0.344  -0.518   0.392
   1.271  -0.435   1.041   2.047   0.684  -0.375   0.942   1.427   0.006   1.634
   0.488  -1.860   1.346   1.429  -2.392   1.250  -0.274  -2.300   0.692   0.133
  -1.922   2.362   1.317  -0.197  -0.476   2.114  -1.033  -0.908   0.931   0.877
  -1.181   0.241   1.472  -0.781   1.375   1.198  -2.543   2.477   1.371  -2.615
   1.114   0.383  -3.225   0.863   2.095  -2.912
  -3.641   1.143   0.542  -2.779   1.209   1.185  -3.038   0.894   2.167  -2.473
   2.243   1.212  -1.675   0.352   0.638  -1.901  -0.356  -0.343  -0.510   0.391
   1.287  -0.409   1.004   2.088   0.662  -0.409   0.948   1.444  -0.030   1.620
   0.445  -1.874   1.362   1.432  -2.361   1.388  -0.167  -2.403   0.609   0.019
  -1.940   2.368   1.268  -0.211  -0.478   2.113  -0.997  -0.931   0.906   0.874
  -1.187   0.306   1.547  -0.743   1.353   1.200  -2.542   2.425   1.394  -2.583
   1.115   0.343  -3.207   0.849   2.104  -2.878
  -3.639   1.274   0.464  -2.773   1.285   1.149  -3.114   0.905   2.123  -2.419
   2.289   1.258  -1.669   0.375   0.648  -1.879  -0.328  -0.344  -0.504   0.390
   1.289  -0.400   1.021   2.085   0.695  -0.434   0.969   1.448  -0.035   1.658
   0.474  -1.913   1.337   1.402  -2.486   1.191  -0.304  -2.323   0.705   0.212
  -2.004   2.389   1.268  -0.217  -0.476   2.024  -1.041  -0.971   0.935   0.876
  -1.181   0.280   1.516  -0.730   1.335   1.189  -2.557   2.410   1.346  -2.580
   1.060   0.374  -3.234   0.873   2.129  -2.922
  -3.625   1.242   0.553  -2.764   1.269   1.223  -3.055   0.947   2.242  -2.378
   2.267   1.254  -1.688   0.331   0.696  -1.937  -0.312  -0.337  -0.519   0.368
   1.347  -0.427   0.952   2.150   0.680  -0.385   0.981   1.467  -0.005   1.616
   0.489  -1.872   1.357   1.400  -2.414   1.182  -0.290  -2.255   0.735   0.216
  -1.986   2.397   1.252  -0.202  -0.473   1.994  -1.047  -0.946   0.927   0.881
  -1.183   0.322   1.541  -0.749   1.380   1.123  -2.564   2.452   1.260  -2.554
   1.148   0.256  -3.167   0.929   2.029  -3.009
  -3.615   1.282   0.574  -2.773   1.209   1.271  -3.069   0.823   2.234  -2.334
   2.205   1.328  -1.685   0.342   0.704  -1.894  -0.340  -0.300  -0.502   0.389
   1.322  -0.397   1.011   2.094   0.683  -0.426   0.962   1.499  -0.045   1.589
   0.491  -1.889   1.393   1.444  -2.397   1.271  -0.265  -2.391   0.781   0.200
  -1.943   2.433   1.232  -0.240  -0.472   2.010  -1.082  -0.950   0.896   0.846
  -1.206   0.258   1.534  -0.815   1.395   1.097  -2.567   2.476   1.254  -2.576
   1.167   0.247  -3.231   0.884   2.007  -2.965
  -3.573   1.386   0.550  -2.756   1.273   1.264  -3.151   0.879   2.181  -2.314
   2.253   1.494  -1.705   0.348   0.706  -1.969  -0.378  -0.260  -0.517   0.365
   1.323  -0.418   0.975   2.144   0.718  -0.406   0.976   1.514   0.005   1.635
   0.500  -1.892   1.408   1.467  -2.386   1.353  -0.196  -2.375   0.724   0.107
  -1.971   2.414   1.249  -0.203  -0.482   1.927  -1.097  -1.007   0.850   0.858
  -1.212   0.285   1.579  -0.787   1.309   1.114  -2.592   2.392   1.167  -2.618
   0.991   0.318  -3.266   0.948   2.056  -2.959
  -3.636   1.265   0.654  -2.737   1.289   1.290  -3.031   0.877   2.258  -2.324
   2.311   1.408  -1.716   0.317   0.714  -1.968  -0.443  -0.220  -0.541   0.381
   1.281  -0.455   0.998   2.075   0.692  -0.363   0.957   1.462   0.076   1.595
   0.517  -1.842   1.444   1.445  -2.423   1.374  -0.204  -2.364   0.815   0.113
  -1.892   2.463   1.251  -0.222  -0.495   2.012  -1.077  -0.981   0.884   0.866
  -1.189   0.248   1.509  -0.714   1.275   1.154  -2.552   2.344   1.304  -2.587
   1.018   0.327  -3.195   0.755   2.056  -2.945
  -3.636   1.233   0.584  -2.762   1.308   1.244  -2.974   0.988   2.277  -2.371
   2.319   1.217  -1.704   0.343   0.743  -1.944  -0.356  -0.228  -0.531   0.392
   1.320  -0.439   1.117   2.026   0.695  -0.389   0.991   1.535  -0.008   1.589
   0.545  -1.857   1.443   1.522  -2.311   1.410  -0.124  -2.397   0.743   0.116
  -1.875   2.450   1.268  -0.207  -0.453   1.990  -1.088  -0.964   0.918   0.900
  -1.111   0.346   1.556  -0.615   1.293   1.232  -2.505   2.370   1.231  -2.634
   0.830   0.543  -3.191   0.902   2.209  -2.828
  -3.646   1.183   0.649  -2.766   1.307   1.286  -3.053   1.004   2.310  -2.437
   2.379   1.247  -1.704   0.349   0.743  -1.988  -0.342  -0.231  -0.524   0.401
   1.312  -0.354   1.104   2.006   0.680  -0.375   0.982   1.500   0.079   1.552
   0.561  -1.819   1.470   1.527  -2.306   1.328  -0.188  -2.325   0.869   0.319
  -1.922   2.535   1.222  -0.228  -0.465   1.951  -1.092  -1.002   0.936   0.922
  -1.143   0.410   1.629  -0.641   1.305   1.254  -2.489   2.404   1.140  -2.605
   0.818   0.570  -3.177   0.949   2.262  -2.690
  -3.650   1.318   0.650  -2.756   1.270   1.266  -3.068   0.851   2.221  -2.330
   2.240   1.413  -1.723   0.328   0.705  -2.001  -0.390  -0.243  -0.525   0.395
   1.279  -0.505   1.026   2.075   0.688  -0.332   0.962   1.491   0.100   1.581
   0.572  -1.805   1.435   1.556  -2.283   1.342  -0.136  -2.317   0.815   0.252
  -1.858   2.467   1.264  -0.185  -0.458   1.953  -1.084  -0.986   0.931   0.930
  -1.093   0.271   1.560  -0.653   1.306   1.230  -2.494   2.383   1.041  -2.662
   0.755   0.558  -3.140   1.090   2.268  -2.721
  -3.670   1.221   0.638  -2.782   1.271   1.264  -3.075   0.825   2.233  -2.481
   2.299   1.340  -1.679   0.385   0.694  -1.942  -0.392  -0.228  -0.493   0.432
   1.300  -0.419   1.109   2.059   0.732  -0.359   0.966   1.583   0.064   1.576
   0.574  -1.807   1.426   1.516  -2.343   1.466  -0.123  -2.363   0.790   0.098
  -1.798   2.397   1.206  -0.160  -0.491   1.968  -0.985  -1.010   0.822   0.958
  -1.156   0.241   1.622  -0.634   1.316   1.299  -2.511   2.393   1.158  -2.622
   0.792   0.687  -3.226   1.082   2.345  -2.736
  -3.660   1.138   0.728  -2.723   1.294   1.272  -2.841   1.106   2.367  -2.437
   2.329   1.094  -1.652   0.405   0.692  -1.916  -0.321  -0.258  -0.457   0.438
   1.314  -0.352   1.091   2.076   0.713  -0.344   0.971   1.505   0.054   1.589
   0.546  -1.805   1.360   1.522  -2.300   1.219  -0.242  -2.267   0.729   0.283
  -1.866   2.371   1.229  -0.162  -0.484   2.054  -0.962  -0.965   0.838   0.920
  -1.190   0.253   1.585  -0.670   1.256   1.298  -2.526   2.361   1.284  -2.562
   0.882   0.587  -3.254   0.909   2.294  -2.718
  -3.736   1.051   0.796  -2.753   1.238   1.273  -2.818   0.993   2.343  -2.439
   2.286   1.093  -1.676   0.352   0.731  -1.944  -0.360  -0.252  -0.486   0.373
   1.335  -0.476   0.883   2.195   0.737  -0.320   0.920   1.483   0.144   1.552
   0.606  -1.789   1.351   1.640  -2.217   1.285  -0.057  -2.241   0.655   0.202
  -1.839   2.376   1.276  -0.117  -0.493   2.105  -0.900  -0.963   0.802   0.918
  -1.176   0.122   1.480  -0.710   1.221   1.294  -2.526   2.304   1.429  -2.555
   1.028   0.503  -3.238   0.676   2.213  -2.838
  -3.733   1.159   0.939  -2.703   1.333   1.333  -2.710   1.127   2.401  -2.405
   2.354   1.098  -1.718   0.389   0.741  -2.039  -0.304  -0.231  -0.494   0.395
   1.309  -0.381   1.044   2.101   0.726  -0.301   0.954   1.538   0.132   1.583
   0.604  -1.765   1.346   1.572  -2.243   1.263  -0.096  -2.241   0.627   0.220
  -1.935   2.312   1.243  -0.082  -0.486   2.092  -0.866  -0.969   0.786   0.945
  -1.164   0.126   1.548  -0.728   1.281   1.283  -2.520   2.333   1.566  -2.536
   1.128   0.432  -3.219   0.733   2.135  -2.894
  -3.781   1.061   1.030  -2.764   1.279   1.396  -2.741   1.087   2.480  -2.508
   2.296   1.205  -1.739   0.362   0.719  -2.010  -0.354  -0.254  -0.554   0.393
   1.333  -0.419   0.954   2.225   0.678  -0.368   0.968   1.449   0.083   1.598
   0.637  -1.818   1.409   1.600  -2.298   1.216  -0.077  -2.350   0.832   0.368
  -1.858   2.489   1.249  -0.135  -0.449   2.091  -0.903  -0.942   0.827   0.913
  -1.148   0.117   1.464  -0.748   1.236   1.305  -2.511   2.298   1.502  -2.415
   1.025   0.476  -3.238   0.685   2.200  -2.881
  -3.797   0.946   1.050  -2.797   1.219   1.480  -2.744   0.996   2.516  -2.528
   2.282   1.354  -1.757   0.393   0.748  -1.972  -0.240  -0.293  -0.576   0.365
   1.304  -0.496   0.923   2.166   0.663  -0.352   0.934   1.429   0.070   1.559
   0.523  -1.827   1.319   1.478  -2.309   1.169  -0.165  -2.388   0.686   0.283
  -1.920   2.368   1.228  -0.142  -0.484   2.015  -0.980  -0.993   0.858   0.985
  -1.114   0.209   1.552  -0.631   1.255   1.361  -2.476   2.356   1.585  -2.498
   1.066   0.501  -3.187   0.718   2.260  -2.813
  -3.796   0.880   1.098  -2.819   1.151   1.470  -2.801   0.925   2.561  -2.719
   2.227   1.388  -1.715   0.411   0.737  -1.953  -0.200  -0.313  -0.527   0.388
   1.332  -0.424   0.926   2.186   0.694  -0.370   0.950   1.489   0.090   1.545
   0.577  -1.830   1.353   1.511  -2.341   1.079  -0.187  -2.338   0.728   0.368
  -1.942   2.405   1.240  -0.175  -0.515   2.025  -0.987  -1.016   0.844   0.924
  -1.154   0.106   1.461  -0.711   1.281   1.307  -2.475   2.367   1.249  -2.583
   0.872   0.626  -3.186   0.883   2.252  -2.751
  -3.809   0.735   0.978  -2.844   1.112   1.387  -2.795   1.016   2.469  -2.741
   2.157   1.159  -1.732   0.393   0.731  -1.967  -0.250  -0.315  -0.560   0.329
   1.364  -0.506   0.933   2.201   0.697  -0.390   0.903   1.506   0.028   1.500
   0.503  -1.862   1.315   1.442  -2.440   1.224  -0.281  -2.329   0.685   0.194
  -1.947   2.327   1.260  -0.154  -0.490   2.094  -0.930  -1.022   0.804   0.938
  -1.102   0.194   1.541  -0.569   1.242   1.319  -2.437   2.294   1.377  -2.465
   0.896   0.637  -3.225   0.801   2.258  -2.722
  -3.763   0.767   0.933  -2.812   1.130   1.288  -2.769   1.088   2.365  -2.794
   2.157   0.982  -1.709   0.363   0.646  -1.993  -0.264  -0.383  -0.521   0.347
   1.317  -0.482   0.917   2.144   0.677  -0.385   0.906   1.516  -0.019   1.519
   0.564  -1.857   1.250   1.425  -2.426   1.070  -0.243  -2.352   0.677   0.315
  -1.974   2.357   1.205  -0.092  -0.528   2.067  -0.814  -1.062   0.768   0.998
  -1.168   0.123   1.583  -0.698   1.270   1.396  -2.488   2.382   1.358  -2.410
   0.931   0.687  -3.226   0.879   2.366  -2.802
  -3.719   0.807   0.805  -2.787   1.173   1.260  -2.804   0.899   2.303  -2.587
   2.266   1.079  -1.685   0.371   0.586  -1.935  -0.218  -0.447  -0.536   0.333
   1.259  -0.576   0.825   2.143   0.683  -0.344   0.941   1.448   0.057   1.557
   0.490  -1.813   1.252   1.447  -2.331   1.127  -0.264  -2.230   0.607   0.220
  -2.030   2.299   1.173  -0.090  -0.506   2.028  -0.774  -1.038   0.766   1.020
  -1.172   0.066   1.561  -0.697   1.208   1.473  -2.486   2.277   1.630  -2.494
   0.915   0.828  -3.314   0.670   2.438  -2.678
  -3.731   0.770   0.830  -2.777   1.184   1.198  -2.724   1.085   2.268  -2.609
   2.214   0.832  -1.681   0.350   0.550  -1.898  -0.261  -0.510  -0.562   0.316
   1.259  -0.568   0.934   2.046   0.693  -0.380   0.903   1.426  -0.025   1.623
   0.468  -1.856   1.178   1.487  -2.324   1.168  -0.126  -2.245   0.404   0.023
  -2.040   2.146   1.214  -0.018  -0.475   1.983  -0.801  -1.042   0.838   1.130
  -1.103   0.071   1.670  -0.622   1.189   1.499  -2.490   2.299   1.614  -2.622
   0.828   0.711  -3.168   0.770   2.487  -2.712
  -3.687   0.953   0.665  -2.749   1.198   1.123  -2.789   1.093   2.204  -2.576
   2.278   0.856  -1.634   0.340   0.555  -1.817  -0.269  -0.477  -0.524   0.332
   1.255  -0.512   0.868   2.108   0.713  -0.363   0.902   1.480   0.042   1.587
   0.475  -1.844   1.251   1.430  -2.402   1.365  -0.051  -2.296   0.427  -0.001
  -1.969   2.228   1.307  -0.017  -0.504   2.101  -0.809  -1.030   0.889   1.112
  -1.106   0.225   1.665  -0.610   1.197   1.512  -2.479   2.286   1.622  -2.621
   0.851   0.770  -3.212   0.645   2.458  -2.732
  -3.716   0.804   0.935  -2.762   1.250   1.136  -2.600   1.307   2.212  -2.740
   2.270   0.727  -1.638   0.406   0.514  -1.782  -0.225  -0.568  -0.515   0.349
   1.249  -0.520   0.828   2.140   0.697  -0.368   0.882   1.455  -0.052   1.611
   0.422  -1.830   1.229   1.394  -2.339   1.436  -0.160  -2.309   0.433  -0.200
  -1.862   2.134   1.300  -0.057  -0.508   2.108  -0.821  -1.013   0.926   1.121
  -1.102   0.426   1.800  -0.555   1.274   1.564  -2.418   2.353   1.602  -2.518
   0.898   0.855  -3.122   0.787   2.540  -2.652
  -3.655   0.945   0.699  -2.707   1.241   1.126  -2.795   1.151   2.227  -2.585
   2.243   0.812  -1.574   0.432   0.561  -1.716  -0.239  -0.481  -0.439   0.433
   1.237  -0.424   0.995   2.097   0.747  -0.311   0.861   1.515  -0.002   1.524
   0.494  -1.802   1.233   1.456  -2.346   1.258  -0.170  -2.361   0.534   0.091
  -1.868   2.264   1.312  -0.040  -0.518   2.171  -0.768  -1.041   0.903   1.078
  -1.127   0.150   1.562  -0.655   1.360   1.619  -2.417   2.402   1.764  -2.418
   1.149   0.894  -3.197   0.830   2.579  -2.557
  -3.648   0.827   0.622  -2.741   1.250   1.039  -2.696   1.119   2.106  -2.610
   2.325   0.818  -1.606   0.434   0.484  -1.727  -0.226  -0.535  -0.491   0.416
   1.207  -0.504   0.947   2.064   0.767  -0.273   0.928   1.502   0.079   1.590
   0.531  -1.777   1.256   1.473  -2.346   1.182  -0.249  -2.240   0.609   0.234
  -1.874   2.300   1.327  -0.048  -0.491   2.116  -0.826  -1.005   0.949   1.065
  -1.106   0.196   1.567  -0.670   1.356   1.556  -2.427   2.459   1.716  -2.426
   1.076   0.806  -3.158   0.788   2.481  -2.611
  -3.755   0.755   0.797  -2.797   1.191   1.104  -2.828   1.124   2.184  -2.710
   2.233   0.793  -1.643   0.429   0.510  -1.815  -0.203  -0.537  -0.465   0.455
   1.194  -0.489   1.084   1.954   0.775  -0.271   0.935   1.505   0.165   1.652
   0.561  -1.788   1.330   1.480  -2.324   1.309  -0.178  -2.235   0.637   0.170
  -1.835   2.337   1.350  -0.076  -0.470   2.159  -0.877  -0.974   0.914   1.023
  -1.115   0.221   1.619  -0.652   1.390   1.511  -2.384   2.493   1.617  -2.367
   1.071   0.905  -3.229   1.030   2.497  -2.565
  -3.698   1.004   0.672  -2.722   1.149   1.143  -2.743   0.961   2.218  -2.556
   2.200   0.962  -1.628   0.392   0.474  -1.805  -0.182  -0.618  -0.465   0.425
   1.129  -0.467   0.962   1.951   0.769  -0.326   0.882   1.475   0.115   1.562
   0.581  -1.775   1.342   1.532  -2.306   1.345  -0.076  -2.273   0.654   0.141
  -1.832   2.319   1.370  -0.113  -0.536   2.180  -0.904  -1.052   0.944   1.032
  -1.106   0.310   1.589  -0.570   1.311   1.545  -2.397   2.383   1.605  -2.601
   0.841   0.854  -3.140   0.859   2.508  -2.532
  -3.718   1.055   0.700  -2.761   1.212   1.135  -2.806   1.090   2.223  -2.455
   2.275   1.044  -1.609   0.424   0.499  -1.790  -0.201  -0.558  -0.452   0.394
   1.195  -0.483   0.952   2.068   0.787  -0.354   0.899   1.569   0.152   1.574
   0.613  -1.824   1.347   1.564  -2.405   1.261  -0.175  -2.344   0.808   0.371
  -1.783   2.434   1.346  -0.149  -0.512   2.110  -0.949  -1.039   0.954   1.016
  -1.124   0.376   1.558  -0.503   1.366   1.524  -2.446   2.489   1.583  -2.484
   1.120   0.843  -3.192   1.058   2.542  -2.600
  -3.638   0.860   0.852  -2.686   1.195   1.159  -2.679   1.101   2.239  -2.508
   2.254   0.840  -1.590   0.432   0.566  -1.778  -0.141  -0.499  -0.422   0.398
   1.239  -0.410   0.914   2.116   0.786  -0.387   0.873   1.642  -0.109   1.498
   0.620  -1.812   1.311   1.635  -2.285   1.234  -0.119  -2.363   0.633   0.194
  -1.813   2.297   1.308  -0.159  -0.555   2.055  -0.948  -1.146   0.922   1.001
  -1.157   0.376   1.554  -0.525   1.328   1.538  -2.474   2.387   1.794  -2.484
   1.060   0.811  -3.277   0.690   2.384  -2.714
  -3.599   0.767   0.923  -2.660   1.194   1.210  -2.605   1.004   2.275  -2.535
   2.246   0.976  -1.583   0.422   0.518  -1.826  -0.155  -0.533  -0.459   0.395
   1.180  -0.426   0.848   2.070   0.826  -0.357   0.884   1.618   0.079   1.582
   0.684  -1.818   1.257   1.626  -2.367   1.240  -0.047  -2.262   0.565   0.340
  -1.915   2.283   1.285  -0.118  -0.588   1.961  -0.969  -1.134   0.929   1.008
  -1.183   0.255   1.633  -0.702   1.417   1.500  -2.470   2.478   1.710  -2.427
   1.293   0.691  -3.231   0.846   2.340  -2.818
  -3.704   0.669   1.011  -2.728   1.120   1.272  -2.733   0.932   2.355  -2.611
   2.175   1.072  -1.598   0.341   0.605  -1.820  -0.282  -0.401  -0.445   0.381
   1.236  -0.362   0.824   2.154   0.797  -0.333   0.838   1.610   0.023   1.479
   0.574  -1.793   1.191   1.494  -2.349   1.122  -0.098  -2.255   0.495   0.225
  -1.828   2.235   1.294  -0.120  -0.625   1.943  -0.972  -1.203   0.946   1.018
  -1.196   0.256   1.625  -0.743   1.371   1.438  -2.570   2.391   1.606  -2.614
   1.095   0.714  -3.342   0.865   2.406  -2.810
  -3.744   0.821   0.798  -2.760   1.078   1.220  -2.765   0.878   2.292  -2.636
   2.159   1.049  -1.622   0.308   0.572  -1.833  -0.347  -0.419  -0.464   0.359
   1.196  -0.323   0.953   1.998   0.783  -0.370   0.783   1.574   0.009   1.444
   0.577  -1.875   1.150   1.429  -2.511   0.989  -0.188  -2.341   0.673   0.311
  -1.944   2.211   1.216  -0.175  -0.693   1.892  -1.007  -1.288   0.930   1.036
  -1.251   0.492   1.681  -0.683   1.337   1.452  -2.579   2.370   1.682  -2.556
   1.102   0.710  -3.306   0.854   2.403  -2.882
  -3.692   1.097   0.634  -2.711   1.218   1.204  -2.925   0.829   2.163  -2.360
   2.220   1.245  -1.625   0.363   0.595  -1.855  -0.350  -0.398  -0.428   0.360
   1.197  -0.335   0.884   2.060   0.815  -0.382   0.817   1.622   0.022   1.492
   0.562  -1.816   1.238   1.447  -2.435   1.141  -0.244  -2.274   0.581   0.142
  -1.852   2.223   1.256  -0.111  -0.707   1.887  -0.956  -1.318   0.905   1.071
  -1.187   0.447   1.744  -0.573   1.338   1.534  -2.525   2.453   1.633  -2.448
   1.071   0.755  -3.211   0.853   2.493  -2.824
  -3.739   1.025   0.786  -2.792   1.200   1.254  -2.988   0.861   2.214  -2.625
   2.274   1.190  -1.660   0.365   0.627  -1.877  -0.250  -0.428  -0.471   0.417
   1.208  -0.350   1.077   1.954   0.764  -0.348   0.808   1.518   0.071   1.448
   0.633  -1.819   1.213   1.628  -2.252   1.129  -0.046  -2.332   0.527   0.275
  -1.964   2.225   1.146  -0.149  -0.695   1.839  -0.996  -1.312   0.920   1.095
  -1.204   0.491   1.710  -0.504   1.340   1.542  -2.525   2.426   1.730  -2.508
   1.036   0.767  -3.224   0.846   2.487  -2.650
  -3.734   1.125   0.786  -2.736   1.281   1.259  -2.865   0.939   2.327  -2.379
   2.354   1.252  -1.686   0.382   0.624  -1.917  -0.271  -0.404  -0.518   0.379
   1.196  -0.386   0.888   2.069   0.678  -0.382   0.775   1.484   0.081   1.396
   0.690  -1.854   1.181   1.751  -2.127   1.075  -0.018  -2.334   0.490   0.349
  -1.916   2.216   1.123  -0.119  -0.703   1.684  -0.988  -1.341   0.905   1.130
  -1.164   0.388   1.735  -0.558   1.316   1.597  -2.469   2.420   1.561  -2.444
   0.935   0.901  -3.208   1.054   2.627  -2.648
  -3.717   1.135   0.654  -2.836   1.276   1.205  -2.857   1.024   2.266  -2.505
   2.286   1.128  -1.701   0.434   0.609  -1.854  -0.248  -0.406  -0.490   0.424
   1.252  -0.350   1.071   2.028   0.761  -0.323   0.847   1.618   0.055   1.442
   0.706  -1.856   1.281   1.753  -2.147   1.248   0.186  -2.543   0.591   0.342
  -2.053   2.227   1.103  -0.112  -0.620   1.595  -1.058  -1.309   0.977   1.115
  -1.125   0.543   1.806  -0.542   1.332   1.643  -2.469   2.397   1.612  -2.649
   0.869   1.082  -3.282   1.002   2.675  -2.584
  -3.707   1.093   0.658  -2.794   1.269   1.175  -2.848   0.974   2.262  -2.444
   2.299   1.026  -1.700   0.386   0.617  -1.875  -0.284  -0.428  -0.513   0.414
   1.228  -0.433   1.151   1.928   0.713  -0.355   0.821   1.532   0.027   1.370
   0.650  -1.814   1.337   1.657  -2.277   1.488   0.093  -2.435   0.591   0.225
  -1.844   2.297   1.122  -0.160  -0.658   1.604  -1.077  -1.332   0.976   1.107
  -1.134   0.501   1.748  -0.496   1.389   1.540  -2.454   2.479   1.407  -2.651
   0.865   0.974  -3.215   1.127   2.561  -2.530
  -3.710   1.080   0.523  -2.789   1.233   1.137  -2.928   1.102   2.189  -2.490
   2.277   1.015  -1.640   0.365   0.525  -1.852  -0.327  -0.462  -0.524   0.372
   1.261  -0.508   0.932   2.096   0.754  -0.392   0.823   1.558   0.060   1.460
   0.649  -1.811   1.334   1.670  -2.238   1.197   0.023  -2.409   0.660   0.361
  -1.942   2.372   1.148  -0.193  -0.645   1.596  -1.116  -1.339   1.028   1.068
  -1.101   0.576   1.768  -0.491   1.392   1.535  -2.454   2.490   1.479  -2.669
   0.886   1.004  -3.228   1.106   2.635  -2.468
  -3.758   1.052   0.606  -2.810   1.121   1.164  -2.874   0.743   2.211  -2.532
   2.149   1.177  -1.631   0.347   0.579  -1.730  -0.283  -0.438  -0.449   0.378
   1.266  -0.460   0.877   2.138   0.770  -0.378   0.911   1.572   0.050   1.543
   0.597  -1.906   1.216   1.525  -2.509   1.124  -0.146  -2.295   0.546   0.223
  -2.051   2.207   1.143  -0.154  -0.592   1.598  -1.056  -1.305   0.969   1.100
  -1.089   0.609   1.751  -0.416   1.400   1.586  -2.435   2.486   1.313  -2.520
   0.811   1.105  -3.239   1.405   2.684  -2.411
  -3.753   1.033   0.680  -2.816   1.139   1.209  -2.928   0.829   2.239  -2.554
   2.206   1.123  -1.634   0.363   0.554  -1.763  -0.259  -0.508  -0.489   0.324
   1.259  -0.462   0.843   2.099   0.764  -0.400   0.896   1.518  -0.046   1.615
   0.533  -1.896   1.166   1.548  -2.321   1.324   0.120  -2.366   0.286  -0.038
  -2.133   2.049   1.213  -0.160  -0.582   1.640  -1.068  -1.308   0.963   1.034
  -1.061   0.454   1.692  -0.455   1.360   1.563  -2.387   2.418   1.352  -2.599
   0.678   1.233  -3.166   1.186   2.612  -2.368
  -3.700   0.908   0.682  -2.732   1.144   1.154  -2.836   0.867   2.243  -2.529
   2.206   1.048  -1.571   0.368   0.471  -1.827  -0.271  -0.577  -0.492   0.356
   1.251  -0.463   0.790   2.137   0.728  -0.430   0.899   1.580  -0.091   1.465
   0.423  -1.880   1.253   1.396  -2.414   1.384  -0.109  -2.404   0.451  -0.075
  -2.069   2.218   1.114  -0.153  -0.613   1.560  -1.084  -1.369   0.900   1.069
  -1.073   0.629   1.735  -0.422   1.331   1.566  -2.395   2.344   1.222  -2.498
   0.701   1.146  -3.149   1.316   2.690  -2.454
  -3.731   0.920   0.641  -2.794   1.133   1.108  -3.011   0.857   2.176  -2.628
   2.202   1.036  -1.663   0.302   0.519  -1.913  -0.268  -0.529  -0.483   0.373
   1.151  -0.424   0.891   2.026   0.708  -0.389   0.869   1.511   0.043   1.438
   0.431  -1.875   1.277   1.382  -2.462   1.257  -0.290  -2.243   0.544  -0.004
  -1.950   2.248   1.108  -0.170  -0.581   1.507  -1.103  -1.253   1.014   1.107
  -1.044   0.706   1.783  -0.379   1.506   1.623  -2.334   2.584   1.400  -2.400
   0.966   1.165  -3.137   1.428   2.696  -2.422
  -3.755   0.675   0.688  -2.812   1.085   1.121  -2.704   0.940   2.179  -2.799
   2.122   0.792  -1.698   0.344   0.448  -1.929  -0.257  -0.577  -0.563   0.377
   1.071  -0.607   0.857   1.933   0.699  -0.350   0.799   1.454   0.004   1.426
   0.482  -1.819   1.285   1.384  -2.420   1.240  -0.206  -2.294   0.560   0.113
  -1.825   2.277   1.175  -0.163  -0.669   1.633  -1.059  -1.358   0.917   1.078
  -1.146   0.488   1.726  -0.490   1.498   1.658  -2.379   2.548   1.392  -2.347
   1.016   1.293  -3.248   1.500   2.741  -2.392
  -3.860   1.044   0.425  -2.943   1.120   0.986  -3.157   0.855   2.029  -2.677
   2.195   0.857  -1.761   0.367   0.387  -1.937  -0.349  -0.638  -0.606   0.413
   1.069  -0.627   0.941   1.935   0.629  -0.416   0.840   1.312   0.185   1.463
   0.459  -1.841   1.410   1.338  -2.422   1.231  -0.389  -2.397   0.975   0.295
  -1.872   2.504   1.066  -0.214  -0.650   1.550  -1.096  -1.391   0.965   1.021
  -1.089   0.555   1.711  -0.549   1.564   1.584  -2.341   2.635   1.355  -2.420
   1.137   1.179  -3.279   1.457   2.659  -2.455
  -3.744   1.237   0.308  -2.906   1.198   0.941  -3.317   0.852   1.864  -2.565
   2.238   1.153  -1.781   0.373   0.333  -1.858  -0.280  -0.706  -0.679   0.329
   1.096  -0.730   0.813   1.990   0.629  -0.368   0.835   1.441   0.096   1.423
   0.519  -1.785   1.373   1.502  -2.311   1.169  -0.328  -2.207   0.762   0.269
  -1.812   2.411   1.054  -0.190  -0.649   1.530  -1.098  -1.356   0.995   1.077
  -1.085   0.482   1.745  -0.603   1.526   1.558  -2.335   2.613   1.301  -2.336
   1.120   1.073  -3.183   1.484   2.679  -2.531
  -3.597   1.338   0.038  -2.929   1.148   0.862  -3.412   0.586   1.624  -2.547
   2.076   1.263  -1.804   0.313   0.370  -1.861  -0.298  -0.637  -0.726   0.318
   1.177  -0.829   0.743   2.129   0.617  -0.332   0.843   1.367   0.252   1.375
   0.563  -1.786   1.401   1.515  -2.315   1.265  -0.196  -2.214   0.763   0.246
  -1.766   2.462   1.108  -0.148  -0.610   1.591  -1.093  -1.255   0.947   1.088
  -1.088   0.647   1.802  -0.465   1.493   1.553  -2.343   2.480   1.431  -2.476
   0.961   0.994  -3.181   1.264   2.563  -2.459
  -3.642   1.181   0.052  -2.975   1.154   0.877  -3.462   0.635   1.706  -2.665
   2.165   1.236  -1.743   0.360   0.399  -1.873  -0.320  -0.598  -0.673   0.382
   1.196  -0.754   0.869   2.044   0.635  -0.311   0.884   1.378   0.202   1.472
   0.574  -1.796   1.334   1.516  -2.332   1.079  -0.255  -2.314   0.798   0.307
  -1.809   2.406   1.196  -0.135  -0.570   1.690  -1.039  -1.238   1.018   1.041
  -1.141   0.443   1.737  -0.610   1.569   1.404  -2.418   2.601   1.055  -2.643
   0.906   1.100  -3.269   1.505   2.504  -2.429
  -3.715   1.057   0.058  -2.944   1.053   0.844  -3.306   0.583   1.756  -2.601
   2.117   0.997  -1.762   0.277   0.361  -1.911  -0.348  -0.695  -0.649   0.341
   1.078  -0.649   0.972   1.850   0.630  -0.332   0.869   1.420   0.137   1.412
   0.532  -1.775   1.371   1.544  -2.233   1.455  -0.122  -2.312   0.717   0.139
  -1.798   2.389   1.114  -0.222  -0.616   1.653  -1.125  -1.257   1.014   0.982
  -1.209   0.545   1.674  -0.629   1.655   1.388  -2.436   2.701   1.048  -2.338
   1.235   0.851  -3.227   1.628   2.510  -2.470
  -3.709   1.046  -0.012  -3.029   0.954   0.829  -3.498   0.376   1.663  -2.854
   2.006   1.179  -1.779   0.287   0.355  -1.824  -0.297  -0.719  -0.635   0.337
   1.035  -0.598   0.931   1.815   0.613  -0.332   0.764   1.302   0.129   1.473
   0.592  -1.807   1.215   1.619  -2.196   1.096  -0.164  -2.390   0.750   0.437
  -1.825   2.305   1.123  -0.203  -0.667   1.644  -1.138  -1.304   1.002   1.027
  -1.218   0.490   1.745  -0.726   1.663   1.426  -2.451   2.680   0.977  -2.480
   1.046   1.026  -3.252   1.698   2.524  -2.514
  -3.851   1.129   0.014  -3.028   0.967   0.802  -3.386   0.438   1.639  -2.710
   1.952   1.139  -1.840   0.241   0.355  -1.887  -0.389  -0.693  -0.719   0.358
   1.086  -0.693   0.902   1.930   0.587  -0.383   0.787   1.315  -0.005   1.424
   0.570  -1.834   1.285   1.611  -2.133   1.251  -0.020  -2.492   0.655   0.100
  -1.925   2.208   1.097  -0.265  -0.653   1.642  -1.183  -1.282   0.958   1.006
  -1.208   0.507   1.715  -0.649   1.545   1.463  -2.453   2.469   0.841  -2.654
   0.971   1.177  -3.361   1.833   2.498  -2.479
  -3.864   0.925   0.122  -3.064   1.155   0.835  -3.442   0.863   1.802  -2.811
   2.248   0.927  -1.818   0.325   0.376  -1.990  -0.367  -0.627  -0.656   0.433
   1.005  -0.598   0.971   1.899   0.550  -0.329   0.744   1.329   0.131   1.309
   0.444  -1.776   1.287   1.473  -2.176   1.264  -0.201  -2.386   0.701   0.144
  -1.749   2.335   1.114  -0.209  -0.696   1.655  -1.183  -1.288   1.044   1.024
  -1.214   0.610   1.738  -0.713   1.544   1.359  -2.544   2.431   0.726  -2.728
   0.777   1.110  -3.344   1.842   2.402  -2.644
  -3.585   1.186  -0.061  -2.943   1.155   0.771  -3.509   0.747   1.592  -2.546
   2.134   1.007  -1.830   0.300   0.331  -1.983  -0.407  -0.678  -0.692   0.371
   1.026  -0.651   1.024   1.779   0.524  -0.341   0.709   1.343   0.085   1.346
   0.370  -1.797   1.224   1.312  -2.339   1.051  -0.414  -2.286   0.593   0.061
  -1.840   2.215   1.122  -0.225  -0.711   1.701  -1.184  -1.238   1.136   1.014
  -1.303   0.677   1.804  -0.818   1.611   1.318  -2.642   2.484   0.681  -2.881
   0.763   1.030  -3.325   1.979   2.378  -2.780
  -3.680   1.376  -0.041  -3.065   1.074   0.815  -3.735   0.366   1.363  -2.676
   1.909   1.418  -1.907   0.268   0.300  -2.059  -0.395  -0.721  -0.731   0.414
   1.008  -0.787   1.054   1.774   0.534  -0.352   0.761   1.257   0.006   1.521
   0.306  -1.830   1.176   1.232  -2.383   1.143  -0.335  -2.290   0.404  -0.117
  -1.799   2.197   1.118  -0.177  -0.697   1.615  -1.187  -1.148   1.097   1.002
  -1.281   0.868   1.838  -0.646   1.568   1.305  -2.587   2.374   0.635  -2.926
   0.747   1.081  -3.298   1.959   2.303  -2.665
  -3.504   1.739  -0.038  -3.092   0.971   0.717  -3.883   0.243   1.008  -2.778
   1.503   1.644  -1.792   0.351   0.194  -1.836  -0.367  -0.787  -0.744   0.311
   1.027  -0.753   0.880   1.825   0.523  -0.430   0.745   1.323  -0.075   1.419
   0.302  -1.891   1.122   1.333  -2.431   1.016  -0.426  -2.368   0.537   0.076
  -1.833   2.222   1.189  -0.245  -0.644   1.682  -1.255  -1.225   1.153   1.004
  -1.218   0.928   1.802  -0.653   1.587   1.246  -2.595   1.959   0.347  -3.073
   0.733   1.545  -3.198   2.258   2.028  -2.622
  -3.624   1.518  -0.235  -3.136   1.029   0.609  -3.843   0.328   0.971  -2.939
   1.720   1.419  -1.942   0.263   0.148  -2.017  -0.429  -0.849  -0.841   0.288
   0.893  -0.954   0.807   1.757   0.466  -0.459   0.691   1.192   0.073   1.385
   0.301  -1.920   1.242   1.323  -2.435   1.337  -0.428  -2.436   0.611  -0.082
  -1.844   2.225   1.183  -0.311  -0.626   1.738  -1.244  -1.190   1.189   0.932
  -1.156   0.694   1.680  -0.675   1.602   1.264  -2.579   1.814   0.392  -3.169
   0.783   1.805  -3.119   2.454   1.963  -2.660
  -3.472   1.405  -0.344  -3.115   1.019   0.578  -3.821   0.247   0.962  -2.858
   1.852   1.217  -1.888   0.117   0.234  -1.986  -0.403  -0.900  -0.800   0.237
   0.924  -0.746   0.884   1.689   0.489  -0.442   0.693   1.191   0.050   1.337
   0.394  -1.942   1.202   1.359  -2.428   1.245  -0.205  -2.559   0.482   0.010
  -2.056   2.197   1.146  -0.317  -0.710   1.658  -1.335  -1.216   1.125   0.909
  -1.296   0.896   1.719  -0.733   1.582   1.328  -2.701   1.842   0.465  -3.285
   0.737   1.848  -3.217   2.513   1.858  -2.613
  -3.620   1.472  -0.245  -3.105   1.078   0.602  -3.741   0.474   1.276  -2.727
   1.851   1.137  -1.949   0.236   0.158  -1.974  -0.308  -0.962  -0.833   0.184
   0.943  -0.984   0.570   1.866   0.466  -0.477   0.762   1.151   0.145   1.308
   0.445  -1.915   1.406   1.499  -2.220   1.606  -0.092  -2.513   0.667  -0.111
  -1.778   2.288   1.180  -0.326  -0.708   1.610  -1.330  -1.237   1.263   0.932
  -1.316   0.805   1.639  -0.789   1.715   1.314  -2.596   2.092   0.464  -3.183
   0.845   1.701  -3.235   2.437   2.092  -2.544
  -3.569   1.500  -0.311  -3.065   1.047   0.597  -3.688   0.491   1.245  -2.614
   1.957   1.104  -1.898   0.270   0.145  -2.003  -0.341  -0.945  -0.793   0.217
   0.871  -0.831   0.627   1.784   0.508  -0.519   0.713   1.282   0.061   1.328
   0.368  -1.891   1.327   1.334  -2.404   1.242  -0.304  -2.581   0.763   0.149
  -1.785   2.362   1.120  -0.342  -0.666   1.612  -1.308  -1.286   1.197   0.880
  -1.222   0.917   1.650  -0.623   1.560   1.273  -2.600   2.193   0.509  -3.069
   0.675   1.429  -3.207   2.038   2.239  -2.496
  -3.609   1.222  -0.362  -3.110   1.012   0.588  -3.712   0.379   1.286  -2.787
   1.958   1.040  -1.838   0.218   0.166  -1.911  -0.358  -0.934  -0.845   0.101
   1.029  -0.869   0.637   1.929   0.491  -0.463   0.777   1.175   0.136   1.381
   0.478  -1.882   1.299   1.439  -2.343   1.069  -0.286  -2.453   0.880   0.290
  -1.885   2.391   1.136  -0.299  -0.644   1.601  -1.313  -1.232   1.213   0.916
  -1.129   0.854   1.694  -0.596   1.587   1.313  -2.516   2.068   0.410  -2.968
   0.698   1.477  -3.115   2.329   2.142  -2.534
  -3.740   1.120  -0.370  -3.073   0.993   0.510  -3.538   0.626   1.448  -2.714
   1.978   0.749  -1.866   0.153   0.161  -1.802  -0.505  -0.894  -0.817   0.155
   0.972  -0.752   0.789   1.738   0.495  -0.496   0.690   1.275   0.037   1.322
   0.618  -1.910   1.237   1.584  -2.305   0.999  -0.091  -2.511   0.648   0.333
  -1.988   2.324   1.120  -0.250  -0.730   1.607  -1.275  -1.232   1.151   0.956
  -1.222   0.771   1.712  -0.602   1.673   1.360  -2.543   2.070   0.562  -3.074
   0.857   1.633  -3.250   2.334   2.228  -2.487
  -3.747   1.108  -0.222  -3.053   1.098   0.620  -3.541   0.706   1.479  -2.748
   2.109   0.646  -1.876   0.239   0.156  -1.839  -0.258  -1.002  -0.832   0.176
   0.924  -0.953   0.753   1.738   0.465  -0.473   0.618   1.157  -0.045   1.377
   0.454  -1.927   1.041   1.533  -2.213   0.964  -0.168  -2.541   0.422   0.159
  -2.078   2.080   1.118  -0.282  -0.740   1.603  -1.312  -1.303   1.156   0.895
  -1.278   0.923   1.762  -0.720   1.681   1.134  -2.656   2.225   0.267  -2.989
   1.038   1.491  -3.415   2.444   1.910  -2.596
  -3.649   1.188  -0.200  -2.931   1.165   0.564  -3.199   0.629   1.469  -2.614
   2.218   0.770  -1.766   0.350   0.079  -1.929  -0.271  -0.989  -0.708   0.271
   0.916  -0.763   0.731   1.869   0.487  -0.497   0.673   1.246  -0.044   1.359
   0.405  -2.026   1.008   1.324  -2.552   1.007  -0.102  -2.624   0.221   0.025
  -2.040   2.016   1.108  -0.336  -0.722   1.576  -1.370  -1.329   1.175   0.872
  -1.254   0.741   1.590  -0.646   1.616   1.164  -2.586   1.729   0.288  -3.188
   0.767   1.593  -3.113   2.531   1.764  -2.565
  -3.890   0.885   0.068  -3.033   1.057   0.643  -3.345   0.811   1.555  -2.716
   2.111   0.606  -1.772   0.334   0.204  -1.810  -0.335  -0.867  -0.731   0.288
   0.995  -0.729   1.008   1.729   0.488  -0.567   0.742   1.255  -0.250   1.426
   0.280  -2.042   1.096   1.252  -2.571   1.177  -0.411  -2.498   0.381  -0.284
  -2.050   2.017   1.119  -0.389  -0.723   1.488  -1.384  -1.361   1.041   0.817
  -1.296   0.709   1.581  -0.751   1.768   1.157  -2.564   1.970   0.287  -3.209
   1.254   1.925  -3.162   2.731   1.604  -2.325
  -3.931   0.869   0.005  -3.097   0.987   0.649  -3.211   0.718   1.675  -2.792
   1.985   0.594  -1.815   0.256   0.101  -1.820  -0.322  -0.945  -0.727   0.358
   0.902  -0.871   0.789   1.870   0.426  -0.535   0.698   1.190  -0.176   1.350
   0.127  -1.935   1.215   1.012  -2.588   1.199  -0.581  -2.415   0.521  -0.256
  -1.961   2.181   1.063  -0.447  -0.730   1.613  -1.414  -1.276   1.037   0.752
  -1.294   0.562   1.441  -0.770   1.832   1.159  -2.500   2.129   0.269  -3.048
   1.388   1.895  -3.223   2.719   1.688  -2.225
  -3.990   0.488   0.004  -3.141   0.861   0.586  -3.242   0.891   1.693  -3.031
   1.872   0.160  -1.867   0.241   0.202  -1.874  -0.333  -0.894  -0.747   0.351
   0.906  -0.807   0.950   1.677   0.437  -0.511   0.694   1.294  -0.140   1.307
   0.105  -1.869   1.205   0.986  -2.405   1.278  -0.633  -2.384   0.507  -0.386
  -1.762   2.180   1.100  -0.457  -0.716   1.666  -1.453  -1.221   1.020   0.821
  -1.281   0.622   1.539  -0.689   1.693   1.112  -2.507   2.083   0.272  -2.984
   0.934   1.707  -3.009   2.473   1.767  -2.138
  -4.055   0.323   0.388  -3.105   0.834   0.647  -3.033   0.722   1.696  -3.127
   1.919   0.453  -1.863   0.185   0.088  -1.806  -0.236  -1.072  -0.783   0.286
   0.879  -0.964   0.693   1.787   0.413  -0.488   0.763   1.076  -0.101   1.492
   0.180  -1.922   1.214   1.057  -2.530   1.100  -0.562  -2.297   0.515  -0.063
  -1.960   2.261   1.147  -0.331  -0.619   1.843  -1.278  -1.015   1.079   0.822
  -1.340   0.307   1.407  -1.130   1.847   1.150  -2.546   1.959   0.304  -3.216
   1.363   2.088  -2.879   2.766   1.490  -2.128
  -3.983   0.278   0.112  -3.108   0.839   0.504  -3.078   0.804   1.553  -3.058
   1.858   0.176  -1.888   0.185  -0.066  -1.757  -0.285  -1.198  -0.906   0.126
   0.831  -0.903   0.743   1.625   0.409  -0.507   0.776   0.952   0.055   1.486
   0.231  -2.067   1.245   1.190  -2.593   1.278  -0.447  -2.460   0.569  -0.288
  -1.986   2.234   1.189  -0.318  -0.598   1.896  -1.266  -1.033   1.169   0.876
  -1.224   0.539   1.503  -0.765   1.927   1.218  -2.422   1.858   0.424  -3.147
   1.442   2.121  -2.909   2.993   1.475  -2.219
  -4.011   0.162   0.253  -3.167   0.851   0.436  -3.148   0.837   1.557  -3.258
   1.867  -0.060  -1.913   0.214   0.005  -1.768  -0.171  -1.118  -0.896   0.139
   0.911  -1.128   0.554   1.755   0.426  -0.596   0.776   1.100  -0.064   1.432
   0.317  -2.002   1.223   1.252  -2.512   1.243  -0.384  -2.554   0.662   0.009
  -2.091   2.292   1.148  -0.365  -0.601   1.819  -1.338  -1.036   1.151   0.838
  -1.212   0.653   1.584  -0.745   1.913   1.157  -2.440   2.050   0.299  -3.129
   1.453   2.003  -2.954   2.897   1.458  -2.184
  -3.958   0.198   0.147  -3.132   0.895   0.450  -3.252   1.067   1.528  -3.424
   1.752  -0.110  -1.820   0.243   0.045  -1.688  -0.226  -1.079  -0.828   0.149
   0.928  -1.038   0.381   1.853   0.521  -0.489   0.726   1.260   0.037   1.333
   0.389  -1.893   1.279   1.338  -2.406   1.294  -0.304  -2.604   0.799   0.015
  -1.855   2.271   1.206  -0.479  -0.688   1.778  -1.461  -1.098   1.088   0.687
  -1.324   0.480   1.278  -0.780   1.710   1.091  -2.560   1.716   0.203  -3.263
   1.245   1.882  -3.180   2.780   1.365  -2.313
  -4.098   0.427   0.365  -3.144   0.978   0.515  -3.173   1.059   1.555  -3.192
   1.968   0.145  -1.830   0.219  -0.004  -1.704  -0.308  -1.123  -0.802   0.212
   0.867  -0.913   0.621   1.785   0.427  -0.570   0.706   1.151   0.009   1.297
   0.400  -1.967   1.306   1.425  -2.366   1.421  -0.386  -2.615   0.815  -0.099
  -1.862   2.238   1.162  -0.460  -0.675   1.821  -1.435  -1.098   1.139   0.711
  -1.297   0.424   1.419  -1.009   1.760   0.967  -2.610   1.799  -0.032  -3.134
   1.165   1.752  -3.080   2.800   1.260  -2.495
  -3.961   0.228  -0.006  -3.183   0.939   0.392  -3.306   1.108   1.459  -3.245
   1.936  -0.088  -1.847   0.182   0.002  -1.799  -0.267  -1.141  -0.840   0.180
   0.880  -0.961   0.589   1.792   0.414  -0.558   0.642   1.077  -0.041   1.282
   0.259  -1.938   1.220   1.285  -2.314   1.348  -0.384  -2.512   0.586  -0.150
  -1.951   2.246   1.155  -0.586  -0.730   1.691  -1.507  -1.307   1.276   0.618
  -1.304   0.874   1.462  -0.848   1.824   0.865  -2.654   1.683   0.088  -3.354
   1.201   1.791  -2.934   2.886   1.235  -2.626
  -4.048   0.488  -0.021  -3.180   0.945   0.363  -3.177   1.100   1.447  -3.058
   1.876  -0.123  -1.929   0.143  -0.001  -1.955  -0.382  -1.085  -0.834   0.134
   0.756  -0.985   0.487   1.671   0.417  -0.675   0.701   1.067  -0.241   1.456
   0.173  -2.144   1.238   1.078  -2.689   1.340  -0.546  -2.703   0.633  -0.232
  -2.094   2.234   1.181  -0.543  -0.744   1.598  -1.533  -1.373   1.319   0.664
  -1.289   1.037   1.464  -0.741   1.744   0.980  -2.669   1.271   0.259  -3.322
   1.376   1.948  -2.948   2.853   0.892  -2.770
  -4.016   0.333   0.326  -3.154   0.944   0.457  -3.076   1.119   1.506  -3.296
   1.870  -0.114  -1.978   0.175  -0.014  -1.969  -0.400  -1.101  -0.979   0.090
   0.889  -1.043   0.533   1.752   0.304  -0.663   0.639   0.867  -0.141   1.398
   0.172  -2.041   1.067   1.084  -2.531   0.986  -0.649  -2.606   0.574  -0.126
  -2.004   2.110   1.081  -0.550  -0.687   1.546  -1.570  -1.230   1.226   0.656
  -1.258   0.916   1.438  -0.709   1.794   0.897  -2.647   1.595   0.093  -3.238
   1.455   1.850  -3.118   2.889   0.820  -2.619
