default_name                                                                    
  -3.671   1.082   0.687  -2.747   1.215   1.261  -2.931   0.931   2.299  -2.432
   2.254   1.211  -1.666   0.335   0.677  -1.919  -0.399  -0.279  -0.480   0.387
   1.283  -0.393   1.013   2.067   0.706  -0.419   0.957   1.490  -0.099   1.650
   0.420  -1.895   1.277   1.350  -2.469   1.250  -0.280  -2.316   0.561  -0.001
  -1.985   2.274   1.317  -0.205  -0.452   2.227  -0.938  -0.848   0.863   0.813
  -1.201   0.135   1.391  -0.802   1.330   1.152  -2.551   2.397   1.375  -2.534
   1.155   0.313  -3.232   0.790   2.025  -2.928
  -3.664   1.127   0.653  -2.745   1.229   1.238  -2.921   0.962   2.282  -2.411
   2.263   1.168  -1.674   0.324   0.675  -1.915  -0.395  -0.291  -0.483   0.393
   1.277  -0.407   1.019   2.060   0.705  -0.415   0.955   1.490  -0.082   1.641
   0.431  -1.891   1.291   1.358  -2.464   1.253  -0.258  -2.305   0.561  -0.010
  -1.977   2.293   1.321  -0.199  -0.454   2.225  -0.938  -0.853   0.853   0.809
  -1.205   0.111   1.354  -0.800   1.324   1.174  -2.533   2.402   1.363  -2.525
   1.132   0.363  -3.242   0.821   2.076  -2.888
  -3.667   1.113   0.680  -2.755   1.225   1.248  -2.936   0.945   2.289  -2.411
   2.264   1.192  -1.684   0.308   0.690  -1.934  -0.414  -0.276  -0.493   0.370
   1.294  -0.425   0.994   2.085   0.713  -0.413   0.952   1.491  -0.076   1.639
   0.447  -1.899   1.275   1.376  -2.460   1.204  -0.252  -2.335   0.569   0.064
  -1.981   2.307   1.319  -0.192  -0.458   2.210  -0.950  -0.872   0.850   0.817
  -1.196   0.123   1.391  -0.800   1.351   1.169  -2.522   2.426   1.306  -2.508
   1.103   0.378  -3.233   0.850   2.085  -2.859
  -3.672   1.057   0.695  -2.759   1.214   1.238  -2.934   0.940   2.290  -2.469
   2.255   1.209  -1.667   0.319   0.694  -1.897  -0.428  -0.249  -0.476   0.365
   1.313  -0.378   1.000   2.093   0.728  -0.412   0.967   1.518  -0.088   1.646
   0.463  -1.897   1.284   1.382  -2.463   1.250  -0.219  -2.308   0.532   0.020
  -1.993   2.262   1.322  -0.207  -0.448   2.199  -0.965  -0.867   0.884   0.823
  -1.185   0.189   1.426  -0.768   1.353   1.173  -2.533   2.424   1.406  -2.524
   1.154   0.347  -3.218   0.805   2.046  -2.904
  -3.631   1.155   0.601  -2.732   1.249   1.227  -2.976   1.018   2.264  -2.372
   2.271   1.179  -1.676   0.295   0.718  -1.911  -0.435  -0.239  -0.476   0.364
   1.313  -0.385   1.044   2.051   0.738  -0.415   0.973   1.515  -0.072   1.658
   0.467  -1.898   1.315   1.398  -2.459   1.299  -0.241  -2.394   0.635   0.064
  -1.975   2.330   1.327  -0.212  -0.456   2.221  -0.964  -0.872   0.898   0.845
  -1.173   0.210   1.445  -0.769   1.412   1.190  -2.507   2.465   1.456  -2.467
   1.262   0.332  -3.156   0.888   2.061  -2.937
  -3.622   1.180   0.550  -2.750   1.248   1.211  -3.041   0.983   2.247  -2.363
   2.259   1.208  -1.670   0.305   0.688  -1.910  -0.449  -0.243  -0.490   0.349
   1.312  -0.407   0.994   2.079   0.717  -0.416   0.988   1.498  -0.065   1.656
   0.444  -1.913   1.292   1.351  -2.500   1.200  -0.313  -2.343   0.643   0.100
  -2.008   2.334   1.328  -0.201  -0.425   2.211  -0.958  -0.866   0.933   0.863
  -1.160   0.249   1.492  -0.764   1.423   1.208  -2.495   2.480   1.481  -2.422
   1.302   0.335  -3.152   0.853   2.058  -2.903
  -3.648   1.125   0.638  -2.754   1.200   1.233  -2.965   0.939   2.276  -2.397
   2.229   1.180  -1.668   0.313   0.691  -1.908  -0.406  -0.263  -0.475   0.359
   1.300  -0.382   1.012   2.066   0.695  -0.445   0.980   1.468  -0.120   1.682
   0.449  -1.926   1.312   1.391  -2.461   1.224  -0.281  -2.359   0.632   0.093
  -2.028   2.350   1.328  -0.197  -0.432   2.210  -0.952  -0.867   0.963   0.909
  -1.120   0.278   1.515  -0.696   1.399   1.209  -2.483   2.465   1.487  -2.472
   1.291   0.315  -3.105   0.816   2.032  -2.913
  -3.697   1.127   0.626  -2.802   1.188   1.247  -2.997   0.847   2.267  -2.463
   2.212   1.286  -1.693   0.316   0.695  -1.905  -0.411  -0.280  -0.515   0.360
   1.295  -0.441   0.987   2.084   0.688  -0.434   0.984   1.418  -0.090   1.688
   0.487  -1.916   1.332   1.461  -2.404   1.263  -0.218  -2.352   0.634   0.103
  -2.034   2.359   1.330  -0.149  -0.414   2.161  -0.940  -0.874   0.952   0.937
  -1.101   0.201   1.491  -0.721   1.416   1.251  -2.449   2.469   1.435  -2.400
   1.246   0.405  -3.137   0.923   2.140  -2.868
  -3.676   1.088   0.678  -2.788   1.166   1.271  -3.005   0.877   2.315  -2.410
   2.175   1.305  -1.709   0.302   0.674  -1.951  -0.420  -0.306  -0.531   0.354
   1.290  -0.482   1.003   2.073   0.685  -0.411   0.968   1.455  -0.060   1.668
   0.479  -1.902   1.318   1.411  -2.427   1.267  -0.196  -2.386   0.594   0.093
  -1.995   2.336   1.304  -0.167  -0.443   2.165  -0.951  -0.873   0.933   0.938
  -1.121   0.357   1.609  -0.636   1.384   1.255  -2.472   2.464   1.510  -2.431
   1.170   0.411  -3.145   0.865   2.138  -2.845
  -3.740   1.108   0.674  -2.824   1.182   1.289  -3.011   0.857   2.313  -2.490
   2.232   1.379  -1.746   0.301   0.702  -1.935  -0.426  -0.265  -0.539   0.384
   1.299  -0.484   0.982   2.084   0.680  -0.407   0.967   1.445  -0.011   1.631
   0.474  -1.872   1.316   1.410  -2.406   1.286  -0.221  -2.308   0.580   0.064
  -1.941   2.323   1.296  -0.139  -0.438   2.144  -0.938  -0.862   0.910   0.939
  -1.133   0.233   1.551  -0.732   1.439   1.247  -2.472   2.505   1.394  -2.451
   1.226   0.472  -3.227   0.964   2.155  -2.823
  -3.662   1.199   0.552  -2.783   1.245   1.227  -3.092   0.945   2.202  -2.344
   2.238   1.201  -1.713   0.304   0.737  -1.970  -0.452  -0.210  -0.546   0.370
   1.360  -0.463   1.013   2.109   0.686  -0.363   0.987   1.468  -0.011   1.647
   0.480  -1.841   1.325   1.419  -2.405   1.329  -0.185  -2.298   0.587  -0.011
  -1.921   2.287   1.288  -0.128  -0.439   2.140  -0.910  -0.903   0.933   0.967
  -1.114   0.192   1.565  -0.761   1.464   1.276  -2.434   2.540   1.290  -2.422
   1.150   0.466  -3.116   1.094   2.231  -2.792
  -3.632   1.227   0.508  -2.807   1.209   1.224  -3.126   0.900   2.238  -2.457
   2.233   1.331  -1.704   0.305   0.716  -1.955  -0.443  -0.216  -0.537   0.375
   1.358  -0.519   1.050   2.106   0.714  -0.347   1.026   1.485   0.046   1.692
   0.578  -1.832   1.331   1.539  -2.329   1.266  -0.128  -2.303   0.630   0.202
  -1.986   2.327   1.310  -0.105  -0.418   2.103  -0.917  -0.898   0.962   0.985
  -1.109   0.311   1.644  -0.681   1.442   1.278  -2.463   2.540   1.372  -2.533
   1.144   0.514  -3.206   1.027   2.259  -2.752
  -3.542   1.251   0.457  -2.798   1.179   1.224  -3.237   0.816   2.173  -2.367
   2.160   1.379  -1.711   0.267   0.732  -1.944  -0.461  -0.242  -0.521   0.369
   1.334  -0.426   1.006   2.131   0.729  -0.323   0.954   1.493   0.079   1.629
   0.562  -1.819   1.321   1.535  -2.295   1.328  -0.059  -2.372   0.596   0.149
  -1.895   2.321   1.309  -0.095  -0.434   2.085  -0.930  -0.917   0.987   1.018
  -1.110   0.371   1.636  -0.619   1.440   1.326  -2.466   2.536   1.451  -2.424
   1.131   0.560  -3.147   0.973   2.256  -2.777
  -3.611   1.178   0.539  -2.783   1.164   1.215  -3.173   0.770   2.148  -2.351
   2.183   1.296  -1.715   0.248   0.699  -1.976  -0.504  -0.250  -0.509   0.384
   1.298  -0.438   1.059   2.033   0.726  -0.333   0.995   1.513   0.053   1.716
   0.533  -1.816   1.329   1.456  -2.381   1.076  -0.257  -2.259   0.717   0.344
  -2.002   2.380   1.265  -0.089  -0.460   2.077  -0.871  -0.971   0.946   1.046
  -1.080   0.344   1.709  -0.627   1.437   1.307  -2.462   2.524   1.390  -2.439
   1.143   0.471  -3.126   1.013   2.234  -2.834
  -3.668   1.088   0.508  -2.783   1.156   1.162  -3.039   0.925   2.183  -2.400
   2.167   1.163  -1.710   0.193   0.705  -1.943  -0.586  -0.243  -0.549   0.337
   1.340  -0.498   1.057   2.041   0.713  -0.354   1.002   1.477   0.091   1.663
   0.577  -1.818   1.410   1.530  -2.311   1.331  -0.192  -2.317   0.813   0.173
  -1.839   2.435   1.269  -0.064  -0.444   2.064  -0.882  -0.907   0.957   1.042
  -1.115   0.204   1.627  -0.726   1.417   1.392  -2.459   2.469   1.666  -2.510
   1.198   0.578  -3.139   0.799   2.248  -2.773
  -3.673   1.016   0.563  -2.806   1.113   1.206  -3.008   0.877   2.239  -2.460
   2.136   1.139  -1.714   0.207   0.701  -1.948  -0.561  -0.242  -0.557   0.339
   1.343  -0.486   1.001   2.095   0.691  -0.349   1.019   1.476   0.127   1.624
   0.637  -1.821   1.446   1.647  -2.241   1.488   0.010  -2.419   0.804   0.259
  -1.868   2.454   1.277  -0.103  -0.401   2.100  -0.854  -0.915   0.883   1.006
  -1.055   0.190   1.577  -0.556   1.384   1.400  -2.358   2.457   1.624  -2.342
   1.258   0.552  -3.051   0.809   2.247  -2.767
  -3.651   1.123   0.484  -2.827   1.168   1.155  -3.177   0.899   2.128  -2.504
   2.219   1.188  -1.717   0.238   0.723  -1.924  -0.560  -0.180  -0.546   0.347
   1.357  -0.478   1.049   2.090   0.721  -0.347   1.015   1.475   0.112   1.657
   0.645  -1.833   1.472   1.643  -2.247   1.446  -0.003  -2.326   0.758   0.230
  -1.850   2.479   1.243  -0.095  -0.396   2.076  -0.858  -0.917   0.857   1.029
  -1.004   0.146   1.580  -0.584   1.327   1.430  -2.319   2.366   1.769  -2.235
   1.298   0.569  -3.024   0.748   2.262  -2.723
  -3.664   1.157   0.533  -2.809   1.175   1.195  -3.114   0.890   2.198  -2.464
   2.192   1.318  -1.697   0.269   0.722  -1.894  -0.537  -0.200  -0.534   0.365
   1.363  -0.494   0.990   2.130   0.713  -0.356   1.047   1.477   0.108   1.657
   0.555  -1.807   1.500   1.538  -2.263   1.572  -0.005  -2.351   0.744   0.027
  -1.945   2.459   1.224  -0.140  -0.392   2.022  -0.922  -0.888   0.782   0.946
  -1.018   0.080   1.482  -0.545   1.267   1.472  -2.287   2.312   1.711  -2.181
   1.128   0.792  -3.130   0.715   2.377  -2.541
  -3.614   1.122   0.581  -2.761   1.179   1.236  -3.037   0.869   2.236  -2.346
   2.186   1.212  -1.696   0.215   0.724  -1.944  -0.574  -0.181  -0.520   0.379
   1.345  -0.480   1.139   2.028   0.744  -0.353   1.060   1.515   0.043   1.719
   0.514  -1.799   1.469   1.475  -2.318   1.523  -0.137  -2.277   0.743   0.045
  -1.777   2.440   1.267  -0.108  -0.378   2.045  -0.906  -0.945   0.850   1.021
  -0.987   0.187   1.593  -0.471   1.290   1.472  -2.313   2.345   1.736  -2.305
   1.207   0.663  -3.056   0.674   2.319  -2.640
  -3.686   0.945   0.556  -2.845   1.106   1.208  -3.058   0.910   2.273  -2.533
   2.150   1.121  -1.712   0.197   0.760  -1.921  -0.625  -0.120  -0.531   0.398
   1.376  -0.480   1.131   2.067   0.743  -0.322   1.054   1.510   0.111   1.682
   0.531  -1.806   1.473   1.492  -2.288   1.591  -0.008  -2.366   0.712  -0.003
  -1.896   2.431   1.233  -0.087  -0.397   1.982  -0.915  -0.929   0.898   1.042
  -1.013   0.312   1.687  -0.551   1.354   1.487  -2.308   2.430   1.706  -2.303
   1.136   0.646  -3.038   0.753   2.357  -2.606
  -3.778   1.090   0.541  -2.929   1.120   1.233  -3.289   0.776   2.198  -2.589
   2.164   1.314  -1.730   0.240   0.804  -1.898  -0.615  -0.039  -0.539   0.422
   1.366  -0.458   1.079   2.099   0.715  -0.322   1.078   1.479   0.113   1.727
   0.566  -1.797   1.447   1.495  -2.309   1.441  -0.092  -2.289   0.721   0.121
  -1.948   2.409   1.276  -0.077  -0.335   1.993  -0.916  -0.925   0.961   1.098
  -0.924   0.326   1.668  -0.413   1.349   1.475  -2.290   2.323   1.875  -2.257
   1.268   0.647  -2.975   0.695   2.304  -2.648
  -3.703   0.825   0.631  -2.846   1.059   1.213  -2.921   0.885   2.254  -2.599
   2.097   1.056  -1.712   0.237   0.767  -1.916  -0.616  -0.109  -0.528   0.357
   1.395  -0.477   1.042   2.139   0.705  -0.348   1.037   1.458   0.059   1.669
   0.556  -1.840   1.430   1.555  -2.283   1.424  -0.096  -2.372   0.741   0.153
  -1.915   2.453   1.296  -0.072  -0.370   2.001  -0.957  -0.885   0.986   1.116
  -0.931   0.361   1.703  -0.415   1.348   1.520  -2.277   2.379   1.847  -2.290
   1.223   0.639  -2.944   0.724   2.363  -2.584
  -3.804   0.810   0.772  -2.801   1.063   1.224  -2.832   1.018   2.292  -2.601
   2.092   0.999  -1.674   0.187   0.750  -1.900  -0.614  -0.129  -0.469   0.384
   1.341  -0.376   1.107   2.034   0.778  -0.355   1.078   1.530   0.086   1.738
   0.601  -1.854   1.415   1.529  -2.407   1.328  -0.121  -2.315   0.771   0.131
  -1.952   2.377   1.306  -0.062  -0.315   2.015  -0.895  -0.896   1.070   1.149
  -0.836   0.575   1.822  -0.302   1.440   1.523  -2.193   2.517   1.792  -2.235
   1.301   0.715  -2.890   0.845   2.403  -2.534
  -3.692   0.767   0.860  -2.778   1.094   1.302  -2.829   1.022   2.400  -2.603
   2.142   0.969  -1.693   0.198   0.772  -1.861  -0.523  -0.194  -0.515   0.354
   1.380  -0.499   1.080   2.106   0.757  -0.339   1.090   1.487   0.067   1.786
   0.680  -1.801   1.493   1.717  -2.168   1.568   0.135  -2.373   0.763   0.208
  -1.977   2.457   1.334  -0.035  -0.330   1.903  -0.928  -0.931   1.094   1.169
  -0.848   0.609   1.891  -0.330   1.548   1.512  -2.203   2.546   1.895  -2.287
   1.437   0.649  -2.891   0.880   2.261  -2.657
  -3.830   0.768   0.899  -2.890   1.078   1.343  -2.931   0.907   2.401  -2.665
   2.138   1.106  -1.732   0.213   0.762  -1.867  -0.478  -0.232  -0.566   0.353
   1.392  -0.643   0.896   2.251   0.698  -0.313   1.139   1.462   0.007   1.846
   0.566  -1.835   1.465   1.582  -2.355   1.571   0.017  -2.381   0.696   0.050
  -1.930   2.416   1.299  -0.016  -0.281   1.832  -0.938  -0.925   1.143   1.213
  -0.801   0.753   1.932  -0.186   1.579   1.576  -2.129   2.655   1.814  -2.106
   1.417   0.764  -2.879   1.053   2.515  -2.348
  -3.767   0.758   0.780  -2.825   1.042   1.274  -2.905   0.916   2.371  -2.595
   2.076   1.072  -1.732   0.199   0.742  -1.873  -0.508  -0.271  -0.582   0.374
   1.424  -0.628   0.956   2.238   0.691  -0.327   1.095   1.488   0.036   1.803
   0.541  -1.792   1.407   1.486  -2.282   1.297  -0.169  -2.288   0.705   0.209
  -1.850   2.448   1.281  -0.012  -0.280   1.921  -0.891  -0.893   1.136   1.225
  -0.737   0.736   1.976  -0.211   1.659   1.596  -2.062   2.774   1.805  -2.080
   1.406   0.749  -2.729   1.122   2.442  -2.456
  -3.779   0.773   0.888  -2.822   1.142   1.234  -2.903   1.097   2.324  -2.682
   2.143   0.799  -1.669   0.245   0.735  -1.826  -0.498  -0.247  -0.531   0.348
   1.425  -0.513   0.984   2.220   0.745  -0.307   1.132   1.444   0.068   1.848
   0.590  -1.816   1.416   1.536  -2.367   1.426  -0.006  -2.301   0.656   0.148
  -1.977   2.352   1.334  -0.015  -0.261   1.938  -0.919  -0.898   1.208   1.224
  -0.774   0.749   1.963  -0.253   1.711   1.587  -2.092   2.798   1.661  -2.086
   1.496   0.781  -2.793   1.356   2.524  -2.437
  -3.699   0.820   0.705  -2.778   1.130   1.223  -2.917   1.195   2.303  -2.509
   2.131   0.880  -1.673   0.242   0.764  -1.833  -0.520  -0.209  -0.537   0.408
   1.417  -0.471   1.047   2.177   0.694  -0.353   1.108   1.473   0.047   1.775
   0.556  -1.850   1.422   1.509  -2.367   1.259  -0.262  -2.305   0.821   0.378
  -1.981   2.490   1.363  -0.015  -0.238   1.840  -0.885  -0.980   1.260   1.253
  -0.712   0.708   1.909  -0.193   1.777   1.672  -2.003   2.838   1.655  -2.050
   1.452   0.895  -2.687   1.424   2.679  -2.249
  -3.708   0.657   0.567  -2.794   1.079   0.957  -2.935   1.086   2.021  -2.566
   2.110   0.574  -1.636   0.221   0.666  -1.737  -0.573  -0.268  -0.530   0.372
   1.427  -0.619   1.018   2.192   0.725  -0.299   1.135   1.479   0.120   1.798
   0.604  -1.839   1.437   1.533  -2.377   1.208  -0.148  -2.257   0.776   0.330
  -1.994   2.480   1.346  -0.008  -0.242   1.871  -0.906  -0.887   1.327   1.235
  -0.730   0.903   1.939  -0.119   1.819   1.615  -2.055   2.900   1.783  -2.093
   1.532   0.853  -2.814   1.410   2.571  -2.323
  -3.746   0.687   0.531  -2.846   1.080   1.029  -2.978   1.117   2.112  -2.686
   2.087   0.622  -1.661   0.206   0.717  -1.725  -0.560  -0.219  -0.556   0.334
   1.459  -0.611   0.988   2.221   0.711  -0.332   1.133   1.396  -0.013   1.915
   0.617  -1.841   1.422   1.577  -2.326   1.314  -0.057  -2.326   0.742   0.269
  -2.016   2.456   1.314  -0.017  -0.259   1.917  -0.864  -0.939   1.297   1.238
  -0.750   0.756   1.885  -0.224   1.861   1.589  -2.035   2.942   1.784  -1.879
   1.661   0.848  -2.828   1.440   2.534  -2.349
  -3.807   0.729   0.564  -2.881   1.102   1.044  -3.084   1.100   2.143  -2.666
   2.124   0.747  -1.680   0.227   0.696  -1.791  -0.519  -0.252  -0.570   0.368
   1.410  -0.565   0.966   2.223   0.698  -0.327   1.111   1.408  -0.006   1.855
   0.573  -1.867   1.367   1.512  -2.381   1.345  -0.130  -2.244   0.576   0.159
  -2.050   2.343   1.356  -0.035  -0.306   1.954  -0.909  -0.962   1.228   1.220
  -0.812   0.632   1.875  -0.339   1.798   1.579  -2.100   2.905   1.672  -2.008
   1.507   0.869  -2.841   1.486   2.591  -2.380
  -3.690   0.750   0.377  -2.891   1.122   0.963  -3.044   1.063   2.040  -2.660
   2.180   0.656  -1.637   0.319   0.625  -1.650  -0.465  -0.312  -0.565   0.404
   1.440  -0.612   0.964   2.280   0.698  -0.312   1.124   1.444   0.087   1.808
   0.519  -1.845   1.423   1.492  -2.325   1.335  -0.140  -2.262   0.623   0.134
  -2.074   2.439   1.315   0.007  -0.272   1.940  -0.908  -0.851   1.229   1.272
  -0.744   0.736   1.944  -0.195   1.775   1.600  -2.048   2.830   1.601  -2.035
   1.478   0.864  -2.780   1.480   2.600  -2.421
  -3.722   0.845   0.304  -2.907   1.061   0.950  -3.280   0.950   1.989  -2.638
   2.130   0.852  -1.689   0.203   0.653  -1.646  -0.520  -0.335  -0.622   0.431
   1.362  -0.665   1.104   2.102   0.720  -0.231   1.120   1.399   0.225   1.884
   0.589  -1.698   1.440   1.529  -2.201   1.408  -0.130  -2.213   0.767   0.198
  -1.801   2.460   1.360   0.012  -0.269   1.978  -0.891  -0.847   1.231   1.246
  -0.835   0.767   2.000  -0.347   1.802   1.603  -2.113   2.871   1.656  -1.994
   1.535   0.909  -2.944   1.424   2.601  -2.389
  -3.640   0.831   0.200  -2.888   1.051   0.990  -3.254   0.684   1.965  -2.629
   2.106   1.030  -1.689   0.255   0.612  -1.678  -0.524  -0.304  -0.625   0.434
   1.400  -0.758   1.081   2.183   0.652  -0.197   1.178   1.273   0.264   1.950
   0.525  -1.710   1.506   1.518  -2.150   1.402  -0.209  -2.196   0.832   0.224
  -1.773   2.537   1.364   0.037  -0.221   1.962  -0.904  -0.797   1.272   1.244
  -0.808   0.668   1.938  -0.419   1.786   1.538  -2.163   2.884   1.527  -2.110
   1.374   0.827  -2.949   1.467   2.528  -2.459
  -3.633   0.898   0.156  -2.872   1.036   0.913  -3.228   0.778   1.837  -2.532
   2.068   1.013  -1.676   0.213   0.564  -1.656  -0.516  -0.439  -0.602   0.396
   1.322  -0.695   1.069   2.081   0.713  -0.221   1.155   1.409   0.212   1.885
   0.543  -1.687   1.532   1.518  -2.217   1.486  -0.061  -2.199   0.788   0.099
  -1.773   2.524   1.351   0.013  -0.260   2.001  -0.935  -0.828   1.257   1.277
  -0.821   0.725   2.040  -0.369   1.702   1.527  -2.157   2.818   1.466  -2.261
   1.332   0.846  -2.921   1.403   2.556  -2.374
  -3.582   1.101   0.034  -2.916   0.997   0.912  -3.444   0.403   1.683  -2.767
   2.018   1.298  -1.626   0.253   0.550  -1.583  -0.499  -0.444  -0.550   0.502
   1.290  -0.665   1.158   2.039   0.724  -0.224   1.147   1.409   0.317   1.818
   0.613  -1.716   1.590   1.571  -2.271   1.475  -0.137  -2.189   0.971   0.416
  -1.717   2.654   1.362  -0.025  -0.245   1.991  -0.893  -0.882   1.242   1.177
  -0.791   0.736   1.884  -0.278   1.810   1.529  -2.110   2.904   1.462  -2.082
   1.358   0.829  -2.883   1.486   2.508  -2.427
  -3.422   1.228  -0.002  -2.882   1.044   0.907  -3.508   0.369   1.506  -2.752
   1.970   1.400  -1.648   0.261   0.530  -1.663  -0.565  -0.391  -0.561   0.506
   1.266  -0.674   1.170   2.020   0.711  -0.180   1.107   1.436   0.269   1.797
   0.578  -1.647   1.605   1.529  -2.162   1.551  -0.097  -2.138   0.909   0.146
  -1.747   2.603   1.345  -0.003  -0.278   1.966  -0.904  -0.785   1.316   1.214
  -0.762   0.835   1.889  -0.205   1.795   1.473  -2.123   2.904   1.503  -2.181
   1.381   0.785  -2.857   1.468   2.448  -2.471
  -3.436   1.367   0.056  -2.978   1.016   0.980  -3.708   0.382   1.459  -2.628
   1.855   1.575  -1.700   0.217   0.631  -1.737  -0.537  -0.347  -0.591   0.403
   1.371  -0.652   1.094   2.071   0.728  -0.237   1.154   1.475   0.201   1.848
   0.608  -1.689   1.601   1.530  -2.126   1.540  -0.078  -2.292   1.059   0.299
  -1.736   2.637   1.319  -0.049  -0.241   1.995  -0.920  -0.834   1.226   1.181
  -0.807   0.549   1.844  -0.393   1.752   1.551  -2.087   2.789   1.313  -2.156
   1.282   0.935  -2.861   1.558   2.610  -2.345
  -3.236   1.377   0.073  -2.871   0.971   0.995  -3.631   0.376   1.376  -2.598
   1.763   1.656  -1.635   0.171   0.652  -1.679  -0.548  -0.342  -0.552   0.393
   1.394  -0.581   0.943   2.221   0.742  -0.240   1.140   1.469   0.317   1.785
   0.598  -1.662   1.610   1.548  -2.152   1.589   0.036  -2.223   0.843   0.124
  -1.732   2.571   1.302  -0.030  -0.291   1.952  -0.912  -0.873   1.185   1.191
  -0.812   0.781   1.883  -0.195   1.746   1.592  -2.145   2.874   1.609  -2.205
   1.373   0.968  -2.936   1.530   2.633  -2.318
  -3.297   1.344   0.008  -2.949   0.904   0.927  -3.624   0.177   1.384  -2.791
   1.707   1.655  -1.663   0.165   0.536  -1.649  -0.596  -0.436  -0.569   0.417
   1.330  -0.632   1.085   2.109   0.731  -0.263   1.182   1.400   0.175   1.873
   0.644  -1.721   1.581   1.672  -2.145   1.634   0.070  -2.225   0.830   0.048
  -1.862   2.500   1.413  -0.025  -0.241   2.016  -0.891  -0.875   1.211   1.196
  -0.774   0.670   1.834  -0.217   1.681   1.530  -2.096   2.759   1.460  -2.189
   1.232   0.861  -2.806   1.379   2.568  -2.368
  -3.246   1.482   0.041  -2.978   0.898   0.906  -3.721   0.186   1.211  -2.788
   1.672   1.672  -1.663   0.190   0.562  -1.648  -0.621  -0.409  -0.579   0.470
   1.327  -0.679   1.146   2.070   0.731  -0.195   1.188   1.341   0.338   1.879
   0.776  -1.658   1.669   1.793  -2.033   1.738   0.323  -2.357   0.958   0.237
  -1.669   2.617   1.387  -0.031  -0.204   2.075  -0.915  -0.702   1.221   1.129
  -0.791   0.602   1.809  -0.311   1.667   1.554  -2.134   2.787   1.621  -2.084
   1.318   0.813  -2.900   1.229   2.562  -2.256
  -3.393   1.290   0.018  -2.947   0.843   0.892  -3.580   0.164   1.388  -2.767
   1.634   1.639  -1.617   0.158   0.620  -1.585  -0.568  -0.353  -0.536   0.536
   1.276  -0.569   1.289   1.948   0.748  -0.173   1.123   1.504   0.288   1.756
   0.700  -1.612   1.738   1.683  -1.979   1.978   0.259  -2.349   1.142   0.126
  -1.723   2.629   1.429  -0.043  -0.266   2.111  -0.965  -0.660   1.262   1.115
  -0.920   0.695   1.764  -0.447   1.771   1.544  -2.177   2.877   1.725  -2.054
   1.618   0.812  -2.914   1.240   2.394  -2.546
  -3.329   1.269   0.022  -2.959   0.795   0.929  -3.713   0.045   1.233  -2.824
   1.488   1.748  -1.592   0.150   0.571  -1.480  -0.617  -0.406  -0.536   0.548
   1.322  -0.615   1.102   2.140   0.783  -0.111   1.176   1.498   0.432   1.813
   0.565  -1.531   1.733   1.484  -2.067   1.815  -0.032  -2.102   1.058   0.018
  -1.461   2.718   1.441  -0.001  -0.245   2.197  -0.879  -0.686   1.234   1.134
  -0.944   0.566   1.778  -0.557   1.790   1.477  -2.249   2.825   1.747  -2.056
   1.765   0.574  -2.856   1.232   2.314  -2.703
  -3.490   1.023  -0.065  -2.958   0.846   0.889  -3.550   0.158   1.504  -2.769
   1.766   1.383  -1.610   0.185   0.601  -1.533  -0.580  -0.376  -0.529   0.624
   1.260  -0.661   1.149   2.085   0.767  -0.110   1.158   1.463   0.433   1.781
   0.640  -1.512   1.752   1.513  -2.117   1.639  -0.103  -2.121   1.288   0.365
  -1.373   2.793   1.422  -0.003  -0.267   2.091  -0.936  -0.729   1.098   0.981
  -1.054   0.435   1.625  -0.623   1.749   1.372  -2.287   2.799   1.582  -2.107
   1.709   0.536  -2.958   1.181   2.309  -2.679
  -3.512   0.985   0.009  -2.875   0.909   0.877  -3.378   0.326   1.630  -2.735
   1.917   1.328  -1.587   0.259   0.554  -1.559  -0.608  -0.321  -0.500   0.603
   1.298  -0.589   1.342   1.982   0.814  -0.076   1.128   1.591   0.420   1.691
   0.741  -1.438   1.816   1.704  -2.030   1.800  -0.103  -2.003   1.337   0.430
  -1.237   2.847   1.381  -0.043  -0.325   2.088  -0.920  -0.763   1.077   1.031
  -1.076   0.500   1.732  -0.654   1.723   1.415  -2.363   2.602   1.950  -2.065
   1.912   0.458  -2.775   1.066   2.079  -2.973
  -3.479   1.227  -0.020  -2.844   1.064   0.853  -3.443   0.473   1.621  -2.612
   2.057   1.246  -1.563   0.248   0.495  -1.518  -0.557  -0.402  -0.481   0.517
   1.279  -0.536   1.265   1.931   0.845  -0.098   1.117   1.518   0.561   1.665
   0.797  -1.438   1.873   1.853  -1.822   1.922   0.170  -2.289   1.434   0.684
  -1.319   2.951   1.409  -0.029  -0.346   2.078  -0.970  -0.759   1.129   1.096
  -1.022   0.538   1.723  -0.461   1.681   1.482  -2.311   2.566   2.106  -2.157
   1.954   0.620  -2.899   0.947   2.041  -2.875
  -3.552   1.117  -0.050  -2.858   0.984   0.841  -3.401   0.468   1.576  -2.572
   2.028   1.179  -1.595   0.229   0.476  -1.614  -0.563  -0.446  -0.545   0.457
   1.282  -0.607   1.157   2.019   0.837  -0.117   1.095   1.432   0.518   1.686
   0.960  -1.451   1.853   2.021  -1.771   1.902   0.238  -2.189   1.479   0.700
  -1.285   2.910   1.378   0.018  -0.327   2.036  -0.906  -0.800   1.064   1.085
  -1.088   0.420   1.690  -0.654   1.627   1.438  -2.404   2.640   1.833  -2.228
   1.819   0.548  -3.053   1.068   2.210  -2.942
  -3.528   0.986  -0.027  -2.815   1.003   0.778  -3.372   0.516   1.624  -2.540
   1.991   1.049  -1.618   0.183   0.481  -1.490  -0.491  -0.557  -0.602   0.419
   1.292  -0.758   0.950   2.143   0.767  -0.063   1.143   1.420   0.700   1.717
   0.988  -1.408   1.863   2.054  -1.733   1.737   0.200  -2.184   1.692   0.958
  -1.228   2.933   1.303  -0.004  -0.350   2.121  -0.880  -0.818   1.021   1.093
  -1.120   0.424   1.710  -0.638   1.669   1.508  -2.349   2.756   1.744  -2.191
   1.674   0.679  -3.049   1.149   2.369  -2.810
  -3.649   1.075  -0.129  -2.949   0.962   0.702  -3.482   0.513   1.577  -2.636
   1.995   1.032  -1.647   0.208   0.378  -1.529  -0.477  -0.618  -0.672   0.358
   1.243  -0.834   1.092   1.957   0.726  -0.063   1.105   1.304   0.661   1.709
   1.029  -1.395   1.804   2.095  -1.545   1.973   0.632  -2.214   1.277   0.680
  -1.364   2.849   1.349   0.084  -0.295   2.157  -0.784  -0.719   0.977   1.140
  -1.070   0.233   1.742  -0.682   1.563   1.486  -2.354   2.591   1.783  -2.287
   1.460   0.655  -3.047   1.032   2.356  -2.715
  -3.619   1.045  -0.100  -2.923   0.962   0.705  -3.466   0.477   1.591  -2.632
   1.966   1.051  -1.685   0.194   0.408  -1.652  -0.538  -0.515  -0.658   0.460
   1.210  -0.858   1.018   1.996   0.684  -0.076   1.139   1.243   0.666   1.787
   0.824  -1.447   1.836   1.858  -1.607   2.063   0.306  -2.207   1.305   0.264
  -1.318   2.806   1.313   0.045  -0.271   2.039  -0.846  -0.732   1.039   1.171
  -1.003   0.288   1.747  -0.665   1.535   1.455  -2.333   2.639   1.533  -2.311
   1.213   0.599  -2.936   1.185   2.429  -2.704
  -3.407   1.065  -0.323  -2.895   1.048   0.637  -3.637   0.681   1.432  -2.557
   2.067   0.933  -1.656   0.239   0.328  -1.637  -0.569  -0.614  -0.628   0.456
   1.184  -0.741   1.103   1.920   0.720  -0.049   1.076   1.255   0.648   1.718
   0.791  -1.438   1.782   1.859  -1.638   1.966   0.402  -2.228   1.107   0.199
  -1.477   2.683   1.355   0.134  -0.336   2.036  -0.792  -0.789   1.006   1.224
  -1.039   0.463   1.940  -0.541   1.506   1.561  -2.399   2.628   1.788  -2.331
   1.247   0.698  -3.053   0.922   2.413  -2.742
  -3.548   0.888  -0.287  -2.916   1.082   0.593  -3.435   0.681   1.493  -2.737
   2.157   0.737  -1.678   0.256   0.359  -1.642  -0.534  -0.563  -0.701   0.408
   1.265  -0.859   0.951   2.095   0.620  -0.117   1.129   1.377   0.503   1.663
   0.751  -1.498   1.792   1.804  -1.829   1.732   0.191  -2.240   1.192   0.505
  -1.402   2.827   1.252   0.114  -0.282   2.031  -0.757  -0.711   1.046   1.239
  -0.997   0.327   1.904  -0.626   1.652   1.548  -2.330   2.697   1.707  -2.217
   1.362   0.774  -3.017   1.223   2.451  -2.708
  -3.636   0.883  -0.217  -2.963   1.044   0.644  -3.385   0.817   1.610  -2.559
   2.081   0.714  -1.722   0.180   0.408  -1.572  -0.564  -0.578  -0.758   0.468
   1.260  -0.932   1.116   2.030   0.605  -0.036   1.121   1.265   0.576   1.784
   0.751  -1.507   1.764   1.760  -1.932   1.605   0.064  -2.213   1.291   0.380
  -1.447   2.779   1.316   0.187  -0.236   2.086  -0.688  -0.596   1.080   1.251
  -0.997   0.367   1.870  -0.582   1.596   1.544  -2.291   2.692   1.607  -2.257
   1.274   0.862  -3.082   1.294   2.560  -2.661
  -3.521   0.658  -0.267  -2.946   0.839   0.623  -3.469   0.552   1.521  -2.682
   1.898   0.749  -1.618   0.141   0.370  -1.521  -0.678  -0.535  -0.611   0.472
   1.241  -0.786   1.175   1.947   0.729  -0.007   1.175   1.247   0.721   1.789
   0.797  -1.459   1.790   1.803  -1.741   1.804   0.181  -2.162   1.188   0.496
  -1.249   2.790   1.338   0.179  -0.237   2.154  -0.618  -0.621   1.005   1.261
  -0.993   0.320   1.848  -0.659   1.591   1.549  -2.292   2.627   1.218  -2.312
   1.066   1.046  -3.106   1.585   2.616  -2.395
  -3.484   0.514  -0.267  -2.873   0.764   0.582  -3.240   0.326   1.500  -2.671
   1.800   0.737  -1.580   0.042   0.389  -1.476  -0.795  -0.550  -0.619   0.452
   1.214  -0.849   1.068   1.964   0.798  -0.025   1.178   1.438   0.569   1.874
   0.840  -1.516   1.697   1.846  -1.951   1.594   0.103  -2.152   1.147   0.631
  -1.549   2.755   1.507   0.221  -0.221   2.283  -0.559  -0.722   1.002   1.204
  -0.973   0.374   1.883  -0.551   1.574   1.596  -2.274   2.657   1.441  -2.322
   1.068   1.020  -3.054   1.466   2.709  -2.398
  -3.740   0.313   0.060  -2.964   0.683   0.689  -3.249   0.438   1.650  -2.838
   1.761   0.625  -1.577   0.069   0.380  -1.424  -0.616  -0.558  -0.560   0.415
   1.240  -0.844   1.012   1.989   0.790  -0.061   1.148   1.345   0.466   1.894
   0.872  -1.509   1.810   1.883  -1.858   1.531   0.109  -2.145   1.357   0.771
  -1.469   2.903   1.359   0.201  -0.313   2.243  -0.590  -0.722   0.938   1.242
  -0.983   0.243   1.781  -0.515   1.528   1.580  -2.319   2.687   1.524  -2.252
   1.273   0.794  -2.994   1.235   2.530  -2.708
  -3.625   0.429  -0.184  -2.958   0.711   0.615  -3.413   0.317   1.569  -2.830
   1.769   0.627  -1.610   0.123   0.363  -1.508  -0.605  -0.617  -0.647   0.451
   1.210  -0.900   0.927   2.112   0.686  -0.057   1.067   1.304   0.603   1.703
   0.859  -1.468   1.678   1.939  -1.808   1.561   0.249  -2.218   1.167   0.683
  -1.441   2.737   1.229   0.063  -0.396   2.064  -0.719  -0.853   0.867   1.183
  -1.052   0.464   1.941  -0.475   1.360   1.575  -2.342   2.430   1.721  -2.174
   1.007   0.929  -3.133   1.042   2.538  -2.547
  -3.740   0.401  -0.029  -2.949   0.808   0.580  -3.129   0.661   1.662  -2.945
   1.936   0.475  -1.649   0.137   0.362  -1.477  -0.695  -0.513  -0.622   0.429
   1.196  -0.837   1.055   1.978   0.773  -0.047   1.013   1.410   0.744   1.498
   0.959  -1.503   1.585   2.051  -1.678   1.562   0.405  -2.242   1.072   0.693
  -1.518   2.652   1.257   0.067  -0.425   2.002  -0.807  -0.885   0.970   1.225
  -1.044   0.681   1.981  -0.458   1.462   1.515  -2.397   2.570   1.507  -2.307
   1.147   0.726  -3.069   1.167   2.482  -2.812
  -3.645   0.171   0.078  -2.950   0.674   0.778  -3.147   0.509   1.831  -2.937
   1.786   0.698  -1.553   0.178   0.425  -1.431  -0.565  -0.524  -0.538   0.440
   1.217  -0.747   1.005   2.056   0.822  -0.082   0.984   1.384   0.579   1.654
   0.941  -1.523   1.523   1.966  -1.874   1.258   0.339  -2.212   0.961   0.658
  -1.661   2.587   1.415   0.100  -0.421   1.993  -0.857  -0.986   1.043   1.163
  -1.148   0.604   1.870  -0.613   1.547   1.476  -2.519   2.656   1.545  -2.570
   1.215   0.703  -3.214   1.157   2.428  -2.969
  -3.612   0.084   0.183  -2.967   0.661   0.808  -3.127   0.512   1.902  -2.990
   1.745   0.540  -1.586   0.090   0.487  -1.486  -0.549  -0.571  -0.559   0.292
   1.316  -0.785   0.577   2.219   0.833  -0.140   1.098   1.504   0.427   1.811
   0.935  -1.612   1.511   2.001  -1.854   1.358   0.290  -2.248   0.897   0.719
  -1.673   2.568   1.420   0.090  -0.381   2.026  -0.855  -0.968   1.113   1.197
  -1.127   0.668   2.005  -0.702   1.550   1.417  -2.533   2.586   1.478  -2.645
   1.312   0.570  -3.160   1.096   2.323  -2.971
  -3.700   0.351   0.371  -2.834   0.733   0.898  -3.045   0.510   1.921  -2.785
   1.845   0.812  -1.561   0.138   0.428  -1.414  -0.542  -0.595  -0.522   0.354
   1.245  -0.709   0.725   2.077   0.874  -0.097   1.028   1.555   0.383   1.750
   0.956  -1.606   1.319   2.026  -1.906   1.402   0.541  -2.191   0.528   0.378
  -1.781   2.273   1.450   0.170  -0.389   2.078  -0.734  -0.895   1.228   1.309
  -1.115   0.758   2.014  -0.668   1.446   1.484  -2.610   2.562   1.553  -2.854
   0.951   0.677  -3.184   1.018   2.442  -2.904
  -3.627   0.058   0.355  -2.912   0.603   0.849  -3.127   0.539   1.917  -3.068
   1.632   0.457  -1.505   0.198   0.394  -1.353  -0.386  -0.641  -0.475   0.376
   1.303  -0.621   0.824   2.218   0.952  -0.129   1.077   1.686   0.384   1.737
   0.957  -1.647   1.393   1.999  -1.909   1.541   0.442  -2.296   0.671   0.515
  -1.870   2.369   1.512   0.164  -0.367   2.183  -0.700  -0.964   1.245   1.284
  -1.032   0.792   2.050  -0.557   1.412   1.502  -2.465   2.523   1.678  -2.708
   1.177   0.562  -3.046   0.762   2.302  -2.711
  -3.592   0.076   0.238  -2.820   0.629   0.776  -2.978   0.293   1.789  -2.934
   1.724   0.658  -1.440   0.187   0.370  -1.412  -0.398  -0.737  -0.479   0.305
   1.314  -0.647   0.809   2.176   0.879  -0.130   0.984   1.500   0.176   1.802
   0.806  -1.652   1.231   1.765  -2.061   1.401   0.202  -2.167   0.508   0.256
  -1.811   2.164   1.575   0.231  -0.385   2.192  -0.709  -0.841   1.314   1.399
  -0.990   0.847   2.063  -0.482   1.512   1.568  -2.437   2.511   1.732  -2.770
   1.161   0.764  -2.990   0.984   2.469  -2.773
  -3.617   0.322   0.208  -2.759   0.754   0.820  -2.938   0.514   1.868  -2.833
   1.854   0.715  -1.471   0.132   0.418  -1.323  -0.396  -0.674  -0.472   0.465
   1.206  -0.636   1.060   2.005   0.855   0.016   0.966   1.469   0.436   1.816
   0.884  -1.443   1.365   1.877  -1.825   1.351   0.343  -2.003   0.644   0.639
  -1.561   2.406   1.642   0.250  -0.366   2.297  -0.723  -0.794   1.453   1.394
  -1.066   1.015   2.149  -0.555   1.482   1.555  -2.597   2.397   1.979  -2.916
   1.346   0.690  -3.180   0.645   2.256  -2.757
  -3.585   0.500   0.168  -2.739   0.834   0.800  -2.832   0.630   1.850  -2.577
   1.891   0.562  -1.417   0.272   0.299  -1.316  -0.393  -0.765  -0.422   0.567
   1.108  -0.688   1.279   1.724   0.936   0.026   0.940   1.441   0.633   1.671
   0.860  -1.486   1.366   1.902  -1.906   1.444   0.464  -2.066   0.572   0.438
  -1.506   2.352   1.589   0.257  -0.414   2.390  -0.593  -0.889   1.474   1.412
  -1.055   0.931   2.117  -0.521   1.478   1.533  -2.546   2.453   1.901  -2.861
   1.473   0.518  -3.078   0.718   2.279  -2.755
  -3.648   0.238   0.329  -2.855   0.842   0.793  -2.860   0.716   1.843  -2.926
   1.925   0.584  -1.502   0.331   0.249  -1.396  -0.329  -0.839  -0.469   0.417
   1.097  -0.583   0.957   1.960   0.954  -0.019   0.950   1.574   0.438   1.771
   0.846  -1.495   1.296   1.830  -1.770   1.663   0.653  -2.124   0.484   0.204
  -1.705   2.118   1.620   0.245  -0.443   2.309  -0.636  -0.978   1.318   1.370
  -1.141   0.797   2.038  -0.658   1.424   1.523  -2.543   2.410   1.942  -2.835
   1.295   0.534  -3.019   0.580   2.131  -2.912
  -3.617   0.031   0.381  -2.832   0.726   0.733  -2.862   0.739   1.846  -3.070
   1.676   0.329  -1.483   0.246   0.220  -1.314  -0.272  -0.911  -0.444   0.510
   1.098  -0.741   0.874   1.987   0.878   0.031   0.953   1.504   0.502   1.716
   0.931  -1.503   1.272   1.979  -1.847   1.243   0.372  -2.060   0.599   0.633
  -1.744   2.330   1.557   0.261  -0.413   2.303  -0.598  -0.878   1.373   1.420
  -1.103   0.799   2.132  -0.722   1.527   1.540  -2.559   2.331   2.249  -2.712
   1.617   0.626  -3.072   0.586   2.063  -2.910
  -3.464  -0.035   0.387  -2.812   0.758   0.771  -2.812   0.783   1.822  -3.072
   1.692   0.339  -1.477   0.309   0.303  -1.289  -0.351  -0.721  -0.472   0.567
   1.142  -0.688   1.042   2.029   0.949   0.042   0.969   1.567   0.487   1.668
   0.895  -1.462   1.240   1.801  -1.975   1.089   0.230  -1.910   0.532   0.542
  -1.645   2.244   1.592   0.276  -0.433   2.379  -0.536  -0.938   1.317   1.382
  -1.111   0.796   2.131  -0.618   1.567   1.695  -2.554   2.553   2.159  -2.467
   1.554   0.731  -3.010   0.749   2.383  -2.978
  -3.624   0.175   0.306  -2.952   0.822   0.748  -3.077   0.785   1.775  -3.207
   1.813   0.355  -1.538   0.314   0.313  -1.357  -0.356  -0.732  -0.518   0.504
   1.182  -0.802   0.804   2.094   0.886   0.009   1.016   1.528   0.488   1.715
   0.932  -1.461   1.383   1.933  -1.871   1.373   0.226  -1.943   0.741   0.632
  -1.707   2.473   1.590   0.233  -0.388   2.365  -0.611  -0.916   1.159   1.312
  -1.106   0.736   2.089  -0.644   1.639   1.647  -2.462   2.593   2.273  -2.509
   1.819   0.749  -3.121   0.944   2.206  -3.025
  -3.596   0.160   0.109  -2.879   0.819   0.649  -3.160   0.726   1.770  -2.887
   1.932   0.489  -1.495   0.304   0.258  -1.432  -0.312  -0.775  -0.489   0.360
   1.134  -0.782   0.755   1.961   0.946  -0.037   1.024   1.579   0.561   1.743
   1.011  -1.523   1.379   2.047  -1.847   1.293   0.418  -2.222   0.815   0.734
  -1.609   2.480   1.505   0.272  -0.349   2.348  -0.514  -0.855   1.088   1.345
  -1.029   0.369   2.010  -0.654   1.563   1.609  -2.396   2.443   2.256  -2.324
   1.882   0.664  -2.881   0.842   2.103  -3.036
  -3.666   0.547   0.165  -2.842   0.903   0.746  -3.036   0.705   1.824  -2.746
   1.964   0.655  -1.449   0.255   0.292  -1.325  -0.294  -0.788  -0.512   0.358
   1.189  -0.723   0.982   2.010   0.896  -0.015   0.993   1.472   0.563   1.719
   1.062  -1.529   1.400   2.137  -1.775   1.190   0.449  -2.166   0.717   0.740
  -1.697   2.434   1.449   0.345  -0.425   2.335  -0.313  -0.819   1.000   1.360
  -1.102   0.215   1.923  -0.800   1.653   1.772  -2.351   2.423   2.492  -2.183
   2.187   0.940  -2.798   0.951   2.097  -3.129
  -3.608   0.581   0.293  -2.820   0.995   0.816  -2.918   0.883   1.898  -2.737
   2.031   0.595  -1.450   0.343   0.329  -1.423  -0.224  -0.769  -0.496   0.488
   1.204  -0.665   0.786   2.144   0.937   0.028   0.964   1.521   0.570   1.733
   1.007  -1.457   1.302   2.067  -1.741   1.347   0.558  -2.058   0.482   0.635
  -1.683   2.290   1.537   0.254  -0.410   2.396  -0.461  -0.824   1.021   1.381
  -1.036   0.217   1.841  -0.676   1.606   1.843  -2.296   2.266   2.670  -2.017
   2.203   1.035  -2.784   0.799   2.117  -3.014
  -3.579   0.380   0.156  -2.813   0.949   0.729  -2.862   0.793   1.792  -2.838
   2.062   0.641  -1.459   0.333   0.333  -1.372  -0.220  -0.727  -0.417   0.528
   1.213  -0.651   1.149   2.013   0.974   0.009   1.047   1.618   0.609   1.640
   0.902  -1.446   1.443   1.939  -1.784   1.352   0.371  -2.032   0.692   0.480
  -1.668   2.476   1.615   0.240  -0.396   2.564  -0.398  -0.796   1.105   1.222
  -1.155   0.253   1.689  -0.848   1.728   1.801  -2.307   2.435   2.515  -1.911
   2.277   1.070  -2.867   0.968   2.252  -3.026
  -3.578   0.649   0.157  -2.732   1.034   0.697  -3.006   0.966   1.745  -2.748
   2.118   0.607  -1.462   0.394   0.312  -1.406  -0.207  -0.787  -0.404   0.644
   1.170  -0.481   1.315   1.899   0.908   0.040   1.007   1.606   0.478   1.686
   0.957  -1.428   1.536   1.963  -1.823   1.401   0.201  -1.894   1.023   0.779
  -1.523   2.602   1.519   0.328  -0.369   2.495  -0.389  -0.660   1.070   1.311
  -1.176   0.282   1.852  -0.827   1.718   1.797  -2.422   2.620   2.328  -2.040
   1.933   0.994  -3.107   1.004   2.501  -2.881
  -3.443   0.584   0.030  -2.737   1.007   0.730  -2.953   0.627   1.714  -2.717
   2.141   0.635  -1.436   0.424   0.290  -1.472  -0.238  -0.699  -0.375   0.636
   1.079  -0.621   1.105   1.912   0.975   0.104   1.037   1.472   0.795   1.672
   0.946  -1.381   1.506   1.786  -1.942   1.183   0.113  -1.962   1.049   0.973
  -1.511   2.592   1.580   0.307  -0.405   2.488  -0.438  -0.799   1.085   1.345
  -1.202   0.377   1.900  -0.765   1.764   1.779  -2.496   2.730   2.125  -2.388
   1.895   0.919  -3.170   1.080   2.478  -2.981
  -3.628   0.297   0.509  -2.823   0.930   0.848  -2.923   0.814   1.899  -3.020
   1.993   0.805  -1.485   0.434   0.419  -1.465  -0.103  -0.703  -0.374   0.739
   1.119  -0.505   1.092   2.014   0.935   0.122   0.933   1.678   0.645   1.574
   1.008  -1.326   1.472   1.940  -1.859   1.223   0.111  -1.876   1.168   0.910
  -1.326   2.558   1.566   0.344  -0.474   2.508  -0.412  -0.800   1.057   1.334
  -1.219   0.322   1.850  -0.857   1.670   1.679  -2.485   2.514   2.271  -2.281
   1.885   0.839  -3.124   1.034   2.380  -3.067
  -3.600   0.338   0.398  -2.861   0.921   0.845  -2.835   0.742   1.907  -2.891
   2.012   0.648  -1.485   0.454   0.384  -1.392  -0.159  -0.692  -0.404   0.787
   1.125  -0.582   1.304   1.934   0.929   0.089   0.953   1.753   0.517   1.601
   0.909  -1.398   1.466   1.940  -1.818   1.310   0.127  -1.909   0.939   0.744
  -1.414   2.508   1.571   0.229  -0.467   2.539  -0.420  -0.777   1.136   1.203
  -1.245   0.325   1.725  -0.857   1.642   1.762  -2.461   2.496   2.465  -2.391
   1.994   0.869  -2.963   0.827   2.160  -3.137
  -3.578   0.435   0.245  -2.829   0.984   0.841  -2.860   0.765   1.886  -2.907
   1.981   0.571  -1.451   0.527   0.386  -1.357  -0.044  -0.721  -0.417   0.625
   1.191  -0.544   1.097   2.064   0.969   0.072   0.999   1.651   0.543   1.688
   0.977  -1.372   1.457   1.864  -1.904   1.155   0.079  -1.921   1.098   0.836
  -1.233   2.554   1.622   0.281  -0.458   2.605  -0.371  -0.824   1.113   1.168
  -1.288   0.417   1.756  -0.833   1.627   1.640  -2.589   2.475   2.265  -2.355
   1.932   0.789  -3.194   0.865   2.274  -3.112
  -3.531   0.371   0.466  -2.835   0.947   1.027  -2.980   0.644   2.057  -3.050
   2.005   0.962  -1.522   0.485   0.459  -1.394   0.053  -0.721  -0.459   0.512
   1.256  -0.598   0.775   2.203   0.953   0.014   1.021   1.468   0.688   1.670
   0.953  -1.452   1.516   1.863  -1.964   1.239   0.174  -2.061   1.217   0.939
  -1.472   2.527   1.623   0.218  -0.390   2.624  -0.441  -0.707   1.096   1.215
  -1.219   0.320   1.685  -0.830   1.559   1.592  -2.572   2.407   2.368  -2.413
   1.804   0.816  -3.254   0.769   2.185  -3.044
  -3.480   0.383   0.261  -2.828   0.913   0.888  -2.993   0.793   1.941  -3.002
   1.958   0.575  -1.518   0.501   0.426  -1.374   0.063  -0.693  -0.454   0.607
   1.265  -0.598   1.095   2.151   0.903  -0.049   0.974   1.581   0.337   1.740
   0.872  -1.562   1.392   1.751  -2.058   1.016  -0.022  -2.123   1.118   1.050
  -1.542   2.530   1.602   0.177  -0.384   2.569  -0.492  -0.740   1.129   1.169
  -1.166   0.290   1.686  -0.757   1.516   1.567  -2.503   2.335   2.324  -2.428
   1.981   0.870  -3.139   0.682   1.890  -3.083
