default_name                                                                    
   22  0.2000000E+02
  -2.8885818   1.2474394   2.1225579  -2.4441240   0.3493378   1.5834372
  -2.9203693   0.2931338   0.6018119  -2.7091148  -0.4842357   2.1773240
  -0.9921591   0.6173559   1.4035541  -0.6757685   1.7213250   1.0132560
  -0.1371117  -0.3527645   1.6278892  -0.4884105  -1.2173322   1.8262189
   1.2711039  -0.1248183   1.4038554   1.6216494   0.7382797   1.9426909
   1.9100598  -1.3496842   2.0313383   2.9809677  -1.4631343   1.7827682
   1.5038006  -2.2696200   1.6845925   1.8227595  -1.3680663   3.1464364
   1.6096090   0.0488195  -0.1034185   2.7417247   0.3568578  -0.4279205
   0.7991228  -0.4386871  -1.0586454  -0.1117079  -0.8565446  -0.8348928
   1.0232611  -0.3354290  -2.5124017   0.6285166   0.5918450  -2.9704925
   2.1445440  -0.4062659  -2.6655668   0.5820527  -1.1927407  -2.9814814
  -0.6650201   0.2740569   0.6330074  -0.0913557   0.1705710  -0.2854925
   0.1972634   1.2111082   0.2795996   0.0710596  -0.5984327  -0.3624132
   0.2637655   0.0840153   0.3485656   0.1329566   0.0218532  -0.0275184
  -0.4019297  -0.1415641  -0.1061849   0.2799688   0.3465321  -0.6607163
  -0.2935785   0.0904389  -0.0583236   0.1191745   0.7469535  -0.0451941
   0.2653625  -0.2038842   0.0038363   0.1840840  -0.2182679  -1.8564113
   0.3643463  -0.2949378   0.4956362   1.5481170   0.6039013  -0.3102632
   0.1397244   0.2458439  -0.1820631  -0.0369517   0.1381024  -0.4418223
  -0.1348883   0.2668805   0.0284533  -0.3669702  -0.7180346   0.2598939
   0.1176876   0.0022838   0.1741018   0.7983148   0.7316803   0.6949742
   0.2772186  -0.5999861  -0.2846689  -0.2469198   0.0459377  -0.5986674
