default_name                                                                    
  -3.523   1.510   1.051  -3.081   0.522   0.991  -3.443   0.003   0.105  -3.337
  -0.046   1.881  -1.564   0.676   0.933  -1.043   1.788   0.938  -0.863  -0.459
   0.852  -1.373  -1.333   0.849   0.609  -0.515   0.831   0.985   0.277   1.484
   1.015  -1.875   1.414   2.095  -1.927   1.480   0.661  -2.677   0.769   0.583
  -1.998   2.408   1.246  -0.258  -0.563   2.471  -0.182  -0.682   0.428  -0.127
  -1.616  -0.565  -0.213  -1.438   0.854   0.098  -3.002   1.395   1.040  -3.063
   1.494  -0.718  -3.342  -0.025   0.161  -3.650
  -3.537   1.501   1.101  -3.082   0.525   1.023  -3.450   0.014   0.137  -3.338
  -0.079   1.896  -1.576   0.673   0.932  -1.067   1.790   0.956  -0.871  -0.456
   0.858  -1.374  -1.326   0.825   0.596  -0.517   0.833   0.977   0.265   1.484
   1.022  -1.878   1.424   2.106  -1.907   1.503   0.682  -2.704   0.793   0.598
  -2.008   2.416   1.229  -0.260  -0.549   2.455  -0.169  -0.670   0.416  -0.136
  -1.609  -0.572  -0.208  -1.430   0.845   0.102  -2.991   1.403   1.042  -3.057
   1.488  -0.713  -3.337  -0.023   0.135  -3.647
  -3.557   1.486   1.059  -3.068   0.523   1.026  -3.409  -0.020   0.155  -3.350
  -0.027   1.921  -1.562   0.675   0.949  -1.061   1.791   0.965  -0.863  -0.454
   0.870  -1.373  -1.321   0.876   0.595  -0.520   0.848   0.969   0.259   1.541
   1.008  -1.878   1.403   2.095  -1.934   1.445   0.667  -2.717   0.772   0.608
  -1.986   2.411   1.206  -0.248  -0.555   2.435  -0.161  -0.666   0.395  -0.140
  -1.616  -0.600  -0.263  -1.472   0.858   0.092  -2.989   1.351   1.079  -3.067
   1.563  -0.690  -3.274   0.019   0.078  -3.688
  -3.494   1.517   1.017  -3.078   0.514   1.054  -3.453  -0.060   0.200  -3.317
   0.020   1.989  -1.573   0.670   0.934  -1.066   1.794   0.940  -0.878  -0.455
   0.840  -1.375  -1.321   0.877   0.583  -0.510   0.832   0.972   0.263   1.481
   1.008  -1.881   1.414   2.100  -1.963   1.462   0.647  -2.678   0.757   0.600
  -2.013   2.422   1.202  -0.248  -0.566   2.422  -0.167  -0.656   0.401  -0.148
  -1.643  -0.603  -0.226  -1.485   0.851   0.105  -2.994   1.380   1.063  -3.034
   1.514  -0.699  -3.306  -0.008   0.160  -3.669
  -3.561   1.472   1.041  -3.080   0.492   1.091  -3.481  -0.160   0.310  -3.277
   0.065   2.077  -1.594   0.682   0.912  -1.087   1.814   0.933  -0.890  -0.449
   0.778  -1.402  -1.305   0.777   0.588  -0.514   0.798   0.964   0.274   1.470
   0.995  -1.883   1.389   2.085  -1.960   1.468   0.640  -2.688   0.743   0.552
  -1.972   2.376   1.216  -0.256  -0.581   2.445  -0.162  -0.668   0.413  -0.158
  -1.660  -0.579  -0.181  -1.486   0.826   0.111  -3.021   1.345   1.057  -3.085
   1.501  -0.671  -3.368  -0.052   0.162  -3.658
  -3.640   1.449   1.033  -3.122   0.492   1.058  -3.491  -0.092   0.231  -3.350
  -0.012   2.001  -1.615   0.664   0.924  -1.114   1.796   0.947  -0.900  -0.451
   0.781  -1.375  -1.337   0.742   0.580  -0.501   0.791   0.962   0.281   1.458
   0.992  -1.852   1.392   2.090  -1.925   1.482   0.610  -2.694   0.801   0.583
  -1.916   2.404   1.238  -0.249  -0.592   2.456  -0.170  -0.702   0.428  -0.171
  -1.664  -0.558  -0.276  -1.456   0.835   0.087  -3.027   1.358   1.056  -3.093
   1.523  -0.683  -3.345  -0.036   0.085  -3.677
  -3.579   1.509   1.016  -3.124   0.511   1.042  -3.518  -0.079   0.216  -3.331
   0.051   1.997  -1.620   0.650   0.911  -1.113   1.778   0.953  -0.907  -0.467
   0.785  -1.400  -1.350   0.774   0.559  -0.504   0.798   0.912   0.281   1.473
   0.963  -1.860   1.357   2.045  -1.946   1.426   0.591  -2.668   0.735   0.580
  -1.921   2.389   1.240  -0.249  -0.566   2.460  -0.135  -0.630   0.432  -0.217
  -1.644  -0.525  -0.430  -1.461   0.827   0.092  -3.024   1.296   1.091  -3.049
   1.504  -0.661  -3.404  -0.057   0.118  -3.658
  -3.586   1.523   1.022  -3.101   0.522   1.044  -3.503  -0.102   0.235  -3.310
   0.051   1.996  -1.621   0.671   0.873  -1.109   1.784   0.915  -0.906  -0.451
   0.792  -1.422  -1.325   0.780   0.559  -0.506   0.797   0.956   0.244   1.514
   0.944  -1.870   1.383   2.014  -1.947   1.457   0.539  -2.681   0.747   0.524
  -1.944   2.392   1.247  -0.270  -0.565   2.452  -0.122  -0.665   0.425  -0.206
  -1.633  -0.542  -0.379  -1.465   0.809   0.097  -3.017   1.396   1.021  -3.047
   1.394  -0.735  -3.389  -0.068   0.226  -3.658
  -3.613   1.438   0.938  -3.094   0.482   1.021  -3.370  -0.115   0.150  -3.381
   0.011   1.962  -1.610   0.676   0.873  -1.098   1.782   0.900  -0.895  -0.453
   0.812  -1.414  -1.325   0.847   0.569  -0.519   0.811   0.984   0.273   1.479
   0.919  -1.888   1.393   2.030  -2.007   1.435   0.531  -2.703   0.791   0.503
  -1.951   2.408   1.235  -0.281  -0.568   2.449  -0.102  -0.670   0.425  -0.191
  -1.642  -0.544  -0.378  -1.469   0.869   0.070  -3.011   1.442   1.008  -3.055
   1.496  -0.733  -3.405  -0.001   0.181  -3.689
  -3.562   1.487   0.975  -3.108   0.497   0.970  -3.488  -0.091   0.144  -3.348
  -0.001   1.901  -1.598   0.660   0.868  -1.123   1.777   0.912  -0.880  -0.445
   0.805  -1.378  -1.316   0.902   0.586  -0.521   0.783   0.969   0.242   1.460
   0.979  -1.851   1.411   2.063  -1.932   1.466   0.574  -2.680   0.791   0.565
  -1.933   2.392   1.238  -0.279  -0.598   2.470  -0.149  -0.659   0.415  -0.159
  -1.662  -0.558  -0.341  -1.533   0.891   0.119  -3.021   1.513   1.022  -3.063
   1.488  -0.727  -3.379   0.054   0.215  -3.736
  -3.670   1.406   0.885  -3.110   0.464   0.939  -3.420  -0.133   0.086  -3.319
  -0.094   1.845  -1.617   0.661   0.844  -1.119   1.781   0.884  -0.894  -0.433
   0.780  -1.403  -1.294   0.804   0.599  -0.515   0.795   0.979   0.276   1.485
   0.978  -1.877   1.431   2.072  -1.944   1.463   0.593  -2.671   0.816   0.568
  -1.973   2.431   1.264  -0.271  -0.574   2.484  -0.116  -0.636   0.471  -0.212
  -1.624  -0.517  -0.282  -1.479   0.939   0.090  -2.972   1.557   1.000  -2.944
   1.584  -0.716  -3.326   0.118   0.253  -3.650
  -3.555   1.514   0.905  -3.080   0.515   0.950  -3.442  -0.049   0.105  -3.354
   0.008   1.880  -1.594   0.694   0.885  -1.118   1.806   0.901  -0.894  -0.410
   0.794  -1.409  -1.271   0.752   0.571  -0.463   0.819   0.912   0.315   1.469
   0.947  -1.806   1.433   2.028  -1.763   1.571   0.674  -2.602   0.745   0.465
  -1.977   2.409   1.265  -0.256  -0.562   2.487  -0.126  -0.646   0.456  -0.198
  -1.656  -0.548  -0.332  -1.539   0.948   0.137  -3.009   1.414   1.120  -2.997
   1.700  -0.597  -3.307   0.125   0.182  -3.747
  -3.645   1.460   0.793  -3.131   0.515   0.896  -3.475  -0.087   0.064  -3.410
   0.035   1.831  -1.614   0.704   0.868  -1.093   1.832   0.878  -0.862  -0.393
   0.805  -1.326  -1.291   0.906   0.595  -0.458   0.784   0.948   0.351   1.425
   1.015  -1.801   1.429   2.101  -1.876   1.442   0.643  -2.651   0.828   0.671
  -1.857   2.479   1.231  -0.244  -0.599   2.448  -0.115  -0.670   0.433  -0.183
  -1.685  -0.563  -0.219  -1.572   0.979   0.160  -2.984   1.597   1.072  -2.952
   1.650  -0.665  -3.293   0.153   0.290  -3.699
  -3.620   1.529   0.794  -3.144   0.577   0.912  -3.487  -0.034   0.063  -3.411
   0.144   1.862  -1.627   0.702   0.848  -1.115   1.831   0.915  -0.887  -0.441
   0.799  -1.401  -1.287   0.804   0.601  -0.433   0.821   0.970   0.364   1.461
   1.046  -1.782   1.397   2.120  -1.694   1.550   0.851  -2.611   0.705   0.569
  -1.940   2.361   1.227  -0.221  -0.588   2.440  -0.029  -0.676   0.445  -0.225
  -1.693  -0.568  -0.349  -1.615   1.027   0.153  -2.995   1.480   1.146  -2.927
   1.802  -0.541  -3.272   0.258   0.119  -3.759
  -3.524   1.609   0.679  -3.121   0.599   0.898  -3.489  -0.107   0.153  -3.415
   0.262   1.908  -1.603   0.736   0.873  -1.053   1.827   0.923  -0.917  -0.405
   0.841  -1.447  -1.268   0.832   0.568  -0.487   0.829   0.913   0.300   1.495
   1.010  -1.826   1.405   2.100  -1.859   1.537   0.685  -2.642   0.772   0.593
  -1.906   2.406   1.226  -0.210  -0.537   2.441   0.012  -0.596   0.479  -0.231
  -1.667  -0.506  -0.452  -1.621   1.007   0.137  -2.997   1.343   1.156  -2.958
   1.813  -0.532  -3.293   0.241   0.096  -3.780
  -3.530   1.580   0.631  -3.071   0.632   0.859  -3.398  -0.143   0.154  -3.424
   0.318   1.849  -1.610   0.731   0.876  -1.040   1.817   0.932  -0.921  -0.406
   0.835  -1.446  -1.244   0.770   0.570  -0.474   0.815   0.941   0.261   1.548
   1.012  -1.851   1.395   2.106  -1.926   1.436   0.662  -2.675   0.771   0.636
  -1.964   2.397   1.252  -0.191  -0.537   2.475   0.044  -0.550   0.494  -0.208
  -1.641  -0.509  -0.414  -1.540   1.012   0.062  -2.972   1.484   1.031  -3.030
   1.738  -0.691  -3.209   0.221   0.024  -3.708
  -3.500   1.647   0.671  -3.094   0.648   0.915  -3.448  -0.081   0.180  -3.385
   0.370   1.924  -1.574   0.767   0.871  -1.035   1.900   0.934  -0.900  -0.391
   0.841  -1.387  -1.281   0.863   0.553  -0.489   0.848   0.934   0.235   1.561
   0.982  -1.880   1.313   2.046  -1.916   1.471   0.719  -2.633   0.583   0.502
  -2.111   2.281   1.240  -0.159  -0.491   2.447   0.062  -0.530   0.547  -0.174
  -1.633  -0.422  -0.437  -1.572   1.031   0.105  -2.989   1.379   1.141  -3.018
   1.831  -0.584  -3.247   0.221  -0.010  -3.721
  -3.477   1.657   0.716  -3.065   0.683   0.894  -3.357  -0.016   0.120  -3.401
   0.386   1.869  -1.550   0.771   0.879  -1.032   1.890   0.944  -0.875  -0.370
   0.816  -1.413  -1.228   0.745   0.621  -0.480   0.839   0.982   0.231   1.613
   0.952  -1.881   1.372   2.022  -2.008   1.431   0.621  -2.624   0.643   0.544
  -2.088   2.363   1.310  -0.167  -0.508   2.510   0.101  -0.534   0.567  -0.269
  -1.624  -0.408  -0.469  -1.549   1.042   0.029  -2.986   1.450   1.063  -3.030
   1.823  -0.702  -3.292   0.214  -0.059  -3.670
  -3.428   1.644   0.590  -3.049   0.682   0.798  -3.354  -0.015   0.010  -3.454
   0.320   1.732  -1.534   0.795   0.851  -0.998   1.896   0.869  -0.884  -0.354
   0.809  -1.422  -1.192   0.671   0.609  -0.442   0.835   1.014   0.312   1.510
   0.965  -1.839   1.307   2.027  -1.856   1.412   0.667  -2.614   0.582   0.510
  -2.087   2.275   1.283  -0.177  -0.532   2.478   0.129  -0.601   0.531  -0.306
  -1.646  -0.418  -0.636  -1.558   1.013  -0.026  -3.014   1.376   0.993  -3.067
   1.829  -0.686  -3.290   0.167  -0.192  -3.722
  -3.434   1.763   0.657  -3.021   0.758   0.787  -3.312   0.115  -0.039  -3.386
   0.333   1.734  -1.477   0.828   0.879  -0.923   1.919   0.895  -0.856  -0.354
   0.847  -1.445  -1.164   0.772   0.638  -0.525   0.851   1.049   0.178   1.614
   1.014  -1.944   1.282   2.083  -2.007   1.404   0.752  -2.697   0.561   0.539
  -2.146   2.268   1.272  -0.192  -0.570   2.471   0.171  -0.651   0.527  -0.392
  -1.687  -0.429  -0.699  -1.621   0.995  -0.026  -3.045   1.338   1.010  -3.039
   1.814  -0.634  -3.275   0.239  -0.102  -3.808
  -3.347   1.807   0.803  -2.973   0.782   0.853  -3.295   0.263  -0.026  -3.345
   0.271   1.761  -1.471   0.808   0.872  -0.898   1.928   0.858  -0.861  -0.398
   0.873  -1.400  -1.267   0.865   0.590  -0.475   0.842   1.082   0.217   1.525
   0.982  -1.882   1.356   2.062  -1.910   1.556   0.750  -2.643   0.622   0.479
  -2.158   2.294   1.266  -0.230  -0.559   2.458   0.119  -0.622   0.503  -0.306
  -1.632  -0.445  -0.649  -1.472   0.991  -0.087  -2.993   1.421   0.909  -3.053
   1.802  -0.733  -3.288   0.210  -0.268  -3.755
  -3.371   1.836   0.955  -3.000   0.818   0.857  -3.394   0.412  -0.055  -3.304
   0.230   1.713  -1.464   0.873   0.840  -0.875   1.955   0.761  -0.846  -0.286
   0.871  -1.379  -1.144   0.837   0.602  -0.499   0.871   1.046   0.242   1.520
   0.899  -1.898   1.393   1.968  -2.011   1.446   0.501  -2.667   0.751   0.511
  -2.051   2.383   1.226  -0.225  -0.514   2.428   0.118  -0.576   0.483  -0.366
  -1.610  -0.479  -0.651  -1.491   0.971  -0.221  -2.973   1.227   0.838  -3.138
   1.827  -0.821  -3.203   0.206  -0.497  -3.703
  -3.391   1.827   0.998  -2.971   0.807   0.867  -3.321   0.365  -0.044  -3.268
   0.147   1.711  -1.478   0.891   0.814  -0.898   1.980   0.691  -0.861  -0.312
   0.881  -1.417  -1.156   0.958   0.622  -0.493   0.860   1.009   0.292   1.514
   0.897  -1.871   1.395   1.979  -2.002   1.406   0.432  -2.653   0.773   0.527
  -1.922   2.424   1.255  -0.172  -0.531   2.475   0.083  -0.639   0.466  -0.243
  -1.616  -0.515  -0.524  -1.504   1.030  -0.178  -2.972   1.378   0.871  -3.155
   1.875  -0.866  -3.095   0.234  -0.465  -3.687
  -3.359   1.762   1.117  -2.957   0.785   0.871  -3.322   0.536  -0.141  -3.277
   0.020   1.561  -1.468   0.879   0.837  -0.900   1.967   0.667  -0.799  -0.275
   0.912  -1.330  -1.085   1.094   0.648  -0.409   0.882   1.046   0.349   1.554
   0.971  -1.836   1.429   2.086  -1.966   1.525   0.597  -2.611   0.733   0.524
  -2.028   2.424   1.276  -0.179  -0.498   2.485   0.042  -0.599   0.486  -0.300
  -1.625  -0.479  -0.499  -1.487   1.009  -0.227  -2.970   1.549   0.705  -3.131
   1.782  -1.007  -3.095   0.202  -0.284  -3.691
  -3.427   1.659   1.297  -2.950   0.740   0.982  -3.312   0.471   0.019  -3.185
  -0.063   1.696  -1.448   0.894   0.867  -0.921   1.999   0.704  -0.835  -0.272
   0.891  -1.412  -1.067   1.084   0.625  -0.385   0.856   1.041   0.370   1.587
   1.024  -1.813   1.360   2.127  -1.955   1.230   0.529  -2.585   0.733   0.722
  -1.865   2.399   1.282  -0.142  -0.532   2.494   0.072  -0.636   0.476  -0.291
  -1.592  -0.494  -0.470  -1.410   0.975  -0.259  -2.954   1.512   0.641  -3.190
   1.630  -1.131  -3.127   0.105  -0.230  -3.587
  -3.451   1.625   1.334  -2.962   0.745   0.973  -3.326   0.492  -0.009  -3.210
  -0.108   1.652  -1.492   0.929   0.859  -0.959   2.017   0.707  -0.816  -0.204
   0.909  -1.353  -1.085   1.005   0.617  -0.407   0.833   1.047   0.346   1.453
   0.959  -1.795   1.398   2.053  -1.985   1.446   0.498  -2.585   0.769   0.621
  -1.910   2.433   1.286  -0.224  -0.504   2.443   0.103  -0.587   0.497  -0.355
  -1.578  -0.481  -0.578  -1.467   1.018  -0.309  -2.938   1.738   0.469  -3.039
   1.459  -1.202  -3.307   0.176  -0.132  -3.612
  -3.403   1.824   1.430  -3.017   0.881   1.044  -3.416   0.626   0.083  -3.256
   0.062   1.762  -1.491   0.985   0.851  -0.904   2.068   0.681  -0.855  -0.179
   0.951  -1.458  -1.015   1.029   0.639  -0.343   0.901   1.159   0.360   1.578
   0.984  -1.782   1.390   2.047  -1.993   1.500   0.563  -2.557   0.722   0.545
  -1.879   2.387   1.261  -0.162  -0.481   2.460   0.041  -0.626   0.469  -0.297
  -1.580  -0.512  -0.529  -1.401   0.945  -0.399  -2.974   1.603   0.424  -3.216
   1.390  -1.375  -3.252   0.093  -0.160  -3.653
  -3.318   1.897   1.232  -2.916   0.866   1.035  -3.363   0.492   0.107  -3.174
   0.209   1.823  -1.419   0.961   0.914  -0.919   2.024   0.737  -0.789  -0.200
   0.969  -1.403  -0.990   1.062   0.654  -0.388   0.931   1.126   0.394   1.530
   0.985  -1.753   1.541   2.064  -1.862   1.822   0.684  -2.559   0.861   0.432
  -1.862   2.462   1.291  -0.193  -0.437   2.496  -0.010  -0.566   0.488  -0.319
  -1.495  -0.440  -0.577  -1.287   0.967  -0.376  -2.886   1.742   0.425  -2.923
   1.463  -1.373  -2.969   0.151  -0.214  -3.622
  -3.322   1.818   1.369  -2.940   0.863   0.991  -3.335   0.585   0.029  -3.220
   0.045   1.677  -1.425   0.911   0.924  -0.871   1.994   0.775  -0.769  -0.229
   1.046  -1.303  -1.064   1.098   0.682  -0.380   0.974   1.183   0.343   1.635
   0.977  -1.768   1.557   2.048  -1.866   1.746   0.676  -2.563   0.857   0.478
  -1.798   2.500   1.270  -0.189  -0.460   2.468   0.057  -0.585   0.485  -0.315
  -1.519  -0.492  -0.527  -1.340   0.987  -0.415  -2.869   1.797   0.295  -3.078
   1.413  -1.430  -3.059   0.130  -0.098  -3.529
  -3.227   1.835   1.516  -2.937   0.857   1.077  -3.388   0.563   0.142  -3.153
   0.083   1.794  -1.437   0.920   0.938  -0.852   1.976   0.738  -0.801  -0.251
   1.033  -1.291  -1.104   1.079   0.644  -0.383   0.964   1.093   0.440   1.516
   1.046  -1.778   1.586   2.144  -1.840   1.674   0.693  -2.515   0.869   0.606
  -1.907   2.531   1.222  -0.217  -0.452   2.446  -0.003  -0.618   0.446  -0.337
  -1.532  -0.534  -0.432  -1.418   1.023  -0.425  -2.873   1.715   0.386  -3.057
   1.500  -1.410  -2.977   0.291  -0.317  -3.652
  -3.223   1.884   1.564  -2.907   0.925   1.136  -3.347   0.807   0.130  -3.179
   0.052   1.764  -1.445   0.901   0.941  -0.810   1.944   0.643  -0.821  -0.270
   1.109  -1.325  -1.158   1.253   0.632  -0.393   0.959   1.083   0.351   1.655
   0.992  -1.803   1.597   2.051  -1.792   1.848   0.787  -2.626   0.911   0.483
  -1.928   2.567   1.244  -0.274  -0.458   2.452  -0.075  -0.610   0.441  -0.337
  -1.510  -0.535  -0.479  -1.305   0.942  -0.448  -2.878   1.590   0.406  -3.116
   1.540  -1.346  -3.043   0.106  -0.373  -3.557
  -3.252   1.765   1.774  -2.973   0.876   1.205  -3.558   0.820   0.269  -3.256
   0.031   1.781  -1.417   0.865   0.990  -0.842   1.885   0.589  -0.825  -0.309
   1.080  -1.336  -1.105   1.367   0.598  -0.435   1.015   1.103   0.259   1.657
   0.920  -1.768   1.656   1.972  -1.908   1.752   0.544  -2.541   0.987   0.420
  -1.818   2.667   1.177  -0.274  -0.411   2.391  -0.050  -0.577   0.445  -0.481
  -1.519  -0.497  -0.797  -1.378   0.903  -0.366  -2.909   1.219   0.653  -3.082
   1.725  -1.053  -3.121   0.085  -0.576  -3.643
  -3.061   1.606   1.982  -2.892   0.949   1.108  -3.345   1.388   0.215  -3.319
  -0.049   1.312  -1.398   0.963   0.919  -0.844   1.994   0.620  -0.785  -0.197
   1.132  -1.369  -0.962   1.442   0.658  -0.431   1.007   1.107   0.356   1.594
   0.948  -1.807   1.605   2.036  -1.879   1.718   0.553  -2.616   1.033   0.517
  -1.823   2.624   1.200  -0.327  -0.409   2.390  -0.020  -0.507   0.407  -0.529
  -1.469  -0.506  -0.968  -1.332   0.849  -0.336  -2.887   1.086   0.712  -3.034
   1.769  -0.894  -3.076   0.061  -0.556  -3.630
  -3.101   1.549   1.951  -2.931   1.062   1.025  -3.513   1.477   0.187  -3.313
   0.009   1.222  -1.449   0.954   0.918  -0.825   1.978   0.599  -0.829  -0.205
   1.190  -1.417  -0.983   1.393   0.627  -0.442   1.075   1.188   0.292   1.702
   0.918  -1.811   1.700   1.992  -1.971   1.799   0.453  -2.659   1.163   0.435
  -1.724   2.697   1.200  -0.327  -0.369   2.372   0.047  -0.516   0.416  -0.596
  -1.416  -0.566  -0.846  -1.237   0.794  -0.323  -2.842   1.164   0.708  -3.008
   1.573  -0.990  -3.160  -0.023  -0.490  -3.542
  -3.260   1.270   2.013  -2.943   0.952   1.050  -3.263   1.629   0.276  -3.369
  -0.012   0.940  -1.388   0.948   0.954  -0.780   1.984   0.649  -0.763  -0.208
   1.164  -1.356  -1.024   1.386   0.690  -0.423   1.083   1.121   0.361   1.687
   0.942  -1.778   1.759   1.995  -1.907   1.918   0.589  -2.611   1.241   0.482
  -1.861   2.717   1.249  -0.261  -0.362   2.389   0.126  -0.510   0.451  -0.519
  -1.390  -0.422  -0.948  -1.148   0.828  -0.279  -2.803   1.355   0.691  -2.885
   1.520  -1.107  -3.109  -0.043  -0.291  -3.462
  -3.226   1.290   2.149  -2.953   0.967   1.136  -3.346   1.641   0.384  -3.304
   0.012   0.822  -1.395   0.961   1.047  -0.751   1.945   0.696  -0.790  -0.225
   1.228  -1.341  -1.001   1.513   0.654  -0.419   1.070   1.180   0.344   1.651
   1.027  -1.754   1.753   2.118  -1.906   1.841   0.554  -2.545   1.148   0.677
  -1.711   2.802   1.263  -0.328  -0.353   2.422   0.079  -0.494   0.449  -0.597
  -1.415  -0.544  -0.760  -1.222   0.846  -0.395  -2.778   1.393   0.605  -2.875
   1.490  -1.230  -3.123   0.017  -0.378  -3.455
  -3.169   1.261   2.161  -2.907   0.895   1.143  -3.304   1.599   0.443  -3.276
  -0.088   1.035  -1.391   0.865   1.031  -0.779   1.903   0.738  -0.766  -0.313
   1.244  -1.344  -1.126   1.461   0.678  -0.455   1.086   1.112   0.339   1.596
   1.049  -1.775   1.775   2.146  -1.884   1.729   0.647  -2.544   1.150   0.590
  -1.850   2.762   1.271  -0.299  -0.362   2.444  -0.013  -0.539   0.458  -0.540
  -1.432  -0.503  -0.765  -1.291   0.871  -0.437  -2.831   1.480   0.487  -2.947
   1.382  -1.354  -3.164   0.031  -0.209  -3.561
  -3.063   1.215   2.287  -2.878   0.905   1.264  -3.321   1.673   0.621  -3.427
  -0.025   1.027  -1.382   0.855   1.037  -0.744   1.909   0.808  -0.784  -0.304
   1.164  -1.253  -1.165   1.405   0.632  -0.350   1.080   1.008   0.501   1.689
   1.059  -1.705   1.739   2.154  -1.843   1.848   0.736  -2.497   1.085   0.670
  -1.812   2.755   1.222  -0.250  -0.381   2.392   0.084  -0.533   0.462  -0.505
  -1.449  -0.489  -0.709  -1.258   0.859  -0.437  -2.856   1.471   0.451  -3.028
   1.472  -1.319  -3.132  -0.005  -0.475  -3.553
  -2.985   1.236   2.315  -2.874   0.927   1.296  -3.277   1.720   0.668  -3.370
  -0.031   1.126  -1.384   0.893   1.146  -0.791   1.981   0.924  -0.818  -0.289
   1.176  -1.374  -1.122   1.274   0.613  -0.408   1.041   1.120   0.351   1.645
   1.079  -1.740   1.669   2.145  -1.676   1.817   0.921  -2.590   1.003   0.485
  -1.815   2.621   1.152  -0.235  -0.410   2.318   0.108  -0.479   0.435  -0.495
  -1.475  -0.498  -0.742  -1.286   0.957  -0.499  -2.851   1.505   0.402  -3.072
   1.685  -1.336  -2.991   0.164  -0.532  -3.633
  -3.120   1.200   2.401  -2.887   0.978   1.335  -3.296   1.804   0.761  -3.360
   0.085   1.020  -1.371   0.993   1.151  -0.849   2.062   0.878  -0.796  -0.249
   1.183  -1.344  -1.035   1.399   0.624  -0.456   1.057   1.066   0.302   1.750
   1.060  -1.816   1.655   2.202  -1.810   1.737   0.685  -2.663   1.061   0.693
  -1.972   2.679   1.185  -0.256  -0.384   2.363   0.141  -0.413   0.454  -0.486
  -1.502  -0.431  -0.910  -1.287   0.976  -0.424  -2.881   1.517   0.510  -2.961
   1.696  -1.242  -3.039   0.242  -0.392  -3.633
  -3.161   0.935   2.412  -2.955   1.016   1.351  -3.483   1.840   0.927  -3.347
   0.101   0.942  -1.420   0.979   1.205  -0.818   1.986   0.894  -0.862  -0.202
   1.210  -1.477  -0.989   1.272   0.593  -0.479   1.097   1.089   0.260   1.726
   0.953  -1.829   1.693   2.051  -1.914   1.668   0.559  -2.568   1.033   0.525
  -1.994   2.651   1.151  -0.252  -0.300   2.306   0.073  -0.374   0.433  -0.493
  -1.400  -0.582  -0.597  -1.278   0.936  -0.394  -2.780   1.445   0.536  -2.927
   1.711  -1.165  -2.930   0.125  -0.503  -3.528
  -3.261   1.080   2.465  -2.970   1.077   1.407  -3.296   1.982   0.938  -3.338
   0.164   0.902  -1.452   0.943   1.228  -0.773   1.947   0.803  -0.897  -0.273
   1.282  -1.425  -1.079   1.609   0.554  -0.408   1.112   1.111   0.352   1.702
   0.945  -1.757   1.674   2.026  -1.808   1.559   0.467  -2.579   1.084   0.654
  -1.819   2.754   1.131  -0.210  -0.322   2.316   0.043  -0.422   0.418  -0.585
  -1.367  -0.508  -0.900  -1.228   0.966  -0.451  -2.742   1.330   0.566  -2.945
   1.788  -1.087  -2.768   0.186  -0.641  -3.441
  -3.234   0.953   2.376  -3.019   0.925   1.355  -3.443   1.858   0.933  -3.397
   0.091   0.833  -1.473   0.948   1.201  -0.786   1.927   0.831  -0.899  -0.236
   1.351  -1.529  -0.986   1.559   0.554  -0.436   1.189   1.087   0.277   1.836
   0.928  -1.852   1.679   1.980  -2.060   1.644   0.414  -2.623   1.126   0.635
  -1.969   2.669   1.167  -0.179  -0.257   2.345   0.178  -0.363   0.478  -0.519
  -1.375  -0.435  -0.920  -1.133   0.893  -0.449  -2.799   1.330   0.534  -2.988
   1.541  -1.257  -3.068  -0.046  -0.536  -3.410
  -3.209   0.779   2.378  -2.952   0.927   1.340  -3.388   1.892   0.994  -3.440
   0.169   0.729  -1.475   0.941   1.206  -0.893   2.002   0.952  -0.842  -0.241
   1.384  -1.390  -1.025   1.711   0.586  -0.388   1.211   1.021   0.374   1.821
   0.986  -1.773   1.769   2.089  -1.845   1.607   0.455  -2.544   1.234   0.867
  -1.799   2.847   1.158  -0.199  -0.282   2.317   0.194  -0.371   0.458  -0.495
  -1.342  -0.465  -0.870  -1.139   0.750  -0.376  -2.745   1.132   0.590  -2.932
   1.423  -1.128  -3.134  -0.149  -0.474  -3.273
  -3.152   0.673   2.371  -3.029   0.929   1.356  -3.406   1.889   1.042  -3.387
   0.181   0.668  -1.541   0.923   1.199  -1.034   1.972   0.943  -0.816  -0.168
   1.384  -1.409  -1.004   1.580   0.632  -0.417   1.273   1.092   0.285   1.954
   0.934  -1.760   1.896   1.968  -1.977   1.908   0.394  -2.510   1.408   0.603
  -1.744   2.999   1.178  -0.254  -0.154   2.365   0.077  -0.315   0.362  -0.536
  -1.192  -0.568  -0.813  -1.035   0.698  -0.288  -2.595   1.075   0.741  -2.795
   1.485  -1.044  -2.827  -0.161  -0.489  -3.257
  -3.290   0.678   2.338  -2.989   0.918   1.338  -3.412   1.885   1.111  -3.267
   0.255   0.593  -1.505   1.013   1.297  -0.850   2.041   1.025  -0.866  -0.154
   1.401  -1.432  -1.028   1.477   0.582  -0.387   1.294   1.045   0.465   1.904
   0.984  -1.745   1.898   2.078  -1.865   1.896   0.508  -2.523   1.234   0.603
  -1.840   2.950   1.166  -0.264  -0.183   2.399   0.051  -0.312   0.395  -0.624
  -1.192  -0.590  -0.532  -1.048   0.780  -0.331  -2.617   1.182   0.681  -2.650
   1.615  -1.007  -2.924  -0.155  -0.329  -3.234
  -3.281   0.835   2.505  -3.010   0.995   1.461  -3.365   1.991   1.128  -3.441
   0.221   0.887  -1.506   1.003   1.297  -0.930   2.039   0.999  -0.921  -0.189
   1.347  -1.504  -1.034   1.393   0.568  -0.394   1.224   1.044   0.463   1.703
   0.919  -1.744   1.819   1.991  -1.827   2.087   0.596  -2.583   1.230   0.310
  -1.741   2.759   1.238  -0.288  -0.191   2.417   0.042  -0.258   0.481  -0.539
  -1.224  -0.469  -0.878  -0.974   0.785  -0.399  -2.670   1.385   0.446  -2.880
   1.383  -1.300  -2.980  -0.142  -0.430  -3.258
  -3.251   0.834   2.358  -3.013   0.953   1.366  -3.455   1.853   0.989  -3.443
   0.152   0.766  -1.502   0.933   1.166  -0.933   2.035   0.997  -0.899  -0.236
   1.250  -1.486  -0.984   1.427   0.573  -0.419   1.233   1.089   0.321   1.845
   0.809  -1.778   1.863   1.876  -1.965   1.975   0.412  -2.549   1.201   0.356
  -1.794   2.836   1.234  -0.368  -0.155   2.400  -0.032  -0.275   0.443  -0.569
  -1.226  -0.495  -0.958  -1.098   0.843  -0.485  -2.666   1.618   0.241  -2.787
   1.271  -1.421  -3.026  -0.015  -0.128  -3.222
  -3.396   0.872   2.351  -3.081   0.859   1.309  -3.469   1.742   0.781  -3.441
  -0.076   0.830  -1.574   0.902   1.161  -1.001   1.986   0.917  -0.865  -0.202
   1.298  -1.430  -0.966   1.618   0.566  -0.414   1.209   1.109   0.253   1.862
   0.737  -1.837   1.802   1.806  -2.209   1.842   0.125  -2.465   1.151   0.389
  -1.972   2.861   1.278  -0.320  -0.193   2.464  -0.030  -0.228   0.511  -0.566
  -1.263  -0.462  -0.820  -1.025   0.940  -0.335  -2.656   1.737   0.400  -2.762
   1.017  -1.284  -3.223   0.029   0.173  -3.104
  -3.408   1.011   2.281  -3.103   0.794   1.289  -3.472   1.451   0.510  -3.488
  -0.185   1.001  -1.601   0.862   1.104  -1.065   1.955   0.950  -0.905  -0.294
   1.296  -1.423  -1.105   1.490   0.552  -0.464   1.223   1.077   0.243   1.843
   0.740  -1.889   1.806   1.811  -2.008   1.920   0.321  -2.690   1.212   0.317
  -2.040   2.782   1.229  -0.351  -0.191   2.421  -0.083  -0.289   0.468  -0.592
  -1.271  -0.401  -0.904  -1.106   0.832  -0.352  -2.665   1.592   0.380  -2.722
   1.182  -1.265  -3.140  -0.013   0.025  -3.238
  -3.193   1.094   2.315  -3.065   0.740   1.354  -3.621   1.304   0.627  -3.489
  -0.240   1.306  -1.576   0.812   1.188  -1.037   1.881   0.942  -0.917  -0.353
   1.329  -1.491  -1.153   1.573   0.496  -0.461   1.225   0.934   0.300   1.869
   0.873  -1.887   1.816   1.868  -2.208   1.578   0.206  -2.706   1.477   0.767
  -1.775   2.912   1.169  -0.301  -0.214   2.341  -0.032  -0.322   0.396  -0.528
  -1.274  -0.528  -0.865  -1.138   0.805  -0.408  -2.671   1.246   0.527  -2.884
   1.544  -1.130  -2.967  -0.080  -0.537  -3.313
  -3.038   0.610   2.495  -3.026   0.750   1.416  -3.532   1.706   1.180  -3.469
  -0.120   0.911  -1.534   0.833   1.211  -0.978   1.875   0.891  -0.919  -0.336
   1.313  -1.402  -1.116   1.743   0.536  -0.481   1.172   0.994   0.258   1.805
   0.944  -1.869   1.690   2.005  -2.097   1.541   0.318  -2.645   1.288   0.859
  -1.800   2.782   1.133  -0.322  -0.231   2.308   0.045  -0.369   0.338  -0.668
  -1.309  -0.581  -1.002  -1.027   0.667  -0.480  -2.724   0.949   0.572  -2.860
   1.542  -1.088  -2.917  -0.175  -0.793  -3.368
  -3.279   0.843   2.552  -3.045   0.808   1.482  -3.433   1.627   1.011  -3.434
  -0.145   1.108  -1.531   0.773   1.157  -0.942   1.798   0.932  -0.920  -0.398
   1.250  -1.512  -1.198   1.453   0.562  -0.483   1.142   1.031   0.351   1.670
   1.006  -1.871   1.647   2.150  -1.948   1.470   0.573  -2.624   0.972   0.664
  -2.041   2.740   1.176  -0.288  -0.267   2.311   0.178  -0.392   0.444  -0.629
  -1.276  -0.457  -0.922  -1.047   0.754  -0.407  -2.675   0.965   0.641  -2.730
   1.679  -0.923  -2.991  -0.120  -0.607  -3.345
  -3.248   0.993   2.623  -3.097   0.815   1.516  -3.629   1.652   0.943  -3.475
  -0.147   1.173  -1.600   0.837   1.208  -1.115   1.935   0.876  -0.927  -0.321
   1.277  -1.441  -1.122   1.482   0.589  -0.464   1.175   1.043   0.347   1.711
   1.007  -1.825   1.859   2.085  -1.836   1.988   0.737  -2.526   1.109   0.566
  -2.074   2.788   1.145  -0.327  -0.221   2.264   0.266  -0.404   0.460  -0.711
  -1.281  -0.452  -1.089  -1.123   0.749  -0.485  -2.698   0.957   0.572  -2.886
   1.596  -1.029  -3.075  -0.069  -0.733  -3.329
  -3.382   0.843   2.400  -3.092   0.788   1.338  -3.548   1.624   0.769  -3.518
  -0.069   0.982  -1.588   0.864   1.204  -1.057   1.923   0.935  -0.912  -0.334
   1.251  -1.427  -1.241   1.404   0.581  -0.474   1.212   1.052   0.321   1.828
   0.980  -1.789   1.810   2.053  -1.763   1.942   0.726  -2.595   1.114   0.574
  -2.026   2.823   1.133  -0.325  -0.201   2.287   0.160  -0.379   0.438  -0.722
  -1.278  -0.426  -1.159  -1.127   0.828  -0.417  -2.701   1.540   0.422  -2.811
   1.318  -1.267  -3.133  -0.167  -0.118  -3.240
  -3.414   0.805   2.324  -3.119   0.712   1.282  -3.546   1.411   0.576  -3.439
  -0.277   0.992  -1.632   0.815   1.132  -1.190   1.943   0.896  -0.933  -0.297
   1.217  -1.358  -1.156   1.530   0.544  -0.409   1.153   1.010   0.384   1.717
   0.905  -1.834   1.753   2.029  -1.899   1.876   0.600  -2.548   1.048   0.387
  -1.950   2.686   1.139  -0.245  -0.263   2.255   0.248  -0.424   0.446  -0.709
  -1.310  -0.447  -1.159  -1.042   0.766  -0.521  -2.741   1.580   0.163  -2.832
   0.910  -1.519  -3.166  -0.133  -0.127  -3.147
  -3.307   0.948   2.298  -3.119   0.741   1.300  -3.612   1.569   0.782  -3.593
  -0.183   1.008  -1.618   0.816   1.112  -1.082   1.870   0.755  -0.941  -0.326
   1.204  -1.432  -1.237   1.228   0.533  -0.403   1.122   0.897   0.436   1.702
   1.019  -1.677   1.837   2.112  -1.573   1.873   0.681  -2.577   1.313   0.462
  -1.598   2.817   1.122  -0.254  -0.265   2.247   0.223  -0.428   0.399  -0.711
  -1.278  -0.485  -1.043  -1.040   0.688  -0.594  -2.707   1.532   0.042  -2.871
   0.850  -1.543  -3.202  -0.167  -0.128  -3.250
  -3.302   0.666   2.425  -3.058   0.745   1.325  -3.509   1.593   0.982  -3.545
  -0.104   0.817  -1.602   0.873   1.045  -1.105   1.937   0.719  -0.910  -0.266
   1.176  -1.304  -1.169   1.373   0.534  -0.378   1.081   0.908   0.427   1.699
   1.014  -1.629   1.816   2.118  -1.747   1.625   0.627  -2.585   1.469   0.655
  -1.649   2.805   1.143  -0.275  -0.296   2.215   0.265  -0.415   0.437  -0.713
  -1.284  -0.435  -1.103  -0.989   0.644  -0.602  -2.726   1.624  -0.132  -2.932
   0.685  -1.572  -3.290  -0.098  -0.011  -3.281
  -3.368   0.635   2.394  -3.158   0.771   1.291  -3.638   1.702   0.942  -3.659
  -0.153   0.876  -1.633   0.832   1.010  -1.145   1.905   0.688  -0.952  -0.313
   1.229  -1.449  -1.143   1.508   0.556  -0.405   1.132   0.906   0.363   1.755
   1.009  -1.673   1.787   2.063  -1.671   1.894   0.794  -2.525   1.161   0.534
  -1.823   2.763   1.178  -0.264  -0.242   2.344   0.252  -0.354   0.508  -0.746
  -1.303  -0.361  -1.163  -1.005   0.746  -0.606  -2.733   1.434   0.268  -2.874
   1.097  -1.540  -3.124  -0.085  -0.200  -3.309
  -3.286   0.923   2.401  -3.142   0.778   1.333  -3.595   1.573   0.742  -3.533
  -0.204   1.108  -1.696   0.831   1.047  -1.150   1.885   0.680  -0.946  -0.331
   1.240  -1.321  -1.204   1.633   0.489  -0.346   1.126   0.884   0.475   1.700
   0.986  -1.704   1.728   2.050  -1.790   1.617   0.455  -2.455   1.123   0.756
  -1.728   2.840   1.152  -0.186  -0.322   2.311   0.145  -0.368   0.424  -0.785
  -1.330  -0.567  -1.051  -1.149   0.786  -0.628  -2.725   1.525   0.171  -2.895
   1.203  -1.556  -3.164  -0.106  -0.271  -3.303
  -3.212   0.969   2.473  -3.159   0.733   1.374  -3.735   1.493   0.776  -3.573
  -0.196   1.138  -1.705   0.784   0.937  -1.199   1.837   0.584  -0.976  -0.299
   1.192  -1.404  -1.032   1.727   0.486  -0.386   1.155   0.860   0.451   1.815
   0.947  -1.691   1.830   1.993  -1.845   1.668   0.393  -2.535   1.309   0.728
  -1.731   2.915   1.064  -0.315  -0.267   2.218   0.144  -0.373   0.352  -0.792
  -1.303  -0.528  -1.253  -1.138   0.703  -0.551  -2.693   1.543   0.099  -2.877
   0.993  -1.455  -3.209  -0.194  -0.193  -3.232
  -3.273   0.704   2.536  -3.172   0.609   1.412  -3.781   1.326   0.992  -3.606
  -0.409   1.211  -1.693   0.729   0.972  -1.238   1.837   0.677  -1.008  -0.369
   1.037  -1.522  -1.163   1.400   0.453  -0.372   1.139   0.800   0.507   1.733
   0.935  -1.668   1.877   1.990  -1.700   1.890   0.515  -2.577   1.306   0.760
  -1.693   2.906   1.093  -0.284  -0.286   2.242   0.171  -0.434   0.341  -0.761
  -1.272  -0.623  -1.074  -1.052   0.706  -0.652  -2.682   1.269   0.331  -2.736
   1.311  -1.496  -3.001  -0.249  -0.687  -3.256
  -2.985   0.844   2.541  -3.131   0.737   1.445  -3.703   1.507   0.920  -3.605
  -0.236   1.269  -1.693   0.695   0.997  -1.194   1.761   0.575  -0.993  -0.407
   1.170  -1.475  -1.231   1.519   0.448  -0.392   1.155   0.794   0.440   1.741
   1.059  -1.701   1.812   2.158  -1.650   1.878   0.711  -2.614   1.299   0.812
  -1.829   2.891   1.099  -0.233  -0.188   2.251   0.193  -0.360   0.358  -0.626
  -1.206  -0.571  -0.996  -0.994   0.854  -0.713  -2.580   1.326   0.220  -2.914
   1.348  -1.604  -2.968  -0.125  -0.720  -3.125
  -3.189   0.780   2.614  -3.154   0.738   1.581  -3.650   1.597   1.173  -3.683
  -0.140   1.160  -1.726   0.741   1.103  -1.229   1.721   0.686  -0.936  -0.341
   1.281  -1.375  -1.151   1.729   0.551  -0.378   1.242   0.941   0.439   1.854
   0.981  -1.754   1.825   2.104  -1.756   1.777   0.654  -2.584   1.257   0.646
  -1.865   2.777   1.055  -0.226  -0.206   2.219   0.196  -0.337   0.333  -0.613
  -1.277  -0.642  -0.916  -1.181   0.840  -0.651  -2.636   1.459   0.207  -2.816
   1.346  -1.633  -2.733   0.078  -0.638  -3.380
  -2.998   0.345   2.811  -3.093   0.670   1.693  -3.564   1.643   1.634  -3.608
  -0.129   1.100  -1.641   0.791   1.211  -1.196   1.845   0.699  -0.898  -0.309
   1.253  -1.256  -1.144   1.657   0.536  -0.342   1.185   0.970   0.436   1.889
   0.954  -1.715   1.838   2.023  -1.858   1.862   0.524  -2.545   1.291   0.647
  -1.677   2.892   1.095  -0.241  -0.206   2.290   0.153  -0.394   0.315  -0.675
  -1.214  -0.639  -0.890  -1.020   0.760  -0.552  -2.604   1.124   0.466  -2.855
   1.536  -1.264  -2.713  -0.033  -0.809  -3.252
  -2.927   0.522   2.719  -3.051   0.778   1.659  -3.319   1.821   1.734  -3.815
   0.207   1.111  -1.627   0.727   1.103  -1.258   1.766   0.641  -0.861  -0.318
   1.416  -1.264  -1.175   1.828   0.573  -0.421   1.255   0.944   0.372   1.893
   1.039  -1.701   1.956   2.125  -1.766   1.904   0.606  -2.603   1.521   0.818
  -1.558   3.088   1.084  -0.221  -0.158   2.222   0.201  -0.393   0.326  -0.633
  -1.185  -0.565  -1.063  -0.972   0.751  -0.615  -2.646   1.166   0.323  -3.017
   1.482  -1.479  -2.934  -0.140  -0.892  -3.229
  -3.164   0.350   2.702  -3.077   0.813   1.682  -3.466   1.813   1.633  -3.663
   0.144   1.057  -1.595   0.786   1.160  -1.164   1.737   0.477  -0.904  -0.277
   1.526  -1.356  -0.882   2.139   0.571  -0.349   1.298   1.056   0.397   1.854
   0.987  -1.685   1.942   2.048  -1.878   1.716   0.314  -2.487   1.689   0.903
  -1.541   2.992   1.057  -0.240  -0.215   2.226   0.107  -0.420   0.302  -0.616
  -1.295  -0.659  -0.885  -1.134   0.834  -0.559  -2.730   1.192   0.457  -2.969
   1.559  -1.343  -3.023  -0.011  -0.651  -3.517
  -3.077   0.446   2.625  -2.994   0.800   1.594  -3.454   1.815   1.472  -3.519
   0.074   0.992  -1.615   0.738   1.151  -1.080   1.592   0.444  -0.887  -0.319
   1.522  -1.293  -1.036   2.120   0.556  -0.328   1.235   1.062   0.532   1.714
   1.041  -1.692   1.845   2.136  -1.899   1.725   0.569  -2.484   1.266   0.796
  -1.708   2.880   1.082  -0.262  -0.271   2.266   0.058  -0.401   0.370  -0.766
  -1.345  -0.608  -1.008  -1.192   0.833  -0.492  -2.676   1.098   0.553  -2.801
   1.720  -1.166  -2.868   0.018  -0.775  -3.429
  -2.887   0.330   2.572  -2.930   0.847   1.651  -3.156   1.883   1.794  -3.662
   0.308   1.028  -1.547   0.762   1.121  -1.110   1.630   0.316  -0.831  -0.325
   1.531  -1.297  -0.947   2.245   0.610  -0.454   1.214   1.072   0.323   1.853
   1.060  -1.722   1.858   2.197  -1.935   1.706   0.560  -2.600   1.410   0.776
  -1.637   2.911   1.151  -0.360  -0.256   2.308   0.043  -0.368   0.444  -0.852
  -1.293  -0.457  -1.262  -1.086   0.749  -0.539  -2.646   1.119   0.454  -2.794
   1.449  -1.248  -3.149  -0.156  -0.595  -3.173
  -2.643   0.741   2.878  -2.890   0.911   1.778  -3.347   1.898   1.693  -3.542
   0.104   1.421  -1.565   0.715   1.117  -1.161   1.522   0.308  -0.873  -0.366
   1.417  -1.207  -0.977   2.169   0.553  -0.414   1.173   1.054   0.357   1.779
   1.067  -1.719   1.829   2.153  -1.691   1.837   0.734  -2.681   1.402   0.937
  -1.668   2.885   1.205  -0.375  -0.259   2.370  -0.030  -0.342   0.534  -0.878
  -1.296  -0.373  -1.263  -1.096   0.816  -0.479  -2.647   0.865   0.623  -2.785
   1.786  -0.892  -3.017   0.025  -0.908  -3.355
  -2.714   0.743   2.980  -2.934   0.830   1.867  -3.345   1.797   1.536  -3.549
   0.065   1.499  -1.623   0.703   1.087  -1.260   1.680   0.379  -0.846  -0.377
   1.249  -1.247  -1.195   1.657   0.622  -0.480   1.130   1.011   0.448   1.601
   1.040  -1.638   1.943   2.070  -1.652   2.128   0.783  -2.597   1.472   0.482
  -1.654   2.877   1.289  -0.364  -0.229   2.467   0.049  -0.318   0.531  -0.732
  -1.245  -0.401  -1.158  -0.985   0.771  -0.513  -2.606   0.929   0.547  -2.743
   1.731  -1.068  -2.787  -0.007  -0.973  -3.281
  -2.692   0.508   2.872  -2.901   0.675   1.770  -3.363   1.658   1.619  -3.565
  -0.043   1.390  -1.544   0.688   1.066  -1.176   1.613   0.377  -0.828  -0.396
   1.270  -1.259  -1.200   1.754   0.627  -0.417   1.143   1.013   0.464   1.587
   1.087  -1.649   1.936   2.171  -1.550   2.082   0.764  -2.599   1.460   0.681
  -1.615   2.945   1.370  -0.371  -0.272   2.550  -0.019  -0.365   0.568  -0.683
  -1.323  -0.325  -1.040  -1.095   0.833  -0.536  -2.784   1.011   0.541  -2.912
   1.611  -1.229  -3.105  -0.119  -0.624  -3.268
  -2.782   0.202   2.878  -2.826   0.616   1.887  -3.157   1.590   1.886  -3.557
   0.112   1.277  -1.537   0.614   1.115  -1.173   1.598   0.512  -0.800  -0.467
   1.252  -1.181  -1.332   1.657   0.691  -0.494   1.134   1.053   0.309   1.809
   1.185  -1.673   1.840   2.225  -1.551   2.063   1.072  -2.635   1.318   0.537
  -1.784   2.763   1.346  -0.364  -0.224   2.519  -0.027  -0.372   0.513  -0.605
  -1.290  -0.483  -0.772  -1.105   0.899  -0.386  -2.724   0.935   0.672  -3.160
   1.791  -0.966  -3.040   0.058  -0.715  -3.333
  -2.772  -0.298   2.665  -2.846   0.461   1.861  -3.150   1.476   2.211  -3.585
   0.056   1.130  -1.473   0.646   1.138  -1.103   1.693   0.591  -0.725  -0.447
   1.226  -1.145  -1.248   1.672   0.737  -0.514   1.106   0.999   0.366   1.798
   1.217  -1.716   1.959   2.255  -1.578   2.060   1.012  -2.602   1.320   0.688
  -1.729   2.946   1.364  -0.285  -0.270   2.503   0.112  -0.379   0.547  -0.606
  -1.262  -0.328  -0.991  -0.991   0.828  -0.460  -2.680   0.984   0.592  -3.009
   1.641  -1.091  -3.028  -0.167  -0.586  -3.070
  -2.677  -0.277   2.653  -2.830   0.378   1.845  -3.167   1.324   2.167  -3.458
  -0.151   1.126  -1.492   0.603   1.143  -1.120   1.714   0.713  -0.782  -0.494
   1.203  -1.160  -1.377   1.554   0.712  -0.480   1.197   0.989   0.425   1.714
   1.199  -1.749   1.928   2.243  -1.575   2.320   1.277  -2.534   1.280   0.627
  -2.008   2.822   1.320  -0.337  -0.221   2.460   0.159  -0.417   0.539  -0.704
  -1.282  -0.403  -1.076  -0.995   0.815  -0.385  -2.674   1.366   0.598  -2.939
   1.528  -1.178  -2.995  -0.097  -0.382  -3.238
  -2.765  -0.183   2.741  -2.726   0.426   1.846  -3.014   1.414   2.101  -3.551
   0.067   1.216  -1.487   0.509   1.065  -1.141   1.585   0.593  -0.755  -0.585
   1.058  -1.251  -1.427   1.345   0.697  -0.634   1.177   0.997   0.199   1.819
   1.132  -1.816   1.985   2.252  -1.865   2.061   0.783  -2.744   1.471   0.791
  -1.680   3.006   1.305  -0.313  -0.225   2.400   0.209  -0.330   0.550  -0.672
  -1.281  -0.281  -1.155  -1.009   0.912  -0.483  -2.721   1.570   0.442  -2.888
   1.422  -1.360  -3.090  -0.054  -0.469  -3.244
  -2.604  -0.192   2.759  -2.800   0.409   1.890  -3.231   1.365   2.194  -3.466
  -0.131   1.269  -1.516   0.557   1.119  -1.240   1.620   0.578  -0.826  -0.569
   1.154  -1.321  -1.369   1.464   0.680  -0.559   1.150   1.026   0.282   1.798
   1.186  -1.861   1.866   2.280  -1.923   1.731   0.717  -2.786   1.541   0.834
  -1.868   2.928   1.357  -0.327  -0.280   2.459   0.325  -0.323   0.622  -0.763
  -1.331  -0.252  -1.373  -1.188   0.780  -0.453  -2.763   1.160   0.595  -2.949
   1.544  -1.058  -3.188  -0.160  -0.554  -3.317
  -2.679  -0.039   2.704  -2.816   0.540   1.803  -3.162   1.500   2.103  -3.442
  -0.066   1.223  -1.500   0.579   1.116  -1.205   1.618   0.465  -0.810  -0.532
   1.108  -1.259  -1.290   1.510   0.708  -0.505   1.071   1.063   0.405   1.525
   1.120  -1.721   1.963   2.204  -1.847   1.850   0.674  -2.667   1.611   0.841
  -1.619   2.977   1.394  -0.348  -0.263   2.486   0.262  -0.378   0.668  -0.762
  -1.292  -0.150  -1.171  -0.988   0.876  -0.560  -2.759   1.133   0.435  -2.982
   1.711  -1.207  -3.015  -0.034  -0.748  -3.393
  -2.456   0.016   2.847  -2.724   0.433   1.865  -3.096   1.390   1.924  -3.440
  -0.098   1.348  -1.454   0.523   1.035  -1.127   1.593   0.549  -0.681  -0.526
   1.181  -1.054  -1.382   1.577   0.780  -0.490   1.170   1.149   0.391   1.706
   1.278  -1.735   1.864   2.352  -1.561   1.958   1.243  -2.649   1.288   0.848
  -1.809   2.888   1.323  -0.344  -0.221   2.402   0.239  -0.351   0.647  -0.793
  -1.308  -0.217  -1.300  -1.197   0.962  -0.502  -2.744   1.228   0.519  -2.847
   1.792  -1.057  -3.116   0.097  -0.784  -3.390
  -2.611   0.300   2.786  -2.813   0.417   1.702  -3.403   1.266   1.466  -3.384
  -0.476   1.438  -1.464   0.492   1.101  -1.176   1.545   0.528  -0.614  -0.511
   1.204  -1.075  -1.326   1.619   0.876  -0.455   1.157   1.116   0.475   1.706
   1.389  -1.675   1.837   2.419  -1.539   1.803   0.987  -2.564   1.278   0.957
  -1.690   2.802   1.327  -0.285  -0.269   2.505   0.217  -0.366   0.623  -0.690
  -1.231  -0.228  -1.213  -1.072   0.986  -0.414  -2.605   1.222   0.628  -2.665
   1.817  -1.069  -3.015   0.027  -0.718  -3.204
