default_name                                                                    
   22  0.2000000E+02
  -3.8852035   0.8941252   1.7006294  -3.4318910   0.2080753   1.0826561
  -3.7852480   0.3166032   0.1304930  -3.5579263  -0.7131890   1.6623898
  -1.8828650   0.4365803   1.1278889  -1.3922479   1.5340144   1.3261113
  -1.0494201  -0.6008815   0.9513090  -1.4691782  -1.4193886   0.6115871
   0.3952537  -0.6391489   0.9320716   0.7286280  -0.0404162   1.7559753
   0.7557750  -2.0814993   1.1621220   1.8447708  -2.1621121   1.4191587
   0.6093884  -2.6461780   0.2121392   0.2199930  -2.6473270   1.9439646
   1.0793921   0.0455679  -0.3354638   2.2377508  -0.2673286  -0.6426195
   0.4559199   1.0541560  -1.0472989  -0.4582559   1.2213289  -0.6166113
   0.8399675   1.7335135  -2.3270842   1.7993061   1.4057269  -2.7070441
   0.1190843   1.6034127  -3.1518233   0.7696521   2.8151216  -2.1512587
  -0.3728225  -1.3115497   0.2957173   0.2382192  -0.1560529  -0.1459372
  -0.3810087  -0.5603083   1.4946096  -0.2639625   0.0711538   1.6735651
   0.0261783  -0.0885650   0.0791589  -0.1749130  -0.2899349   0.0779883
  -0.2901274  -0.0277914   0.2165271   0.0246698   1.7315761   0.9524260
   0.2648183  -0.2493620   0.3860790   0.1054529   1.3534095   0.2864595
   0.0520885   0.0103745   0.1426572  -1.3317736  -1.7958120   0.6505540
   0.6069005   0.8589600  -0.0384025   0.2554532   1.3277432  -1.2188219
   0.1358312   0.3160476   0.0776415  -0.0445600  -0.0624274  -0.1918790
  -0.1145665   0.3203626  -0.3116729  -1.0730513   1.7108717  -0.4310370
  -0.0259709  -0.0784067  -0.1363518  -1.1529756   0.3533535   0.5652092
   0.8950092  -0.7357210  -0.5511246  -0.9504764   0.8498675   1.0530260
