default_name                                                                    
  -3.671   1.105   0.695  -2.750   1.226   1.256  -2.929   0.951   2.294  -2.428
   2.268   1.195  -1.676   0.335   0.682  -1.927  -0.394  -0.273  -0.483   0.379
   1.286  -0.406   1.010   2.068   0.708  -0.425   0.954   1.483  -0.115   1.649
   0.430  -1.907   1.270   1.353  -2.482   1.223  -0.273  -2.323   0.548   0.002
  -2.005   2.268   1.320  -0.213  -0.451   2.235  -0.939  -0.855   0.864   0.799
  -1.200   0.109   1.357  -0.817   1.336   1.149  -2.538   2.395   1.404  -2.520
   1.207   0.298  -3.218   0.773   2.006  -2.926
  -3.671   1.123   0.687  -2.747   1.253   1.250  -2.903   1.011   2.300  -2.427
   2.300   1.158  -1.686   0.333   0.684  -1.942  -0.388  -0.275  -0.495   0.366
   1.283  -0.420   0.990   2.076   0.692  -0.437   0.945   1.481  -0.104   1.620
   0.421  -1.911   1.287   1.334  -2.494   1.269  -0.263  -2.352   0.557  -0.017
  -1.988   2.289   1.323  -0.212  -0.455   2.239  -0.950  -0.838   0.866   0.799
  -1.201   0.131   1.357  -0.791   1.333   1.150  -2.545   2.401   1.408  -2.509
   1.177   0.326  -3.237   0.791   2.017  -2.933
  -3.678   1.151   0.673  -2.754   1.244   1.255  -2.962   0.969   2.289  -2.372
   2.260   1.223  -1.691   0.328   0.686  -1.942  -0.385  -0.283  -0.503   0.352
   1.300  -0.439   0.964   2.096   0.703  -0.418   0.959   1.484  -0.062   1.633
   0.464  -1.894   1.294   1.407  -2.449   1.239  -0.230  -2.338   0.586   0.060
  -1.998   2.308   1.317  -0.213  -0.458   2.236  -0.955  -0.838   0.860   0.804
  -1.198   0.119   1.379  -0.815   1.333   1.116  -2.552   2.396   1.399  -2.525
   1.201   0.256  -3.225   0.779   1.956  -2.948
  -3.661   1.176   0.677  -2.742   1.254   1.236  -2.943   0.960   2.259  -2.362
   2.278   1.230  -1.682   0.326   0.670  -1.936  -0.389  -0.308  -0.493   0.355
   1.289  -0.396   0.984   2.065   0.693  -0.437   0.963   1.468  -0.094   1.634
   0.433  -1.911   1.316   1.386  -2.437   1.275  -0.270  -2.359   0.619   0.041
  -1.976   2.326   1.302  -0.211  -0.459   2.231  -0.930  -0.864   0.865   0.810
  -1.205   0.088   1.346  -0.837   1.359   1.119  -2.551   2.411   1.394  -2.510
   1.213   0.254  -3.225   0.806   1.976  -2.938
  -3.670   1.095   0.666  -2.747   1.220   1.238  -2.902   0.964   2.288  -2.429
   2.260   1.182  -1.689   0.308   0.665  -1.929  -0.416  -0.300  -0.496   0.355
   1.276  -0.421   0.954   2.093   0.693  -0.447   0.939   1.475  -0.108   1.628
   0.454  -1.921   1.258   1.404  -2.442   1.197  -0.227  -2.382   0.553   0.070
  -2.032   2.274   1.325  -0.221  -0.449   2.233  -0.945  -0.872   0.911   0.826
  -1.180   0.174   1.384  -0.774   1.335   1.126  -2.546   2.425   1.288  -2.580
   1.117   0.331  -3.247   0.850   2.042  -2.862
  -3.649   1.153   0.643  -2.740   1.231   1.235  -2.930   1.024   2.287  -2.383
   2.258   1.153  -1.683   0.323   0.649  -1.928  -0.392  -0.327  -0.504   0.354
   1.267  -0.412   1.030   2.020   0.724  -0.424   0.962   1.488  -0.057   1.641
   0.479  -1.881   1.338   1.402  -2.436   1.270  -0.226  -2.310   0.642   0.069
  -1.948   2.340   1.349  -0.212  -0.445   2.239  -0.962  -0.866   0.900   0.810
  -1.180   0.169   1.391  -0.773   1.377   1.123  -2.525   2.440   1.333  -2.548
   1.170   0.292  -3.187   0.853   1.992  -2.944
  -3.659   1.100   0.702  -2.712   1.225   1.220  -2.853   0.984   2.277  -2.362
   2.270   1.150  -1.666   0.314   0.639  -1.933  -0.401  -0.343  -0.470   0.343
   1.241  -0.387   0.982   2.030   0.724  -0.435   0.940   1.488  -0.057   1.645
   0.502  -1.895   1.328   1.433  -2.440   1.215  -0.231  -2.306   0.648   0.152
  -1.931   2.361   1.350  -0.228  -0.441   2.244  -0.986  -0.844   0.912   0.801
  -1.189   0.192   1.385  -0.770   1.361   1.145  -2.536   2.433   1.292  -2.536
   1.127   0.333  -3.230   0.871   2.078  -2.870
  -3.658   1.127   0.710  -2.731   1.215   1.247  -2.917   0.931   2.282  -2.385
   2.238   1.194  -1.674   0.306   0.647  -1.919  -0.369  -0.345  -0.496   0.355
   1.259  -0.451   1.008   2.027   0.731  -0.392   0.955   1.495  -0.011   1.616
   0.514  -1.888   1.323   1.425  -2.485   1.214  -0.236  -2.294   0.685   0.118
  -1.969   2.330   1.370  -0.224  -0.458   2.265  -0.983  -0.862   0.918   0.801
  -1.189   0.157   1.339  -0.820   1.354   1.113  -2.556   2.424   1.339  -2.562
   1.144   0.262  -3.222   0.832   2.004  -2.879
  -3.648   1.169   0.641  -2.718   1.242   1.232  -2.916   0.993   2.270  -2.338
   2.269   1.139  -1.661   0.295   0.670  -1.917  -0.408  -0.325  -0.477   0.350
   1.269  -0.412   0.995   2.055   0.752  -0.413   0.930   1.535  -0.054   1.593
   0.505  -1.884   1.315   1.442  -2.407   1.233  -0.222  -2.328   0.622   0.121
  -1.973   2.336   1.380  -0.210  -0.482   2.253  -0.985  -0.849   0.922   0.801
  -1.228   0.298   1.434  -0.782   1.330   1.085  -2.605   2.405   1.335  -2.625
   1.084   0.264  -3.274   0.800   1.966  -2.969
  -3.666   1.111   0.674  -2.730   1.222   1.202  -2.909   1.031   2.275  -2.405
   2.254   1.048  -1.649   0.316   0.651  -1.908  -0.393  -0.315  -0.459   0.372
   1.278  -0.400   0.998   2.089   0.723  -0.392   0.939   1.535  -0.026   1.591
   0.479  -1.860   1.309   1.434  -2.391   1.215  -0.275  -2.295   0.659   0.146
  -1.939   2.357   1.336  -0.198  -0.480   2.232  -0.944  -0.882   0.901   0.818
  -1.210   0.267   1.456  -0.773   1.292   1.151  -2.577   2.350   1.387  -2.618
   1.054   0.327  -3.214   0.706   1.974  -2.939
  -3.711   1.118   0.804  -2.711   1.265   1.199  -2.816   1.144   2.272  -2.389
   2.292   1.062  -1.668   0.341   0.646  -1.936  -0.403  -0.294  -0.495   0.397
   1.265  -0.446   0.973   2.063   0.715  -0.403   0.900   1.482   0.011   1.517
   0.545  -1.880   1.307   1.511  -2.343   1.325  -0.060  -2.378   0.518   0.030
  -1.988   2.251   1.312  -0.220  -0.529   2.217  -0.983  -0.910   0.910   0.807
  -1.261   0.183   1.366  -0.842   1.362   1.164  -2.606   2.417   1.373  -2.615
   1.118   0.336  -3.288   0.852   2.047  -2.956
  -3.649   1.093   0.708  -2.704   1.232   1.218  -2.844   1.046   2.272  -2.425
   2.243   1.046  -1.648   0.323   0.636  -1.923  -0.461  -0.280  -0.434   0.407
   1.202  -0.366   1.049   1.994   0.771  -0.398   0.894   1.534  -0.005   1.576
   0.574  -1.866   1.274   1.550  -2.363   1.326  -0.005  -2.386   0.499   0.049
  -1.959   2.234   1.347  -0.185  -0.527   2.225  -0.959  -0.910   0.869   0.837
  -1.285   0.132   1.399  -0.864   1.318   1.110  -2.647   2.405   1.301  -2.621
   1.118   0.287  -3.333   0.773   1.969  -3.040
  -3.685   0.911   0.791  -2.703   1.239   1.184  -2.746   1.092   2.285  -2.474
   2.271   0.949  -1.643   0.297   0.655  -1.906  -0.457  -0.292  -0.439   0.412
   1.203  -0.338   1.141   1.936   0.776  -0.392   0.901   1.567  -0.049   1.582
   0.568  -1.849   1.280   1.534  -2.374   1.222  -0.124  -2.343   0.626   0.153
  -1.899   2.305   1.356  -0.217  -0.502   2.255  -0.964  -0.934   0.900   0.778
  -1.235   0.242   1.371  -0.778   1.318   1.088  -2.625   2.388   1.274  -2.674
   1.061   0.284  -3.310   0.828   1.982  -3.001
  -3.680   0.996   0.813  -2.711   1.241   1.215  -2.794   1.139   2.299  -2.505
   2.282   0.963  -1.641   0.314   0.613  -1.933  -0.445  -0.314  -0.449   0.344
   1.220  -0.398   1.038   1.968   0.760  -0.436   0.931   1.542  -0.037   1.580
   0.573  -1.923   1.269   1.542  -2.434   1.278  -0.066  -2.370   0.519   0.112
  -2.017   2.244   1.335  -0.230  -0.490   2.221  -0.962  -0.910   0.928   0.828
  -1.228   0.205   1.425  -0.855   1.340   1.029  -2.628   2.431   1.184  -2.627
   1.047   0.225  -3.277   0.905   1.951  -3.024
  -3.656   0.898   0.904  -2.682   1.186   1.245  -2.657   1.168   2.335  -2.453
   2.192   0.919  -1.639   0.287   0.611  -1.890  -0.438  -0.340  -0.433   0.309
   1.201  -0.358   0.961   1.986   0.774  -0.433   0.902   1.570  -0.060   1.597
   0.557  -1.905   1.273   1.489  -2.439   1.227  -0.132  -2.359   0.542   0.112
  -1.984   2.246   1.352  -0.203  -0.505   2.230  -0.983  -0.953   0.997   0.839
  -1.258   0.311   1.478  -0.911   1.335   1.023  -2.650   2.441   1.022  -2.766
   0.898   0.249  -3.270   0.976   1.973  -2.979
  -3.643   0.883   0.678  -2.697   1.180   1.156  -2.790   1.121   2.244  -2.437
   2.170   0.850  -1.646   0.285   0.622  -1.859  -0.443  -0.343  -0.465   0.331
   1.268  -0.371   0.994   2.029   0.756  -0.407   0.910   1.537  -0.016   1.569
   0.574  -1.905   1.288   1.519  -2.464   1.202  -0.144  -2.369   0.591   0.227
  -2.008   2.325   1.366  -0.186  -0.512   2.199  -0.993  -0.925   0.978   0.882
  -1.206   0.317   1.499  -0.772   1.302   1.043  -2.658   2.410   1.045  -2.747
   0.975   0.158  -3.217   0.868   1.951  -3.046
  -3.596   0.968   0.632  -2.670   1.197   1.154  -2.791   1.040   2.211  -2.358
   2.187   0.958  -1.628   0.271   0.615  -1.865  -0.452  -0.345  -0.450   0.342
   1.230  -0.384   1.029   1.961   0.777  -0.397   0.930   1.542  -0.047   1.630
   0.579  -1.876   1.362   1.535  -2.411   1.258  -0.143  -2.390   0.714   0.232
  -1.947   2.349   1.382  -0.185  -0.482   2.183  -0.985  -0.930   0.985   0.873
  -1.224   0.391   1.571  -0.789   1.283   0.982  -2.643   2.341   1.111  -2.837
   0.961   0.059  -3.186   0.726   1.843  -3.047
  -3.647   0.923   0.645  -2.732   1.203   1.135  -2.863   1.105   2.235  -2.484
   2.211   0.865  -1.630   0.271   0.672  -1.876  -0.517  -0.230  -0.442   0.368
   1.268  -0.399   1.011   2.034   0.784  -0.404   0.942   1.579  -0.103   1.641
   0.594  -1.904   1.330   1.564  -2.376   1.213  -0.195  -2.404   0.759   0.326
  -2.009   2.389   1.365  -0.207  -0.479   2.185  -1.017  -0.935   0.976   0.879
  -1.179   0.537   1.635  -0.634   1.218   1.071  -2.597   2.298   1.065  -2.831
   0.728   0.285  -3.158   0.716   1.967  -2.912
  -3.672   1.099   0.649  -2.697   1.181   1.175  -2.824   0.963   2.220  -2.333
   2.208   1.115  -1.617   0.241   0.651  -1.842  -0.489  -0.321  -0.442   0.332
   1.288  -0.380   1.094   1.962   0.787  -0.403   0.965   1.588   0.007   1.627
   0.572  -1.884   1.355   1.543  -2.408   1.309  -0.117  -2.345   0.655   0.185
  -1.883   2.386   1.380  -0.205  -0.485   2.108  -1.067  -0.961   1.003   0.871
  -1.171   0.439   1.547  -0.710   1.241   1.087  -2.601   2.333   1.056  -2.719
   0.753   0.308  -3.223   0.861   2.062  -2.914
  -3.606   0.976   0.554  -2.700   1.125   1.157  -2.911   0.903   2.205  -2.398
   2.152   1.039  -1.605   0.268   0.627  -1.801  -0.497  -0.337  -0.417   0.352
   1.260  -0.387   0.987   2.070   0.775  -0.418   0.923   1.548  -0.025   1.622
   0.643  -1.916   1.355   1.588  -2.395   1.286  -0.097  -2.421   0.718   0.321
  -2.000   2.386   1.365  -0.157  -0.457   2.118  -0.999  -0.970   1.017   0.965
  -1.150   0.298   1.545  -0.724   1.307   1.088  -2.596   2.389   1.075  -2.796
   0.798   0.282  -3.133   0.922   2.036  -2.963
  -3.582   1.101   0.544  -2.694   1.160   1.166  -2.942   0.956   2.224  -2.336
   2.178   1.111  -1.600   0.241   0.656  -1.782  -0.474  -0.322  -0.433   0.294
   1.297  -0.394   0.817   2.161   0.790  -0.429   0.930   1.553   0.014   1.604
   0.629  -1.906   1.326   1.594  -2.431   1.245  -0.126  -2.401   0.707   0.261
  -1.980   2.349   1.350  -0.231  -0.516   2.118  -1.076  -1.002   0.958   0.865
  -1.198   0.373   1.511  -0.729   1.318   1.078  -2.599   2.380   0.891  -2.750
   0.736   0.448  -3.251   1.090   2.113  -2.866
  -3.662   0.932   0.651  -2.756   1.063   1.230  -2.962   0.838   2.254  -2.502
   2.136   1.152  -1.594   0.242   0.687  -1.792  -0.464  -0.310  -0.434   0.379
   1.312  -0.380   0.933   2.133   0.789  -0.400   0.997   1.604  -0.034   1.617
   0.634  -1.869   1.424   1.573  -2.403   1.383  -0.076  -2.377   0.777   0.250
  -1.985   2.438   1.313  -0.270  -0.470   2.029  -1.158  -0.944   1.016   0.833
  -1.185   0.341   1.497  -0.823   1.367   1.049  -2.597   2.430   0.804  -2.815
   0.726   0.519  -3.262   1.195   2.095  -2.863
  -3.601   1.034   0.474  -2.778   1.112   1.203  -3.125   0.730   2.177  -2.524
   2.150   1.338  -1.623   0.269   0.664  -1.743  -0.457  -0.305  -0.466   0.371
   1.305  -0.456   0.981   2.156   0.769  -0.358   0.991   1.545   0.052   1.580
   0.578  -1.813   1.417   1.515  -2.328   1.438  -0.119  -2.302   0.723   0.152
  -1.875   2.460   1.308  -0.261  -0.460   2.014  -1.187  -0.951   1.055   0.832
  -1.185   0.539   1.582  -0.741   1.403   0.957  -2.598   2.472   0.795  -2.771
   0.826   0.260  -3.151   1.195   1.954  -2.986
  -3.578   1.157   0.549  -2.756   1.115   1.242  -3.102   0.596   2.143  -2.476
   2.123   1.525  -1.616   0.317   0.648  -1.851  -0.417  -0.278  -0.418   0.495
   1.254  -0.395   1.051   2.095   0.795  -0.323   0.975   1.530   0.124   1.649
   0.592  -1.754   1.498   1.586  -2.218   1.582  -0.079  -2.282   0.834   0.044
  -1.743   2.431   1.361  -0.240  -0.452   1.971  -1.170  -0.955   1.062   0.842
  -1.159   0.557   1.548  -0.690   1.421   1.028  -2.587   2.434   0.645  -2.767
   0.710   0.397  -3.171   1.379   2.099  -2.878
  -3.682   1.009   0.629  -2.789   1.063   1.262  -3.081   0.521   2.171  -2.489
   2.091   1.497  -1.617   0.321   0.672  -1.846  -0.426  -0.294  -0.420   0.469
   1.266  -0.359   1.140   2.016   0.767  -0.340   0.995   1.578   0.083   1.576
   0.554  -1.762   1.469   1.470  -2.307   1.466  -0.062  -2.305   0.776   0.107
  -1.807   2.442   1.298  -0.294  -0.479   1.945  -1.246  -0.942   1.029   0.794
  -1.224   0.499   1.543  -0.776   1.412   1.038  -2.583   2.477   0.882  -2.724
   0.801   0.406  -3.232   1.182   2.063  -2.833
  -3.573   1.129   0.399  -2.796   1.100   1.193  -3.096   0.659   2.132  -2.462
   2.122   1.428  -1.623   0.288   0.670  -1.807  -0.440  -0.290  -0.426   0.478
   1.274  -0.379   1.059   2.103   0.788  -0.359   0.927   1.580   0.080   1.492
   0.536  -1.790   1.468   1.497  -2.297   1.617  -0.135  -2.346   0.814   0.106
  -1.719   2.466   1.263  -0.311  -0.538   2.010  -1.196  -0.992   0.986   0.804
  -1.220   0.376   1.470  -0.748   1.383   1.016  -2.606   2.458   0.844  -2.742
   0.904   0.242  -3.199   1.175   2.039  -2.894
  -3.533   1.268   0.365  -2.806   1.078   1.167  -3.287   0.446   1.908  -2.531
   1.998   1.626  -1.607   0.289   0.636  -1.772  -0.448  -0.308  -0.479   0.460
   1.282  -0.406   1.228   1.938   0.764  -0.319   0.944   1.604   0.118   1.565
   0.554  -1.735   1.493   1.487  -2.276   1.462  -0.189  -2.250   0.862   0.192
  -1.690   2.547   1.267  -0.291  -0.545   2.029  -1.154  -0.987   0.974   0.825
  -1.243   0.507   1.604  -0.766   1.318   1.011  -2.683   2.374   0.826  -2.802
   0.781   0.297  -3.318   0.982   2.000  -2.991
  -3.477   1.282   0.210  -2.862   1.062   1.088  -3.501   0.390   1.664  -2.627
   1.992   1.648  -1.642   0.257   0.645  -1.732  -0.552  -0.279  -0.495   0.450
   1.261  -0.404   1.154   1.982   0.728  -0.370   0.973   1.511   0.023   1.628
   0.471  -1.806   1.472   1.424  -2.352   1.501  -0.196  -2.359   0.820   0.071
  -1.809   2.478   1.294  -0.247  -0.482   1.965  -1.177  -0.941   1.054   0.818
  -1.294   0.590   1.592  -0.845   1.382   0.989  -2.695   2.429   0.941  -2.938
   0.871   0.191  -3.265   1.028   1.951  -3.035
  -3.561   1.151   0.224  -2.827   0.961   1.069  -3.321   0.423   1.874  -2.487
   1.924   1.472  -1.637   0.163   0.632  -1.770  -0.563  -0.343  -0.479   0.450
   1.218  -0.472   1.135   1.985   0.726  -0.310   0.919   1.499   0.136   1.506
   0.495  -1.745   1.482   1.462  -2.338   1.416  -0.241  -2.334   0.938   0.121
  -1.650   2.500   1.233  -0.277  -0.569   1.948  -1.191  -1.004   1.001   0.841
  -1.260   0.532   1.633  -0.797   1.321   0.986  -2.690   2.400   0.912  -2.863
   0.865   0.182  -3.257   1.025   1.977  -3.025
  -3.528   1.155   0.179  -2.848   1.056   1.000  -3.362   0.634   1.893  -2.544
   2.078   1.309  -1.717   0.139   0.669  -1.769  -0.634  -0.299  -0.533   0.443
   1.195  -0.476   1.093   1.967   0.672  -0.320   0.874   1.454   0.101   1.480
   0.536  -1.736   1.495   1.458  -2.288   1.436  -0.242  -2.300   0.967   0.269
  -1.671   2.570   1.304  -0.205  -0.533   1.921  -1.157  -1.001   1.086   0.905
  -1.257   0.633   1.668  -0.795   1.395   1.039  -2.675   2.473   0.944  -2.757
   0.890   0.342  -3.299   1.109   2.045  -2.997
  -3.465   1.323   0.130  -2.837   1.088   0.994  -3.454   0.591   1.756  -2.425
   2.013   1.420  -1.698   0.202   0.586  -1.845  -0.582  -0.366  -0.552   0.376
   1.219  -0.572   1.096   1.942   0.740  -0.253   0.960   1.478   0.279   1.543
   0.581  -1.678   1.505   1.422  -2.349   1.321  -0.278  -2.185   1.021   0.360
  -1.645   2.569   1.291  -0.196  -0.498   1.996  -1.130  -0.941   1.087   0.920
  -1.252   0.522   1.615  -0.815   1.300   1.043  -2.689   2.398   0.920  -2.782
   0.710   0.320  -3.226   1.113   2.053  -3.105
  -3.357   1.357  -0.018  -2.824   1.140   0.933  -3.520   0.593   1.633  -2.511
   2.083   1.323  -1.641   0.246   0.547  -1.832  -0.577  -0.365  -0.502   0.456
   1.234  -0.530   1.175   1.948   0.768  -0.268   1.000   1.569   0.197   1.633
   0.533  -1.727   1.549   1.428  -2.307   1.544  -0.184  -2.295   0.986   0.244
  -1.639   2.612   1.337  -0.218  -0.461   2.018  -1.194  -0.887   1.141   0.895
  -1.179   0.652   1.654  -0.740   1.378   0.939  -2.615   2.372   0.590  -2.855
   0.660   0.304  -3.136   1.240   1.889  -3.075
  -3.397   1.299  -0.056  -2.840   1.216   0.885  -3.412   0.816   1.717  -2.404
   2.201   1.154  -1.694   0.255   0.534  -1.816  -0.612  -0.328  -0.566   0.473
   1.210  -0.613   1.215   1.887   0.717  -0.264   0.992   1.460   0.169   1.661
   0.495  -1.754   1.447   1.388  -2.344   1.255  -0.394  -2.215   0.948   0.345
  -1.716   2.547   1.352  -0.217  -0.459   2.019  -1.162  -0.873   1.120   0.908
  -1.192   0.468   1.594  -0.788   1.382   0.920  -2.607   2.432   0.535  -2.749
   0.682   0.284  -3.164   1.220   1.978  -2.946
  -3.373   1.360  -0.170  -2.796   1.232   0.754  -3.425   0.909   1.522  -2.347
   2.170   0.947  -1.723   0.238   0.525  -1.851  -0.704  -0.297  -0.558   0.428
   1.181  -0.597   1.154   1.905   0.717  -0.314   1.012   1.433   0.210   1.609
   0.551  -1.757   1.549   1.514  -2.233   1.491  -0.183  -2.233   0.881   0.144
  -1.724   2.566   1.329  -0.233  -0.386   2.018  -1.171  -0.834   1.189   0.890
  -1.152   0.805   1.717  -0.755   1.361   0.929  -2.587   2.408   0.643  -2.821
   0.644   0.292  -3.123   1.242   2.006  -2.799
  -3.439   1.303  -0.194  -2.812   1.302   0.677  -3.472   0.988   1.489  -2.404
   2.319   0.903  -1.724   0.258   0.488  -1.874  -0.687  -0.258  -0.560   0.465
   1.127  -0.540   1.285   1.767   0.701  -0.304   1.009   1.434   0.108   1.704
   0.514  -1.693   1.541   1.530  -2.159   1.525  -0.086  -2.365   0.869   0.169
  -1.686   2.581   1.386  -0.261  -0.395   2.044  -1.222  -0.816   1.222   0.863
  -1.122   0.724   1.646  -0.700   1.393   0.896  -2.567   2.426   0.564  -2.827
   0.665   0.216  -3.062   1.212   1.929  -2.965
  -3.417   1.315  -0.205  -2.845   1.278   0.725  -3.521   1.031   1.478  -2.419
   2.256   0.897  -1.742   0.234   0.533  -1.916  -0.698  -0.220  -0.582   0.468
   1.147  -0.561   1.311   1.732   0.735  -0.278   1.013   1.499   0.274   1.630
   0.480  -1.748   1.553   1.443  -2.348   1.648  -0.121  -2.350   0.859   0.047
  -1.801   2.554   1.348  -0.231  -0.395   1.986  -1.200  -0.796   1.206   0.906
  -1.073   0.859   1.763  -0.591   1.395   0.994  -2.573   2.421   0.859  -2.736
   0.794   0.245  -3.129   1.136   1.989  -2.979
  -3.519   1.253  -0.097  -2.771   1.250   0.701  -3.309   0.940   1.572  -2.424
   2.245   0.850  -1.660   0.273   0.472  -1.809  -0.714  -0.267  -0.589   0.477
   1.193  -0.612   1.234   1.863   0.644  -0.309   1.019   1.366   0.219   1.674
   0.367  -1.720   1.553   1.360  -2.239   1.536  -0.365  -2.328   0.978   0.101
  -1.649   2.603   1.336  -0.260  -0.391   2.000  -1.193  -0.811   1.169   0.887
  -1.099   0.712   1.652  -0.573   1.482   1.123  -2.553   2.539   1.023  -2.736
   0.952   0.386  -3.136   1.253   2.106  -2.929
  -3.358   1.312  -0.246  -2.758   1.261   0.681  -3.395   0.984   1.515  -2.285
   2.232   0.901  -1.698   0.210   0.465  -1.844  -0.718  -0.339  -0.593   0.443
   1.171  -0.617   1.263   1.782   0.703  -0.282   1.042   1.433   0.222   1.664
   0.504  -1.689   1.598   1.459  -2.230   1.657  -0.017  -2.273   0.925   0.024
  -1.647   2.567   1.321  -0.237  -0.372   1.949  -1.188  -0.815   1.187   0.890
  -1.074   0.651   1.632  -0.612   1.527   1.179  -2.503   2.638   1.180  -2.681
   1.073   0.349  -3.026   1.101   2.106  -2.859
  -3.332   1.406  -0.212  -2.756   1.321   0.677  -3.360   1.037   1.514  -2.266
   2.274   0.887  -1.696   0.283   0.498  -1.870  -0.675  -0.217  -0.548   0.526
   1.159  -0.520   1.306   1.746   0.683  -0.250   1.011   1.478   0.233   1.639
   0.460  -1.662   1.612   1.386  -2.158   2.008  -0.049  -2.391   0.947  -0.188
  -1.504   2.531   1.337  -0.266  -0.410   1.965  -1.259  -0.767   1.169   0.851
  -1.121   0.603   1.608  -0.678   1.519   1.090  -2.509   2.630   0.951  -2.665
   0.902   0.497  -3.139   1.266   2.096  -2.729
  -3.220   1.455  -0.314  -2.736   1.274   0.709  -3.471   0.902   1.385  -2.303
   2.193   0.980  -1.668   0.299   0.465  -1.811  -0.681  -0.247  -0.525   0.521
   1.146  -0.450   1.391   1.661   0.728  -0.249   1.076   1.478   0.218   1.725
   0.516  -1.676   1.651   1.501  -2.116   1.641  -0.148  -2.265   1.015   0.134
  -1.656   2.667   1.338  -0.250  -0.357   1.950  -1.241  -0.784   1.050   0.792
  -1.136   0.508   1.521  -0.758   1.550   1.078  -2.491   2.567   0.649  -2.536
   0.943   0.577  -3.271   1.511   2.162  -2.622
  -3.198   1.439  -0.313  -2.704   1.300   0.640  -3.409   0.977   1.370  -2.239
   2.258   0.923  -1.652   0.243   0.535  -1.830  -0.660  -0.251  -0.575   0.455
   1.215  -0.543   1.322   1.793   0.701  -0.276   1.070   1.419   0.293   1.684
   0.591  -1.682   1.712   1.585  -2.112   1.707  -0.023  -2.273   1.083   0.344
  -1.633   2.780   1.330  -0.304  -0.335   1.869  -1.317  -0.760   1.084   0.757
  -1.134   0.561   1.558  -0.740   1.653   1.068  -2.454   2.533   0.477  -2.683
   0.951   0.773  -3.211   1.830   2.154  -2.578
  -3.461   1.216  -0.057  -2.689   1.257   0.729  -3.149   1.081   1.711  -2.240
   2.235   0.747  -1.648   0.188   0.479  -1.869  -0.786  -0.282  -0.519   0.422
   1.160  -0.521   1.245   1.734   0.743  -0.277   1.086   1.418   0.265   1.716
   0.486  -1.615   1.757   1.406  -2.132   1.807  -0.134  -2.248   1.081   0.141
  -1.479   2.759   1.273  -0.275  -0.346   1.883  -1.265  -0.720   1.101   0.812
  -1.159   0.631   1.587  -0.803   1.630   1.057  -2.515   2.587   0.504  -2.625
   0.927   0.722  -3.236   1.677   2.126  -2.623
  -3.541   1.108  -0.032  -2.755   1.303   0.700  -3.211   1.204   1.647  -2.379
   2.351   0.538  -1.670   0.271   0.490  -1.923  -0.694  -0.256  -0.541   0.462
   1.158  -0.580   1.202   1.896   0.736  -0.268   1.072   1.532   0.306   1.639
   0.513  -1.624   1.764   1.449  -2.214   1.928  -0.141  -2.264   1.158   0.024
  -1.455   2.776   1.288  -0.265  -0.384   1.885  -1.250  -0.770   1.192   0.829
  -1.119   0.640   1.544  -0.692   1.710   1.104  -2.454   2.623   0.597  -2.690
   0.982   0.793  -3.121   1.796   2.125  -2.725
  -3.592   1.007   0.170  -2.674   1.324   0.724  -2.899   1.298   1.781  -2.297
   2.303   0.369  -1.613   0.282   0.508  -1.852  -0.674  -0.270  -0.472   0.509
   1.213  -0.494   1.315   1.805   0.743  -0.335   1.080   1.536   0.132   1.653
   0.511  -1.687   1.786   1.491  -2.194   1.923  -0.168  -2.318   1.196  -0.001
  -1.519   2.697   1.351  -0.299  -0.333   1.992  -1.302  -0.765   1.150   0.798
  -1.093   0.587   1.578  -0.675   1.746   1.119  -2.429   2.862   0.825  -2.372
   1.189   0.566  -3.202   1.706   2.220  -2.661
  -3.541   1.014   0.064  -2.675   1.279   0.675  -2.904   1.321   1.767  -2.322
   2.235   0.395  -1.598   0.240   0.556  -1.683  -0.653  -0.271  -0.490   0.502
   1.177  -0.456   1.312   1.738   0.759  -0.256   1.098   1.399   0.247   1.790
   0.535  -1.623   1.764   1.519  -1.937   2.133   0.040  -2.287   1.049  -0.081
  -1.521   2.659   1.340  -0.275  -0.347   1.943  -1.273  -0.786   1.241   0.850
  -1.061   0.643   1.508  -0.667   1.705   1.095  -2.426   2.775   0.866  -2.411
   1.175   0.505  -3.145   1.521   2.156  -2.734
  -3.514   0.896   0.021  -2.736   1.193   0.690  -3.130   1.095   1.733  -2.378
   2.167   0.529  -1.569   0.279   0.478  -1.710  -0.664  -0.253  -0.451   0.543
   1.211  -0.407   1.394   1.786   0.772  -0.193   1.120   1.527   0.329   1.737
   0.587  -1.610   1.718   1.583  -2.194   1.767  -0.123  -2.160   1.110   0.157
  -1.527   2.777   1.365  -0.239  -0.325   1.884  -1.255  -0.765   1.287   0.890
  -1.033   0.803   1.588  -0.521   1.744   1.124  -2.447   2.772   0.843  -2.554
   1.202   0.520  -3.144   1.651   2.186  -2.748
  -3.486   1.009   0.000  -2.703   1.215   0.687  -3.181   1.182   1.663  -2.285
   2.174   0.604  -1.614   0.253   0.497  -1.738  -0.672  -0.291  -0.517   0.489
   1.189  -0.517   1.290   1.766   0.725  -0.255   1.076   1.418   0.332   1.697
   0.555  -1.642   1.829   1.490  -2.032   2.226   0.047  -2.326   1.183   0.037
  -1.427   2.753   1.343  -0.237  -0.336   1.897  -1.253  -0.794   1.211   0.889
  -1.131   0.775   1.657  -0.632   1.644   1.037  -2.530   2.677   0.730  -2.723
   0.979   0.325  -3.100   1.489   2.054  -2.899
  -3.567   0.923  -0.073  -2.799   1.211   0.645  -3.167   1.086   1.630  -2.418
   2.289   0.516  -1.696   0.224   0.424  -1.854  -0.770  -0.269  -0.618   0.446
   1.158  -0.589   1.298   1.626   0.709  -0.278   1.092   1.425   0.359   1.634
   0.620  -1.650   1.750   1.570  -2.025   1.966   0.125  -2.329   1.051   0.056
  -1.624   2.669   1.367  -0.304  -0.342   1.933  -1.282  -0.820   1.211   0.814
  -1.127   0.785   1.589  -0.659   1.697   1.025  -2.534   2.716   0.687  -2.706
   1.114   0.313  -3.169   1.547   2.033  -2.916
  -3.574   0.889  -0.152  -2.868   1.098   0.657  -3.221   0.802   1.670  -2.602
   2.192   0.740  -1.695   0.132   0.440  -1.850  -0.793  -0.389  -0.661   0.367
   1.167  -0.792   1.138   1.744   0.699  -0.257   1.076   1.440   0.371   1.563
   0.630  -1.648   1.840   1.646  -1.961   2.125   0.048  -2.350   1.269   0.024
  -1.528   2.780   1.367  -0.318  -0.319   1.848  -1.349  -0.845   1.282   0.836
  -1.021   0.982   1.672  -0.566   1.749   0.935  -2.414   2.741   0.632  -2.536
   1.104   0.218  -3.009   1.673   2.038  -2.796
  -3.713   0.980  -0.003  -2.900   1.061   0.658  -3.176   0.728   1.671  -2.520
   1.996   0.741  -1.765   0.106   0.437  -1.813  -0.782  -0.430  -0.642   0.401
   1.153  -0.674   1.205   1.748   0.659  -0.324   1.064   1.376   0.238   1.658
   0.550  -1.597   1.885   1.580  -1.998   2.033  -0.014  -2.363   1.334   0.177
  -1.323   2.871   1.282  -0.426  -0.416   1.689  -1.470  -0.872   1.312   0.727
  -1.104   0.911   1.561  -0.696   1.835   0.855  -2.462   2.862   0.557  -2.439
   1.270   0.228  -3.138   1.880   1.885  -2.843
  -3.741   0.636  -0.071  -2.956   1.008   0.620  -3.240   0.959   1.644  -2.725
   2.040   0.414  -1.748   0.100   0.555  -1.682  -0.803  -0.291  -0.597   0.515
   1.153  -0.609   1.315   1.797   0.666  -0.293   1.059   1.382   0.226   1.590
   0.610  -1.623   1.853   1.519  -2.173   1.670  -0.218  -2.218   1.465   0.537
  -1.363   2.918   1.274  -0.399  -0.328   1.687  -1.450  -0.847   1.276   0.734
  -1.065   0.870   1.532  -0.672   1.797   0.934  -2.344   2.866   0.705  -2.421
   1.070   0.412  -2.991   1.717   1.968  -2.617
  -3.799   0.410   0.101  -2.978   0.933   0.648  -3.342   1.049   1.631  -2.839
   1.922   0.206  -1.757   0.092   0.555  -1.771  -0.867  -0.225  -0.647   0.444
   1.238  -0.712   1.193   1.901   0.633  -0.303   1.096   1.355   0.276   1.646
   0.569  -1.703   1.792   1.492  -2.168   1.655  -0.177  -2.311   1.351   0.306
  -1.545   2.846   1.244  -0.393  -0.389   1.745  -1.486  -0.781   1.274   0.753
  -1.064   0.805   1.522  -0.598   1.744   0.822  -2.468   2.739   0.294  -2.585
   1.121   0.209  -3.080   1.788   1.909  -2.789
  -3.685   0.743  -0.056  -2.954   0.935   0.706  -3.307   0.826   1.699  -2.518
   1.927   0.598  -1.757   0.039   0.550  -1.805  -0.908  -0.242  -0.675   0.388
   1.249  -0.727   1.219   1.863   0.640  -0.340   1.090   1.307   0.278   1.718
   0.514  -1.698   1.746   1.435  -2.282   1.545  -0.284  -2.238   1.324   0.469
  -1.651   2.820   1.270  -0.365  -0.292   1.666  -1.416  -0.813   1.357   0.785
  -0.978   1.085   1.644  -0.484   1.732   0.882  -2.401   2.713   0.449  -2.665
   0.978   0.297  -2.992   1.639   1.944  -2.714
  -3.774   0.829   0.044  -3.022   0.948   0.794  -3.472   0.837   1.772  -2.775
   1.975   0.725  -1.733   0.116   0.543  -1.862  -0.881  -0.150  -0.622   0.394
   1.213  -0.746   1.063   1.886   0.660  -0.338   1.101   1.304   0.267   1.772
   0.497  -1.747   1.740   1.491  -2.250   1.872  -0.150  -2.414   1.301   0.179
  -1.575   2.770   1.248  -0.312  -0.320   1.623  -1.369  -0.822   1.344   0.828
  -1.047   1.140   1.718  -0.602   1.809   0.887  -2.477   2.922   0.654  -2.667
   1.294   0.125  -3.080   1.511   1.840  -2.962
  -3.703   0.823   0.155  -2.888   0.943   0.849  -3.160   0.593   1.860  -2.582
   1.975   1.002  -1.681   0.031   0.546  -1.847  -0.836  -0.287  -0.562   0.371
   1.214  -0.504   1.269   1.630   0.716  -0.455   1.092   1.435   0.122   1.702
   0.561  -1.841   1.787   1.412  -2.436   1.643  -0.323  -2.354   1.376   0.531
  -1.672   2.895   1.362  -0.407  -0.316   1.721  -1.454  -0.856   1.394   0.759
  -0.936   1.243   1.639  -0.419   1.775   0.826  -2.426   2.779   0.380  -2.587
   1.102   0.170  -2.928   1.730   1.874  -2.785
  -3.583   0.910   0.130  -2.845   0.881   0.936  -3.263   0.724   1.939  -2.495
   1.924   1.005  -1.686  -0.035   0.570  -1.789  -0.894  -0.296  -0.550   0.279
   1.138  -0.650   0.835   1.962   0.720  -0.434   1.005   1.437   0.106   1.598
   0.552  -1.794   1.727   1.524  -2.239   1.867  -0.023  -2.476   1.105   0.042
  -1.596   2.701   1.353  -0.518  -0.412   1.739  -1.622  -0.846   1.415   0.667
  -1.076   1.097   1.463  -0.515   1.788   0.834  -2.496   2.810   0.417  -2.621
   1.078   0.302  -3.136   1.658   1.923  -2.795
  -3.617   0.763   0.329  -2.747   0.913   0.971  -3.062   0.747   1.981  -2.473
   1.964   0.928  -1.662   0.004   0.550  -1.809  -0.917  -0.217  -0.533   0.192
   1.233  -0.650   0.932   1.962   0.766  -0.426   1.080   1.459   0.194   1.630
   0.609  -1.813   1.653   1.575  -2.376   1.792   0.065  -2.395   1.015   0.035
  -1.739   2.611   1.294  -0.490  -0.380   1.737  -1.545  -0.876   1.235   0.599
  -1.126   0.883   1.414  -0.633   1.716   0.650  -2.520   2.700   0.233  -2.618
   1.059   0.094  -3.135   1.763   1.630  -2.910
  -3.627   0.622   0.252  -2.801   0.782   0.964  -3.134   0.621   1.973  -2.554
   1.829   0.778  -1.679  -0.023   0.631  -1.857  -0.968  -0.185  -0.546   0.276
   1.282  -0.647   1.043   1.959   0.757  -0.400   1.160   1.443   0.224   1.809
   0.611  -1.688   1.848   1.592  -2.034   2.215   0.117  -2.403   1.111  -0.029
  -1.641   2.748   1.284  -0.458  -0.295   1.737  -1.515  -0.699   1.321   0.650
  -1.043   1.180   1.571  -0.609   1.637   0.648  -2.490   2.693   0.393  -2.569
   0.961   0.004  -3.071   1.591   1.659  -2.839
  -3.578   0.764   0.033  -2.873   0.810   0.861  -3.399   0.611   1.813  -2.515
   1.874   1.005  -1.693  -0.055   0.600  -1.806  -1.001  -0.183  -0.575   0.297
   1.252  -0.691   0.961   2.042   0.653  -0.482   1.137   1.364   0.230   1.727
   0.588  -1.755   1.958   1.589  -1.921   2.234   0.003  -2.474   1.379   0.015
  -1.432   2.824   1.310  -0.457  -0.250   1.786  -1.516  -0.749   1.360   0.611
  -0.991   0.955   1.404  -0.604   1.622   0.691  -2.450   2.536   0.208  -2.720
   0.828   0.118  -2.837   1.538   1.724  -2.756
  -3.751   0.585   0.281  -2.851   0.937   0.777  -3.220   1.028   1.837  -2.465
   1.857   0.453  -1.718  -0.068   0.662  -1.811  -0.992  -0.181  -0.568   0.173
   1.232  -0.547   0.979   1.856   0.740  -0.521   1.153   1.459   0.052   1.776
   0.690  -1.860   1.902   1.677  -2.265   2.139   0.084  -2.648   1.499   0.182
  -1.534   2.824   1.360  -0.509  -0.225   1.870  -1.542  -0.652   1.275   0.647
  -1.018   0.869   1.506  -0.598   1.636   0.593  -2.453   2.531   0.031  -2.578
   0.835   0.128  -3.041   1.842   1.633  -2.870
  -3.716   0.846   0.347  -2.825   0.918   0.874  -2.967   1.009   1.961  -2.505
   1.888   0.531  -1.736  -0.113   0.610  -1.873  -0.953  -0.252  -0.611   0.146
   1.284  -0.674   0.796   2.069   0.634  -0.532   1.114   1.371   0.037   1.790
   0.616  -1.861   1.862   1.629  -2.274   2.158   0.152  -2.621   1.295   0.109
  -1.746   2.829   1.260  -0.520  -0.343   1.873  -1.549  -0.666   1.175   0.612
  -1.093   0.659   1.424  -0.672   1.616   0.704  -2.451   2.547   0.138  -2.444
   0.884   0.299  -3.071   1.693   1.703  -2.704
  -3.733   0.418   0.472  -2.891   0.890   0.855  -2.968   1.053   1.983  -2.605
   1.862   0.395  -1.699  -0.008   0.546  -1.856  -0.889  -0.316  -0.598   0.251
   1.214  -0.621   0.963   1.889   0.682  -0.484   1.096   1.412   0.218   1.554
   0.597  -1.772   1.930   1.548  -2.185   2.070  -0.061  -2.532   1.489   0.308
  -1.476   2.975   1.248  -0.532  -0.348   1.828  -1.512  -0.719   1.135   0.566
  -1.105   0.670   1.389  -0.805   1.748   0.812  -2.477   2.575   0.073  -2.746
   0.900   0.780  -3.145   2.180   1.850  -2.545
  -3.648   0.422   0.181  -2.840   0.853   0.768  -3.033   0.675   1.822  -2.610
   1.871   0.456  -1.705   0.016   0.455  -1.838  -0.907  -0.325  -0.600   0.382
   1.078  -0.726   1.034   1.834   0.623  -0.500   1.071   1.325   0.150   1.576
   0.497  -1.753   1.946   1.470  -2.247   1.914  -0.223  -2.413   1.449   0.103
  -1.578   2.948   1.223  -0.487  -0.383   1.776  -1.519  -0.744   1.111   0.643
  -1.120   0.733   1.413  -0.675   1.777   0.761  -2.409   2.571   0.070  -2.454
   1.055   0.620  -3.242   2.324   1.786  -2.495
  -3.673   0.456   0.207  -2.855   0.771   0.782  -3.193   0.501   1.785  -2.574
   1.896   0.716  -1.696  -0.096   0.487  -1.842  -0.996  -0.301  -0.653   0.259
   1.146  -0.734   1.026   1.784   0.632  -0.385   1.090   1.376   0.195   1.661
   0.589  -1.686   1.919   1.503  -2.292   1.830  -0.174  -2.271   1.499   0.369
  -1.369   2.942   1.209  -0.513  -0.363   1.695  -1.564  -0.718   1.077   0.523
  -1.255   0.499   1.225  -0.862   1.788   0.752  -2.512   2.708   0.085  -2.611
   1.144   0.593  -3.330   1.987   1.806  -2.605
  -3.655   0.645  -0.176  -3.026   0.804   0.679  -3.633   0.350   1.534  -2.698
   1.816   0.816  -1.755  -0.032   0.462  -1.713  -0.886  -0.424  -0.635   0.289
   1.124  -0.551   1.174   1.597   0.669  -0.402   1.067   1.350   0.235   1.584
   0.574  -1.696   1.923   1.536  -2.233   1.841  -0.169  -2.395   1.467   0.438
  -1.517   3.000   1.281  -0.553  -0.364   1.699  -1.654  -0.743   1.114   0.527
  -1.149   0.669   1.375  -0.695   1.761   0.663  -2.438   2.701   0.130  -2.391
   1.172   0.434  -3.306   1.950   1.762  -2.574
  -3.691   0.886  -0.071  -2.919   0.813   0.683  -3.474   0.418   1.547  -2.589
   1.818   0.912  -1.703  -0.075   0.400  -1.767  -0.828  -0.559  -0.582   0.290
   1.086  -0.705   1.063   1.770   0.733  -0.419   1.137   1.458   0.188   1.626
   0.641  -1.735   1.973   1.616  -2.071   2.052   0.036  -2.589   1.519   0.315
  -1.558   2.959   1.286  -0.620  -0.257   1.781  -1.656  -0.639   1.182   0.499
  -1.066   0.696   1.354  -0.756   1.837   0.662  -2.369   2.697   0.027  -2.537
   1.186   0.511  -3.226   2.221   1.686  -2.528
  -3.775   0.627  -0.085  -2.963   0.869   0.643  -3.329   0.710   1.654  -2.632
   1.955   0.734  -1.710  -0.018   0.416  -1.776  -0.797  -0.539  -0.607   0.152
   1.176  -0.705   0.934   1.847   0.672  -0.541   1.123   1.311   0.149   1.687
   0.663  -1.830   1.956   1.661  -2.110   2.328   0.289  -2.738   1.398  -0.005
  -1.790   2.903   1.285  -0.643  -0.279   1.814  -1.657  -0.692   1.266   0.396
  -1.069   0.810   1.162  -0.691   1.839   0.588  -2.458   2.601  -0.205  -2.672
   1.071   0.573  -3.260   2.257   1.558  -2.419
  -3.834   0.537   0.117  -3.052   0.730   0.838  -3.455   0.247   1.814  -3.022
   1.820   0.855  -1.683   0.031   0.541  -1.715  -0.777  -0.383  -0.563   0.245
   1.332  -0.667   0.889   2.129   0.707  -0.541   1.153   1.445   0.066   1.703
   0.569  -1.854   1.919   1.592  -2.204   2.090  -0.039  -2.577   1.320   0.119
  -1.731   2.874   1.222  -0.723  -0.304   1.697  -1.760  -0.665   1.133   0.356
  -1.107   0.590   1.193  -0.811   2.045   0.556  -2.260   2.956  -0.089  -2.175
   1.676   0.316  -3.300   2.197   1.646  -2.250
  -3.698   0.365   0.305  -2.917   0.719   0.971  -3.175   0.603   2.057  -2.870
   1.797   0.772  -1.682   0.033   0.600  -1.703  -0.831  -0.279  -0.568   0.239
   1.307  -0.601   1.041   1.953   0.636  -0.595   1.115   1.404  -0.093   1.658
   0.514  -1.846   1.935   1.514  -2.267   1.986  -0.236  -2.404   1.330   0.028
  -1.690   2.889   1.189  -0.701  -0.315   1.755  -1.732  -0.685   1.163   0.356
  -1.169   0.789   1.245  -0.755   2.026   0.575  -2.354   2.966  -0.067  -2.270
   1.554   0.434  -3.283   2.449   1.581  -2.372
  -3.778   0.541   0.161  -2.959   0.775   0.917  -3.137   0.591   1.978  -2.796
   1.879   0.855  -1.611   0.015   0.543  -1.640  -0.797  -0.404  -0.539   0.273
   1.309  -0.654   0.934   2.051   0.765  -0.441   1.205   1.563   0.168   1.684
   0.635  -1.799   1.988   1.503  -2.416   1.859  -0.242  -2.333   1.635   0.345
  -1.710   3.040   1.225  -0.683  -0.300   1.839  -1.705  -0.537   1.005   0.306
  -1.227   0.512   1.010  -0.741   1.924   0.702  -2.355   2.743  -0.042  -2.484
   1.316   0.769  -3.319   2.380   1.623  -2.053
  -3.879   0.251   0.564  -2.997   0.786   0.911  -3.057   0.892   1.975  -3.130
   1.839   0.533  -1.766   0.062   0.518  -1.803  -0.837  -0.386  -0.654   0.327
   1.209  -0.734   1.018   1.962   0.677  -0.437   1.124   1.440   0.174   1.624
   0.512  -1.756   1.833   1.388  -2.374   1.797  -0.295  -2.278   1.415   0.265
  -1.566   2.877   1.266  -0.632  -0.267   1.893  -1.633  -0.592   1.027   0.304
  -1.181   0.422   1.026  -0.786   1.823   0.671  -2.328   2.611  -0.002  -2.584
   1.228   0.683  -3.187   2.174   1.683  -2.229
  -3.878   0.090   0.496  -3.081   0.792   0.886  -3.205   0.882   1.939  -3.132
   1.678   0.311  -1.725   0.068   0.561  -1.744  -0.709  -0.365  -0.660   0.346
   1.251  -0.837   0.915   2.056   0.609  -0.339   1.161   1.295   0.303   1.639
   0.507  -1.702   1.913   1.429  -2.202   1.974  -0.172  -2.369   1.372   0.251
  -1.509   2.940   1.194  -0.578  -0.303   1.929  -1.554  -0.631   0.989   0.442
  -1.081   0.295   1.041  -0.747   1.662   0.776  -2.315   2.495   0.116  -2.518
   0.981   0.780  -3.194   2.073   1.766  -2.202
  -3.831   0.100   0.938  -3.010   0.830   0.981  -2.904   1.118   1.990  -3.141
   1.821   0.453  -1.782   0.089   0.577  -1.809  -0.772  -0.318  -0.549   0.408
   1.146  -0.580   1.155   1.859   0.721  -0.431   1.129   1.520   0.170   1.663
   0.489  -1.683   1.989   1.391  -2.222   2.243  -0.085  -2.350   1.396  -0.062
  -1.426   2.901   1.287  -0.572  -0.284   1.966  -1.588  -0.705   0.980   0.364
  -1.120   0.312   1.042  -0.730   1.651   0.699  -2.329   2.689   0.391  -2.251
   1.183   0.177  -3.210   1.578   1.762  -2.468
  -3.844   0.110   1.057  -2.917   0.694   1.070  -2.805   0.950   2.108  -2.984
   1.532   0.434  -1.720  -0.037   0.585  -1.858  -0.855  -0.270  -0.603   0.364
   1.203  -0.598   1.196   1.755   0.647  -0.452   1.113   1.466   0.171   1.550
   0.448  -1.699   1.913   1.301  -2.287   1.967  -0.369  -2.233   1.381   0.016
  -1.392   2.900   1.146  -0.653  -0.345   1.958  -1.565  -0.547   0.755   0.242
  -1.226   0.039   0.892  -0.892   1.576   0.780  -2.348   2.628   0.376  -2.183
   1.100   0.421  -3.237   1.634   1.909  -2.442
  -3.898   0.312   0.707  -2.984   0.730   1.033  -2.946   0.779   2.146  -2.801
   1.745   0.710  -1.737   0.032   0.584  -1.880  -0.911  -0.219  -0.570   0.322
   1.183  -0.421   1.095   1.833   0.647  -0.514   1.098   1.409   0.018   1.710
   0.487  -1.786   1.912   1.437  -2.335   1.993  -0.245  -2.348   1.401  -0.003
  -1.588   2.919   1.220  -0.692  -0.322   2.074  -1.580  -0.586   0.759   0.205
  -1.275  -0.076   0.726  -0.952   1.495   0.761  -2.427   2.550   0.579  -2.391
   1.152   0.265  -3.331   1.384   1.845  -2.419
  -3.933   0.240   0.673  -3.019   0.769   1.003  -3.116   0.866   2.072  -2.912
   1.762   0.553  -1.763  -0.036   0.660  -1.851  -0.936  -0.146  -0.599   0.298
   1.218  -0.561   1.193   1.673   0.631  -0.511   1.110   1.506   0.019   1.501
   0.535  -1.816   1.957   1.560  -2.230   2.063  -0.086  -2.488   1.443   0.131
  -1.596   2.958   1.242  -0.704  -0.351   2.069  -1.543  -0.697   0.731   0.122
  -1.262  -0.089   0.609  -0.986   1.438   0.705  -2.400   2.525   0.478  -2.354
   0.941   0.453  -3.323   1.404   1.806  -2.449
  -3.838   0.100   0.667  -3.059   0.684   0.998  -3.181   0.918   2.047  -2.932
   1.644   0.515  -1.718  -0.044   0.627  -1.854  -1.066  -0.063  -0.539   0.269
   1.229  -0.476   1.113   1.795   0.653  -0.479   1.099   1.414   0.080   1.562
   0.457  -1.768   1.960   1.449  -2.021   2.257   0.051  -2.533   1.285  -0.233
  -1.676   2.831   1.262  -0.724  -0.363   2.174  -1.553  -0.696   0.741   0.037
  -1.347  -0.114   0.489  -1.124   1.506   0.483  -2.440   2.580   0.411  -2.397
   1.318  -0.083  -3.285   1.172   1.517  -2.669
  -3.856   0.226   0.532  -2.959   0.699   1.001  -3.248   0.587   2.053  -2.830
   1.794   0.756  -1.765  -0.190   0.658  -1.887  -1.194  -0.073  -0.621   0.305
   1.056  -0.567   1.167   1.687   0.604  -0.523   1.000   1.356   0.203   1.333
   0.570  -1.786   1.930   1.544  -1.893   2.350   0.336  -2.698   1.390  -0.150
  -1.573   2.770   1.112  -0.697  -0.440   2.072  -1.475  -0.620   0.677   0.113
  -1.360  -0.029   0.802  -1.057   1.451   0.487  -2.526   2.501   0.615  -2.260
   1.325  -0.304  -3.305   1.247   1.477  -2.978
  -3.986   0.285   0.383  -3.063   0.661   0.943  -3.358   0.571   1.979  -2.853
   1.686   0.805  -1.824  -0.145   0.599  -1.933  -1.181  -0.029  -0.647   0.255
   1.034  -0.678   1.165   1.491   0.598  -0.489   0.962   1.429   0.123   1.363
   0.582  -1.730   1.951   1.522  -2.230   2.054  -0.183  -2.431   1.616   0.257
  -1.285   2.926   1.131  -0.797  -0.411   2.115  -1.506  -0.678   0.676  -0.004
  -1.421  -0.067   0.611  -1.171   1.474   0.387  -2.564   2.538   0.412  -2.291
   1.297  -0.354  -3.384   1.114   1.395  -2.885
  -3.866   0.318   0.313  -3.056   0.712   0.882  -3.401   0.626   1.913  -2.818
   1.739   0.691  -1.832  -0.210   0.660  -2.002  -1.255   0.036  -0.652   0.211
   1.131  -0.594   1.005   1.736   0.551  -0.569   1.009   1.286   0.127   1.455
   0.546  -1.660   2.017   1.542  -2.156   1.960  -0.251  -2.452   1.829   0.421
  -1.185   3.003   1.150  -0.771  -0.409   2.100  -1.519  -0.651   0.682  -0.025
  -1.400  -0.079   0.555  -1.135   1.490   0.471  -2.524   2.457   0.599  -2.093
   1.523  -0.233  -3.353   1.081   1.399  -2.980
