default_name                                                                    
   22  0.2000000E+02
  -3.7336311   1.2850649   0.3875419  -3.0078397   1.2906943   1.1522802
  -3.3389331   0.5983608   1.9514043  -2.8075026   2.2816204   1.5614749
  -1.8203142   0.5385909   0.5833098  -1.8624844   0.0800069  -0.5813148
  -0.7397784   0.2840226   1.3106414  -0.8639029   0.6879687   2.2424382
   0.5030423  -0.4526922   0.9857879   1.2682366  -0.2355988   1.7117055
   0.2854696  -1.9783383   1.1339627   1.3149698  -2.3556165   0.9326316
  -0.4560402  -2.3691338   0.4320695  -0.0413909  -2.1574117   2.1282072
   1.1985867  -0.0637127  -0.3803693   2.1799120  -0.6985891  -0.7243772
   0.7675388   0.9191739  -1.1098515  -0.1396792   1.3315629  -0.6845237
   1.2973224   1.4858402  -2.4557892   1.9802780   2.3577472  -2.3279333
   1.9289202   0.7052331  -2.9541536   0.4083678   1.6526711  -3.0850684
  -0.2955768  -0.2707141   0.0174741   0.0072215  -0.1525422   0.1406175
  -0.9170466   0.2521064   0.8544160   0.6313969   1.0401235   0.0156778
  -0.1862349  -0.0051101  -0.0570289   0.0189984  -0.3156095  -0.2400515
   0.0777800   0.1438956   0.2719820  -0.9828143  -0.2349972   1.2734249
  -0.1753431  -0.1591796  -0.0257776  -0.2164574  -0.7437745   0.6130231
  -0.0465630   0.2329713  -0.2167459  -0.4807233   0.7553881  -1.0225025
  -1.5661423   0.7596090  -1.0361372   0.7041887   0.0306189  -0.1092702
   0.1143612  -0.2245155  -0.0729852   0.3442866  -0.1469600  -0.1193444
   0.2920615   0.1172239  -0.2818231  -0.0261146   0.2947846   1.0158032
   0.1118709   0.1162163  -0.0107992   0.4378641  -0.4746183   0.3986854
  -1.4730598  -1.5709689   0.4106313  -0.8562790   0.7683593  -0.9216236
