default_name                                                                    
   22  0.2000000E+02
  -2.9513283  -0.3474553   2.2516764  -2.8301420   0.5298195   1.5880042
  -3.2368492   1.3954741   2.0471957  -3.2327304   0.3286126   0.5947630
  -1.2899078   0.6818643   1.4077814  -0.7291785   1.7497208   1.3905208
  -0.6188963  -0.4660672   1.3440333  -1.1461272  -1.2971997   1.4226558
   0.8094548  -0.5809292   1.0548355   1.3683112   0.1023880   1.7101324
   1.3755182  -1.9585012   1.3030472   2.4918836  -1.8957788   1.2433946
   1.1281593  -2.4544437   0.3802763   0.9748476  -2.5536461   2.1607635
   1.2272246  -0.0425248  -0.3431190   2.4271917   0.2341768  -0.5237350
   0.3239453  -0.1041640  -1.3476855  -0.5984149  -0.4252566  -1.1776907
   0.6327753  -0.0386285  -2.7855838   1.7382299   0.2258760  -2.9946041
   0.5081291  -1.0373845  -3.1955180  -0.0316536   0.6533460  -3.1757697
  -0.0105552   0.2460358   0.6893131   0.2961794   0.4362975  -0.1445394
   0.2210444  -0.4893811   0.2264941   0.3946765  -0.2596036  -0.3017267
   0.0165421  -0.2606909   0.2287917   0.3236097   0.2232360   0.0162724
   0.0115748   0.3213097   0.0578028  -0.0063172  -0.5184765   0.3554846
   0.4706703   0.0694481   0.2636137   0.7109536  -0.6477535  -0.1999419
  -0.7449198   0.4307032   0.0982758  -1.0903129  -0.5759240   0.3720377
  -0.4437677   0.0863195   0.0105654   0.4125115  -0.7773861   0.8698280
  -0.0638961   0.4516252  -0.0149408  -0.2529292   0.0941558  -0.2609635
   0.3063519   0.0143348  -0.2066693  -1.1880123   1.5981374   0.6165930
   0.0425095   0.0476411   0.0485443  -0.3474917   0.2632697  -0.8535264
  -0.9870241   0.9582304  -0.8066897   0.3480272  -0.2748309  -0.6650923
