default_name                                                                    
   22  0.2000000E+02
  -2.7385337   1.7152057   2.0877027  -2.3519877   1.3111728   1.1828824
  -2.9074486   1.7599934   0.3727981  -2.3077599   0.2015313   1.2063939
  -0.8952252   1.7701530   1.0114846  -0.6111539   2.7762814   0.4113841
  -0.0384790   0.8840890   1.5382007  -0.5348585   0.2347642   2.0966620
   1.4131937   0.8701348   1.3686008   1.8499851   1.7248750   1.8390582
   1.8029927  -0.3412113   2.2411654   2.9102754  -0.3634078   2.4891876
   1.3634666  -1.2219553   1.8594095   1.2457532  -0.1517889   3.1824556
   1.9860407   0.6564778  -0.1052012   3.1783809   0.2359257  -0.2858151
   1.1153220   0.7718706  -1.1008450   0.1602573   1.0863401  -0.7371612
   1.2848505   0.5008757  -2.4760877   2.0580416   1.0187608  -2.8725469
   1.5704100  -0.5674827  -2.5555223   0.4015787   0.6186793  -3.0967389
  -0.5826786  -0.8767115  -1.1759941   0.0591359  -0.4017238  -0.3386197
   0.7765006   0.3280289   0.5159543  -1.8212623   0.3234660  -0.0992039
   0.3882468   0.2129385  -0.2688150  -0.0552700   0.0326454   0.1317242
  -0.0469855  -0.2829324  -0.0822175  -0.4068369  -0.1666911  -0.0828363
  -0.0649025   0.2299613  -0.2296631   0.3031320   0.2020401  -0.4477187
  -0.1845565   0.2945112   0.0004734  -0.3349796  -0.6301446   0.6208091
  -0.4835105  -0.0801052   1.0386606  -0.3457142  -1.3861524   0.0794671
   0.1469161   0.0495663   0.2100188   0.2250915  -0.2528554   0.1344185
   0.0908600   0.1216565   0.3036310  -0.9272075   2.3279656   1.4811572
  -0.1253430   0.0224163   0.0624058   0.7666473   0.3609549   1.0545051
  -0.8264177  -1.6657526   0.7737106   0.4743891   0.2986948   0.6082120
