default_name                                                                    
  -3.675   1.083   0.686  -2.752   1.216   1.258  -2.917   0.944   2.305  -2.440
   2.256   1.216  -1.669   0.328   0.686  -1.918  -0.388  -0.286  -0.483   0.380
   1.287  -0.396   1.013   2.068   0.706  -0.425   0.947   1.481  -0.087   1.642
   0.430  -1.899   1.289   1.364  -2.461   1.254  -0.252  -2.330   0.552  -0.010
  -1.988   2.282   1.316  -0.212  -0.461   2.229  -0.950  -0.862   0.866   0.808
  -1.206   0.127   1.364  -0.815   1.339   1.143  -2.551   2.401   1.404  -2.523
   1.202   0.292  -3.206   0.779   1.994  -2.945
  -3.659   1.127   0.654  -2.760   1.220   1.258  -2.983   0.929   2.286  -2.412
   2.268   1.265  -1.676   0.318   0.688  -1.912  -0.397  -0.291  -0.481   0.358
   1.288  -0.400   0.971   2.084   0.710  -0.437   0.948   1.458  -0.091   1.641
   0.438  -1.917   1.274   1.379  -2.464   1.248  -0.248  -2.337   0.542   0.001
  -1.992   2.267   1.327  -0.223  -0.459   2.224  -0.963  -0.867   0.879   0.806
  -1.192   0.147   1.364  -0.783   1.311   1.131  -2.548   2.371   1.393  -2.546
   1.178   0.274  -3.216   0.733   1.976  -2.929
  -3.667   1.145   0.719  -2.731   1.227   1.277  -2.877   0.926   2.305  -2.372
   2.246   1.224  -1.683   0.319   0.696  -1.953  -0.383  -0.282  -0.493   0.328
   1.292  -0.430   0.944   2.098   0.717  -0.450   0.960   1.483  -0.123   1.675
   0.437  -1.922   1.262   1.351  -2.518   1.193  -0.269  -2.328   0.538   0.013
  -2.025   2.257   1.344  -0.209  -0.448   2.230  -0.951  -0.897   0.885   0.824
  -1.172   0.154   1.384  -0.738   1.324   1.164  -2.519   2.385   1.384  -2.528
   1.149   0.318  -3.197   0.764   2.018  -2.906
  -3.657   1.178   0.669  -2.741   1.235   1.267  -2.933   0.968   2.300  -2.374
   2.261   1.208  -1.688   0.312   0.692  -1.946  -0.397  -0.284  -0.501   0.335
   1.294  -0.404   0.962   2.081   0.698  -0.457   0.968   1.468  -0.090   1.666
   0.429  -1.942   1.266   1.359  -2.510   1.223  -0.243  -2.339   0.500  -0.014
  -2.051   2.251   1.343  -0.212  -0.426   2.235  -0.948  -0.862   0.889   0.819
  -1.155   0.169   1.397  -0.737   1.339   1.152  -2.519   2.415   1.353  -2.512
   1.103   0.357  -3.235   0.840   2.045  -2.868
  -3.660   1.166   0.679  -2.732   1.231   1.249  -2.908   0.938   2.282  -2.344
   2.259   1.228  -1.679   0.326   0.660  -1.952  -0.382  -0.313  -0.493   0.334
   1.281  -0.443   0.960   2.071   0.709  -0.451   0.957   1.465  -0.109   1.663
   0.427  -1.955   1.257   1.350  -2.525   1.254  -0.244  -2.332   0.481  -0.046
  -2.060   2.237   1.344  -0.220  -0.431   2.230  -0.974  -0.866   0.911   0.821
  -1.145   0.196   1.390  -0.741   1.353   1.178  -2.496   2.424   1.373  -2.505
   1.143   0.378  -3.226   0.817   2.056  -2.847
  -3.649   1.130   0.706  -2.737   1.214   1.271  -2.950   0.912   2.315  -2.435
   2.255   1.255  -1.694   0.307   0.665  -1.944  -0.353  -0.336  -0.507   0.339
   1.260  -0.436   0.970   2.036   0.694  -0.453   0.947   1.468  -0.154   1.622
   0.401  -1.934   1.260   1.328  -2.498   1.228  -0.270  -2.339   0.502  -0.036
  -2.052   2.257   1.331  -0.208  -0.438   2.218  -0.974  -0.846   0.895   0.834
  -1.156   0.201   1.409  -0.689   1.361   1.187  -2.517   2.439   1.411  -2.511
   1.224   0.347  -3.180   0.799   2.035  -2.888
  -3.662   1.167   0.621  -2.776   1.204   1.260  -3.022   0.789   2.251  -2.393
   2.224   1.346  -1.696   0.318   0.662  -1.947  -0.352  -0.334  -0.519   0.333
   1.292  -0.456   0.929   2.104   0.706  -0.439   0.965   1.492  -0.096   1.653
   0.427  -1.915   1.264   1.352  -2.518   1.230  -0.311  -2.316   0.581   0.037
  -2.016   2.281   1.312  -0.222  -0.444   2.179  -0.993  -0.859   0.913   0.828
  -1.164   0.223   1.448  -0.741   1.344   1.190  -2.528   2.400   1.459  -2.546
   1.209   0.343  -3.192   0.774   2.054  -2.883
  -3.677   1.152   0.631  -2.778   1.225   1.236  -2.972   0.952   2.280  -2.432
   2.265   1.164  -1.701   0.336   0.661  -1.950  -0.389  -0.313  -0.515   0.388
   1.283  -0.431   1.004   2.070   0.696  -0.407   0.958   1.461  -0.094   1.656
   0.408  -1.903   1.290   1.308  -2.488   1.131  -0.355  -2.275   0.603   0.076
  -1.976   2.315   1.300  -0.211  -0.452   2.172  -0.988  -0.851   0.853   0.826
  -1.220   0.131   1.428  -0.813   1.362   1.204  -2.538   2.437   1.451  -2.470
   1.232   0.384  -3.214   0.776   2.071  -2.883
  -3.673   1.149   0.613  -2.775   1.235   1.223  -2.952   0.974   2.270  -2.422
   2.275   1.181  -1.692   0.352   0.669  -1.941  -0.377  -0.317  -0.486   0.387
   1.271  -0.367   1.046   2.038   0.686  -0.455   0.925   1.485  -0.161   1.590
   0.394  -1.926   1.252   1.272  -2.540   1.030  -0.418  -2.352   0.652   0.184
  -2.027   2.281   1.318  -0.224  -0.451   2.220  -0.965  -0.870   0.876   0.820
  -1.184   0.133   1.360  -0.805   1.384   1.199  -2.507   2.450   1.404  -2.468
   1.235   0.374  -3.205   0.882   2.090  -2.893
  -3.695   1.132   0.737  -2.775   1.247   1.260  -2.935   0.937   2.277  -2.489
   2.294   1.260  -1.700   0.388   0.651  -1.941  -0.320  -0.316  -0.509   0.390
   1.291  -0.418   1.036   2.064   0.687  -0.459   0.949   1.475  -0.159   1.666
   0.411  -1.937   1.244   1.356  -2.495   1.131  -0.338  -2.301   0.545   0.116
  -2.072   2.293   1.322  -0.238  -0.429   2.243  -0.957  -0.848   0.894   0.799
  -1.180   0.149   1.325  -0.807   1.361   1.176  -2.502   2.442   1.400  -2.470
   1.197   0.352  -3.185   0.882   2.097  -2.888
  -3.670   1.104   0.631  -2.775   1.249   1.225  -2.972   0.961   2.253  -2.479
   2.295   1.155  -1.692   0.342   0.650  -1.916  -0.329  -0.368  -0.509   0.375
   1.280  -0.454   0.958   2.084   0.674  -0.446   0.960   1.458  -0.087   1.647
   0.444  -1.924   1.324   1.390  -2.475   1.282  -0.287  -2.358   0.634   0.095
  -2.013   2.346   1.305  -0.229  -0.426   2.216  -0.953  -0.787   0.904   0.792
  -1.190   0.176   1.361  -0.826   1.424   1.098  -2.509   2.477   1.305  -2.453
   1.200   0.276  -3.199   0.905   1.974  -2.890
  -3.709   1.124   0.652  -2.786   1.252   1.226  -2.967   0.953   2.271  -2.469
   2.273   1.134  -1.680   0.355   0.640  -1.879  -0.265  -0.395  -0.484   0.384
   1.252  -0.432   0.971   2.071   0.705  -0.438   0.979   1.472  -0.098   1.674
   0.372  -1.901   1.338   1.298  -2.458   1.314  -0.273  -2.387   0.597  -0.057
  -2.010   2.309   1.343  -0.239  -0.440   2.302  -0.975  -0.757   0.935   0.773
  -1.239   0.165   1.309  -0.876   1.464   1.122  -2.581   2.528   1.352  -2.494
   1.342   0.307  -3.298   0.932   1.992  -2.932
  -3.702   1.060   0.666  -2.780   1.215   1.206  -2.934   0.965   2.254  -2.475
   2.280   1.056  -1.703   0.329   0.637  -1.910  -0.298  -0.425  -0.538   0.350
   1.307  -0.461   1.010   2.100   0.677  -0.424   0.989   1.462  -0.103   1.714
   0.355  -1.891   1.294   1.269  -2.468   1.275  -0.343  -2.305   0.589  -0.031
  -2.001   2.301   1.357  -0.257  -0.417   2.287  -1.022  -0.749   0.922   0.729
  -1.209   0.164   1.283  -0.876   1.420   1.057  -2.555   2.480   1.234  -2.573
   1.203   0.254  -3.259   0.910   1.944  -2.920
  -3.765   0.934   0.769  -2.781   1.155   1.215  -2.858   0.852   2.272  -2.538
   2.197   1.067  -1.666   0.343   0.588  -1.863  -0.269  -0.476  -0.521   0.379
   1.271  -0.505   1.006   2.056   0.657  -0.416   0.965   1.456  -0.169   1.662
   0.340  -1.904   1.320   1.180  -2.606   1.150  -0.433  -2.295   0.688   0.010
  -1.944   2.320   1.288  -0.260  -0.417   2.210  -1.038  -0.762   0.924   0.750
  -1.215   0.104   1.265  -0.922   1.424   0.977  -2.553   2.471   1.237  -2.533
   1.287   0.098  -3.162   0.881   1.802  -2.974
  -3.712   0.831   0.728  -2.789   1.133   1.201  -2.883   0.955   2.262  -2.590
   2.204   1.016  -1.708   0.336   0.610  -1.910  -0.307  -0.402  -0.573   0.355
   1.274  -0.548   0.932   2.082   0.645  -0.407   0.984   1.412  -0.104   1.681
   0.363  -1.854   1.315   1.209  -2.507   1.338  -0.373  -2.266   0.651  -0.085
  -1.886   2.328   1.315  -0.284  -0.421   2.221  -1.032  -0.752   0.918   0.711
  -1.198   0.212   1.322  -0.849   1.433   0.995  -2.546   2.519   1.221  -2.457
   1.285   0.106  -3.184   0.896   1.867  -2.981
  -3.711   0.916   0.682  -2.775   1.105   1.200  -2.920   0.764   2.232  -2.531
   2.172   1.082  -1.690   0.300   0.565  -1.970  -0.375  -0.408  -0.498   0.383
   1.175  -0.464   0.969   2.011   0.682  -0.469   0.938   1.422  -0.045   1.650
   0.377  -1.891   1.368   1.307  -2.470   1.573  -0.256  -2.398   0.633  -0.186
  -1.842   2.325   1.339  -0.303  -0.431   2.237  -1.070  -0.794   0.909   0.723
  -1.225   0.210   1.358  -0.884   1.445   0.982  -2.569   2.496   1.346  -2.563
   1.304   0.050  -3.161   0.889   1.768  -3.071
  -3.740   1.022   0.651  -2.792   1.200   1.165  -2.882   0.963   2.237  -2.506
   2.267   1.060  -1.718   0.306   0.543  -1.961  -0.400  -0.435  -0.540   0.381
   1.185  -0.516   0.973   1.996   0.659  -0.459   0.969   1.427  -0.062   1.663
   0.376  -1.924   1.374   1.305  -2.532   1.446  -0.279  -2.374   0.637  -0.108
  -1.940   2.356   1.311  -0.306  -0.454   2.228  -1.059  -0.781   0.916   0.688
  -1.245   0.247   1.344  -0.872   1.460   0.983  -2.574   2.519   1.224  -2.493
   1.353   0.162  -3.242   0.904   1.841  -3.014
  -3.772   0.818   0.702  -2.820   1.093   1.212  -2.854   0.891   2.277  -2.631
   2.143   1.077  -1.747   0.256   0.566  -1.966  -0.412  -0.456  -0.556   0.288
   1.164  -0.474   0.881   1.938   0.685  -0.503   0.929   1.433  -0.189   1.643
   0.407  -1.939   1.358   1.334  -2.527   1.342  -0.222  -2.396   0.589  -0.017
  -1.980   2.351   1.332  -0.345  -0.452   2.232  -1.095  -0.839   0.956   0.695
  -1.204   0.328   1.384  -0.764   1.511   0.930  -2.534   2.587   1.155  -2.493
   1.439   0.078  -3.234   0.940   1.778  -2.934
  -3.782   0.942   0.677  -2.850   1.071   1.212  -2.965   0.820   2.256  -2.568
   2.103   1.119  -1.737   0.286   0.579  -1.892  -0.304  -0.481  -0.566   0.301
   1.233  -0.571   0.834   2.082   0.614  -0.518   0.948   1.394  -0.186   1.646
   0.336  -1.970   1.369   1.271  -2.529   1.446  -0.347  -2.459   0.654  -0.076
  -1.952   2.357   1.355  -0.317  -0.390   2.240  -1.091  -0.771   1.013   0.648
  -1.212   0.225   1.217  -0.924   1.550   0.921  -2.550   2.620   1.066  -2.521
   1.320   0.087  -3.194   1.133   1.827  -2.946
  -3.755   1.019   0.539  -2.862   1.091   1.173  -3.155   0.663   2.145  -2.669
   2.133   1.247  -1.708   0.319   0.517  -1.857  -0.294  -0.524  -0.564   0.272
   1.223  -0.572   0.742   2.105   0.659  -0.508   0.939   1.445  -0.117   1.642
   0.383  -1.991   1.331   1.269  -2.561   1.485  -0.282  -2.463   0.615  -0.192
  -2.037   2.286   1.368  -0.366  -0.452   2.289  -1.118  -0.712   0.941   0.600
  -1.280   0.185   1.227  -1.005   1.564   0.909  -2.581   2.576   1.271  -2.363
   1.564  -0.002  -3.184   0.974   1.693  -3.108
  -3.735   0.838   0.655  -2.825   1.069   1.148  -2.911   0.880   2.219  -2.655
   2.138   1.069  -1.690   0.309   0.546  -1.845  -0.303  -0.514  -0.573   0.311
   1.228  -0.523   0.914   2.021   0.607  -0.534   0.957   1.330  -0.219   1.712
   0.304  -2.018   1.261   1.195  -2.606   1.381  -0.306  -2.422   0.436  -0.231
  -2.110   2.240   1.332  -0.365  -0.407   2.259  -1.140  -0.676   0.947   0.642
  -1.237   0.133   1.182  -0.989   1.543   0.964  -2.556   2.550   1.357  -2.372
   1.678   0.057  -3.151   0.951   1.710  -3.105
  -3.756   0.761   0.564  -2.867   1.043   1.097  -2.997   0.790   2.148  -2.670
   2.098   1.006  -1.695   0.275   0.531  -1.820  -0.346  -0.521  -0.528   0.281
   1.221  -0.488   0.864   2.031   0.654  -0.543   0.936   1.342  -0.243   1.712
   0.316  -2.022   1.210   1.254  -2.579   1.377  -0.264  -2.489   0.407  -0.268
  -2.189   2.119   1.366  -0.354  -0.413   2.270  -1.113  -0.755   0.947   0.626
  -1.219   0.203   1.240  -0.870   1.536   0.994  -2.496   2.531   1.418  -2.383
   1.648   0.105  -3.141   0.911   1.730  -3.000
  -3.771   0.725   0.584  -2.863   1.033   1.149  -2.970   0.803   2.224  -2.738
   2.099   1.061  -1.690   0.294   0.514  -1.774  -0.366  -0.535  -0.521   0.327
   1.209  -0.487   0.879   2.014   0.618  -0.571   0.948   1.339  -0.294   1.721
   0.341  -2.075   1.243   1.327  -2.600   1.242  -0.161  -2.467   0.365  -0.145
  -2.209   2.196   1.340  -0.333  -0.433   2.246  -1.081  -0.791   0.953   0.697
  -1.214   0.170   1.322  -0.908   1.581   0.990  -2.518   2.621   1.353  -2.421
   1.531   0.012  -3.018   0.939   1.781  -3.017
  -3.712   0.808   0.462  -2.853   1.012   1.107  -3.093   0.670   2.116  -2.602
   2.080   1.149  -1.669   0.290   0.491  -1.822  -0.370  -0.543  -0.522   0.326
   1.176  -0.575   0.820   2.064   0.651  -0.516   0.912   1.399  -0.188   1.656
   0.349  -1.996   1.294   1.268  -2.557   1.286  -0.283  -2.418   0.534  -0.166
  -2.061   2.256   1.326  -0.372  -0.442   2.151  -1.197  -0.809   0.972   0.695
  -1.209   0.233   1.297  -0.940   1.634   0.938  -2.490   2.640   1.332  -2.240
   1.730   0.026  -3.036   1.048   1.631  -3.099
  -3.593   0.833   0.473  -2.790   1.033   1.113  -3.043   0.687   2.124  -2.519
   2.104   1.051  -1.651   0.282   0.525  -1.773  -0.384  -0.514  -0.544   0.342
   1.230  -0.548   0.875   2.080   0.682  -0.471   0.964   1.410  -0.085   1.663
   0.406  -1.948   1.363   1.360  -2.471   1.359  -0.212  -2.452   0.607  -0.073
  -1.914   2.350   1.296  -0.331  -0.465   2.109  -1.164  -0.860   0.961   0.720
  -1.236   0.186   1.326  -0.948   1.559   0.973  -2.509   2.605   1.282  -2.384
   1.582   0.067  -3.090   1.015   1.757  -3.021
  -3.704   1.011   0.433  -2.853   1.127   1.111  -3.109   0.623   2.037  -2.578
   2.188   1.197  -1.704   0.318   0.506  -1.846  -0.348  -0.495  -0.559   0.337
   1.189  -0.562   0.912   1.999   0.678  -0.424   0.938   1.445  -0.005   1.554
   0.473  -1.845   1.356   1.403  -2.342   1.632   0.033  -2.436   0.562  -0.185
  -1.864   2.206   1.269  -0.322  -0.489   2.073  -1.188  -0.906   1.021   0.779
  -1.184   0.331   1.425  -0.770   1.581   1.066  -2.498   2.644   1.363  -2.432
   1.516   0.149  -3.115   0.970   1.849  -3.025
  -3.768   1.013   0.428  -2.913   1.072   1.111  -3.199   0.610   2.071  -2.673
   2.137   1.168  -1.700   0.323   0.549  -1.812  -0.293  -0.482  -0.573   0.336
   1.257  -0.522   0.956   2.060   0.683  -0.414   0.974   1.461  -0.020   1.665
   0.427  -1.872   1.363   1.360  -2.368   1.499  -0.178  -2.387   0.582  -0.165
  -1.955   2.292   1.330  -0.290  -0.475   2.079  -1.162  -0.956   1.101   0.823
  -1.183   0.625   1.580  -0.770   1.595   1.011  -2.522   2.630   1.318  -2.428
   1.489   0.072  -3.046   1.017   1.809  -3.042
  -3.698   0.864   0.420  -2.865   1.121   1.032  -2.938   0.879   2.107  -2.637
   2.195   0.988  -1.673   0.378   0.555  -1.836  -0.264  -0.488  -0.521   0.402
   1.235  -0.429   1.033   2.041   0.652  -0.426   0.964   1.389  -0.016   1.666
   0.418  -1.893   1.426   1.381  -2.402   1.603  -0.140  -2.396   0.585  -0.164
  -1.981   2.335   1.292  -0.330  -0.454   2.062  -1.253  -0.855   1.117   0.796
  -1.137   0.531   1.525  -0.753   1.575   1.065  -2.522   2.627   1.403  -2.541
   1.475   0.117  -3.092   0.969   1.811  -3.017
  -3.740   0.796   0.614  -2.838   1.114   1.120  -2.915   1.007   2.220  -2.568
   2.148   0.847  -1.721   0.285   0.561  -1.843  -0.390  -0.469  -0.592   0.331
   1.246  -0.612   0.933   2.026   0.628  -0.445   0.989   1.324  -0.121   1.732
   0.381  -1.900   1.398   1.346  -2.403   1.527  -0.177  -2.466   0.656  -0.102
  -1.973   2.339   1.271  -0.303  -0.414   1.945  -1.212  -0.857   1.093   0.809
  -1.125   0.620   1.603  -0.680   1.579   1.063  -2.492   2.462   1.696  -2.409
   1.886   0.162  -3.033   0.776   1.509  -3.072
  -3.750   0.802   0.609  -2.817   1.171   1.073  -2.789   1.081   2.173  -2.636
   2.215   0.732  -1.665   0.354   0.539  -1.862  -0.282  -0.475  -0.536   0.377
   1.239  -0.527   0.952   2.076   0.666  -0.425   0.979   1.404   0.000   1.638
   0.355  -1.863   1.394   1.253  -2.487   1.442  -0.314  -2.299   0.680  -0.142
  -1.846   2.368   1.288  -0.275  -0.439   1.903  -1.223  -0.920   1.075   0.860
  -1.112   0.589   1.556  -0.582   1.573   1.174  -2.456   2.344   1.972  -2.299
   2.058   0.297  -2.908   0.759   1.536  -3.104
  -3.760   0.762   0.859  -2.748   1.173   1.096  -2.648   1.194   2.206  -2.633
   2.168   0.726  -1.673   0.307   0.540  -1.878  -0.267  -0.522  -0.528   0.331
   1.244  -0.457   0.909   2.095   0.686  -0.454   0.958   1.413  -0.022   1.677
   0.374  -1.890   1.405   1.276  -2.334   1.716  -0.062  -2.419   0.606  -0.236
  -1.852   2.298   1.278  -0.283  -0.450   1.976  -1.239  -0.875   1.073   0.872
  -1.104   0.637   1.655  -0.589   1.620   1.163  -2.437   2.287   2.017  -2.432
   2.193   0.332  -2.839   0.878   1.384  -3.172
  -3.676   0.846   0.803  -2.715   1.228   1.113  -2.643   1.173   2.175  -2.586
   2.236   0.760  -1.636   0.368   0.457  -1.838  -0.297  -0.540  -0.500   0.347
   1.205  -0.522   0.957   2.000   0.665  -0.511   0.962   1.444  -0.096   1.664
   0.403  -1.950   1.421   1.376  -2.432   1.682  -0.225  -2.506   0.672  -0.311
  -1.917   2.226   1.238  -0.335  -0.466   1.952  -1.252  -0.929   1.106   0.820
  -1.113   0.433   1.453  -0.685   1.728   1.199  -2.398   2.395   2.059  -2.255
   2.207   0.333  -2.851   0.912   1.447  -3.087
  -3.588   1.170   0.507  -2.669   1.294   1.076  -2.786   1.116   2.128  -2.334
   2.348   0.965  -1.654   0.338   0.472  -1.869  -0.289  -0.521  -0.496   0.287
   1.218  -0.447   0.811   2.034   0.670  -0.509   0.969   1.470  -0.106   1.588
   0.470  -1.939   1.410   1.414  -2.461   1.438  -0.132  -2.465   0.710  -0.012
  -2.053   2.379   1.241  -0.338  -0.469   1.916  -1.228  -0.973   1.062   0.828
  -1.112   0.473   1.486  -0.650   1.779   1.222  -2.346   2.464   2.078  -2.229
   2.427   0.416  -2.702   1.109   1.521  -3.144
  -3.622   0.970   0.372  -2.738   1.198   0.993  -3.051   0.996   2.008  -2.543
   2.256   0.955  -1.638   0.332   0.539  -1.731  -0.217  -0.545  -0.538   0.307
   1.280  -0.557   0.839   2.146   0.672  -0.485   0.945   1.466  -0.105   1.608
   0.480  -1.970   1.339   1.472  -2.414   1.393  -0.153  -2.461   0.587  -0.041
  -2.032   2.291   1.248  -0.324  -0.479   1.948  -1.213  -0.984   1.095   0.841
  -1.118   0.582   1.545  -0.644   1.732   1.229  -2.373   2.371   2.126  -2.232
   2.388   0.490  -2.765   0.959   1.469  -3.124
  -3.693   0.658   0.576  -2.812   1.037   1.104  -2.991   0.795   2.137  -2.647
   2.103   0.945  -1.636   0.303   0.572  -1.720  -0.201  -0.550  -0.500   0.295
   1.280  -0.456   0.896   2.107   0.657  -0.509   0.985   1.464  -0.139   1.648
   0.320  -1.975   1.373   1.230  -2.499   1.410  -0.287  -2.450   0.589  -0.236
  -1.983   2.305   1.242  -0.378  -0.479   1.925  -1.241  -0.989   1.033   0.774
  -1.125   0.433   1.488  -0.716   1.639   1.211  -2.362   2.082   2.185  -2.109
   2.424   0.579  -2.719   0.875   1.393  -3.100
  -3.696   0.758   0.548  -2.808   1.061   1.088  -2.980   0.824   2.116  -2.657
   2.124   1.059  -1.583   0.378   0.507  -1.688  -0.274  -0.511  -0.494   0.368
   1.266  -0.518   0.954   2.096   0.706  -0.509   1.028   1.520  -0.182   1.685
   0.352  -1.935   1.451   1.223  -2.618   1.401  -0.393  -2.367   0.845  -0.023
  -1.971   2.459   1.278  -0.384  -0.490   1.926  -1.355  -0.981   1.011   0.712
  -1.183   0.318   1.289  -0.730   1.678   1.296  -2.367   2.227   2.200  -2.123
   2.362   0.580  -2.836   0.916   1.565  -3.089
  -3.689   0.929   0.454  -2.815   1.042   1.118  -3.009   0.608   2.073  -2.594
   2.101   1.316  -1.617   0.327   0.496  -1.763  -0.285  -0.562  -0.488   0.362
   1.229  -0.489   0.935   2.023   0.686  -0.503   0.960   1.435  -0.088   1.652
   0.283  -1.929   1.387   1.222  -2.527   1.385  -0.347  -2.319   0.580  -0.161
  -1.985   2.345   1.305  -0.420  -0.506   1.928  -1.338  -0.954   1.086   0.671
  -1.224   0.447   1.340  -0.760   1.769   1.271  -2.359   2.055   2.260  -2.046
   2.665   0.687  -2.518   1.129   1.311  -3.244
  -3.580   0.982   0.367  -2.783   1.130   1.079  -3.099   0.748   2.027  -2.459
   2.138   1.226  -1.629   0.335   0.610  -1.740  -0.256  -0.475  -0.471   0.370
   1.293  -0.422   0.994   2.138   0.691  -0.480   0.937   1.504  -0.052   1.529
   0.385  -1.879   1.432   1.252  -2.485   1.325  -0.394  -2.373   0.877   0.093
  -1.956   2.481   1.223  -0.450  -0.497   1.915  -1.392  -0.929   1.003   0.700
  -1.180   0.427   1.391  -0.766   1.821   1.200  -2.322   2.065   2.236  -2.222
   2.737   0.672  -2.525   1.240   1.055  -3.256
  -3.489   1.136   0.441  -2.671   1.246   1.175  -3.059   0.785   2.086  -2.297
   2.231   1.404  -1.571   0.404   0.593  -1.761  -0.237  -0.428  -0.484   0.356
   1.294  -0.431   0.790   2.226   0.687  -0.512   0.940   1.504  -0.163   1.582
   0.368  -1.926   1.497   1.225  -2.544   1.412  -0.350  -2.459   0.851  -0.106
  -1.883   2.478   1.220  -0.457  -0.516   1.874  -1.392  -0.973   0.957   0.661
  -1.225   0.340   1.374  -0.863   1.770   1.122  -2.324   2.004   2.140  -2.096
   2.717   0.542  -2.334   1.273   1.065  -3.293
  -3.468   1.427   0.476  -2.679   1.177   1.205  -3.092   0.628   2.062  -2.194
   2.074   1.614  -1.557   0.335   0.615  -1.714  -0.200  -0.479  -0.392   0.391
   1.269  -0.356   1.001   2.083   0.682  -0.516   1.013   1.449  -0.205   1.686
   0.244  -1.933   1.495   1.052  -2.653   1.354  -0.513  -2.342   0.821  -0.113
  -1.892   2.531   1.249  -0.429  -0.438   1.846  -1.414  -0.887   0.979   0.636
  -1.210   0.269   1.271  -0.842   1.829   1.036  -2.327   1.874   2.116  -2.396
   2.821   0.575  -2.265   1.442   0.663  -3.253
  -3.437   1.463   0.534  -2.655   1.174   1.266  -3.125   0.650   2.071  -2.228
   2.135   1.608  -1.576   0.397   0.595  -1.746  -0.225  -0.468  -0.373   0.432
   1.237  -0.319   1.185   1.934   0.729  -0.523   1.011   1.530  -0.144   1.635
   0.307  -1.890   1.480   1.174  -2.565   1.379  -0.497  -2.332   0.822  -0.061
  -1.859   2.508   1.286  -0.462  -0.441   1.912  -1.400  -0.936   1.114   0.686
  -1.135   0.426   1.342  -0.868   1.819   0.994  -2.403   2.137   2.092  -2.394
   2.718   0.353  -2.477   1.233   0.816  -3.264
  -3.451   1.406   0.506  -2.670   1.246   1.187  -3.015   0.776   2.058  -2.301
   2.197   1.549  -1.557   0.468   0.549  -1.838  -0.139  -0.454  -0.404   0.373
   1.249  -0.410   0.908   2.096   0.700  -0.536   0.994   1.522  -0.320   1.690
   0.291  -1.954   1.379   1.165  -2.559   1.192  -0.568  -2.384   0.819   0.090
  -2.007   2.461   1.254  -0.478  -0.448   1.917  -1.395  -0.942   1.177   0.688
  -1.085   0.580   1.438  -0.650   1.827   1.103  -2.296   1.930   2.209  -2.208
   2.825   0.685  -2.373   1.269   0.737  -3.167
  -3.419   1.512   0.406  -2.705   1.223   1.204  -3.140   0.606   1.995  -2.236
   2.121   1.558  -1.622   0.427   0.591  -1.791  -0.148  -0.473  -0.455   0.357
   1.286  -0.425   0.917   2.139   0.678  -0.515   0.972   1.498  -0.239   1.688
   0.259  -1.959   1.351   1.077  -2.678   1.079  -0.621  -2.271   0.830   0.102
  -2.002   2.469   1.298  -0.402  -0.476   1.843  -1.378  -0.961   1.096   0.711
  -1.115   0.578   1.404  -0.623   1.856   1.009  -2.349   2.019   2.094  -2.450
   2.843   0.585  -2.196   1.388   0.541  -3.299
  -3.306   1.455   0.396  -2.688   1.276   1.259  -3.211   0.771   2.083  -2.279
   2.209   1.602  -1.596   0.392   0.613  -1.830  -0.181  -0.447  -0.443   0.361
   1.248  -0.267   1.000   1.970   0.691  -0.511   0.962   1.533  -0.252   1.639
   0.286  -1.932   1.386   1.095  -2.635   1.171  -0.604  -2.222   0.781   0.061
  -1.971   2.420   1.262  -0.422  -0.436   1.814  -1.380  -0.977   1.121   0.740
  -1.036   0.783   1.482  -0.415   1.775   1.065  -2.330   1.897   2.184  -2.426
   2.780   0.590  -2.345   1.279   0.791  -3.226
  -3.358   1.513   0.547  -2.607   1.319   1.294  -3.084   0.700   2.059  -2.227
   2.302   1.680  -1.577   0.439   0.586  -1.897  -0.194  -0.394  -0.388   0.383
   1.229  -0.305   1.017   2.014   0.757  -0.459   0.961   1.702  -0.237   1.584
   0.391  -1.918   1.434   1.244  -2.560   1.147  -0.512  -2.269   0.846   0.239
  -2.041   2.490   1.335  -0.391  -0.502   1.836  -1.389  -1.048   1.178   0.809
  -1.087   0.732   1.505  -0.491   1.787   1.203  -2.348   1.943   2.305  -2.405
   2.821   0.790  -2.439   1.217   0.804  -3.159
  -3.347   1.554   0.736  -2.472   1.359   1.318  -2.832   0.824   2.240  -1.959
   2.289   1.511  -1.524   0.444   0.620  -1.906  -0.245  -0.285  -0.339   0.442
   1.204  -0.269   0.994   2.087   0.718  -0.491   0.868   1.539  -0.126   1.445
   0.367  -1.926   1.389   1.167  -2.645   1.315  -0.464  -2.342   0.832   0.043
  -1.867   2.416   1.331  -0.363  -0.489   1.859  -1.375  -1.019   1.327   0.845
  -1.038   0.899   1.604  -0.585   1.960   1.194  -2.292   2.000   2.300  -2.488
   3.003   0.746  -2.358   1.389   0.755  -3.128
  -3.327   1.554   0.709  -2.492   1.402   1.350  -2.855   0.925   2.330  -1.930
   2.351   1.527  -1.538   0.485   0.621  -1.784  -0.246  -0.314  -0.363   0.454
   1.229  -0.288   1.067   2.002   0.702  -0.518   0.969   1.536  -0.208   1.619
   0.278  -1.948   1.446   1.167  -2.587   1.437  -0.323  -2.440   0.701  -0.187
  -1.834   2.412   1.379  -0.450  -0.497   1.854  -1.429  -1.087   1.434   0.805
  -1.000   0.972   1.530  -0.420   2.059   1.212  -2.241   2.465   2.227  -2.148
   2.934   0.582  -2.419   1.339   1.068  -3.013
  -3.270   1.692   0.614  -2.442   1.503   1.298  -2.846   1.117   2.269  -1.838
   2.358   1.590  -1.519   0.494   0.629  -1.865  -0.129  -0.372  -0.307   0.415
   1.162  -0.069   1.032   1.921   0.741  -0.513   0.835   1.575  -0.249   1.440
   0.281  -1.900   1.336   1.194  -2.481   1.422  -0.439  -2.350   0.644  -0.156
  -1.674   2.327   1.419  -0.432  -0.554   1.801  -1.441  -1.155   1.592   0.808
  -1.004   1.193   1.457  -0.321   2.078   1.196  -2.300   2.289   2.233  -2.381
   3.049   0.665  -2.545   1.312   1.021  -3.115
  -3.355   1.778   0.667  -2.497   1.519   1.274  -2.855   1.053   2.210  -1.922
   2.412   1.605  -1.524   0.511   0.620  -1.865  -0.180  -0.330  -0.327   0.417
   1.237  -0.110   1.096   1.966   0.739  -0.576   0.877   1.503  -0.235   1.582
   0.305  -1.979   1.305   1.195  -2.583   1.459  -0.318  -2.452   0.560  -0.224
  -1.923   2.258   1.339  -0.509  -0.546   1.826  -1.459  -1.186   1.531   0.769
  -1.050   1.004   1.553  -0.673   2.173   1.162  -2.333   2.407   2.278  -2.421
   3.111   0.570  -2.454   1.523   0.909  -3.187
  -3.392   1.303   0.848  -2.501   1.516   1.333  -2.563   1.259   2.378  -2.070
   2.549   1.176  -1.512   0.568   0.710  -1.877  -0.139  -0.264  -0.315   0.445
   1.281  -0.160   0.940   2.172   0.707  -0.539   0.880   1.521  -0.286   1.551
   0.260  -1.930   1.276   1.077  -2.656   1.329  -0.383  -2.273   0.471  -0.246
  -1.859   2.289   1.318  -0.435  -0.609   1.860  -1.416  -1.177   1.444   0.783
  -1.122   1.000   1.508  -0.518   2.127   1.111  -2.378   2.204   2.166  -2.434
   3.145   0.685  -2.445   1.516   0.838  -3.216
  -3.373   1.488   0.936  -2.395   1.609   1.335  -2.488   1.526   2.451  -2.014
   2.615   1.092  -1.554   0.547   0.729  -1.819   0.000  -0.295  -0.348   0.431
   1.276  -0.184   0.800   2.210   0.699  -0.495   0.828   1.544  -0.287   1.430
   0.225  -1.953   1.221   1.058  -2.634   1.157  -0.543  -2.292   0.515  -0.249
  -1.962   2.230   1.314  -0.425  -0.575   1.811  -1.424  -1.197   1.439   0.792
  -1.117   0.986   1.557  -0.652   2.244   0.987  -2.354   2.452   2.032  -2.461
   3.251   0.536  -2.355   1.742   0.561  -3.267
  -3.467   1.309   0.988  -2.444   1.586   1.268  -2.274   1.621   2.350  -2.273
   2.643   1.012  -1.494   0.589   0.672  -1.844  -0.103  -0.292  -0.338   0.434
   1.268  -0.292   0.957   2.147   0.745  -0.564   0.857   1.528  -0.299   1.579
   0.142  -1.985   1.206   1.038  -2.631   1.220  -0.549  -2.382   0.459  -0.483
  -2.068   2.073   1.322  -0.447  -0.578   1.839  -1.456  -1.120   1.457   0.804
  -1.070   0.843   1.504  -0.722   2.223   1.164  -2.289   2.250   2.240  -2.504
   3.241   0.882  -2.147   1.800   0.604  -3.126
  -3.550   1.602   0.895  -2.510   1.596   1.308  -2.563   1.362   2.361  -2.039
   2.565   1.202  -1.497   0.593   0.636  -1.834  -0.158  -0.304  -0.320   0.463
   1.267  -0.200   1.140   2.030   0.734  -0.509   0.877   1.627  -0.261   1.427
   0.145  -1.924   1.240   0.899  -2.672   1.522  -0.415  -2.358   0.450  -0.545
  -1.851   2.106   1.285  -0.469  -0.562   1.851  -1.452  -1.093   1.361   0.810
  -1.087   0.991   1.533  -0.488   2.127   1.142  -2.307   2.451   2.145  -2.345
   3.069   0.571  -2.344   1.516   0.819  -3.115
  -3.352   1.859   0.691  -2.400   1.653   1.296  -2.643   1.322   2.330  -1.787
   2.541   1.421  -1.456   0.589   0.622  -1.859  -0.128  -0.281  -0.233   0.429
   1.236   0.017   1.015   1.991   0.733  -0.616   0.877   1.585  -0.403   1.558
   0.181  -1.990   1.324   1.008  -2.688   1.375  -0.680  -2.328   0.610  -0.249
  -1.891   2.338   1.338  -0.463  -0.551   1.809  -1.454  -1.058   1.383   0.793
  -1.017   1.057   1.492  -0.350   2.059   1.257  -2.276   2.550   2.264  -2.046
   2.817   0.512  -2.419   1.361   1.188  -3.085
  -3.115   1.912   0.565  -2.304   1.705   1.232  -2.580   1.399   2.222  -1.728
   2.541   1.450  -1.459   0.607   0.627  -1.869  -0.054  -0.307  -0.282   0.494
   1.197  -0.078   1.092   1.984   0.736  -0.529   0.882   1.577  -0.282   1.585
   0.151  -1.958   1.290   1.080  -2.610   1.352  -0.570  -2.352   0.580  -0.305
  -1.947   2.339   1.357  -0.465  -0.569   1.852  -1.450  -1.100   1.539   0.768
  -1.025   0.976   1.466  -0.528   2.027   1.188  -2.377   2.353   2.234  -2.332
   2.781   0.511  -2.729   1.240   1.201  -3.168
  -3.214   1.678   0.680  -2.315   1.712   1.240  -2.463   1.258   2.233  -1.813
   2.696   1.344  -1.424   0.711   0.637  -1.826   0.003  -0.283  -0.166   0.545
   1.193   0.121   1.242   1.912   0.704  -0.582   0.944   1.522  -0.458   1.700
   0.110  -1.892   1.380   0.870  -2.617   1.614  -0.578  -2.247   0.622  -0.536
  -1.762   2.239   1.436  -0.476  -0.420   1.791  -1.438  -1.090   1.569   0.751
  -0.930   1.131   1.484  -0.419   2.069   1.124  -2.231   2.498   2.127  -2.059
   2.953   0.503  -2.511   1.394   1.170  -3.070
  -3.209   1.758   0.706  -2.303   1.665   1.270  -2.494   1.399   2.333  -1.707
   2.634   1.263  -1.398   0.548   0.711  -1.729  -0.102  -0.270  -0.180   0.524
   1.258  -0.017   1.035   2.086   0.762  -0.527   0.948   1.533  -0.390   1.676
   0.162  -1.840   1.375   0.996  -2.492   1.538  -0.441  -2.335   0.633  -0.425
  -1.680   2.272   1.359  -0.457  -0.462   1.734  -1.496  -1.027   1.483   0.779
  -0.973   1.082   1.543  -0.401   2.228   1.119  -2.169   2.627   2.131  -2.044
   3.169   0.483  -2.309   1.580   1.094  -3.037
  -3.115   1.724   0.474  -2.329   1.575   1.185  -2.715   1.339   2.233  -1.803
   2.481   1.379  -1.397   0.532   0.685  -1.784  -0.200  -0.206  -0.164   0.554
   1.264  -0.028   1.135   2.074   0.843  -0.498   0.985   1.742  -0.240   1.601
   0.263  -1.861   1.438   1.140  -2.557   1.574  -0.356  -2.319   0.661  -0.277
  -1.749   2.306   1.386  -0.456  -0.462   1.706  -1.458  -1.018   1.498   0.779
  -1.040   1.240   1.511  -0.398   2.255   1.141  -2.213   2.417   2.225  -2.121
   3.264   0.740  -2.135   1.721   0.939  -3.169
  -3.165   1.987   0.698  -2.341   1.603   1.317  -2.666   1.335   2.289  -1.721
   2.463   1.567  -1.397   0.512   0.673  -1.770  -0.257  -0.201  -0.177   0.557
   1.236  -0.066   1.109   2.059   0.861  -0.480   1.021   1.672  -0.194   1.618
   0.364  -1.872   1.494   1.258  -2.433   1.681  -0.166  -2.391   0.738  -0.251
  -1.775   2.389   1.354  -0.424  -0.468   1.731  -1.422  -1.075   1.468   0.841
  -0.947   1.054   1.625  -0.466   2.137   1.156  -2.219   2.006   2.178  -2.514
   3.215   0.874  -2.208   1.658   0.551  -3.017
  -3.069   1.839   0.469  -2.289   1.672   1.207  -2.696   1.301   2.122  -1.730
   2.631   1.388  -1.386   0.617   0.681  -1.748  -0.177  -0.172  -0.163   0.494
   1.285   0.152   1.253   1.877   0.904  -0.465   1.039   1.688  -0.213   1.718
   0.442  -1.883   1.438   1.347  -2.517   1.678  -0.125  -2.466   0.699  -0.016
  -1.816   2.428   1.472  -0.492  -0.405   1.758  -1.491  -1.070   1.543   0.717
  -0.883   0.996   1.440  -0.368   2.043   1.186  -2.199   1.894   2.255  -2.382
   3.118   0.911  -2.132   1.536   0.675  -2.968
  -3.219   1.946   0.571  -2.355   1.661   1.196  -2.766   1.155   2.048  -1.730
   2.471   1.576  -1.418   0.562   0.627  -1.769  -0.230  -0.260  -0.259   0.531
   1.246  -0.097   1.224   1.956   0.758  -0.540   0.952   1.645  -0.271   1.621
   0.366  -1.926   1.472   1.169  -2.499   1.578  -0.379  -2.442   0.797  -0.123
  -1.810   2.437   1.409  -0.539  -0.471   1.835  -1.543  -1.064   1.601   0.670
  -0.925   1.369   1.403  -0.246   2.095   1.154  -2.219   1.951   2.271  -2.274
   3.125   0.847  -2.354   1.588   0.626  -3.032
  -2.999   2.027   0.245  -2.385   1.660   1.134  -2.907   1.366   1.975  -1.705
   2.413   1.432  -1.451   0.625   0.689  -1.819  -0.090  -0.220  -0.245   0.573
   1.236  -0.008   1.149   2.011   0.763  -0.488   0.978   1.549  -0.128   1.646
   0.250  -1.825   1.575   1.101  -2.517   1.622  -0.512  -2.253   0.972  -0.119
  -1.618   2.564   1.334  -0.439  -0.433   1.615  -1.429  -1.094   1.442   0.815
  -0.965   1.160   1.560  -0.388   2.150   1.112  -2.166   2.449   2.123  -2.271
   2.985   0.404  -2.366   1.445   0.920  -3.006
  -2.871   2.010   0.333  -2.272   1.674   1.140  -2.901   1.191   1.906  -1.550
   2.429   1.550  -1.414   0.592   0.623  -1.822  -0.176  -0.220  -0.254   0.511
   1.306  -0.110   1.070   2.102   0.771  -0.506   0.947   1.692  -0.252   1.504
   0.269  -1.811   1.485   1.083  -2.533   1.409  -0.446  -2.203   0.861  -0.045
  -1.732   2.533   1.281  -0.480  -0.515   1.694  -1.455  -1.172   1.394   0.801
  -1.026   1.251   1.568  -0.379   2.079   1.051  -2.291   2.406   2.109  -2.367
   2.963   0.386  -2.254   1.362   0.814  -3.090
  -2.948   1.765   0.141  -2.354   1.661   1.062  -2.969   1.422   1.923  -1.806
   2.616   1.299  -1.290   0.538   0.650  -1.671  -0.257  -0.194  -0.056   0.578
   1.212   0.115   1.240   2.008   0.861  -0.532   1.007   1.675  -0.458   1.600
   0.222  -1.879   1.449   0.958  -2.606   1.255  -0.627  -2.167   0.865   0.078
  -1.856   2.545   1.303  -0.393  -0.466   1.685  -1.408  -1.084   1.456   0.871
  -0.973   1.066   1.662  -0.493   2.057   1.027  -2.330   2.104   2.096  -2.515
   3.004   0.463  -2.255   1.568   0.524  -3.193
  -2.789   1.969   0.228  -2.185   1.639   1.083  -2.932   1.258   1.764  -1.669
   2.477   1.551  -1.258   0.601   0.668  -1.629  -0.198  -0.240  -0.031   0.555
   1.278   0.045   1.141   2.095   0.901  -0.526   1.029   1.737  -0.353   1.662
   0.389  -1.940   1.424   1.271  -2.548   1.371  -0.414  -2.315   0.786   0.074
  -1.958   2.492   1.417  -0.405  -0.461   1.596  -1.399  -1.210   1.509   0.819
  -0.977   1.349   1.631  -0.453   2.237   0.940  -2.315   2.375   1.991  -2.582
   3.229   0.442  -2.289   1.720   0.457  -3.144
  -2.880   1.930   0.360  -2.262   1.565   1.182  -2.887   1.108   1.968  -1.787
   2.532   1.628  -1.233   0.549   0.728  -1.555  -0.226  -0.180  -0.058   0.494
   1.403   0.064   1.035   2.278   0.930  -0.492   1.016   1.760  -0.301   1.644
   0.429  -1.900   1.434   1.255  -2.600   1.499  -0.369  -2.221   0.768  -0.018
  -1.860   2.436   1.452  -0.390  -0.439   1.624  -1.412  -1.150   1.722   0.830
  -1.000   1.438   1.622  -0.399   2.166   1.113  -2.411   2.335   2.189  -2.506
   3.127   0.604  -2.428   1.510   0.740  -3.163
  -3.011   1.499   0.609  -2.171   1.557   1.232  -2.432   1.274   2.237  -1.787
   2.541   1.168  -1.225   0.529   0.648  -1.571  -0.140  -0.343  -0.083   0.447
   1.306   0.146   1.066   2.073   0.942  -0.525   1.009   1.864  -0.317   1.685
   0.453  -1.907   1.496   1.235  -2.492   1.879   0.033  -2.379   0.629  -0.375
  -1.674   2.261   1.459  -0.429  -0.470   1.649  -1.429  -1.093   1.708   0.825
  -0.948   1.493   1.655  -0.329   2.284   1.067  -2.340   2.482   2.102  -2.537
   3.214   0.600  -2.477   1.586   0.846  -3.152
  -2.982   1.622   0.488  -2.186   1.533   1.217  -2.611   1.043   2.088  -1.771
   2.488   1.488  -1.225   0.640   0.689  -1.531   0.020  -0.356  -0.044   0.506
   1.336   0.038   0.987   2.249   0.983  -0.501   1.013   1.914  -0.148   1.510
   0.470  -1.824   1.569   1.341  -2.490   1.671  -0.242  -2.402   0.995   0.044
  -1.711   2.567   1.557  -0.449  -0.437   1.739  -1.423  -1.138   1.753   0.718
  -0.986   1.411   1.512  -0.440   2.373   1.029  -2.293   2.607   2.058  -2.389
   3.161   0.428  -2.491   1.674   0.800  -3.107
  -2.875   1.819   0.714  -2.055   1.570   1.376  -2.362   1.146   2.305  -1.392
   2.414   1.527  -1.165   0.630   0.700  -1.431   0.025  -0.322  -0.069   0.502
   1.393   0.158   1.188   2.114   0.981  -0.430   1.100   1.834  -0.299   1.724
   0.591  -1.888   1.483   1.487  -2.504   1.319  -0.249  -2.119   0.838   0.299
  -1.845   2.494   1.566  -0.336  -0.379   1.715  -1.311  -1.096   1.569   0.794
  -1.069   1.323   1.621  -0.561   2.351   1.080  -2.310   2.357   2.103  -2.582
   3.412   1.006  -1.998   2.083   0.424  -3.143
  -2.949   1.843   0.746  -2.057   1.659   1.340  -2.462   1.189   2.258  -1.637
   2.660   1.529  -1.164   0.673   0.748  -1.557  -0.026  -0.228   0.040   0.487
   1.310   0.264   1.046   2.152   1.095  -0.425   0.982   2.081  -0.216   1.465
   0.563  -1.845   1.392   1.362  -2.486   1.152  -0.351  -2.176   0.932   0.335
  -1.937   2.437   1.588  -0.354  -0.487   1.829  -1.416  -1.140   1.592   0.859
  -1.042   1.337   1.663  -0.438   2.328   1.112  -2.295   2.167   2.203  -2.471
   3.343   0.754  -2.394   1.822   0.522  -3.062
  -2.767   2.094   0.728  -2.060   1.657   1.428  -2.598   1.115   2.257  -1.327
   2.356   1.912  -1.237   0.592   0.737  -1.600  -0.130  -0.256  -0.026   0.508
   1.292   0.234   1.242   1.912   1.050  -0.432   0.946   1.920  -0.151   1.538
   0.570  -1.772   1.455   1.404  -2.473   1.473  -0.203  -2.145   0.818   0.274
  -1.718   2.464   1.554  -0.374  -0.569   1.788  -1.390  -1.225   1.681   0.824
  -1.079   1.315   1.565  -0.466   2.281   1.135  -2.346   2.175   2.213  -2.590
   3.325   1.071  -2.203   1.917   0.522  -3.120
  -2.776   1.988   0.596  -2.038   1.595   1.303  -2.674   1.163   2.050  -1.434
   2.334   1.747  -1.218   0.532   0.676  -1.598  -0.104  -0.321   0.026   0.478
   1.187   0.077   1.063   2.050   1.108  -0.463   0.900   1.983  -0.183   1.535
   0.697  -1.867   1.404   1.423  -2.640   1.287  -0.268  -2.145   0.984   0.528
  -1.797   2.434   1.610  -0.353  -0.516   1.794  -1.425  -1.178   1.819   0.887
  -1.016   1.612   1.733  -0.480   2.323   1.090  -2.293   2.025   2.116  -2.547
   3.398   0.979  -2.338   1.765   0.435  -2.954
  -2.866   2.056   0.447  -2.101   1.639   1.208  -2.668   1.143   1.982  -1.582
   2.518   1.657  -1.175   0.578   0.617  -1.523  -0.105  -0.375   0.034   0.478
   1.178   0.238   1.246   1.772   1.050  -0.513   0.908   1.846  -0.220   1.562
   0.652  -1.868   1.482   1.453  -2.546   1.140  -0.335  -2.186   1.051   0.699
  -1.754   2.563   1.607  -0.391  -0.497   1.862  -1.367  -1.175   1.715   0.829
  -0.974   1.558   1.643  -0.381   2.321   1.000  -2.260   2.234   2.026  -2.634
   3.453   0.775  -2.178   1.725   0.446  -3.031
  -2.511   2.176   0.438  -2.086   1.583   1.216  -2.864   1.061   1.746  -1.641
   2.183   1.987  -1.185   0.612   0.605  -1.484  -0.040  -0.409  -0.009   0.478
   1.260   0.240   1.123   1.966   1.042  -0.465   0.978   1.889  -0.224   1.541
   0.532  -1.853   1.430   1.405  -2.566   1.540  -0.222  -2.241   0.752   0.013
  -1.701   2.367   1.615  -0.291  -0.470   1.974  -1.310  -1.128   1.723   0.927
  -1.024   1.673   1.800  -0.500   2.369   1.025  -2.323   2.264   1.999  -2.698
   3.438   0.884  -2.270   1.815   0.342  -3.011
  -2.828   1.816   0.559  -2.198   1.506   1.302  -2.768   1.017   2.071  -1.777
   2.347   1.745  -1.162   0.602   0.618  -1.447  -0.127  -0.335   0.002   0.597
   1.221   0.209   1.287   1.934   1.048  -0.370   0.957   1.974  -0.116   1.581
   0.536  -1.767   1.481   1.437  -2.483   1.476  -0.277  -2.201   0.782   0.242
  -1.843   2.536   1.673  -0.285  -0.386   1.913  -1.358  -0.997   1.899   0.903
  -1.006   1.552   1.712  -0.547   2.359   1.094  -2.366   2.216   2.167  -2.648
   3.416   0.804  -2.494   1.843   0.452  -3.064
  -2.742   1.992   0.324  -2.251   1.476   1.169  -2.981   0.769   1.665  -1.909
   2.168   1.871  -1.130   0.608   0.561  -1.399  -0.214  -0.303   0.057   0.647
   1.259   0.160   1.298   2.016   1.080  -0.345   1.069   1.851  -0.037   1.748
   0.506  -1.631   1.503   1.231  -2.411   1.379  -0.286  -1.943   0.777   0.193
  -1.637   2.438   1.587  -0.362  -0.394   1.800  -1.445  -0.938   1.708   0.759
  -1.098   1.508   1.527  -0.570   2.254   0.954  -2.460   2.377   2.053  -2.480
   3.334   0.667  -2.421   1.601   0.537  -3.207
  -2.842   1.773   0.285  -2.307   1.394   1.098  -2.937   0.887   1.767  -1.915
   2.142   1.755  -1.168   0.469   0.579  -1.421  -0.253  -0.404  -0.012   0.598
   1.230   0.037   1.331   1.949   1.089  -0.355   1.048   1.878  -0.012   1.757
   0.468  -1.731   1.439   1.288  -2.468   1.458  -0.228  -2.013   0.610  -0.058
  -1.615   2.341   1.631  -0.310  -0.389   1.846  -1.368  -1.056   1.708   0.854
  -1.086   1.624   1.636  -0.434   2.171   1.122  -2.451   2.141   2.155  -2.690
   3.136   0.657  -2.577   1.390   0.721  -3.119
  -2.988   1.688   0.144  -2.435   1.444   0.987  -3.196   0.904   1.605  -2.117
   2.358   1.458  -1.248   0.512   0.612  -1.350  -0.193  -0.339  -0.078   0.653
   1.254   0.054   1.234   2.042   1.020  -0.373   1.004   1.905  -0.121   1.574
   0.567  -1.793   1.441   1.308  -2.519   1.344  -0.177  -2.260   0.798   0.250
  -1.760   2.541   1.525  -0.363  -0.482   1.967  -1.431  -1.037   1.599   0.783
  -1.181   1.338   1.574  -0.599   2.178   1.071  -2.451   2.359   2.161  -2.524
   3.128   0.555  -2.580   1.492   0.797  -3.221
  -2.802   1.749   0.134  -2.463   1.397   1.063  -3.252   0.769   1.435  -2.083
   2.166   1.735  -1.338   0.542   0.598  -1.556  -0.167  -0.355  -0.186   0.603
   1.263  -0.161   1.160   2.053   0.872  -0.350   0.977   1.731  -0.078   1.543
   0.490  -1.780   1.436   1.407  -2.424   1.438  -0.218  -2.204   0.697   0.052
  -1.800   2.385   1.454  -0.354  -0.518   1.884  -1.390  -1.032   1.463   0.779
  -1.249   1.150   1.639  -0.749   2.083   1.042  -2.540   2.120   2.091  -2.816
   3.104   0.621  -2.564   1.426   0.622  -3.302
  -3.295   1.601   0.523  -2.474   1.354   1.210  -2.896   0.590   1.836  -2.149
   2.183   1.811  -1.329   0.540   0.551  -1.519  -0.093  -0.444  -0.150   0.486
   1.198  -0.045   1.191   1.991   1.006  -0.376   0.936   1.798  -0.165   1.612
   0.537  -1.779   1.359   1.406  -2.433   1.646  -0.127  -2.160   0.616  -0.024
  -1.706   2.261   1.540  -0.346  -0.538   2.003  -1.393  -1.043   1.544   0.824
  -1.199   1.228   1.679  -0.756   2.007   1.000  -2.535   2.068   1.992  -2.844
   3.058   0.661  -2.601   1.367   0.351  -3.170
