default_name                                                                    
  -3.540   1.502   1.070  -3.074   0.522   0.992  -3.434   0.013   0.094  -3.340
  -0.070   1.873  -1.568   0.676   0.915  -1.059   1.798   0.933  -0.864  -0.454
   0.859  -1.369  -1.319   0.883   0.601  -0.509   0.833   0.986   0.281   1.478
   1.030  -1.864   1.408   2.122  -1.923   1.468   0.670  -2.670   0.768   0.607
  -1.996   2.406   1.233  -0.268  -0.561   2.463  -0.188  -0.679   0.425  -0.153
  -1.625  -0.565  -0.242  -1.452   0.854   0.088  -3.000   1.383   1.042  -3.068
   1.532  -0.715  -3.309  -0.002   0.122  -3.668
  -3.537   1.520   1.097  -3.066   0.536   1.001  -3.439   0.043   0.103  -3.300
  -0.072   1.874  -1.570   0.691   0.925  -1.070   1.809   0.917  -0.859  -0.440
   0.866  -1.364  -1.321   0.885   0.602  -0.509   0.836   0.993   0.262   1.505
   1.016  -1.876   1.401   2.093  -1.951   1.456   0.667  -2.672   0.743   0.608
  -2.016   2.401   1.230  -0.263  -0.556   2.458  -0.160  -0.662   0.428  -0.158
  -1.618  -0.566  -0.254  -1.453   0.868   0.075  -3.000   1.439   0.987  -3.058
   1.480  -0.762  -3.330  -0.012   0.160  -3.650
  -3.549   1.529   1.056  -3.066   0.553   0.975  -3.419   0.069   0.057  -3.360
  -0.077   1.828  -1.561   0.701   0.922  -1.032   1.816   0.906  -0.855  -0.427
   0.901  -1.353  -1.302   0.930   0.623  -0.515   0.839   1.070   0.213   1.501
   1.028  -1.884   1.388   2.110  -1.965   1.441   0.623  -2.665   0.746   0.611
  -1.981   2.397   1.222  -0.245  -0.565   2.448  -0.148  -0.674   0.404  -0.154
  -1.620  -0.580  -0.266  -1.460   0.860   0.094  -2.984   1.489   0.983  -3.024
   1.441  -0.765  -3.322  -0.008   0.196  -3.644
  -3.494   1.554   1.109  -3.065   0.575   0.974  -3.474   0.116   0.069  -3.325
  -0.060   1.818  -1.566   0.704   0.899  -1.007   1.800   0.883  -0.876  -0.437
   0.881  -1.403  -1.298   0.928   0.585  -0.516   0.844   0.976   0.230   1.546
   1.015  -1.888   1.392   2.101  -1.922   1.451   0.654  -2.691   0.760   0.640
  -2.029   2.417   1.219  -0.263  -0.545   2.449  -0.172  -0.647   0.426  -0.150
  -1.623  -0.561  -0.219  -1.474   0.886   0.091  -2.984   1.510   0.984  -2.999
   1.497  -0.748  -3.348   0.032   0.229  -3.667
  -3.527   1.542   1.026  -3.056   0.575   0.979  -3.395   0.065   0.081  -3.353
  -0.020   1.820  -1.554   0.715   0.917  -1.012   1.820   0.893  -0.870  -0.434
   0.869  -1.403  -1.287   0.923   0.595  -0.514   0.836   1.019   0.274   1.446
   0.991  -1.882   1.382   2.073  -1.958   1.387   0.614  -2.642   0.711   0.620
  -2.027   2.376   1.218  -0.280  -0.560   2.448  -0.170  -0.662   0.420  -0.155
  -1.634  -0.587  -0.268  -1.504   0.868   0.094  -3.001   1.456   1.020  -3.021
   1.497  -0.754  -3.302   0.012   0.179  -3.673
  -3.525   1.568   0.967  -3.071   0.582   0.977  -3.467   0.018   0.112  -3.320
   0.092   1.915  -1.550   0.708   0.921  -1.010   1.820   0.932  -0.883  -0.440
   0.869  -1.441  -1.281   0.844   0.598  -0.538   0.831   0.990   0.262   1.486
   1.023  -1.907   1.417   2.109  -1.990   1.420   0.666  -2.694   0.746   0.581
  -2.056   2.399   1.213  -0.263  -0.557   2.436  -0.125  -0.666   0.397  -0.167
  -1.622  -0.593  -0.293  -1.480   0.857   0.076  -3.000   1.457   0.984  -3.040
   1.498  -0.745  -3.340   0.002   0.160  -3.688
  -3.481   1.583   1.055  -3.055   0.580   0.977  -3.398   0.093   0.066  -3.370
  -0.002   1.849  -1.544   0.687   0.911  -0.997   1.804   0.918  -0.862  -0.457
   0.865  -1.378  -1.334   0.851   0.595  -0.532   0.809   1.011   0.240   1.469
   1.032  -1.903   1.397   2.136  -1.994   1.402   0.643  -2.719   0.796   0.708
  -1.980   2.438   1.231  -0.260  -0.574   2.455  -0.114  -0.670   0.419  -0.206
  -1.643  -0.551  -0.361  -1.439   0.873   0.064  -3.005   1.386   1.030  -3.034
   1.530  -0.731  -3.331   0.024   0.055  -3.706
  -3.483   1.581   1.140  -3.051   0.572   0.991  -3.483   0.145   0.062  -3.317
  -0.059   1.817  -1.549   0.695   0.923  -0.996   1.790   0.884  -0.874  -0.453
   0.924  -1.394  -1.313   0.977   0.588  -0.516   0.846   0.945   0.303   1.489
   1.034  -1.873   1.405   2.124  -1.913   1.427   0.715  -2.659   0.726   0.579
  -2.039   2.406   1.196  -0.247  -0.561   2.436  -0.107  -0.650   0.413  -0.234
  -1.645  -0.581  -0.369  -1.516   0.876   0.110  -2.989   1.415   1.057  -3.002
   1.577  -0.663  -3.326   0.038   0.131  -3.692
  -3.539   1.536   1.119  -3.052   0.561   0.995  -3.436   0.064   0.119  -3.332
  -0.052   1.859  -1.531   0.699   0.934  -1.012   1.820   0.876  -0.861  -0.447
   0.907  -1.388  -1.325   0.974   0.591  -0.579   0.832   1.055   0.173   1.473
   1.012  -1.946   1.398   2.092  -2.013   1.453   0.668  -2.755   0.754   0.611
  -2.094   2.393   1.206  -0.306  -0.559   2.408  -0.092  -0.655   0.390  -0.243
  -1.618  -0.598  -0.379  -1.452   0.859   0.057  -2.980   1.426   1.023  -2.967
   1.554  -0.707  -3.311   0.028   0.135  -3.678
  -3.489   1.664   1.121  -3.093   0.628   1.048  -3.474   0.203   0.108  -3.391
  -0.003   1.870  -1.578   0.713   0.932  -1.020   1.805   0.928  -0.889  -0.456
   0.937  -1.406  -1.324   0.872   0.589  -0.526   0.855   0.992   0.216   1.547
   1.006  -1.929   1.363   2.117  -2.000   1.410   0.600  -2.722   0.735   0.684
  -2.088   2.393   1.207  -0.308  -0.543   2.419  -0.113  -0.666   0.409  -0.293
  -1.606  -0.581  -0.400  -1.430   0.829   0.080  -2.970   1.456   0.954  -2.926
   1.404  -0.738  -3.400  -0.041   0.288  -3.601
  -3.520   1.623   1.233  -3.091   0.636   1.043  -3.469   0.280   0.124  -3.368
  -0.025   1.882  -1.574   0.736   0.959  -1.027   1.817   0.917  -0.894  -0.416
   0.910  -1.419  -1.268   0.919   0.589  -0.514   0.837   1.013   0.242   1.505
   0.996  -1.897   1.367   2.084  -1.949   1.434   0.646  -2.671   0.681   0.611
  -2.036   2.380   1.222  -0.286  -0.566   2.417  -0.106  -0.670   0.407  -0.282
  -1.618  -0.571  -0.441  -1.478   0.809   0.058  -2.971   1.442   0.918  -2.985
   1.314  -0.825  -3.420  -0.069   0.285  -3.578
  -3.505   1.632   1.243  -3.078   0.639   1.106  -3.446   0.145   0.194  -3.304
   0.066   2.004  -1.547   0.720   0.967  -1.020   1.826   0.881  -0.853  -0.436
   0.910  -1.388  -1.291   1.021   0.590  -0.529   0.839   1.024   0.192   1.505
   1.010  -1.883   1.423   2.099  -1.942   1.434   0.640  -2.689   0.765   0.641
  -2.036   2.434   1.217  -0.271  -0.573   2.425  -0.095  -0.656   0.425  -0.305
  -1.647  -0.526  -0.579  -1.491   0.853   0.001  -3.014   1.503   0.855  -2.996
   1.317  -0.868  -3.472  -0.028   0.268  -3.622
  -3.520   1.565   1.287  -3.071   0.592   1.101  -3.511   0.143   0.228  -3.322
  -0.032   1.941  -1.556   0.726   0.961  -1.041   1.845   0.903  -0.854  -0.414
   0.924  -1.358  -1.301   0.897   0.617  -0.479   0.850   1.052   0.223   1.503
   0.962  -1.848   1.436   2.042  -1.944   1.493   0.568  -2.638   0.803   0.589
  -1.990   2.456   1.251  -0.287  -0.560   2.462  -0.057  -0.673   0.424  -0.290
  -1.624  -0.546  -0.554  -1.445   0.853  -0.019  -3.002   1.587   0.805  -3.011
   1.231  -0.939  -3.479   0.015   0.308  -3.571
  -3.527   1.533   1.333  -3.055   0.566   1.151  -3.492   0.045   0.285  -3.252
  -0.019   2.010  -1.546   0.717   0.975  -1.057   1.863   0.900  -0.858  -0.435
   0.923  -1.330  -1.337   0.983   0.620  -0.497   0.854   1.003   0.263   1.534
   1.013  -1.875   1.417   2.117  -1.956   1.434   0.612  -2.629   0.764   0.663
  -2.011   2.435   1.225  -0.252  -0.585   2.447  -0.049  -0.678   0.431  -0.305
  -1.653  -0.550  -0.432  -1.493   0.817   0.014  -3.035   1.506   0.832  -3.058
   1.312  -0.854  -3.477  -0.070   0.252  -3.646
  -3.535   1.531   1.111  -3.046   0.565   1.087  -3.354  -0.072   0.254  -3.243
   0.026   1.984  -1.573   0.712   0.929  -1.073   1.858   0.902  -0.850  -0.426
   0.871  -1.348  -1.290   1.013   0.619  -0.508   0.848   1.038   0.225   1.542
   1.054  -1.893   1.398   2.142  -1.911   1.417   0.641  -2.659   0.791   0.700
  -1.992   2.430   1.236  -0.260  -0.531   2.413  -0.018  -0.637   0.418  -0.221
  -1.616  -0.524  -0.504  -1.484   0.799   0.015  -2.995   1.518   0.826  -3.070
   1.202  -0.927  -3.441  -0.057   0.331  -3.567
  -3.472   1.527   1.144  -3.011   0.543   1.065  -3.394   0.058   0.145  -3.237
  -0.025   1.973  -1.527   0.711   0.921  -1.100   1.860   0.894  -0.829  -0.418
   0.927  -1.332  -1.276   0.932   0.653  -0.471   0.852   1.079   0.300   1.513
   1.046  -1.807   1.416   2.140  -2.011   1.346   0.499  -2.583   0.878   0.750
  -1.867   2.467   1.238  -0.249  -0.551   2.446  -0.048  -0.651   0.439  -0.232
  -1.635  -0.537  -0.376  -1.488   0.849   0.004  -3.001   1.588   0.777  -3.081
   1.230  -0.905  -3.466  -0.020   0.269  -3.563
  -3.594   1.479   0.878  -3.088   0.546   1.044  -3.416  -0.189   0.307  -3.327
   0.157   2.029  -1.584   0.705   0.963  -1.122   1.834   0.837  -0.863  -0.404
   0.945  -1.327  -1.268   1.057   0.623  -0.429   0.859   1.007   0.358   1.466
   1.045  -1.813   1.440   2.131  -2.038   1.392   0.537  -2.582   0.862   0.770
  -1.853   2.483   1.264  -0.252  -0.548   2.477  -0.072  -0.662   0.422  -0.275
  -1.600  -0.539  -0.427  -1.457   0.828   0.016  -2.978   1.599   0.736  -3.023
   1.228  -0.919  -3.433  -0.034   0.345  -3.530
  -3.566   1.504   0.990  -3.065   0.543   1.054  -3.432  -0.103   0.277  -3.306
   0.065   2.006  -1.563   0.740   0.906  -1.089   1.870   0.810  -0.839  -0.384
   0.897  -1.341  -1.257   0.994   0.636  -0.431   0.830   1.080   0.328   1.469
   1.048  -1.781   1.404   2.126  -1.918   1.348   0.589  -2.588   0.810   0.766
  -1.869   2.454   1.265  -0.225  -0.567   2.480  -0.034  -0.714   0.438  -0.242
  -1.608  -0.573  -0.303  -1.417   0.868  -0.004  -3.003   1.636   0.725  -3.068
   1.180  -0.952  -3.414   0.040   0.358  -3.610
  -3.548   1.549   1.021  -3.062   0.591   1.053  -3.423  -0.069   0.284  -3.203
   0.112   2.028  -1.561   0.767   0.885  -1.045   1.890   0.783  -0.826  -0.352
   0.885  -1.318  -1.222   1.017   0.664  -0.463   0.815   1.073   0.314   1.441
   1.103  -1.812   1.399   2.181  -1.800   1.484   0.834  -2.642   0.748   0.665
  -1.961   2.375   1.278  -0.236  -0.597   2.537  -0.049  -0.726   0.474  -0.203
  -1.644  -0.502  -0.412  -1.459   0.870   0.030  -3.022   1.490   0.930  -3.064
   1.422  -0.851  -3.405   0.005   0.180  -3.665
  -3.493   1.622   1.093  -3.045   0.628   1.044  -3.440  -0.017   0.228  -3.199
   0.116   1.961  -1.552   0.768   0.861  -1.047   1.878   0.736  -0.837  -0.386
   0.851  -1.398  -1.237   0.896   0.599  -0.487   0.771   0.951   0.326   1.394
   1.076  -1.824   1.368   2.189  -1.864   1.348   0.649  -2.593   0.744   0.801
  -1.991   2.390   1.225  -0.195  -0.612   2.454  -0.076  -0.761   0.435  -0.235
  -1.679  -0.498  -0.545  -1.516   0.806   0.010  -3.099   1.403   0.900  -3.184
   1.373  -0.857  -3.481  -0.071   0.290  -3.694
  -3.515   1.576   1.078  -3.064   0.576   1.044  -3.500   0.009   0.221  -3.201
   0.093   2.019  -1.585   0.732   0.872  -1.091   1.875   0.763  -0.812  -0.346
   0.784  -1.279  -1.223   0.941   0.637  -0.471   0.774   1.031   0.376   1.347
   1.070  -1.850   1.324   2.135  -1.938   1.369   0.724  -2.673   0.698   0.747
  -2.001   2.366   1.264  -0.288  -0.647   2.505  -0.165  -0.801   0.429  -0.287
  -1.719  -0.522  -0.278  -1.511   0.759  -0.018  -3.122   1.483   0.792  -3.172
   1.199  -0.885  -3.602  -0.110   0.284  -3.652
  -3.563   1.553   1.012  -3.088   0.572   1.086  -3.499  -0.066   0.305  -3.234
   0.185   2.070  -1.585   0.710   0.866  -1.087   1.820   0.731  -0.862  -0.387
   0.808  -1.360  -1.267   0.790   0.655  -0.467   0.721   0.973   0.276   1.429
   1.087  -1.848   1.307   2.198  -1.868   1.436   0.726  -2.664   0.700   0.587
  -1.944   2.276   1.317  -0.260  -0.684   2.560  -0.104  -0.806   0.458  -0.337
  -1.757  -0.526  -0.401  -1.604   0.840   0.028  -3.139   1.466   0.912  -3.140
   1.491  -0.778  -3.575  -0.058   0.177  -3.722
  -3.413   1.536   0.969  -3.036   0.527   1.051  -3.536  -0.044   0.301  -3.212
   0.140   2.073  -1.544   0.657   0.813  -1.018   1.749   0.728  -0.834  -0.479
   0.735  -1.345  -1.330   0.853   0.638  -0.506   0.699   0.991   0.303   1.321
   1.042  -1.823   1.350   2.095  -1.993   1.281   0.598  -2.631   0.815   0.746
  -1.907   2.363   1.311  -0.275  -0.671   2.510  -0.103  -0.717   0.511  -0.263
  -1.755  -0.467  -0.385  -1.583   0.941   0.038  -3.096   1.516   0.980  -3.105
   1.605  -0.732  -3.480   0.099   0.130  -3.831
  -3.524   1.560   1.215  -3.055   0.577   1.100  -3.483  -0.003   0.314  -3.154
  -0.024   2.036  -1.594   0.681   0.791  -1.055   1.830   0.709  -0.872  -0.454
   0.712  -1.321  -1.334   0.869   0.617  -0.518   0.701   0.959   0.311   1.358
   1.085  -1.809   1.354   2.155  -1.878   1.282   0.761  -2.689   0.820   0.761
  -1.863   2.417   1.302  -0.249  -0.673   2.517  -0.064  -0.724   0.526  -0.245
  -1.744  -0.465  -0.505  -1.522   0.915   0.065  -3.128   1.318   1.075  -3.152
   1.659  -0.639  -3.507   0.047   0.022  -3.769
  -3.535   1.511   1.090  -3.008   0.574   1.041  -3.495  -0.002   0.281  -3.150
   0.030   2.004  -1.531   0.728   0.830  -1.001   1.833   0.745  -0.845  -0.437
   0.708  -1.348  -1.315   0.752   0.606  -0.489   0.720   0.947   0.279   1.400
   1.060  -1.795   1.372   2.156  -1.909   1.337   0.593  -2.653   0.852   0.726
  -1.832   2.408   1.262  -0.241  -0.653   2.473  -0.024  -0.679   0.508  -0.176
  -1.723  -0.481  -0.254  -1.502   0.919   0.109  -3.095   1.254   1.154  -3.270
   1.691  -0.600  -3.388   0.067   0.078  -3.811
  -3.453   1.626   1.025  -2.989   0.639   0.960  -3.430   0.119   0.129  -3.271
   0.160   1.891  -1.463   0.791   0.796  -0.959   1.914   0.826  -0.822  -0.366
   0.721  -1.393  -1.170   0.819   0.663  -0.451   0.736   1.053   0.388   1.293
   1.067  -1.769   1.392   2.155  -1.842   1.463   0.679  -2.599   0.815   0.672
  -1.836   2.388   1.289  -0.231  -0.644   2.492   0.022  -0.679   0.473  -0.265
  -1.729  -0.482  -0.612  -1.591   0.861   0.080  -3.089   1.203   1.090  -3.037
   1.593  -0.631  -3.443   0.007   0.001  -3.753
  -3.426   1.589   1.141  -2.959   0.592   0.973  -3.322   0.201   0.076  -3.147
  -0.110   1.758  -1.492   0.761   0.860  -0.988   1.913   0.848  -0.771  -0.356
   0.759  -1.278  -1.276   0.708   0.663  -0.430   0.805   1.030   0.349   1.448
   1.093  -1.776   1.340   2.172  -1.890   1.303   0.576  -2.584   0.780   0.774
  -1.815   2.370   1.289  -0.225  -0.606   2.507   0.015  -0.708   0.485  -0.317
  -1.660  -0.491  -0.505  -1.449   0.932   0.029  -2.997   1.197   1.100  -3.077
   1.849  -0.566  -3.224   0.138  -0.238  -3.745
  -3.464   1.577   0.941  -2.989   0.623   0.851  -3.304   0.057  -0.054  -3.239
  -0.044   1.695  -1.482   0.780   0.836  -0.955   1.893   0.863  -0.768  -0.353
   0.780  -1.299  -1.222   0.855   0.693  -0.463   0.772   1.084   0.294   1.449
   1.159  -1.831   1.321   2.261  -1.886   1.199   0.728  -2.623   0.689   0.969
  -1.909   2.390   1.316  -0.232  -0.633   2.514  -0.007  -0.689   0.513  -0.310
  -1.691  -0.472  -0.536  -1.568   0.936  -0.003  -3.059   1.198   1.054  -3.116
   1.810  -0.615  -3.383   0.174  -0.221  -3.758
  -3.401   1.466   1.070  -2.933   0.555   0.735  -3.240   0.290  -0.234  -3.204
  -0.249   1.407  -1.458   0.777   0.759  -0.979   1.876   0.835  -0.748  -0.329
   0.806  -1.220  -1.199   0.787   0.767  -0.390   0.838   1.185   0.313   1.581
   1.163  -1.798   1.336   2.232  -1.894   1.232   0.614  -2.522   0.773   0.950
  -1.857   2.389   1.408  -0.188  -0.589   2.603  -0.012  -0.737   0.582  -0.234
  -1.656  -0.415  -0.370  -1.421   0.991   0.020  -3.042   1.359   1.037  -3.191
   1.765  -0.656  -3.288   0.113  -0.147  -3.710
  -3.467   1.536   0.954  -2.976   0.581   0.789  -3.266   0.199  -0.132  -3.258
  -0.114   1.607  -1.492   0.814   0.772  -0.949   1.924   0.814  -0.690  -0.255
   0.756  -1.185  -1.148   0.785   0.769  -0.319   0.756   1.127   0.468   1.413
   1.081  -1.707   1.360   2.185  -1.866   1.403   0.625  -2.477   0.700   0.708
  -1.792   2.374   1.453  -0.119  -0.600   2.673   0.073  -0.700   0.632  -0.166
  -1.645  -0.312  -0.375  -1.457   0.990   0.111  -3.019   1.338   1.106  -3.182
   1.723  -0.627  -3.330   0.130  -0.057  -3.633
  -3.435   1.566   0.817  -2.910   0.567   0.767  -3.159   0.093  -0.182  -3.117
  -0.062   1.636  -1.420   0.807   0.787  -0.914   1.917   0.778  -0.682  -0.295
   0.748  -1.140  -1.162   0.800   0.792  -0.327   0.794   1.163   0.465   1.436
   1.093  -1.733   1.334   2.166  -1.984   1.440   0.525  -2.511   0.793   0.713
  -1.776   2.342   1.443  -0.128  -0.607   2.678   0.031  -0.718   0.637  -0.260
  -1.670  -0.295  -0.585  -1.479   0.978   0.131  -3.035   1.486   1.098  -3.091
   1.636  -0.645  -3.374   0.100   0.113  -3.696
  -3.489   1.516   0.865  -2.926   0.568   0.814  -3.269  -0.089  -0.011  -3.148
   0.119   1.821  -1.418   0.786   0.770  -0.912   1.877   0.675  -0.700  -0.333
   0.783  -1.125  -1.225   0.914   0.748  -0.317   0.775   1.090   0.452   1.485
   1.171  -1.686   1.373   2.267  -1.794   1.516   0.915  -2.464   0.599   0.622
  -1.865   2.288   1.377  -0.189  -0.610   2.639   0.020  -0.682   0.592  -0.191
  -1.666  -0.354  -0.450  -1.476   0.994   0.033  -3.051   1.642   0.905  -3.141
   1.509  -0.896  -3.396   0.129   0.167  -3.696
  -3.454   1.539   0.842  -2.968   0.532   0.813  -3.229  -0.070  -0.025  -3.241
   0.023   1.744  -1.475   0.747   0.741  -1.022   1.865   0.612  -0.718  -0.345
   0.869  -1.188  -1.268   0.992   0.740  -0.343   0.867   1.159   0.456   1.494
   1.139  -1.693   1.401   2.230  -1.794   1.391   0.719  -2.531   0.800   0.728
  -1.761   2.426   1.385  -0.090  -0.529   2.612   0.002  -0.654   0.609  -0.108
  -1.580  -0.408  -0.168  -1.403   0.926   0.060  -2.962   1.381   1.050  -3.202
   1.570  -0.766  -3.326  -0.013   0.126  -3.539
  -3.526   1.494   0.656  -2.991   0.545   0.730  -3.276  -0.040  -0.149  -3.193
   0.010   1.656  -1.487   0.767   0.747  -1.040   1.892   0.582  -0.707  -0.325
   0.977  -1.147  -1.180   1.246   0.730  -0.386   0.871   1.146   0.395   1.496
   1.182  -1.725   1.488   2.255  -1.798   1.463   0.802  -2.546   0.872   0.841
  -1.743   2.513   1.385  -0.148  -0.541   2.552   0.127  -0.664   0.516  -0.088
  -1.563  -0.454  -0.255  -1.301   0.897   0.043  -2.964   1.284   1.020  -3.147
   1.501  -0.785  -3.279   0.003  -0.030  -3.590
  -3.427   1.564   0.765  -2.974   0.555   0.721  -3.309  -0.009  -0.162  -3.276
  -0.028   1.606  -1.464   0.704   0.737  -1.061   1.875   0.599  -0.740  -0.341
   1.025  -1.239  -1.157   1.335   0.714  -0.399   0.937   1.110   0.410   1.556
   1.175  -1.702   1.526   2.272  -1.772   1.478   0.793  -2.539   0.885   0.874
  -1.793   2.556   1.296  -0.140  -0.480   2.525   0.120  -0.609   0.469  -0.194
  -1.569  -0.561  -0.233  -1.429   0.834  -0.055  -2.973   1.501   0.774  -3.081
   1.255  -0.932  -3.376  -0.095   0.158  -3.523
  -3.479   1.548   0.793  -3.007   0.581   0.743  -3.259   0.127  -0.192  -3.304
  -0.004   1.533  -1.501   0.720   0.750  -1.070   1.826   0.498  -0.795  -0.392
   0.887  -1.292  -1.269   0.941   0.674  -0.372   0.907   1.023   0.417   1.549
   1.257  -1.641   1.546   2.370  -1.633   1.582   1.023  -2.482   0.870   0.793
  -1.854   2.515   1.260  -0.083  -0.494   2.470   0.094  -0.630   0.439  -0.199
  -1.552  -0.500  -0.426  -1.312   0.854  -0.009  -2.956   1.646   0.701  -3.000
   1.259  -0.933  -3.342   0.000   0.228  -3.598
  -3.471   1.582   1.028  -3.066   0.604   0.758  -3.410   0.352  -0.242  -3.427
  -0.124   1.468  -1.563   0.708   0.810  -1.141   1.791   0.487  -0.760  -0.351
   0.972  -1.158  -1.256   1.112   0.711  -0.267   0.897   1.056   0.659   1.416
   1.293  -1.520   1.611   2.398  -1.496   1.628   1.033  -2.364   0.986   1.048
  -1.615   2.691   1.322  -0.188  -0.509   2.507   0.098  -0.640   0.533  -0.251
  -1.574  -0.434  -0.478  -1.357   0.893   0.007  -2.982   1.734   0.696  -3.001
   1.137  -0.988  -3.406   0.023   0.403  -3.587
  -3.606   1.479   1.035  -3.094   0.531   0.809  -3.415   0.176  -0.191  -3.362
  -0.178   1.554  -1.562   0.740   0.725  -1.054   1.836   0.508  -0.807  -0.277
   0.986  -1.254  -1.096   1.382   0.675  -0.346   0.905   1.098   0.492   1.473
   1.182  -1.664   1.654   2.280  -1.771   1.693   0.790  -2.485   1.094   0.798
  -1.587   2.656   1.323  -0.212  -0.495   2.514   0.071  -0.593   0.520  -0.242
  -1.590  -0.440  -0.387  -1.470   0.974   0.011  -2.965   1.856   0.599  -2.953
   1.070  -0.872  -3.651   0.131   0.625  -3.412
  -3.519   1.483   1.103  -3.079   0.505   0.836  -3.490   0.116  -0.109  -3.323
  -0.155   1.679  -1.581   0.670   0.690  -1.130   1.759   0.425  -0.778  -0.388
   0.882  -1.218  -1.268   1.125   0.671  -0.377   0.908   0.992   0.507   1.502
   1.130  -1.600   1.695   2.226  -1.723   1.599   0.641  -2.462   1.284   0.907
  -1.462   2.746   1.338  -0.230  -0.510   2.546   0.064  -0.531   0.560  -0.361
  -1.590  -0.274  -0.826  -1.409   0.916   0.084  -2.956   1.863   0.620  -3.041
   1.003  -0.878  -3.501   0.189   0.757  -3.398
  -3.497   1.460   0.955  -3.086   0.469   0.728  -3.363  -0.034  -0.224  -3.347
  -0.164   1.595  -1.559   0.611   0.682  -1.148   1.720   0.366  -0.782  -0.482
   0.854  -1.187  -1.319   1.227   0.700  -0.383   0.888   0.872   0.519   1.414
   1.175  -1.569   1.754   2.264  -1.685   1.747   0.757  -2.533   1.414   0.819
  -1.359   2.771   1.324  -0.260  -0.481   2.567   0.063  -0.560   0.570  -0.398
  -1.574  -0.385  -0.631  -1.369   0.887   0.047  -2.939   1.737   0.772  -2.848
   1.194  -0.868  -3.496   0.068   0.598  -3.372
  -3.483   1.223   0.931  -3.019   0.318   0.695  -3.446  -0.063  -0.275  -3.199
  -0.385   1.493  -1.529   0.574   0.486  -1.104   1.714   0.347  -0.774  -0.494
   0.789  -1.210  -1.397   0.848   0.685  -0.366   0.852   0.839   0.554   1.381
   1.169  -1.503   1.779   2.255  -1.452   1.794   0.916  -2.522   1.388   0.753
  -1.292   2.771   1.379  -0.229  -0.553   2.575   0.116  -0.610   0.536  -0.291
  -1.619  -0.404  -0.499  -1.403   0.822   0.120  -3.013   1.639   0.837  -3.082
   1.045  -0.772  -3.564  -0.078   0.595  -3.425
  -3.485   1.271   0.971  -3.034   0.335   0.656  -3.335  -0.038  -0.337  -3.240
  -0.362   1.445  -1.574   0.590   0.524  -1.119   1.712   0.343  -0.795  -0.508
   0.745  -1.193  -1.397   0.941   0.637  -0.378   0.802   0.911   0.552   1.322
   1.151  -1.541   1.704   2.240  -1.412   1.788   0.873  -2.528   1.449   0.778
  -1.378   2.696   1.257  -0.252  -0.615   2.458   0.087  -0.677   0.480  -0.412
  -1.683  -0.469  -0.688  -1.518   0.806   0.153  -2.987   1.325   1.071  -2.788
   1.345  -0.585  -3.586  -0.107   0.421  -3.517
  -3.538   1.269   1.126  -3.118   0.344   0.585  -3.383   0.247  -0.459  -3.410
  -0.541   1.174  -1.613   0.586   0.613  -1.148   1.754   0.397  -0.837  -0.483
   0.761  -1.287  -1.385   0.938   0.613  -0.438   0.810   0.888   0.377   1.405
   1.039  -1.648   1.630   2.114  -1.712   1.755   0.627  -2.594   1.183   0.579
  -1.573   2.604   1.237  -0.280  -0.598   2.390   0.143  -0.648   0.486  -0.443
  -1.689  -0.397  -0.949  -1.578   0.713   0.117  -2.996   1.102   1.140  -2.874
   1.371  -0.505  -3.579  -0.267   0.288  -3.431
  -3.542   1.207   1.179  -3.176   0.336   0.682  -3.554   0.273  -0.323  -3.331
  -0.578   1.269  -1.663   0.562   0.657  -1.206   1.659   0.371  -0.919  -0.505
   0.839  -1.339  -1.375   1.115   0.526  -0.472   0.835   0.838   0.463   1.316
   1.124  -1.596   1.682   2.205  -1.388   1.842   0.992  -2.591   1.248   0.549
  -1.582   2.589   1.252  -0.337  -0.531   2.416   0.124  -0.571   0.414  -0.375
  -1.610  -0.504  -0.806  -1.484   0.736   0.189  -2.941   1.035   1.234  -2.800
   1.681  -0.292  -3.298  -0.085   0.033  -3.591
  -3.562   1.020   1.353  -3.112   0.266   0.746  -3.547   0.356  -0.259  -3.349
  -0.670   1.256  -1.647   0.495   0.652  -1.246   1.670   0.467  -0.874  -0.564
   0.798  -1.338  -1.459   0.788   0.554  -0.442   0.866   0.736   0.459   1.450
   1.095  -1.628   1.665   2.151  -1.417   1.771   0.960  -2.607   1.167   0.694
  -1.653   2.667   1.208  -0.237  -0.530   2.411   0.025  -0.626   0.419  -0.358
  -1.624  -0.567  -0.597  -1.426   0.880   0.055  -2.970   1.152   1.116  -3.026
   1.713  -0.545  -3.305   0.007  -0.053  -3.682
  -3.651   0.986   1.430  -3.162   0.311   0.748  -3.504   0.640  -0.240  -3.578
  -0.663   0.924  -1.686   0.507   0.713  -1.232   1.636   0.539  -0.938  -0.595
   0.861  -1.375  -1.509   0.996   0.506  -0.438   0.863   0.793   0.453   1.422
   1.107  -1.631   1.630   2.184  -1.612   1.673   0.805  -2.605   1.274   0.744
  -1.586   2.685   1.255  -0.233  -0.469   2.447   0.008  -0.609   0.442  -0.292
  -1.556  -0.433  -0.836  -1.489   0.798   0.036  -2.950   1.004   1.102  -3.074
   1.630  -0.545  -3.339  -0.093  -0.177  -3.607
  -3.649   0.845   1.439  -3.209   0.266   0.698  -3.600   0.514  -0.280  -3.301
  -0.761   0.916  -1.710   0.517   0.683  -1.346   1.680   0.532  -0.916  -0.535
   0.888  -1.336  -1.437   0.926   0.525  -0.398   0.921   0.790   0.472   1.466
   1.205  -1.581   1.632   2.268  -1.389   1.658   1.067  -2.546   1.183   0.799
  -1.552   2.622   1.215  -0.240  -0.438   2.425  -0.047  -0.478   0.464  -0.397
  -1.549  -0.473  -0.714  -1.363   0.790  -0.087  -2.915   0.990   0.982  -2.973
   1.707  -0.578  -3.184  -0.079  -0.294  -3.537
  -3.500   0.908   1.612  -3.242   0.334   0.697  -3.772   0.726  -0.195  -3.507
  -0.681   0.902  -1.738   0.558   0.668  -1.332   1.666   0.513  -0.910  -0.406
   0.966  -1.340  -1.258   1.312   0.561  -0.306   0.914   0.788   0.664   1.433
   1.201  -1.545   1.662   2.301  -1.563   1.558   0.894  -2.447   1.088   0.886
  -1.567   2.719   1.259  -0.223  -0.484   2.462  -0.036  -0.657   0.501  -0.293
  -1.605  -0.474  -0.582  -1.399   0.920   0.008  -2.917   1.286   1.006  -2.890
   1.688  -0.768  -3.207   0.051  -0.098  -3.618
  -3.579   1.080   1.461  -3.193   0.364   0.763  -3.606   0.548  -0.222  -3.522
  -0.654   1.058  -1.685   0.557   0.666  -1.245   1.691   0.415  -0.910  -0.514
   0.928  -1.370  -1.421   1.122   0.575  -0.415   0.924   0.763   0.474   1.398
   1.300  -1.496   1.755   2.324  -1.329   1.638   1.108  -2.444   1.298   0.960
  -1.535   2.777   1.189  -0.201  -0.485   2.482  -0.157  -0.634   0.423  -0.223
  -1.569  -0.507  -0.566  -1.440   0.931   0.051  -2.948   1.109   1.130  -3.160
   1.871  -0.495  -3.122   0.311  -0.306  -3.819
  -3.620   1.273   1.251  -3.228   0.411   0.770  -3.633   0.526  -0.268  -3.331
  -0.544   1.298  -1.728   0.555   0.613  -1.312   1.656   0.290  -0.881  -0.469
   0.938  -1.178  -1.386   1.207   0.609  -0.312   0.969   0.928   0.603   1.467
   1.211  -1.520   1.746   2.277  -1.345   1.875   1.024  -2.435   1.179   0.793
  -1.531   2.745   1.225  -0.268  -0.443   2.433  -0.258  -0.560   0.463  -0.183
  -1.527  -0.530  -0.285  -1.355   0.858   0.012  -2.920   0.951   1.113  -3.142
   1.825  -0.525  -3.062   0.134  -0.490  -3.600
  -3.755   1.077   1.133  -3.202   0.278   0.613  -3.550   0.175  -0.376  -3.391
  -0.688   1.058  -1.699   0.568   0.586  -1.278   1.737   0.435  -0.919  -0.460
   0.870  -1.347  -1.388   0.938   0.522  -0.363   0.947   0.742   0.613   1.483
   1.130  -1.515   1.715   2.106  -1.316   2.047   1.070  -2.406   1.124   0.461
  -1.717   2.601   1.157  -0.256  -0.438   2.379  -0.212  -0.579   0.360  -0.212
  -1.502  -0.625  -0.345  -1.230   0.787  -0.052  -2.873   0.434   0.816  -3.275
   1.854  -0.139  -3.081   0.233  -0.740  -3.495
  -3.746   0.877   1.271  -3.269   0.217   0.572  -3.627   0.255  -0.433  -3.395
  -0.773   0.988  -1.793   0.498   0.590  -1.428   1.668   0.499  -0.937  -0.500
   0.856  -1.326  -1.325   1.379   0.480  -0.356   0.913   0.642   0.538   1.499
   1.089  -1.532   1.714   2.144  -1.322   1.955   1.015  -2.433   1.255   0.593
  -1.725   2.672   1.159  -0.305  -0.492   2.411  -0.202  -0.599   0.335  -0.224
  -1.563  -0.650  -0.320  -1.396   0.754  -0.104  -2.947   0.633   0.898  -3.388
   1.857  -0.343  -2.929   0.246  -0.777  -3.609
  -3.853   1.130   0.995  -3.348   0.261   0.616  -3.700   0.139  -0.423  -3.546
  -0.696   1.131  -1.869   0.524   0.575  -1.489   1.712   0.395  -1.029  -0.514
   0.785  -1.375  -1.447   0.925   0.425  -0.289   0.851   0.602   0.738   1.279
   0.988  -1.528   1.732   1.899  -1.190   2.061   1.154  -2.395   1.169   0.366
  -1.793   2.595   1.095  -0.235  -0.521   2.293  -0.182  -0.588   0.269  -0.386
  -1.603  -0.703  -0.599  -1.397   0.647  -0.254  -3.029   0.554   0.754  -3.389
   1.676  -0.490  -3.112   0.020  -0.960  -3.607
  -3.868   0.874   1.306  -3.404   0.207   0.607  -3.768   0.449  -0.404  -3.598
  -0.816   0.991  -1.891   0.508   0.558  -1.581   1.693   0.419  -1.037  -0.496
   0.747  -1.363  -1.425   0.802   0.417  -0.371   0.849   0.582   0.544   1.435
   1.055  -1.479   1.700   2.077  -1.197   1.860   0.920  -2.385   1.131   0.554
  -1.562   2.672   1.037  -0.199  -0.589   2.256  -0.068  -0.667   0.241  -0.438
  -1.625  -0.743  -0.562  -1.524   0.673  -0.317  -3.024   0.914   0.728  -3.376
   1.603  -0.937  -3.264  -0.145  -0.668  -3.652
  -3.786   1.116   1.069  -3.305   0.359   0.450  -3.690   0.412  -0.545  -3.527
  -0.613   0.963  -1.840   0.544   0.515  -1.481   1.736   0.401  -1.028  -0.464
   0.827  -1.339  -1.445   0.876   0.420  -0.311   0.850   0.705   0.606   1.338
   1.049  -1.436   1.697   2.088  -1.352   1.792   0.874  -2.388   1.261   0.617
  -1.404   2.698   1.067  -0.288  -0.530   2.282  -0.010  -0.641   0.256  -0.427
  -1.594  -0.749  -0.488  -1.425   0.708  -0.349  -2.917   1.006   0.591  -3.175
   1.548  -1.126  -3.178  -0.153  -0.697  -3.539
  -3.819   0.984   1.241  -3.298   0.391   0.548  -3.665   0.597  -0.501  -3.556
  -0.675   0.736  -1.829   0.616   0.496  -1.416   1.718   0.289  -1.010  -0.410
   0.774  -1.417  -1.348   0.715   0.469  -0.299   0.907   0.730   0.734   1.296
   0.967  -1.420   1.724   2.059  -1.317   1.799   0.799  -2.347   1.225   0.537
  -1.460   2.742   1.095  -0.209  -0.509   2.340  -0.032  -0.574   0.314  -0.441
  -1.558  -0.684  -0.549  -1.358   0.765  -0.341  -2.954   1.143   0.705  -3.142
   1.490  -1.167  -3.161  -0.104  -0.440  -3.576
  -3.745   1.363   0.850  -3.295   0.489   0.427  -3.557   0.401  -0.604  -3.517
  -0.530   0.957  -1.774   0.668   0.483  -1.349   1.770   0.220  -1.037  -0.369
   0.861  -1.533  -1.245   1.053   0.428  -0.324   0.906   0.690   0.575   1.424
   0.874  -1.518   1.717   1.946  -1.502   2.039   0.568  -2.402   1.197   0.362
  -1.598   2.643   1.139  -0.271  -0.449   2.327   0.094  -0.558   0.363  -0.530
  -1.519  -0.620  -0.741  -1.281   0.804  -0.295  -2.904   0.932   0.800  -3.088
   1.643  -0.911  -3.156   0.110  -0.681  -3.618
  -3.853   1.319   0.833  -3.339   0.412   0.424  -3.688   0.227  -0.608  -3.611
  -0.441   1.007  -1.872   0.707   0.426  -1.420   1.865   0.108  -1.093  -0.308
   0.863  -1.633  -1.080   1.269   0.389  -0.303   0.934   0.622   0.514   1.556
   0.723  -1.619   1.667   1.783  -1.545   1.897   0.453  -2.501   1.052   0.177
  -1.630   2.628   1.123  -0.172  -0.436   2.301   0.133  -0.406   0.459  -0.406
  -1.587  -0.497  -0.694  -1.446   0.938  -0.423  -2.975   1.186   0.641  -3.303
   1.959  -0.961  -2.875   0.239  -0.821  -3.704
  -3.832   1.138   0.938  -3.339   0.364   0.398  -3.517   0.370  -0.636  -3.493
  -0.698   0.716  -1.855   0.705   0.449  -1.485   1.808   0.080  -1.063  -0.257
   0.946  -1.590  -1.082   1.246   0.430  -0.268   0.933   0.764   0.536   1.616
   0.868  -1.591   1.623   1.940  -1.643   1.589   0.488  -2.417   1.049   0.538
  -1.659   2.617   1.071  -0.108  -0.456   2.282   0.221  -0.505   0.328  -0.356
  -1.547  -0.622  -0.687  -1.472   0.964  -0.255  -2.869   0.850   0.755  -3.308
   2.041  -0.458  -2.854   0.489  -1.009  -3.559
  -3.905   0.930   1.116  -3.379   0.380   0.425  -3.667   0.669  -0.566  -3.540
  -0.722   0.519  -1.867   0.730   0.558  -1.450   1.797   0.064  -1.034  -0.256
   0.944  -1.474  -1.056   1.430   0.457  -0.303   1.002   0.880   0.455   1.638
   0.832  -1.617   1.588   1.892  -1.744   1.531   0.415  -2.459   1.064   0.527
  -1.543   2.649   1.155  -0.156  -0.369   2.356   0.193  -0.461   0.466  -0.452
  -1.470  -0.468  -0.857  -1.253   0.861  -0.207  -2.835   0.821   0.869  -3.121
   1.899  -0.432  -2.957   0.181  -0.689  -3.508
  -3.817   0.886   1.209  -3.304   0.325   0.464  -3.785   0.499  -0.508  -3.521
  -0.782   0.617  -1.824   0.661   0.490  -1.464   1.744   0.043  -0.996  -0.259
   1.011  -1.395  -1.054   1.506   0.465  -0.279   1.004   0.910   0.521   1.570
   0.805  -1.650   1.590   1.763  -2.047   1.408   0.084  -2.329   1.142   0.578
  -1.707   2.628   1.155  -0.175  -0.416   2.340   0.119  -0.404   0.505  -0.401
  -1.556  -0.454  -0.648  -1.403   0.954  -0.101  -2.928   1.213   0.967  -2.971
   1.899  -0.617  -3.195   0.133  -0.402  -3.668
  -3.838   0.998   1.102  -3.312   0.341   0.437  -3.733   0.378  -0.589  -3.491
  -0.641   0.759  -1.843   0.653   0.498  -1.485   1.714  -0.012  -1.023  -0.328
   0.972  -1.474  -1.178   1.392   0.454  -0.402   0.895   0.838   0.413   1.474
   0.861  -1.698   1.605   1.849  -2.012   1.193   0.136  -2.488   1.386   0.874
  -1.562   2.677   1.158  -0.228  -0.425   2.371   0.111  -0.342   0.494  -0.494
  -1.569  -0.395  -0.928  -1.486   0.944  -0.163  -2.885   0.813   0.902  -3.020
   2.004  -0.342  -3.038   0.326  -0.745  -3.567
  -3.904   0.864   1.106  -3.352   0.295   0.404  -3.798   0.567  -0.514  -3.493
  -0.742   0.676  -1.894   0.655   0.440  -1.414   1.712  -0.007  -1.062  -0.282
   1.020  -1.545  -1.135   1.289   0.419  -0.349   0.924   0.834   0.457   1.493
   0.784  -1.720   1.539   1.870  -1.822   1.488   0.394  -2.517   0.976   0.403
  -1.670   2.542   1.132  -0.225  -0.415   2.277   0.180  -0.380   0.474  -0.488
  -1.555  -0.379  -0.988  -1.492   0.903  -0.241  -2.908   0.463   0.711  -3.297
   1.952  -0.282  -2.931   0.568  -1.085  -3.500
  -3.666   0.925   1.300  -3.271   0.314   0.489  -3.645   0.496  -0.483  -3.515
  -0.726   0.738  -1.825   0.572   0.485  -1.444   1.594  -0.056  -0.984  -0.358
   0.983  -1.451  -1.196   1.435   0.474  -0.431   1.007   0.896   0.362   1.708
   0.746  -1.789   1.595   1.738  -1.872   1.881   0.511  -2.569   0.849   0.119
  -2.005   2.408   1.127  -0.245  -0.395   2.348   0.035  -0.392   0.409  -0.490
  -1.467  -0.526  -0.892  -1.289   0.795  -0.141  -2.843   0.424   0.795  -3.154
   1.923  -0.012  -2.930   0.480  -0.910  -3.569
  -3.612   0.941   1.328  -3.248   0.244   0.523  -3.677   0.438  -0.389  -3.414
  -0.782   0.834  -1.773   0.551   0.439  -1.411   1.678   0.031  -1.001  -0.386
   0.975  -1.459  -1.152   1.354   0.452  -0.520   1.034   0.889   0.313   1.604
   0.825  -1.844   1.595   1.892  -1.982   1.525   0.475  -2.671   1.025   0.486
  -2.016   2.614   1.166  -0.370  -0.368   2.303   0.114  -0.438   0.497  -0.693
  -1.471  -0.394  -1.134  -1.266   0.792  -0.202  -2.781   0.149   0.692  -2.962
   1.847  -0.001  -2.991   0.509  -0.953  -3.543
  -3.777   1.131   1.189  -3.282   0.419   0.494  -3.723   0.465  -0.504  -3.555
  -0.572   0.861  -1.770   0.557   0.429  -1.388   1.581  -0.090  -1.051  -0.437
   1.011  -1.529  -1.228   1.428   0.405  -0.479   1.054   0.822   0.297   1.660
   0.792  -1.888   1.639   1.830  -2.136   1.632   0.331  -2.686   1.012   0.585
  -1.986   2.723   1.139  -0.257  -0.309   2.278   0.169  -0.210   0.464  -0.471
  -1.472  -0.534  -0.794  -1.327   0.746  -0.193  -2.866   0.168   0.671  -3.115
   1.797   0.022  -2.992   0.377  -0.983  -3.518
  -3.691   1.334   0.998  -3.308   0.410   0.501  -3.711   0.337  -0.435  -3.499
  -0.445   1.214  -1.787   0.538   0.415  -1.284   1.556  -0.045  -1.048  -0.439
   0.955  -1.529  -1.201   1.382   0.421  -0.375   1.064   0.641   0.359   1.838
   0.794  -1.708   1.739   1.849  -1.753   1.761   0.371  -2.522   1.100   0.329
  -1.820   2.754   1.182  -0.165  -0.308   2.395   0.092  -0.290   0.465  -0.404
  -1.398  -0.513  -0.676  -1.206   0.792  -0.268  -2.828   0.070   0.453  -3.198
   1.819   0.130  -2.910   0.608  -1.281  -3.393
  -3.799   1.390   0.594  -3.288   0.391   0.489  -3.587   0.049  -0.475  -3.684
  -0.400   1.134  -1.737   0.548   0.478  -1.218   1.562   0.014  -1.007  -0.392
   1.049  -1.545  -1.075   1.555   0.458  -0.459   1.096   0.928   0.274   1.733
   0.855  -1.813   1.704   1.879  -1.948   1.691   0.336  -2.608   1.150   0.464
  -1.886   2.720   1.124  -0.256  -0.312   2.333   0.018  -0.386   0.350  -0.406
  -1.365  -0.572  -0.828  -1.301   0.731  -0.224  -2.775   0.273   0.625  -3.324
   1.725   0.128  -2.776   0.544  -1.167  -3.338
  -3.703   1.364   0.380  -3.224   0.357   0.481  -3.411  -0.227  -0.435  -3.427
  -0.126   1.430  -1.727   0.595   0.567  -1.168   1.577   0.151  -0.991  -0.373
   1.086  -1.480  -1.185   1.442   0.509  -0.547   1.028   1.016   0.218   1.651
   0.835  -1.888   1.661   2.000  -1.955   1.641   0.292  -2.659   1.143   0.514
  -1.856   2.701   1.089  -0.258  -0.402   2.240   0.017  -0.497   0.316  -0.355
  -1.527  -0.607  -0.640  -1.322   0.810  -0.187  -2.880   0.329   0.687  -3.357
   1.884  -0.097  -2.893   0.530  -1.163  -3.394
  -3.751   1.195   0.675  -3.128   0.320   0.583  -3.341  -0.096  -0.401  -3.409
  -0.311   1.392  -1.639   0.575   0.584  -1.166   1.542   0.009  -0.948  -0.388
   1.155  -1.387  -1.131   1.563   0.472  -0.488   1.062   0.839   0.322   1.650
   0.899  -1.834   1.664   2.051  -1.748   1.843   0.707  -2.612   0.932   0.371
  -2.073   2.596   1.103  -0.232  -0.331   2.259   0.128  -0.446   0.320  -0.365
  -1.410  -0.680  -0.412  -1.235   0.713  -0.136  -2.769   0.202   0.856  -3.111
   1.801  -0.094  -2.831   0.279  -0.968  -3.361
  -3.570   1.294   0.625  -3.164   0.301   0.567  -3.512  -0.116  -0.324  -3.394
  -0.157   1.482  -1.654   0.565   0.630  -1.303   1.651   0.060  -0.924  -0.365
   1.253  -1.387  -1.209   1.536   0.501  -0.496   1.083   0.821   0.403   1.626
   0.858  -1.853   1.752   1.868  -1.927   2.030   0.720  -2.624   1.010   0.214
  -2.192   2.496   1.101  -0.308  -0.346   2.268   0.036  -0.378   0.308  -0.412
  -1.438  -0.661  -0.717  -1.213   0.773  -0.186  -2.847   0.355   0.639  -3.355
   1.893  -0.105  -2.814   0.582  -1.084  -3.406
  -3.543   1.490   0.785  -3.186   0.455   0.609  -3.617   0.104  -0.253  -3.481
  -0.142   1.454  -1.656   0.554   0.542  -1.156   1.566   0.003  -1.012  -0.434
   1.151  -1.553  -1.218   1.533   0.443  -0.536   1.127   0.933   0.256   1.703
   0.851  -1.861   1.710   1.832  -1.828   2.003   0.594  -2.645   0.915   0.242
  -2.079   2.588   1.063  -0.349  -0.337   2.257  -0.045  -0.516   0.264  -0.468
  -1.424  -0.731  -0.765  -1.287   0.706  -0.170  -2.741   0.143   0.636  -3.290
   1.788   0.192  -2.724   0.676  -1.053  -3.384
  -3.653   1.481   0.630  -3.214   0.464   0.622  -3.624  -0.257  -0.101  -3.431
   0.184   1.609  -1.729   0.583   0.531  -1.245   1.577   0.012  -1.007  -0.430
   1.001  -1.523  -1.162   1.389   0.463  -0.525   1.063   0.830   0.342   1.688
   0.884  -1.848   1.718   1.941  -1.800   1.835   0.669  -2.632   1.054   0.329
  -2.043   2.634   1.102  -0.412  -0.306   2.206   0.033  -0.397   0.335  -0.609
  -1.413  -0.619  -0.873  -1.274   0.699  -0.259  -2.758   0.007   0.452  -3.194
   1.648   0.160  -2.873   0.727  -1.090  -3.318
  -3.616   1.470   0.839  -3.196   0.448   0.777  -3.594  -0.029  -0.089  -3.630
  -0.078   1.666  -1.697   0.597   0.663  -1.268   1.593   0.046  -0.969  -0.420
   1.120  -1.356  -1.132   1.650   0.486  -0.531   1.025   0.882   0.292   1.676
   0.956  -1.797   1.618   2.047  -1.717   1.915   0.793  -2.537   0.872   0.406
  -2.107   2.537   1.137  -0.319  -0.369   2.277   0.157  -0.517   0.424  -0.622
  -1.468  -0.520  -0.812  -1.288   0.708  -0.209  -2.844  -0.109   0.349  -3.312
   1.616   0.436  -2.900   0.865  -1.210  -3.357
  -3.711   1.371   0.464  -3.264   0.436   0.752  -3.592  -0.472   0.183  -3.544
   0.274   1.801  -1.748   0.583   0.654  -1.260   1.620   0.237  -0.971  -0.470
   1.079  -1.329  -1.218   1.457   0.485  -0.458   1.053   0.784   0.404   1.694
   0.935  -1.748   1.659   2.035  -1.774   1.760   0.746  -2.525   0.951   0.467
  -1.865   2.631   1.093  -0.399  -0.376   2.232   0.089  -0.366   0.370  -0.671
  -1.436  -0.612  -0.956  -1.373   0.705  -0.331  -2.802  -0.196   0.064  -3.239
   1.352   0.546  -2.806   1.195  -1.169  -3.292
  -3.800   1.428   0.798  -3.290   0.476   0.803  -3.770  -0.213   0.082  -3.471
  -0.049   1.745  -1.709   0.603   0.669  -1.267   1.671   0.202  -1.012  -0.414
   1.125  -1.493  -1.173   1.477   0.427  -0.474   1.050   0.828   0.352   1.588
   0.906  -1.764   1.790   1.951  -1.788   1.933   0.651  -2.595   1.144   0.348
  -1.908   2.759   1.074  -0.398  -0.332   2.231  -0.036  -0.448   0.373  -0.716
  -1.413  -0.463  -1.160  -1.320   0.666  -0.331  -2.824  -0.239  -0.099  -3.301
   1.281   0.579  -2.790   1.090  -1.130  -3.382
  -3.702   1.352   0.834  -3.237   0.414   0.844  -3.555  -0.089  -0.029  -3.486
  -0.155   1.746  -1.733   0.682   0.741  -1.393   1.719   0.137  -0.942  -0.279
   1.230  -1.386  -1.179   1.517   0.492  -0.411   1.063   0.943   0.371   1.615
   0.907  -1.733   1.694   1.982  -1.857   1.828   0.668  -2.684   1.125   0.450
  -1.859   2.723   1.117  -0.328  -0.371   2.343  -0.061  -0.412   0.354  -0.655
  -1.381  -0.497  -1.161  -1.201   0.615  -0.275  -2.763  -0.339  -0.126  -3.328
   1.128   0.709  -2.916   1.164  -1.058  -3.293
  -3.829   1.390   1.018  -3.300   0.427   0.734  -3.635   0.149  -0.245  -3.521
  -0.258   1.551  -1.738   0.692   0.687  -1.348   1.683   0.106  -0.992  -0.264
   1.224  -1.472  -1.034   1.634   0.477  -0.357   1.113   0.940   0.591   1.550
   0.749  -1.678   1.891   1.870  -1.743   2.051   0.413  -2.625   1.406   0.409
  -1.746   2.906   1.053  -0.320  -0.283   2.214   0.014  -0.454   0.260  -0.564
  -1.355  -0.682  -0.923  -1.099   0.525  -0.305  -2.758  -0.399  -0.300  -3.295
   1.117   0.721  -2.843   1.166  -1.101  -3.106
  -3.768   1.485   0.944  -3.245   0.497   0.864  -3.559   0.034  -0.086  -3.398
  -0.255   1.638  -1.810   0.718   0.718  -1.368   1.701   0.113  -0.998  -0.208
   1.279  -1.510  -0.756   1.891   0.457  -0.375   1.131   1.005   0.450   1.652
   0.767  -1.746   1.934   1.785  -1.991   1.780   0.191  -2.596   1.633   0.543
  -1.721   3.017   0.977  -0.348  -0.277   2.206  -0.086  -0.370   0.163  -0.443
  -1.286  -0.762  -0.747  -1.107   0.456  -0.279  -2.690  -0.378  -0.460  -3.339
   0.953   0.606  -2.930   1.151  -1.076  -2.886
  -3.626   1.393   1.368  -3.275   0.455   0.946  -3.749   0.172  -0.017  -3.397
  -0.240   1.705  -1.755   0.702   0.799  -1.413   1.707   0.136  -0.936  -0.183
   1.297  -1.388  -0.919   1.807   0.520  -0.351   1.172   0.957   0.520   1.690
   0.814  -1.710   1.882   1.832  -1.953   1.748   0.237  -2.519   1.487   0.610
  -1.681   2.985   1.042  -0.268  -0.297   2.255   0.006  -0.427   0.173  -0.382
  -1.335  -0.766  -0.644  -1.080   0.563  -0.221  -2.687  -0.425  -0.215  -3.175
   1.074   0.737  -2.824   1.070  -1.005  -3.133
