default_name                                                                    
  -3.548   1.511   1.055  -3.075   0.535   0.990  -3.431   0.028   0.087  -3.340
  -0.045   1.873  -1.570   0.679   0.922  -1.057   1.805   0.923  -0.865  -0.447
   0.865  -1.363  -1.323   0.885   0.611  -0.510   0.839   0.995   0.269   1.510
   1.022  -1.868   1.410   2.115  -1.914   1.476   0.664  -2.681   0.771   0.614
  -1.994   2.414   1.241  -0.259  -0.558   2.468  -0.183  -0.674   0.425  -0.130
  -1.612  -0.567  -0.183  -1.443   0.863   0.081  -2.994   1.431   1.010  -3.058
   1.500  -0.745  -3.310   0.011   0.160  -3.666
  -3.542   1.527   1.092  -3.080   0.538   0.992  -3.440   0.097   0.066  -3.374
  -0.093   1.825  -1.578   0.681   0.924  -1.062   1.799   0.912  -0.874  -0.450
   0.858  -1.379  -1.329   0.888   0.599  -0.521   0.839   0.985   0.236   1.516
   1.011  -1.884   1.401   2.101  -1.931   1.462   0.642  -2.666   0.742   0.584
  -2.020   2.403   1.241  -0.258  -0.546   2.466  -0.177  -0.669   0.421  -0.115
  -1.595  -0.565  -0.204  -1.423   0.849   0.094  -2.977   1.452   1.001  -3.055
   1.444  -0.761  -3.311  -0.030   0.173  -3.611
  -3.525   1.500   1.129  -3.077   0.524   0.956  -3.427   0.115   0.006  -3.328
  -0.151   1.784  -1.578   0.673   0.911  -1.068   1.784   0.914  -0.867  -0.449
   0.870  -1.378  -1.320   0.829   0.593  -0.521   0.837   0.968   0.235   1.518
   1.012  -1.884   1.388   2.103  -1.944   1.441   0.622  -2.684   0.766   0.618
  -1.978   2.398   1.242  -0.258  -0.544   2.470  -0.214  -0.666   0.413  -0.116
  -1.595  -0.582  -0.166  -1.422   0.842   0.094  -2.982   1.502   0.965  -3.050
   1.369  -0.795  -3.330  -0.029   0.286  -3.626
  -3.559   1.496   1.125  -3.086   0.527   0.953  -3.473   0.127   0.019  -3.358
  -0.132   1.765  -1.594   0.673   0.889  -1.090   1.782   0.897  -0.886  -0.459
   0.843  -1.398  -1.341   0.874   0.595  -0.522   0.835   0.979   0.244   1.521
   1.012  -1.876   1.391   2.105  -1.936   1.423   0.649  -2.687   0.757   0.615
  -2.006   2.393   1.248  -0.248  -0.543   2.472  -0.232  -0.680   0.437  -0.092
  -1.600  -0.554  -0.142  -1.411   0.838   0.126  -2.983   1.485   0.998  -2.999
   1.399  -0.722  -3.361  -0.026   0.311  -3.629
  -3.502   1.494   1.139  -3.081   0.509   0.983  -3.479   0.064   0.068  -3.354
  -0.147   1.814  -1.582   0.650   0.895  -1.092   1.787   0.891  -0.856  -0.466
   0.845  -1.364  -1.344   0.898   0.608  -0.536   0.815   1.006   0.201   1.504
   1.034  -1.914   1.382   2.109  -2.012   1.369   0.620  -2.670   0.713   0.657
  -2.036   2.404   1.258  -0.266  -0.583   2.493  -0.224  -0.672   0.447  -0.065
  -1.614  -0.544  -0.136  -1.409   0.861   0.127  -2.992   1.481   1.018  -3.105
   1.392  -0.756  -3.362  -0.029   0.255  -3.632
  -3.525   1.456   1.192  -3.072   0.474   0.993  -3.448   0.065   0.053  -3.334
  -0.204   1.797  -1.574   0.623   0.913  -1.117   1.756   0.893  -0.834  -0.489
   0.838  -1.312  -1.383   0.898   0.617  -0.555   0.816   1.003   0.206   1.487
   1.065  -1.927   1.374   2.160  -2.002   1.356   0.625  -2.736   0.774   0.725
  -2.013   2.407   1.269  -0.251  -0.563   2.501  -0.219  -0.664   0.455  -0.033
  -1.624  -0.560  -0.048  -1.460   0.905   0.139  -3.004   1.595   0.973  -3.053
   1.386  -0.763  -3.399   0.038   0.359  -3.611
  -3.574   1.402   1.130  -3.094   0.432   0.980  -3.433  -0.026   0.068  -3.325
  -0.221   1.828  -1.590   0.606   0.884  -1.086   1.733   0.862  -0.857  -0.491
   0.835  -1.313  -1.393   0.837   0.609  -0.554   0.815   1.006   0.197   1.501
   1.056  -1.921   1.353   2.142  -1.963   1.417   0.699  -2.707   0.696   0.620
  -2.034   2.359   1.269  -0.267  -0.560   2.495  -0.202  -0.714   0.460  -0.073
  -1.618  -0.527  -0.148  -1.452   0.909   0.149  -2.996   1.654   0.966  -3.018
   1.324  -0.770  -3.405   0.081   0.468  -3.628
  -3.552   1.412   1.105  -3.083   0.433   0.948  -3.433  -0.053   0.020  -3.312
  -0.226   1.791  -1.583   0.606   0.901  -1.097   1.739   0.918  -0.862  -0.509
   0.845  -1.365  -1.390   0.836   0.615  -0.543   0.836   1.011   0.203   1.533
   1.067  -1.918   1.388   2.165  -1.922   1.492   0.762  -2.672   0.681   0.622
  -2.113   2.354   1.250  -0.265  -0.568   2.465  -0.195  -0.685   0.471  -0.064
  -1.644  -0.525  -0.104  -1.468   0.909   0.232  -2.988   1.656   1.049  -2.966
   1.328  -0.684  -3.400   0.057   0.542  -3.597
  -3.601   1.422   0.884  -3.111   0.451   0.915  -3.385  -0.115   0.037  -3.384
  -0.084   1.845  -1.596   0.629   0.892  -1.091   1.758   0.903  -0.881  -0.501
   0.838  -1.392  -1.370   0.924   0.569  -0.552   0.827   0.981   0.217   1.494
   1.010  -1.925   1.389   2.091  -1.932   1.491   0.716  -2.726   0.737   0.573
  -2.085   2.404   1.248  -0.240  -0.558   2.473  -0.172  -0.645   0.432  -0.064
  -1.632  -0.583  -0.108  -1.470   0.870   0.250  -3.001   1.602   1.079  -2.995
   1.317  -0.624  -3.484   0.041   0.556  -3.621
  -3.524   1.462   0.878  -3.089   0.471   0.936  -3.404  -0.125   0.082  -3.401
  -0.023   1.852  -1.591   0.595   0.897  -1.053   1.697   0.883  -0.915  -0.537
   0.847  -1.435  -1.407   0.863   0.538  -0.587   0.828   0.891   0.191   1.531
   1.009  -1.946   1.366   2.097  -1.924   1.480   0.743  -2.743   0.658   0.511
  -2.136   2.316   1.224  -0.242  -0.540   2.450  -0.169  -0.615   0.450  -0.004
  -1.589  -0.522  -0.218  -1.454   0.899   0.343  -2.952   1.635   1.133  -2.951
   1.313  -0.545  -3.452   0.013   0.721  -3.535
  -3.513   1.451   0.807  -3.086   0.451   0.909  -3.415  -0.214   0.101  -3.359
   0.013   1.865  -1.580   0.582   0.881  -1.067   1.704   0.882  -0.876  -0.514
   0.890  -1.429  -1.362   0.933   0.585  -0.570   0.828   0.922   0.183   1.522
   1.049  -1.917   1.421   2.138  -1.927   1.490   0.735  -2.722   0.733   0.583
  -2.049   2.399   1.244  -0.237  -0.536   2.477  -0.204  -0.636   0.448   0.036
  -1.568  -0.559  -0.013  -1.403   0.905   0.371  -2.926   1.658   1.142  -2.890
   1.321  -0.494  -3.435   0.085   0.777  -3.540
  -3.603   1.388   0.982  -3.120   0.405   0.915  -3.476  -0.073  -0.013  -3.440
  -0.219   1.749  -1.622   0.595   0.906  -1.114   1.715   0.932  -0.881  -0.525
   0.882  -1.345  -1.434   0.854   0.570  -0.558   0.816   0.952   0.186   1.540
   1.116  -1.901   1.391   2.209  -1.868   1.419   0.813  -2.750   0.778   0.740
  -2.046   2.404   1.224  -0.204  -0.531   2.464  -0.184  -0.633   0.418   0.099
  -1.559  -0.573   0.022  -1.373   0.849   0.342  -2.931   1.658   1.100  -2.942
   1.279  -0.558  -3.361   0.013   0.627  -3.580
  -3.614   1.393   1.006  -3.129   0.411   0.910  -3.454  -0.048   0.008  -3.408
  -0.286   1.738  -1.630   0.596   0.860  -1.140   1.727   0.913  -0.860  -0.502
   0.877  -1.319  -1.387   0.917   0.603  -0.483   0.845   0.930   0.259   1.555
   1.098  -1.853   1.375   2.160  -1.907   1.393   0.780  -2.673   0.689   0.734
  -2.057   2.378   1.232  -0.186  -0.545   2.456  -0.207  -0.643   0.421   0.111
  -1.586  -0.556   0.034  -1.390   0.810   0.388  -2.959   1.558   1.185  -2.973
   1.258  -0.506  -3.406  -0.039   0.700  -3.554
  -3.674   1.307   1.054  -3.155   0.342   0.964  -3.496  -0.134   0.049  -3.380
  -0.273   1.787  -1.648   0.550   0.900  -1.165   1.689   0.900  -0.898  -0.522
   0.853  -1.392  -1.390   0.876   0.579  -0.519   0.840   0.924   0.270   1.531
   1.098  -1.882   1.338   2.190  -1.923   1.316   0.731  -2.695   0.696   0.772
  -2.028   2.374   1.223  -0.174  -0.513   2.475  -0.165  -0.580   0.419   0.088
  -1.532  -0.569   0.086  -1.253   0.823   0.418  -2.912   1.584   1.181  -2.864
   1.220  -0.476  -3.416  -0.056   0.772  -3.509
  -3.693   1.293   1.074  -3.197   0.354   0.975  -3.536  -0.114   0.029  -3.430
  -0.251   1.838  -1.677   0.561   0.910  -1.258   1.716   0.980  -0.906  -0.535
   0.846  -1.369  -1.436   0.818   0.561  -0.498   0.827   0.872   0.299   1.544
   1.108  -1.860   1.391   2.183  -1.826   1.452   0.877  -2.703   0.732   0.712
  -2.080   2.341   1.219  -0.152  -0.538   2.430  -0.153  -0.641   0.438   0.083
  -1.594  -0.531   0.112  -1.380   0.823   0.443  -2.945   1.569   1.226  -2.927
   1.253  -0.434  -3.409  -0.040   0.762  -3.506
  -3.692   1.269   1.352  -3.191   0.304   1.077  -3.576  -0.078   0.117  -3.405
  -0.463   1.842  -1.710   0.539   0.913  -1.282   1.714   0.924  -0.943  -0.529
   0.792  -1.381  -1.442   0.749   0.549  -0.475   0.803   0.811   0.339   1.458
   1.076  -1.812   1.371   2.159  -1.815   1.371   0.734  -2.654   0.760   0.692
  -1.942   2.368   1.244  -0.159  -0.543   2.460  -0.115  -0.582   0.451   0.064
  -1.620  -0.544  -0.150  -1.474   0.904   0.432  -2.941   1.693   1.209  -2.882
   1.291  -0.430  -3.495   0.082   0.850  -3.491
  -3.662   1.252   1.222  -3.172   0.303   1.043  -3.608  -0.211   0.186  -3.271
  -0.335   1.914  -1.706   0.605   0.881  -1.259   1.744   0.860  -0.933  -0.482
   0.800  -1.417  -1.381   0.778   0.540  -0.493   0.788   0.877   0.270   1.541
   0.987  -1.822   1.368   2.063  -1.923   1.254   0.505  -2.670   0.883   0.728
  -1.912   2.433   1.248  -0.180  -0.570   2.464  -0.085  -0.604   0.475   0.062
  -1.617  -0.518  -0.066  -1.499   0.967   0.411  -2.959   1.727   1.175  -2.878
   1.350  -0.492  -3.447   0.139   0.747  -3.578
  -3.670   1.185   1.377  -3.164   0.264   1.017  -3.581  -0.243   0.110  -3.271
  -0.415   1.853  -1.720   0.564   0.823  -1.314   1.718   0.781  -0.917  -0.484
   0.816  -1.341  -1.427   0.765   0.530  -0.478   0.841   0.856   0.251   1.574
   0.988  -1.845   1.374   2.081  -1.869   1.427   0.648  -2.632   0.710   0.632
  -2.049   2.397   1.228  -0.161  -0.526   2.479  -0.096  -0.637   0.454   0.078
  -1.591  -0.565  -0.037  -1.475   0.934   0.375  -2.975   1.727   1.149  -2.979
   1.301  -0.594  -3.393   0.111   0.751  -3.603
  -3.574   1.207   1.153  -3.129   0.236   1.064  -3.580  -0.367   0.276  -3.226
  -0.270   2.048  -1.667   0.555   0.812  -1.309   1.735   0.746  -0.869  -0.512
   0.778  -1.329  -1.400   0.882   0.589  -0.532   0.831   0.905   0.218   1.573
   1.045  -1.898   1.363   2.148  -1.929   1.405   0.699  -2.664   0.684   0.609
  -2.059   2.349   1.283  -0.137  -0.525   2.519  -0.064  -0.573   0.463   0.085
  -1.568  -0.530  -0.107  -1.402   0.913   0.361  -2.949   1.784   0.985  -2.981
   1.160  -0.565  -3.511   0.157   0.927  -3.476
  -3.714   1.168   1.121  -3.115   0.290   1.061  -3.480  -0.376   0.307  -3.162
  -0.233   2.024  -1.660   0.576   0.844  -1.294   1.727   0.739  -0.865  -0.492
   0.799  -1.284  -1.401   0.855   0.604  -0.516   0.804   0.961   0.222   1.544
   1.020  -1.894   1.333   2.126  -1.881   1.470   0.820  -2.658   0.592   0.478
  -2.141   2.247   1.264  -0.142  -0.529   2.473  -0.037  -0.607   0.471   0.085
  -1.571  -0.544   0.024  -1.423   0.922   0.414  -2.922   1.794   1.017  -2.852
   1.117  -0.531  -3.421   0.124   1.009  -3.380
  -3.652   1.272   1.147  -3.141   0.297   1.047  -3.532  -0.297   0.246  -3.226
  -0.235   2.000  -1.666   0.586   0.858  -1.280   1.742   0.748  -0.860  -0.481
   0.816  -1.301  -1.372   1.009   0.617  -0.483   0.816   0.966   0.266   1.489
   1.090  -1.857   1.332   2.175  -1.822   1.314   0.714  -2.658   0.664   0.796
  -2.006   2.369   1.262  -0.134  -0.556   2.502  -0.067  -0.637   0.454   0.067
  -1.596  -0.473  -0.216  -1.441   0.866   0.408  -2.952   1.781   1.014  -2.970
   1.027  -0.491  -3.587   0.015   0.891  -3.458
  -3.729   1.176   0.978  -3.142   0.239   1.020  -3.537  -0.389   0.196  -3.271
  -0.281   1.991  -1.652   0.519   0.817  -1.257   1.686   0.718  -0.851  -0.534
   0.777  -1.212  -1.474   0.794   0.612  -0.485   0.824   0.896   0.277   1.549
   1.122  -1.871   1.308   2.222  -1.885   1.171   0.653  -2.685   0.729   0.959
  -2.043   2.373   1.267  -0.110  -0.548   2.504  -0.050  -0.628   0.474   0.077
  -1.606  -0.518   0.039  -1.416   0.854   0.390  -2.960   1.677   1.092  -2.997
   1.232  -0.462  -3.459   0.014   0.780  -3.533
  -3.638   1.284   1.234  -3.112   0.323   1.112  -3.555  -0.215   0.251  -3.260
  -0.327   1.989  -1.648   0.580   0.888  -1.240   1.730   0.686  -0.854  -0.509
   0.831  -1.336  -1.354   0.936   0.633  -0.505   0.799   1.015   0.244   1.495
   1.114  -1.908   1.282   2.197  -1.907   1.365   0.792  -2.760   0.635   0.749
  -2.136   2.284   1.290  -0.117  -0.552   2.492   0.002  -0.638   0.447   0.035
  -1.596  -0.510  -0.107  -1.404   0.821   0.429  -2.947   1.650   1.141  -2.966
   1.127  -0.473  -3.496  -0.014   0.904  -3.489
  -3.635   1.265   1.132  -3.145   0.285   1.059  -3.430  -0.343   0.208  -3.296
  -0.263   1.943  -1.652   0.525   0.849  -1.240   1.703   0.784  -0.879  -0.599
   0.790  -1.301  -1.528   0.867   0.618  -0.550   0.800   0.902   0.202   1.538
   1.114  -1.911   1.321   2.192  -1.897   1.319   0.782  -2.695   0.644   0.824
  -2.101   2.361   1.246  -0.078  -0.549   2.445   0.072  -0.656   0.438   0.108
  -1.617  -0.555   0.031  -1.448   0.874   0.454  -2.982   1.871   0.925  -2.980
   0.946  -0.484  -3.520   0.130   1.091  -3.419
  -3.761   1.126   1.126  -3.143   0.237   1.104  -3.542  -0.405   0.284  -3.260
  -0.262   2.073  -1.680   0.488   0.787  -1.241   1.648   0.710  -0.871  -0.549
   0.781  -1.268  -1.465   0.915   0.591  -0.507   0.783   0.910   0.232   1.539
   1.103  -1.917   1.259   2.206  -1.912   1.273   0.756  -2.638   0.531   0.730
  -2.143   2.266   1.195  -0.049  -0.546   2.413   0.064  -0.637   0.394   0.098
  -1.596  -0.604  -0.103  -1.485   0.941   0.406  -2.928   1.809   1.106  -2.870
   1.228  -0.529  -3.437   0.157   0.883  -3.516
  -3.766   0.987   1.084  -3.094   0.148   1.083  -3.301  -0.526   0.250  -3.266
  -0.371   2.056  -1.652   0.504   0.861  -1.292   1.684   0.734  -0.875  -0.563
   0.795  -1.302  -1.479   0.862   0.612  -0.528   0.773   0.898   0.177   1.540
   1.096  -1.877   1.311   2.188  -1.875   1.312   0.722  -2.623   0.626   0.659
  -2.005   2.274   1.277  -0.106  -0.556   2.500   0.058  -0.623   0.498   0.098
  -1.610  -0.500   0.075  -1.475   1.000   0.331  -2.988   1.902   0.986  -2.965
   1.181  -0.600  -3.511   0.223   0.941  -3.495
  -3.674   1.119   1.082  -3.089   0.175   1.089  -3.373  -0.531   0.310  -3.284
  -0.292   2.034  -1.666   0.516   0.940  -1.249   1.640   0.788  -0.867  -0.536
   0.882  -1.293  -1.460   1.024   0.570  -0.454   0.863   0.889   0.292   1.580
   1.037  -1.841   1.294   2.146  -1.805   1.325   0.725  -2.629   0.609   0.639
  -2.083   2.265   1.262  -0.072  -0.527   2.478   0.039  -0.618   0.492   0.062
  -1.616  -0.495  -0.064  -1.489   0.971   0.326  -2.956   1.838   0.967  -2.962
   1.132  -0.626  -3.505   0.232   0.826  -3.552
  -3.695   1.145   1.231  -3.184   0.186   1.088  -3.498  -0.329   0.155  -3.209
  -0.483   1.926  -1.689   0.509   0.964  -1.293   1.681   0.834  -0.878  -0.520
   0.921  -1.316  -1.442   0.905   0.621  -0.507   0.814   0.988   0.240   1.528
   1.047  -1.876   1.255   2.093  -1.935   1.316   0.659  -2.570   0.550   0.624
  -2.097   2.228   1.271  -0.126  -0.562   2.515  -0.002  -0.672   0.476   0.058
  -1.619  -0.542  -0.102  -1.587   1.052   0.290  -2.954   1.912   0.887  -2.910
   1.319  -0.644  -3.469   0.330   0.805  -3.609
  -3.677   1.190   1.163  -3.155   0.255   1.156  -3.440  -0.394   0.336  -3.290
  -0.267   2.113  -1.688   0.549   0.932  -1.317   1.714   0.819  -0.855  -0.508
   0.954  -1.271  -1.402   1.193   0.618  -0.479   0.792   1.027   0.311   1.494
   1.050  -1.867   1.311   2.121  -1.964   1.320   0.695  -2.582   0.570   0.589
  -2.081   2.249   1.260  -0.137  -0.595   2.488  -0.059  -0.656   0.481   0.031
  -1.670  -0.490  -0.181  -1.534   0.969   0.281  -3.026   1.913   0.843  -2.971
   1.160  -0.679  -3.548   0.277   0.835  -3.621
  -3.771   1.123   1.253  -3.168   0.237   1.101  -3.614  -0.296   0.279  -3.280
  -0.306   2.034  -1.680   0.535   0.870  -1.299   1.681   0.734  -0.889  -0.530
   0.936  -1.329  -1.409   1.157   0.595  -0.510   0.833   0.944   0.224   1.582
   1.055  -1.902   1.332   2.127  -1.924   1.551   0.829  -2.689   0.615   0.511
  -2.177   2.273   1.214  -0.148  -0.570   2.447  -0.083  -0.702   0.456   0.029
  -1.661  -0.561   0.038  -1.505   0.984   0.302  -3.016   1.907   0.906  -2.977
   1.261  -0.652  -3.521   0.287   0.759  -3.678
  -3.691   1.164   1.405  -3.143   0.279   1.124  -3.584  -0.152   0.217  -3.189
  -0.483   1.922  -1.664   0.571   0.877  -1.269   1.686   0.743  -0.873  -0.503
   0.869  -1.359  -1.375   1.060   0.596  -0.513   0.821   1.003   0.241   1.493
   1.079  -1.911   1.290   2.141  -1.964   1.462   0.789  -2.585   0.508   0.600
  -2.168   2.225   1.243  -0.177  -0.559   2.491  -0.132  -0.628   0.462   0.055
  -1.610  -0.541  -0.067  -1.400   0.902   0.280  -3.015   1.588   1.144  -3.047
   1.387  -0.659  -3.407   0.006   0.512  -3.600
  -3.495   1.168   1.594  -3.116   0.293   1.070  -3.668   0.058   0.134  -3.239
  -0.569   1.750  -1.610   0.578   0.855  -1.197   1.722   0.754  -0.828  -0.495
   0.883  -1.274  -1.374   1.085   0.646  -0.471   0.780   1.085   0.194   1.534
   1.010  -1.880   1.136   2.037  -1.903   1.333   0.791  -2.583   0.328   0.491
  -2.186   2.032   1.275  -0.090  -0.566   2.489  -0.088  -0.670   0.526   0.052
  -1.655  -0.443   0.011  -1.472   0.947   0.293  -3.038   1.761   1.004  -3.103
   1.254  -0.641  -3.415   0.101   0.523  -3.656
  -3.561   1.113   1.568  -3.094   0.274   1.114  -3.559   0.072   0.132  -3.280
  -0.495   1.890  -1.626   0.556   0.949  -1.163   1.673   0.828  -0.813  -0.508
   0.878  -1.288  -1.405   1.077   0.693  -0.491   0.828   1.047   0.211   1.596
   1.151  -1.906   1.223   2.265  -1.917   1.392   1.027  -2.686   0.442   0.624
  -2.260   2.088   1.310  -0.076  -0.547   2.573  -0.085  -0.622   0.526   0.185
  -1.611  -0.491   0.134  -1.420   1.063   0.225  -2.986   1.828   0.975  -3.055
   1.477  -0.725  -3.271   0.203   0.517  -3.571
  -3.399   1.173   1.649  -3.022   0.318   1.098  -3.570   0.197   0.160  -3.152
  -0.597   1.670  -1.543   0.574   0.876  -1.097   1.744   0.894  -0.760  -0.515
   0.807  -1.199  -1.430   0.931   0.667  -0.553   0.795   1.053   0.130   1.560
   1.159  -1.928   1.246   2.243  -1.856   1.536   1.001  -2.693   0.500   0.615
  -2.258   2.176   1.273  -0.138  -0.563   2.484  -0.113  -0.652   0.501   0.117
  -1.617  -0.457   0.387  -1.456   0.974   0.214  -3.022   1.648   1.036  -3.094
   1.514  -0.724  -3.266   0.140   0.281  -3.716
  -3.333   1.299   1.577  -3.004   0.384   1.034  -3.377   0.220   0.033  -3.178
  -0.530   1.602  -1.528   0.563   0.865  -1.064   1.700   0.932  -0.775  -0.521
   0.747  -1.204  -1.424   0.807   0.702  -0.540   0.756   1.026   0.155   1.551
   1.186  -1.934   1.210   2.230  -1.812   1.394   1.080  -2.782   0.506   0.774
  -2.259   2.163   1.384  -0.146  -0.570   2.635  -0.111  -0.628   0.564   0.107
  -1.587  -0.404  -0.049  -1.418   0.944   0.202  -2.991   1.381   1.121  -3.237
   1.563  -0.642  -3.243   0.074   0.085  -3.633
  -3.528   1.262   1.228  -3.026   0.344   0.930  -3.317   0.079  -0.071  -3.264
  -0.478   1.599  -1.532   0.563   0.863  -1.029   1.689   0.906  -0.777  -0.539
   0.764  -1.227  -1.415   0.721   0.676  -0.543   0.755   1.032   0.169   1.466
   1.093  -1.929   1.128   2.145  -2.008   1.318   0.873  -2.720   0.387   0.525
  -2.236   2.012   1.313  -0.149  -0.571   2.525  -0.034  -0.681   0.497   0.111
  -1.594  -0.510   0.158  -1.460   1.046   0.261  -2.933   1.578   1.208  -2.946
   1.737  -0.571  -3.195   0.170   0.319  -3.601
  -3.586   1.170   1.079  -3.058   0.253   0.913  -3.434  -0.214  -0.018  -3.282
  -0.421   1.741  -1.572   0.530   0.841  -1.145   1.647   0.916  -0.801  -0.536
   0.762  -1.319  -1.436   0.779   0.669  -0.551   0.750   1.009   0.124   1.502
   1.147  -1.956   1.139   2.251  -1.925   1.166   0.724  -2.683   0.444   0.765
  -2.216   2.159   1.290  -0.117  -0.573   2.523  -0.061  -0.747   0.506   0.058
  -1.662  -0.507  -0.066  -1.548   0.987   0.370  -2.966   1.250   1.403  -2.900
   1.891  -0.213  -3.282   0.221   0.212  -3.732
  -3.534   1.231   1.046  -3.072   0.268   0.971  -3.425  -0.209   0.038  -3.321
  -0.359   1.819  -1.558   0.500   0.913  -1.057   1.634   0.867  -0.793  -0.582
   0.816  -1.245  -1.490   0.882   0.666  -0.597   0.758   0.968   0.169   1.491
   1.136  -2.007   1.130   2.213  -2.101   1.212   0.814  -2.736   0.399   0.736
  -2.268   2.144   1.242  -0.163  -0.627   2.461   0.018  -0.699   0.434   0.111
  -1.668  -0.529  -0.070  -1.587   1.022   0.414  -3.016   1.317   1.457  -3.104
   1.837  -0.313  -3.212   0.296   0.305  -3.784
  -3.606   1.229   1.000  -3.054   0.302   0.823  -3.474  -0.144  -0.082  -3.356
  -0.328   1.683  -1.546   0.512   0.785  -1.093   1.642   0.825  -0.822  -0.578
   0.798  -1.244  -1.485   0.708   0.660  -0.517   0.741   0.945   0.246   1.449
   1.175  -1.886   1.194   2.207  -1.794   1.514   1.065  -2.571   0.337   0.479
  -2.241   1.936   1.233  -0.032  -0.654   2.457   0.073  -0.757   0.396   0.100
  -1.703  -0.590   0.055  -1.543   0.907   0.318  -3.032   1.640   1.146  -3.040
   1.482  -0.565  -3.305   0.156   0.594  -3.751
  -3.578   1.327   0.875  -3.073   0.342   0.788  -3.370  -0.173  -0.100  -3.402
  -0.282   1.558  -1.574   0.558   0.818  -1.084   1.665   0.799  -0.859  -0.564
   0.781  -1.409  -1.438   0.628   0.645  -0.544   0.766   0.980   0.205   1.508
   1.230  -1.913   1.171   2.294  -1.750   1.339   1.100  -2.630   0.326   0.799
  -2.208   2.106   1.244  -0.052  -0.619   2.452   0.169  -0.716   0.457   0.069
  -1.721  -0.514  -0.226  -1.599   0.911   0.232  -3.082   1.673   1.004  -3.084
   1.365  -0.700  -3.312   0.121   0.422  -3.790
  -3.579   1.164   1.172  -3.066   0.271   0.781  -3.339   0.252  -0.273  -3.265
  -0.636   1.379  -1.592   0.548   0.775  -1.147   1.693   0.778  -0.810  -0.536
   0.689  -1.266  -1.423   0.656   0.657  -0.530   0.690   1.039   0.207   1.442
   1.128  -1.941   1.147   2.198  -1.996   1.426   0.924  -2.725   0.442   0.557
  -2.104   2.083   1.276  -0.027  -0.629   2.502   0.144  -0.666   0.503   0.026
  -1.702  -0.509  -0.089  -1.619   0.982   0.108  -3.070   1.596   0.974  -3.171
   1.508  -0.836  -3.221   0.094   0.096  -3.713
  -3.512   1.124   1.253  -3.010   0.312   0.751  -3.408   0.165  -0.258  -3.300
  -0.538   1.364  -1.530   0.542   0.676  -1.121   1.721   0.666  -0.783  -0.565
   0.710  -1.256  -1.462   0.861   0.713  -0.507   0.757   0.981   0.227   1.513
   1.204  -1.894   1.215   2.264  -1.935   1.305   0.844  -2.599   0.448   0.747
  -2.096   2.157   1.268  -0.086  -0.589   2.490   0.200  -0.658   0.528   0.024
  -1.686  -0.442  -0.105  -1.547   0.926   0.153  -3.088   1.665   0.937  -3.212
   1.360  -0.766  -3.444   0.023   0.316  -3.709
  -3.573   1.201   1.116  -3.122   0.232   0.822  -3.419  -0.115  -0.188  -3.309
  -0.494   1.587  -1.626   0.501   0.745  -1.202   1.644   0.704  -0.843  -0.602
   0.748  -1.213  -1.521   0.885   0.617  -0.493   0.792   0.884   0.236   1.564
   1.190  -1.832   1.233   2.239  -1.699   1.521   1.074  -2.587   0.509   0.695
  -2.077   2.163   1.252  -0.046  -0.539   2.456   0.154  -0.581   0.504  -0.021
  -1.695  -0.428  -0.324  -1.622   1.017   0.184  -3.037   1.700   1.061  -3.121
   1.540  -0.681  -3.467   0.218   0.388  -3.767
  -3.570   1.292   1.111  -3.128   0.325   0.890  -3.443  -0.125  -0.063  -3.292
  -0.315   1.764  -1.615   0.492   0.818  -1.129   1.642   0.671  -0.873  -0.594
   0.688  -1.342  -1.472   0.786   0.631  -0.518   0.688   0.923   0.247   1.405
   1.190  -1.860   1.254   2.307  -1.839   1.297   0.832  -2.715   0.644   0.797
  -2.047   2.209   1.322  -0.068  -0.623   2.523   0.154  -0.641   0.522  -0.012
  -1.672  -0.491  -0.206  -1.565   0.980   0.232  -3.043   1.518   1.192  -3.197
   1.579  -0.648  -3.221   0.077   0.202  -3.641
  -3.593   1.263   0.825  -3.056   0.323   0.840  -3.279  -0.246  -0.007  -3.299
  -0.220   1.786  -1.618   0.603   0.729  -1.177   1.784   0.749  -0.833  -0.490
   0.679  -1.309  -1.388   0.667   0.669  -0.449   0.756   0.935   0.317   1.477
   1.204  -1.793   1.288   2.333  -1.761   1.318   0.901  -2.582   0.607   0.819
  -1.941   2.315   1.311  -0.047  -0.594   2.536   0.156  -0.691   0.550  -0.003
  -1.671  -0.462   0.017  -1.540   0.999   0.103  -3.044   1.347   1.107  -3.264
   1.795  -0.605  -3.204   0.122  -0.114  -3.718
  -3.615   1.251   0.826  -3.045   0.311   0.657  -3.443  -0.138  -0.263  -3.332
  -0.276   1.503  -1.524   0.541   0.671  -1.119   1.746   0.707  -0.796  -0.531
   0.676  -1.270  -1.410   0.570   0.644  -0.519   0.773   0.952   0.284   1.488
   1.126  -1.869   1.250   2.171  -1.808   1.220   0.814  -2.617   0.560   0.766
  -2.157   2.250   1.289  -0.081  -0.563   2.508   0.212  -0.678   0.516   0.006
  -1.668  -0.454  -0.073  -1.463   0.871   0.165  -3.105   1.255   1.114  -3.250
   1.707  -0.534  -3.306   0.016  -0.058  -3.741
  -3.531   1.288   0.659  -3.010   0.305   0.747  -3.297  -0.388  -0.084  -3.300
  -0.167   1.662  -1.580   0.545   0.717  -1.184   1.696   0.706  -0.768  -0.506
   0.739  -1.170  -1.427   0.802   0.674  -0.481   0.800   0.960   0.263   1.541
   1.142  -1.862   1.297   2.214  -1.973   1.172   0.728  -2.671   0.718   0.817
  -2.057   2.325   1.362  -0.109  -0.529   2.528   0.116  -0.628   0.539  -0.019
  -1.601  -0.448  -0.263  -1.429   0.948   0.165  -2.966   1.384   1.137  -3.053
   1.651  -0.611  -3.306   0.076   0.189  -3.570
  -3.581   1.276   0.678  -3.016   0.349   0.649  -3.247  -0.227  -0.242  -3.345
  -0.340   1.454  -1.538   0.620   0.698  -1.137   1.764   0.657  -0.802  -0.446
   0.774  -1.256  -1.322   0.848   0.660  -0.475   0.787   1.013   0.292   1.469
   1.110  -1.860   1.229   2.183  -1.994   1.163   0.568  -2.699   0.651   0.864
  -2.063   2.257   1.314  -0.153  -0.585   2.512   0.054  -0.627   0.549  -0.032
  -1.673  -0.453  -0.132  -1.578   0.965   0.214  -3.042   1.453   1.202  -3.158
   1.677  -0.554  -3.371   0.013   0.156  -3.621
  -3.519   1.393   0.566  -3.056   0.427   0.652  -3.415  -0.172  -0.202  -3.410
   0.003   1.601  -1.530   0.592   0.709  -1.058   1.716   0.570  -0.805  -0.509
   0.803  -1.250  -1.360   1.079   0.683  -0.447   0.760   1.019   0.306   1.466
   1.127  -1.866   1.235   2.236  -1.923   1.177   0.780  -2.788   0.745   0.875
  -1.877   2.255   1.278  -0.134  -0.642   2.533  -0.031  -0.595   0.538  -0.051
  -1.762  -0.423  -0.213  -1.655   1.054   0.235  -3.054   1.584   1.180  -3.018
   1.680  -0.583  -3.411   0.277   0.482  -3.780
  -3.513   1.539   0.799  -3.084   0.546   0.735  -3.446   0.001  -0.144  -3.462
  -0.005   1.596  -1.570   0.638   0.710  -1.002   1.698   0.498  -0.836  -0.446
   0.812  -1.279  -1.330   0.834   0.639  -0.442   0.809   1.020   0.247   1.559
   1.162  -1.856   1.217   2.267  -1.894   1.178   0.661  -2.615   0.580   0.788
  -1.948   2.268   1.310  -0.128  -0.582   2.522   0.108  -0.607   0.625  -0.101
  -1.739  -0.412  -0.189  -1.638   1.152   0.123  -3.078   1.864   0.927  -3.112
   1.683  -0.790  -3.373   0.294   0.326  -3.740
  -3.526   1.542   0.912  -3.086   0.604   0.692  -3.423   0.196  -0.224  -3.532
  -0.003   1.450  -1.561   0.696   0.647  -1.070   1.835   0.533  -0.840  -0.455
   0.795  -1.326  -1.296   1.076   0.634  -0.435   0.778   0.973   0.316   1.454
   1.193  -1.809   1.222   2.266  -1.884   0.948   0.832  -2.656   0.641   1.047
  -2.014   2.281   1.321  -0.073  -0.564   2.590   0.061  -0.606   0.586  -0.126
  -1.719  -0.396  -0.222  -1.636   1.141  -0.034  -3.054   1.860   0.789  -3.192
   1.656  -0.955  -3.438   0.287   0.323  -3.734
  -3.630   1.511   0.930  -3.129   0.589   0.622  -3.454   0.279  -0.386  -3.445
  -0.238   1.262  -1.568   0.727   0.611  -0.995   1.804   0.538  -0.835  -0.404
   0.767  -1.319  -1.230   1.035   0.640  -0.446   0.821   1.062   0.231   1.594
   1.088  -1.869   1.195   2.173  -1.901   1.383   0.754  -2.521   0.476   0.606
  -2.098   2.152   1.337  -0.162  -0.530   2.612  -0.015  -0.536   0.585  -0.049
  -1.641  -0.386  -0.211  -1.640   1.092   0.136  -3.003   1.987   0.746  -3.005
   1.255  -0.854  -3.460   0.395   0.649  -3.652
  -3.455   1.678   0.821  -3.077   0.658   0.562  -3.375   0.531  -0.475  -3.492
  -0.107   1.262  -1.564   0.698   0.570  -0.983   1.781   0.492  -0.897  -0.415
   0.655  -1.413  -1.297   0.604   0.606  -0.449   0.717   0.980   0.264   1.386
   1.084  -1.828   1.278   2.181  -1.918   1.481   0.817  -2.591   0.506   0.601
  -2.142   2.214   1.308  -0.213  -0.637   2.522  -0.133  -0.608   0.564  -0.016
  -1.785  -0.425  -0.005  -1.563   1.115   0.071  -3.138   2.161   0.396  -3.087
   0.934  -0.884  -3.607   0.604   0.876  -3.688
  -3.515   1.612   0.667  -3.063   0.650   0.550  -3.484   0.171  -0.343  -3.383
   0.035   1.332  -1.560   0.750   0.531  -0.956   1.820   0.490  -0.903  -0.401
   0.569  -1.422  -1.251   0.669   0.571  -0.443   0.652   0.876   0.302   1.420
   1.068  -1.816   1.214   2.138  -1.797   1.512   0.990  -2.486   0.417   0.459
  -2.189   2.071   1.316  -0.151  -0.665   2.529  -0.158  -0.586   0.589   0.068
  -1.821  -0.419   0.043  -1.709   1.151   0.056  -3.153   2.220   0.325  -3.131
   1.082  -0.952  -3.614   0.642   0.811  -3.788
  -3.551   1.495   0.617  -3.057   0.540   0.619  -3.416  -0.008  -0.290  -3.327
  -0.010   1.462  -1.572   0.669   0.544  -1.017   1.802   0.478  -0.932  -0.455
   0.594  -1.507  -1.314   0.755   0.571  -0.513   0.588   0.919   0.267   1.285
   1.003  -1.847   1.239   2.067  -1.962   1.590   0.867  -2.689   0.539   0.338
  -2.013   2.072   1.335  -0.061  -0.656   2.549  -0.053  -0.648   0.601   0.101
  -1.810  -0.408   0.085  -1.718   1.155   0.071  -3.188   2.224   0.349  -3.204
   0.984  -0.919  -3.546   0.579   0.781  -3.788
  -3.625   1.388   0.699  -3.075   0.487   0.681  -3.373  -0.155  -0.169  -3.228
  -0.013   1.725  -1.616   0.710   0.571  -1.079   1.820   0.506  -0.842  -0.338
   0.586  -1.284  -1.217   0.610   0.638  -0.374   0.602   0.950   0.396   1.239
   0.951  -1.729   1.174   2.001  -1.905   1.268   0.549  -2.501   0.571   0.526
  -1.703   2.187   1.345  -0.099  -0.723   2.546  -0.122  -0.717   0.618   0.173
  -1.824  -0.382   0.331  -1.784   1.115   0.227  -3.151   2.196   0.400  -3.243
   0.817  -0.746  -3.591   0.572   1.010  -3.676
  -3.688   1.285   0.727  -3.085   0.419   0.772  -3.396  -0.359   0.096  -3.250
   0.013   1.808  -1.609   0.663   0.644  -1.206   1.825   0.479  -0.837  -0.370
   0.602  -1.299  -1.301   0.600   0.595  -0.362   0.642   0.935   0.335   1.371
   1.034  -1.771   1.118   2.132  -1.791   1.136   0.691  -2.523   0.349   0.704
  -1.985   2.129   1.412  -0.063  -0.692   2.664  -0.123  -0.652   0.717   0.157
  -1.854  -0.286   0.063  -1.856   1.265   0.236  -3.234   2.331   0.474  -3.226
   1.187  -0.761  -3.770   0.676   0.912  -3.853
  -3.703   1.077   0.890  -3.109   0.216   0.825  -3.502  -0.408   0.068  -3.240
  -0.236   1.849  -1.700   0.620   0.579  -1.334   1.816   0.524  -0.814  -0.414
   0.515  -1.221  -1.321   0.605   0.649  -0.325   0.600   0.913   0.388   1.400
   1.060  -1.711   1.059   2.063  -1.725   1.356   0.808  -2.401   0.275   0.602
  -1.997   2.015   1.461  -0.021  -0.714   2.687  -0.174  -0.721   0.757   0.182
  -1.823  -0.253   0.029  -1.713   1.267   0.239  -3.134   2.338   0.431  -3.167
   1.043  -0.751  -3.576   0.773   0.988  -3.773
  -3.693   1.004   0.909  -3.079   0.234   0.610  -3.376  -0.149  -0.387  -3.176
  -0.530   1.422  -1.637   0.659   0.466  -1.350   1.814   0.500  -0.750  -0.358
   0.473  -1.209  -1.285   0.386   0.683  -0.387   0.527   0.895   0.326   1.243
   1.005  -1.792   1.025   2.075  -1.888   1.187   0.796  -2.541   0.299   0.499
  -2.120   1.957   1.477  -0.060  -0.778   2.719  -0.061  -0.729   0.776   0.101
  -1.880  -0.254   0.172  -1.761   1.266   0.180  -3.240   2.279   0.611  -3.314
   1.280  -0.760  -3.724   0.548   0.868  -3.731
  -3.765   1.174   0.719  -3.195   0.246   0.543  -3.384  -0.175  -0.450  -3.237
  -0.538   1.250  -1.636   0.572   0.556  -1.253   1.738   0.616  -0.736  -0.378
   0.474  -1.160  -1.331   0.552   0.744  -0.341   0.542   1.082   0.375   1.243
   1.085  -1.774   1.019   2.154  -1.898   0.972   0.547  -2.419   0.309   0.760
  -1.981   2.013   1.499  -0.039  -0.758   2.706   0.044  -0.670   0.760   0.010
  -1.882  -0.232  -0.087  -1.744   1.265   0.277  -3.269   2.199   0.750  -3.173
   1.470  -0.654  -3.818   0.491   0.844  -3.703
  -3.679   1.188   0.744  -3.089   0.296   0.525  -3.282  -0.114  -0.446  -3.251
  -0.400   1.389  -1.600   0.587   0.565  -1.174   1.733   0.513  -0.783  -0.424
   0.462  -1.231  -1.300   0.478   0.715  -0.446   0.464   0.970   0.271   1.237
   1.060  -1.811   1.010   2.102  -1.932   1.104   0.744  -2.608   0.344   0.504
  -2.019   1.945   1.452  -0.028  -0.769   2.715   0.133  -0.788   0.782  -0.032
  -1.950  -0.201  -0.177  -1.859   1.305   0.362  -3.261   2.197   0.978  -3.172
   1.577  -0.538  -3.827   0.495   0.848  -3.842
  -3.752   1.044   0.832  -3.046   0.317   0.450  -3.392  -0.048  -0.500  -3.129
  -0.421   1.194  -1.577   0.641   0.400  -1.155   1.792   0.355  -0.804  -0.446
   0.471  -1.268  -1.325   0.523   0.654  -0.473   0.528   0.970   0.236   1.297
   1.003  -1.834   1.074   2.081  -1.786   1.197   0.796  -2.647   0.432   0.605
  -1.992   2.134   1.417  -0.144  -0.803   2.651  -0.104  -0.795   0.812  -0.020
  -2.010  -0.212   0.043  -1.978   1.360   0.284  -3.360   2.369   0.711  -3.284
   1.545  -0.658  -3.863   0.601   0.838  -3.879
  -3.612   1.224   0.462  -3.011   0.353   0.409  -3.242  -0.197  -0.514  -3.336
  -0.302   1.175  -1.560   0.597   0.440  -1.184   1.755   0.463  -0.786  -0.476
   0.358  -1.237  -1.361   0.397   0.671  -0.547   0.430   0.936   0.189   1.164
   1.055  -1.936   1.002   2.090  -2.028   1.207   0.756  -2.768   0.279   0.412
  -2.030   1.896   1.414  -0.141  -0.897   2.612  -0.117  -0.811   0.769   0.105
  -2.056  -0.183  -0.236  -2.126   1.395   0.394  -3.361   2.155   1.048  -3.132
   1.897  -0.621  -3.685   0.720   0.871  -4.038
  -3.513   1.172   0.284  -3.015   0.261   0.319  -3.369  -0.223  -0.557  -3.350
  -0.410   1.097  -1.570   0.583   0.354  -1.211   1.732   0.399  -0.818  -0.478
   0.498  -1.332  -1.391   0.564   0.669  -0.543   0.486   0.970   0.080   1.306
   1.043  -1.919   0.960   2.022  -1.900   1.426   1.081  -2.648   0.142   0.343
  -2.230   1.729   1.342  -0.087  -0.801   2.555  -0.048  -0.829   0.690   0.166
  -1.992  -0.308   0.000  -2.005   1.268   0.490  -3.272   2.077   1.194  -3.082
   1.520  -0.385  -3.778   0.480   0.932  -3.817
  -3.858   1.181   0.335  -3.188   0.256   0.364  -3.481  -0.308  -0.484  -3.528
  -0.426   1.178  -1.692   0.573   0.378  -1.234   1.707   0.446  -0.913  -0.502
   0.384  -1.433  -1.387   0.416   0.556  -0.540   0.522   0.858   0.111   1.304
   1.015  -1.894   1.001   2.089  -1.851   1.302   0.753  -2.674   0.266   0.515
  -2.093   1.907   1.357  -0.184  -0.781   2.549  -0.183  -0.751   0.641   0.132
  -1.940  -0.332   0.319  -1.893   1.277   0.370  -3.214   1.877   1.289  -3.173
   1.901  -0.501  -3.475   0.573   0.587  -4.015
  -3.651   1.192   0.545  -3.106   0.289   0.348  -3.436  -0.037  -0.699  -3.444
  -0.363   1.198  -1.697   0.562   0.384  -1.253   1.694   0.361  -0.886  -0.502
   0.487  -1.303  -1.393   0.586   0.595  -0.455   0.479   0.899   0.344   1.225
   0.975  -1.856   1.109   2.084  -2.006   1.088   0.456  -2.664   0.550   0.702
  -1.912   2.151   1.316  -0.171  -0.823   2.556  -0.276  -0.825   0.646   0.098
  -1.911  -0.389   0.192  -1.920   1.271   0.453  -3.208   1.812   1.360  -3.146
   1.864  -0.362  -3.556   0.390   0.576  -3.837
  -3.576   1.322   0.567  -3.188   0.337   0.281  -3.535  -0.088  -0.667  -3.522
  -0.347   1.092  -1.645   0.625   0.344  -1.237   1.783   0.430  -0.884  -0.486
   0.478  -1.438  -1.372   0.490   0.616  -0.547   0.575   0.957   0.287   1.208
   0.969  -1.953   1.082   2.047  -2.100   1.008   0.536  -2.688   0.384   0.559
  -2.133   2.114   1.336  -0.251  -0.765   2.581  -0.206  -0.729   0.637   0.181
  -1.849  -0.315   0.017  -1.788   1.277   0.468  -3.140   1.881   1.412  -3.170
   1.944  -0.354  -3.460   0.483   0.528  -3.959
  -3.774   1.178   0.652  -3.176   0.334   0.213  -3.362   0.329  -0.868  -3.341
  -0.638   0.702  -1.763   0.672   0.354  -1.424   1.826   0.431  -0.931  -0.343
   0.509  -1.307  -1.259   0.500   0.542  -0.357   0.566   0.827   0.471   1.254
   0.994  -1.684   1.171   2.111  -1.653   1.224   0.706  -2.499   0.545   0.620
  -1.848   2.169   1.324  -0.093  -0.744   2.588  -0.173  -0.762   0.626   0.101
  -1.847  -0.351  -0.159  -1.766   1.264   0.324  -3.154   2.117   1.005  -3.172
   1.574  -0.694  -3.517   0.513   0.731  -3.820
  -3.850   0.949   0.778  -3.230   0.269   0.246  -3.362   0.181  -0.801  -3.525
  -0.705   0.676  -1.746   0.630   0.374  -1.377   1.872   0.383  -0.885  -0.396
   0.468  -1.252  -1.325   0.508   0.583  -0.354   0.537   0.810   0.421   1.278
   0.951  -1.646   1.218   1.996  -1.569   1.547   0.835  -2.493   0.563   0.301
  -1.856   2.061   1.449  -0.048  -0.756   2.685  -0.001  -0.757   0.733   0.197
  -1.886  -0.267  -0.199  -1.833   1.261   0.279  -3.269   2.203   0.833  -3.343
   1.178  -0.744  -3.702   0.486   0.859  -3.850
  -3.756   1.008   0.952  -3.182   0.385   0.338  -3.523   0.564  -0.712  -3.463
  -0.653   0.694  -1.698   0.628   0.463  -1.289   1.793   0.279  -0.876  -0.419
   0.417  -1.242  -1.384   0.433   0.591  -0.277   0.544   0.857   0.555   1.179
   1.040  -1.598   1.235   2.103  -1.759   1.444   0.962  -2.397   0.508   0.377
  -1.708   2.198   1.410   0.031  -0.808   2.638   0.152  -0.704   0.741   0.121
  -1.968  -0.248   0.268  -1.908   1.302   0.334  -3.274   2.308   0.700  -3.150
   1.273  -0.470  -4.018   0.752   1.076  -3.801
  -3.673   0.886   1.137  -3.176   0.317   0.377  -3.714   0.457  -0.587  -3.308
  -0.767   0.600  -1.666   0.601   0.356  -1.256   1.739   0.250  -0.813  -0.451
   0.386  -1.238  -1.348   0.542   0.624  -0.233   0.552   0.810   0.610   1.245
   0.989  -1.538   1.268   2.090  -1.584   1.432   0.635  -2.392   0.733   0.481
  -1.571   2.211   1.450  -0.022  -0.738   2.643   0.119  -0.705   0.846   0.015
  -1.942  -0.156  -0.277  -1.884   1.263   0.309  -3.293   2.332   0.424  -3.328
   0.996  -0.534  -3.922   0.756   1.151  -3.712
  -3.704   1.089   0.808  -3.125   0.282   0.328  -3.692   0.135  -0.604  -3.185
  -0.598   0.892  -1.705   0.582   0.260  -1.288   1.703   0.113  -0.927  -0.423
   0.418  -1.312  -1.295   0.543   0.540  -0.298   0.504   0.706   0.669   1.125
   1.127  -1.508   1.261   2.225  -1.408   1.384   0.943  -2.428   0.674   0.682
  -1.538   2.204   1.385  -0.097  -0.758   2.605   0.022  -0.642   0.753  -0.085
  -1.940  -0.170  -0.527  -1.964   1.263   0.437  -3.206   2.282   0.779  -3.047
   1.256  -0.422  -3.884   0.610   1.256  -3.543
  -3.621   1.281   0.502  -3.107   0.318   0.255  -3.363  -0.070  -0.742  -3.348
  -0.400   1.002  -1.609   0.588   0.276  -1.222   1.751   0.199  -0.794  -0.465
   0.384  -1.166  -1.391   0.447   0.633  -0.279   0.514   0.853   0.567   1.128
   1.204  -1.502   1.286   2.256  -1.382   1.527   1.141  -2.461   0.735   0.722
  -1.572   2.256   1.451  -0.136  -0.766   2.628   0.058  -0.677   0.829  -0.140
  -1.946  -0.026  -0.608  -1.984   1.341   0.511  -3.194   2.147   1.311  -2.994
   1.905  -0.330  -3.719   0.592   0.881  -3.920
  -3.709   1.256   0.629  -3.120   0.375   0.269  -3.398  -0.053  -0.680  -3.363
  -0.470   0.929  -1.612   0.650   0.271  -1.259   1.776   0.221  -0.867  -0.432
   0.482  -1.432  -1.279   0.583   0.606  -0.399   0.595   0.842   0.384   1.313
   1.162  -1.674   1.293   2.270  -1.531   1.406   0.866  -2.606   0.756   0.738
  -1.717   2.308   1.366  -0.227  -0.720   2.598  -0.016  -0.612   0.718  -0.005
  -1.833  -0.301  -0.157  -1.770   1.212   0.440  -3.193   1.640   1.456  -3.065
   1.945  -0.297  -3.570   0.344   0.482  -3.801
  -3.669   1.259   0.609  -3.172   0.279   0.276  -3.386   0.205  -0.739  -3.579
  -0.546   0.833  -1.644   0.564   0.369  -1.185   1.722   0.332  -0.871  -0.512
   0.393  -1.270  -1.405   0.544   0.604  -0.384   0.606   0.784   0.423   1.319
   1.020  -1.654   1.322   2.137  -1.828   1.241   0.502  -2.535   0.924   0.724
  -1.588   2.398   1.378  -0.063  -0.718   2.590   0.029  -0.616   0.679  -0.018
  -1.876  -0.313  -0.030  -1.729   1.196   0.382  -3.154   1.914   1.192  -3.000
   1.754  -0.527  -3.562   0.350   0.582  -3.879
  -3.765   1.069   0.700  -3.195   0.267   0.392  -3.364   0.110  -0.671  -3.525
  -0.544   1.031  -1.661   0.521   0.452  -1.217   1.654   0.320  -0.900  -0.509
   0.446  -1.378  -1.409   0.518   0.524  -0.488   0.598   0.674   0.304   1.311
   0.934  -1.767   1.312   2.016  -1.806   1.586   0.630  -2.706   0.828   0.421
  -1.752   2.272   1.338  -0.141  -0.682   2.527   0.096  -0.578   0.580  -0.052
  -1.841  -0.477  -0.004  -1.734   1.144   0.303  -3.126   1.839   1.184  -3.127
   1.676  -0.554  -3.503   0.381   0.665  -3.824
  -3.685   1.133   0.652  -3.196   0.255   0.277  -3.411   0.027  -0.740  -3.446
  -0.525   1.034  -1.724   0.491   0.380  -1.281   1.644   0.346  -0.954  -0.593
   0.500  -1.348  -1.466   0.265   0.535  -0.504   0.658   0.681   0.313   1.404
   0.917  -1.813   1.236   1.993  -1.897   1.404   0.416  -2.608   0.570   0.510
  -1.903   2.232   1.308  -0.198  -0.652   2.510  -0.063  -0.592   0.595   0.009
  -1.768  -0.369  -0.207  -1.749   1.151   0.321  -3.102   2.026   0.978  -2.944
   1.651  -0.455  -3.589   0.364   0.895  -3.607
  -3.657   1.027   0.754  -3.192   0.106   0.458  -3.665  -0.198  -0.515  -3.433
  -0.678   1.197  -1.719   0.436   0.392  -1.302   1.559   0.328  -0.950  -0.623
   0.494  -1.331  -1.528   0.457   0.535  -0.483   0.682   0.800   0.354   1.330
   1.023  -1.813   1.283   2.137  -1.700   1.616   0.959  -2.719   0.595   0.466
  -2.032   2.238   1.272  -0.189  -0.706   2.478  -0.070  -0.751   0.603  -0.026
  -1.865  -0.441  -0.011  -1.796   1.271   0.351  -3.113   2.139   0.965  -2.999
   1.490  -0.502  -3.791   0.585   1.022  -3.634
  -3.837   0.812   0.848  -3.231   0.050   0.403  -3.607  -0.130  -0.648  -3.425
  -0.845   0.940  -1.734   0.465   0.372  -1.328   1.618   0.202  -0.905  -0.576
   0.520  -1.273  -1.525   0.533   0.555  -0.494   0.693   0.758   0.398   1.332
   1.126  -1.837   1.298   2.149  -1.677   1.603   1.200  -2.713   0.590   0.486
  -2.005   2.115   1.281  -0.140  -0.646   2.491  -0.140  -0.676   0.566  -0.069
  -1.800  -0.399  -0.297  -1.787   1.050   0.438  -3.095   2.013   0.912  -3.002
   1.300  -0.296  -3.801   0.397   1.175  -3.561
  -3.685   0.969   0.539  -3.162   0.031   0.257  -3.464  -0.260  -0.715  -3.448
  -0.752   0.987  -1.697   0.429   0.330  -1.425   1.638   0.341  -0.845  -0.599
   0.394  -1.199  -1.576   0.443   0.543  -0.463   0.576   0.724   0.238   1.339
   1.166  -1.736   1.201   2.210  -1.506   1.565   1.130  -2.566   0.473   0.511
  -1.882   2.108   1.300  -0.129  -0.686   2.545  -0.102  -0.705   0.639  -0.073
  -1.822  -0.331  -0.132  -1.722   1.187   0.345  -3.139   2.015   1.005  -2.943
   1.502  -0.543  -3.673   0.437   0.913  -3.735
