default_name                                                                    
  -3.678   1.065   0.727  -2.739   1.222   1.263  -2.890   0.987   2.311  -2.429
   2.260   1.162  -1.664   0.325   0.693  -1.916  -0.395  -0.272  -0.473   0.376
   1.288  -0.386   1.010   2.067   0.719  -0.427   0.954   1.501  -0.104   1.648
   0.438  -1.902   1.284   1.369  -2.469   1.259  -0.264  -2.318   0.565   0.014
  -1.989   2.286   1.327  -0.203  -0.454   2.232  -0.943  -0.856   0.858   0.802
  -1.204   0.110   1.362  -0.821   1.338   1.152  -2.541   2.403   1.407  -2.505
   1.199   0.307  -3.220   0.782   2.016  -2.917
  -3.657   1.100   0.676  -2.739   1.207   1.259  -2.927   0.912   2.285  -2.395
   2.238   1.242  -1.659   0.319   0.687  -1.892  -0.398  -0.284  -0.474   0.361
   1.308  -0.411   0.971   2.110   0.721  -0.434   0.946   1.504  -0.109   1.626
   0.447  -1.906   1.293   1.366  -2.485   1.267  -0.264  -2.339   0.591   0.017
  -1.996   2.299   1.317  -0.220  -0.467   2.226  -0.957  -0.870   0.848   0.793
  -1.213   0.093   1.352  -0.820   1.341   1.153  -2.551   2.405   1.390  -2.483
   1.214   0.300  -3.238   0.796   2.023  -2.939
  -3.652   1.023   0.633  -2.750   1.171   1.233  -2.951   0.874   2.263  -2.457
   2.225   1.193  -1.645   0.315   0.671  -1.871  -0.401  -0.306  -0.467   0.357
   1.297  -0.403   0.979   2.086   0.720  -0.446   0.956   1.498  -0.102   1.635
   0.470  -1.924   1.292   1.418  -2.466   1.252  -0.232  -2.375   0.586   0.068
  -2.008   2.306   1.316  -0.206  -0.471   2.234  -0.929  -0.871   0.848   0.800
  -1.210   0.097   1.342  -0.810   1.344   1.172  -2.535   2.389   1.485  -2.450
   1.282   0.351  -3.245   0.768   2.015  -2.924
  -3.666   1.082   0.647  -2.744   1.217   1.202  -2.892   0.926   2.245  -2.398
   2.244   1.167  -1.649   0.332   0.645  -1.867  -0.368  -0.335  -0.477   0.346
   1.268  -0.386   0.965   2.078   0.727  -0.432   0.958   1.511  -0.085   1.649
   0.501  -1.918   1.301   1.442  -2.441   1.201  -0.214  -2.339   0.602   0.109
  -2.038   2.296   1.315  -0.227  -0.469   2.240  -0.954  -0.865   0.842   0.782
  -1.214   0.104   1.357  -0.819   1.359   1.178  -2.518   2.418   1.402  -2.459
   1.170   0.376  -3.230   0.846   2.085  -2.872
  -3.678   1.006   0.682  -2.742   1.202   1.199  -2.900   0.989   2.254  -2.468
   2.248   1.094  -1.648   0.326   0.628  -1.865  -0.379  -0.352  -0.485   0.353
   1.281  -0.419   0.976   2.078   0.711  -0.425   0.967   1.500  -0.050   1.627
   0.478  -1.901   1.338   1.420  -2.488   1.257  -0.261  -2.374   0.664   0.105
  -1.948   2.360   1.291  -0.228  -0.454   2.203  -0.957  -0.847   0.849   0.802
  -1.198   0.123   1.360  -0.814   1.373   1.190  -2.497   2.461   1.346  -2.456
   1.167   0.405  -3.221   0.905   2.130  -2.816
  -3.662   1.044   0.599  -2.733   1.203   1.162  -2.905   1.008   2.219  -2.426
   2.248   1.048  -1.645   0.315   0.622  -1.877  -0.411  -0.351  -0.489   0.362
   1.277  -0.427   0.998   2.063   0.718  -0.429   0.962   1.515  -0.097   1.640
   0.476  -1.918   1.304   1.432  -2.466   1.243  -0.257  -2.342   0.620   0.143
  -1.996   2.335   1.304  -0.212  -0.447   2.193  -0.971  -0.880   0.840   0.807
  -1.186   0.065   1.354  -0.815   1.380   1.195  -2.498   2.471   1.291  -2.418
   1.176   0.427  -3.260   0.957   2.164  -2.808
  -3.656   1.048   0.556  -2.728   1.206   1.132  -2.952   0.974   2.167  -2.387
   2.253   1.098  -1.648   0.299   0.610  -1.893  -0.422  -0.348  -0.495   0.324
   1.280  -0.411   0.976   2.066   0.724  -0.429   0.939   1.504  -0.099   1.625
   0.487  -1.917   1.286   1.432  -2.446   1.232  -0.244  -2.382   0.596   0.123
  -1.990   2.300   1.297  -0.241  -0.463   2.196  -0.977  -0.905   0.810   0.767
  -1.222   0.051   1.312  -0.823   1.385   1.201  -2.499   2.487   1.268  -2.405
   1.154   0.483  -3.272   0.938   2.158  -2.784
  -3.638   1.036   0.469  -2.774   1.181   1.121  -3.071   0.891   2.127  -2.466
   2.217   1.088  -1.670   0.289   0.613  -1.859  -0.434  -0.351  -0.491   0.338
   1.254  -0.427   0.980   2.038   0.714  -0.444   0.932   1.503  -0.070   1.611
   0.493  -1.924   1.312   1.451  -2.448   1.277  -0.197  -2.398   0.619   0.093
  -2.017   2.301   1.274  -0.272  -0.495   2.192  -1.008  -0.894   0.797   0.732
  -1.251  -0.014   1.229  -0.896   1.399   1.192  -2.507   2.478   1.248  -2.360
   1.178   0.491  -3.304   1.020   2.157  -2.826
  -3.618   1.165   0.476  -2.769   1.183   1.171  -3.035   0.847   2.142  -2.432
   2.212   1.281  -1.680   0.275   0.597  -1.870  -0.418  -0.396  -0.517   0.281
   1.267  -0.505   0.861   2.079   0.729  -0.438   0.933   1.496  -0.054   1.623
   0.505  -1.913   1.303   1.450  -2.445   1.325  -0.109  -2.385   0.545  -0.011
  -1.990   2.260   1.304  -0.245  -0.506   2.158  -1.012  -0.966   0.851   0.792
  -1.248   0.142   1.383  -0.833   1.395   1.246  -2.525   2.490   1.332  -2.513
   1.104   0.540  -3.319   0.993   2.242  -2.756
  -3.694   1.063   0.609  -2.763   1.145   1.188  -2.948   0.846   2.217  -2.404
   2.168   1.225  -1.684   0.262   0.633  -1.892  -0.394  -0.380  -0.523   0.257
   1.280  -0.459   0.828   2.095   0.745  -0.441   0.929   1.526  -0.051   1.572
   0.538  -1.925   1.290   1.509  -2.415   1.379  -0.057  -2.416   0.495   0.006
  -2.000   2.231   1.277  -0.255  -0.513   2.130  -1.041  -0.952   0.851   0.804
  -1.221   0.132   1.385  -0.796   1.401   1.268  -2.481   2.501   1.265  -2.456
   1.030   0.641  -3.284   1.109   2.299  -2.676
  -3.664   1.055   0.465  -2.796   1.108   1.110  -3.044   0.773   2.127  -2.418
   2.144   1.167  -1.684   0.254   0.571  -1.885  -0.441  -0.422  -0.516   0.282
   1.268  -0.479   0.906   2.095   0.732  -0.456   0.966   1.448  -0.044   1.685
   0.551  -1.928   1.308   1.513  -2.426   1.269  -0.100  -2.433   0.588   0.123
  -2.049   2.292   1.306  -0.230  -0.485   2.143  -1.028  -0.940   0.945   0.865
  -1.182   0.225   1.454  -0.761   1.472   1.244  -2.507   2.557   1.294  -2.433
   1.215   0.479  -3.257   1.086   2.198  -2.817
  -3.694   0.889   0.467  -2.823   1.064   1.092  -3.032   0.803   2.131  -2.554
   2.124   1.080  -1.670   0.247   0.569  -1.870  -0.467  -0.390  -0.555   0.304
   1.269  -0.550   0.862   2.093   0.679  -0.456   0.941   1.465  -0.107   1.593
   0.520  -1.959   1.306   1.492  -2.453   1.224  -0.162  -2.481   0.665   0.094
  -2.091   2.324   1.269  -0.240  -0.479   2.124  -0.993  -0.953   0.849   0.851
  -1.162   0.156   1.480  -0.677   1.413   1.320  -2.437   2.480   1.494  -2.359
   1.258   0.543  -3.219   0.900   2.228  -2.752
  -3.727   0.953   0.524  -2.830   1.046   1.103  -3.046   0.667   2.116  -2.520
   2.095   1.099  -1.692   0.223   0.558  -1.853  -0.449  -0.460  -0.539   0.282
   1.219  -0.491   0.866   2.008   0.683  -0.457   0.955   1.406   0.000   1.616
   0.545  -1.939   1.370   1.498  -2.442   1.311  -0.138  -2.441   0.672   0.157
  -1.973   2.384   1.251  -0.237  -0.442   2.089  -1.010  -0.921   0.821   0.836
  -1.144   0.124   1.428  -0.720   1.351   1.316  -2.423   2.434   1.487  -2.333
   1.151   0.563  -3.183   0.865   2.276  -2.664
  -3.662   1.116   0.432  -2.826   1.111   1.144  -3.161   0.775   2.128  -2.501
   2.173   1.192  -1.703   0.229   0.597  -1.845  -0.445  -0.412  -0.567   0.268
   1.313  -0.557   0.786   2.180   0.692  -0.462   0.965   1.429  -0.005   1.582
   0.550  -1.932   1.367   1.529  -2.399   1.301  -0.169  -2.406   0.701   0.246
  -1.975   2.403   1.265  -0.222  -0.449   2.099  -0.978  -0.958   0.862   0.862
  -1.106   0.287   1.507  -0.569   1.328   1.356  -2.401   2.372   1.610  -2.344
   1.244   0.552  -3.143   0.741   2.236  -2.728
  -3.693   1.053   0.500  -2.812   1.061   1.172  -3.098   0.750   2.177  -2.483
   2.099   1.278  -1.671   0.210   0.614  -1.815  -0.400  -0.442  -0.547   0.217
   1.330  -0.570   0.700   2.225   0.736  -0.442   1.011   1.456   0.012   1.674
   0.629  -1.912   1.394   1.590  -2.429   1.340  -0.087  -2.396   0.723   0.235
  -2.056   2.394   1.281  -0.232  -0.424   2.150  -0.964  -0.922   0.858   0.870
  -1.038   0.169   1.433  -0.538   1.335   1.332  -2.360   2.406   1.641  -2.238
   1.310   0.535  -3.123   0.710   2.142  -2.691
  -3.661   0.906   0.506  -2.805   1.002   1.171  -3.118   0.593   2.170  -2.515
   2.048   1.328  -1.648   0.226   0.621  -1.816  -0.427  -0.407  -0.564   0.212
   1.366  -0.644   0.656   2.271   0.723  -0.466   1.058   1.448   0.006   1.719
   0.611  -1.951   1.417   1.643  -2.393   1.353  -0.047  -2.468   0.779   0.166
  -2.067   2.400   1.280  -0.178  -0.372   2.115  -0.921  -0.894   0.852   0.908
  -1.030   0.055   1.403  -0.634   1.333   1.345  -2.345   2.350   1.784  -2.320
   1.297   0.505  -3.056   0.660   2.085  -2.782
  -3.614   0.915   0.430  -2.818   1.000   1.175  -3.104   0.597   2.175  -2.542
   2.024   1.347  -1.644   0.176   0.673  -1.763  -0.440  -0.371  -0.530   0.179
   1.426  -0.523   0.734   2.266   0.773  -0.444   1.094   1.523   0.011   1.701
   0.694  -1.969   1.415   1.684  -2.421   1.383   0.054  -2.481   0.686   0.298
  -2.156   2.410   1.274  -0.175  -0.371   2.087  -0.975  -0.850   0.851   0.933
  -1.036   0.153   1.543  -0.595   1.346   1.339  -2.342   2.400   1.645  -2.300
   1.191   0.488  -3.017   0.770   2.185  -2.727
  -3.588   0.998   0.485  -2.795   0.999   1.229  -3.124   0.608   2.189  -2.469
   2.010   1.424  -1.635   0.171   0.702  -1.755  -0.497  -0.328  -0.518   0.251
   1.447  -0.505   0.885   2.208   0.724  -0.448   1.127   1.467  -0.055   1.833
   0.593  -1.930   1.476   1.550  -2.461   1.461  -0.059  -2.399   0.771   0.134
  -2.084   2.461   1.271  -0.201  -0.326   2.087  -0.970  -0.869   0.851   0.889
  -1.005   0.216   1.449  -0.461   1.351   1.418  -2.315   2.382   1.794  -2.238
   1.322   0.635  -3.069   0.701   2.236  -2.626
  -3.544   1.132   0.449  -2.755   1.045   1.232  -3.191   0.616   2.137  -2.343
   2.013   1.448  -1.647   0.137   0.697  -1.783  -0.510  -0.345  -0.506   0.213
   1.420  -0.477   0.885   2.158   0.780  -0.446   1.120   1.531  -0.014   1.772
   0.624  -1.906   1.514   1.609  -2.418   1.377  -0.073  -2.394   0.835   0.349
  -1.976   2.580   1.267  -0.189  -0.349   2.112  -0.924  -0.886   0.796   0.874
  -0.999   0.090   1.372  -0.509   1.296   1.401  -2.289   2.332   1.710  -2.203
   1.264   0.597  -3.064   0.667   2.222  -2.603
  -3.623   1.005   0.472  -2.792   0.970   1.202  -3.169   0.583   2.161  -2.416
   1.962   1.321  -1.670   0.140   0.711  -1.795  -0.496  -0.312  -0.527   0.179
   1.440  -0.528   0.751   2.225   0.755  -0.486   1.103   1.560  -0.031   1.732
   0.683  -1.977   1.526   1.656  -2.431   1.377  -0.001  -2.532   0.898   0.467
  -2.081   2.590   1.295  -0.221  -0.336   2.056  -0.976  -0.875   0.805   0.870
  -0.971   0.301   1.561  -0.435   1.242   1.336  -2.256   2.217   1.798  -2.213
   1.289   0.530  -2.945   0.563   2.081  -2.616
  -3.610   1.065   0.448  -2.809   1.045   1.193  -3.203   0.621   2.087  -2.421
   2.032   1.391  -1.669   0.197   0.709  -1.760  -0.464  -0.341  -0.563   0.213
   1.473  -0.547   0.768   2.291   0.724  -0.478   1.113   1.487  -0.007   1.738
   0.721  -1.926   1.534   1.709  -2.364   1.317  -0.089  -2.436   0.997   0.451
  -2.045   2.600   1.252  -0.217  -0.352   2.057  -0.979  -0.911   0.774   0.864
  -0.995   0.150   1.421  -0.438   1.284   1.323  -2.305   2.312   1.734  -2.151
   1.258   0.444  -2.979   0.618   2.086  -2.707
  -3.525   1.170   0.435  -2.806   1.085   1.235  -3.312   0.735   2.140  -2.399
   2.077   1.354  -1.666   0.200   0.760  -1.757  -0.391  -0.313  -0.555   0.199
   1.447  -0.652   0.638   2.335   0.714  -0.436   1.092   1.540   0.008   1.684
   0.698  -1.934   1.517   1.655  -2.372   1.346  -0.115  -2.510   0.957   0.503
  -2.004   2.610   1.221  -0.189  -0.388   2.008  -0.969  -0.881   0.771   0.882
  -1.093   0.035   1.422  -0.693   1.300   1.339  -2.370   2.372   1.640  -2.337
   1.179   0.522  -3.076   0.684   2.161  -2.741
  -3.577   1.179   0.406  -2.818   1.065   1.189  -3.290   0.565   2.036  -2.355
   2.003   1.534  -1.675   0.181   0.723  -1.764  -0.384  -0.353  -0.571   0.190
   1.501  -0.574   0.679   2.381   0.727  -0.474   1.097   1.507  -0.021   1.739
   0.692  -1.959   1.494   1.562  -2.489   1.074  -0.184  -2.374   1.046   0.688
  -2.062   2.599   1.212  -0.204  -0.359   1.981  -0.993  -0.889   0.829   0.905
  -1.025   0.067   1.406  -0.617   1.283   1.299  -2.330   2.226   1.845  -2.201
   1.421   0.444  -3.006   0.532   1.917  -2.819
  -3.488   1.232   0.441  -2.771   1.126   1.221  -3.298   0.635   2.027  -2.463
   2.110   1.554  -1.658   0.230   0.727  -1.811  -0.373  -0.352  -0.545   0.190
   1.452  -0.524   0.749   2.284   0.716  -0.475   1.073   1.478  -0.050   1.729
   0.648  -1.971   1.397   1.578  -2.503   1.110  -0.237  -2.423   0.931   0.542
  -2.114   2.496   1.207  -0.233  -0.358   2.036  -0.991  -0.870   0.750   0.864
  -0.973   0.072   1.427  -0.506   1.277   1.307  -2.289   2.199   1.875  -2.159
   1.476   0.444  -2.923   0.540   1.927  -2.822
  -3.547   1.189   0.514  -2.752   1.098   1.228  -3.095   0.680   2.154  -2.383
   2.135   1.481  -1.645   0.209   0.650  -1.775  -0.354  -0.416  -0.587   0.123
   1.454  -0.688   0.500   2.403   0.702  -0.502   1.089   1.418   0.022   1.737
   0.690  -1.963   1.465   1.646  -2.474   1.213  -0.139  -2.452   0.899   0.510
  -2.081   2.535   1.229  -0.211  -0.324   2.031  -0.981  -0.903   0.813   0.905
  -0.936   0.139   1.476  -0.466   1.223   1.349  -2.281   2.130   1.947  -2.245
   1.444   0.459  -2.931   0.410   1.835  -2.795
  -3.616   0.978   0.534  -2.788   1.063   1.255  -3.222   0.736   2.205  -2.415
   2.077   1.312  -1.659   0.198   0.707  -1.759  -0.347  -0.398  -0.528   0.181
   1.436  -0.580   0.686   2.296   0.743  -0.493   1.104   1.496  -0.037   1.757
   0.678  -2.011   1.452   1.695  -2.486   1.393  -0.005  -2.520   0.733   0.324
  -2.054   2.457   1.278  -0.218  -0.333   2.023  -1.031  -0.902   0.853   0.915
  -0.923   0.208   1.495  -0.376   1.171   1.287  -2.289   1.835   2.125  -2.272
   1.598   0.476  -2.891   0.294   1.597  -2.815
  -3.671   1.058   0.691  -2.780   1.031   1.294  -3.038   0.582   2.258  -2.493
   2.074   1.356  -1.669   0.176   0.738  -1.749  -0.328  -0.382  -0.555   0.171
   1.465  -0.571   0.616   2.363   0.763  -0.478   1.130   1.493  -0.023   1.765
   0.645  -1.972   1.471   1.598  -2.476   1.195  -0.038  -2.439   0.796   0.337
  -2.171   2.515   1.256  -0.185  -0.320   1.999  -0.994  -0.883   0.953   0.989
  -0.928   0.338   1.613  -0.429   1.227   1.276  -2.344   2.111   1.928  -2.409
   1.448   0.363  -2.866   0.380   1.744  -2.881
  -3.640   1.101   0.630  -2.782   1.087   1.305  -3.091   0.650   2.243  -2.545
   2.140   1.467  -1.649   0.269   0.735  -1.814  -0.323  -0.361  -0.543   0.234
   1.474  -0.592   0.675   2.371   0.724  -0.414   1.119   1.446   0.007   1.849
   0.632  -1.946   1.424   1.597  -2.430   1.210  -0.116  -2.411   0.790   0.416
  -2.159   2.513   1.292  -0.146  -0.329   1.998  -1.014  -0.906   0.912   0.973
  -0.930   0.399   1.582  -0.350   1.191   1.341  -2.317   2.099   1.948  -2.367
   1.231   0.454  -2.920   0.441   1.987  -2.714
  -3.679   0.893   0.606  -2.822   1.056   1.276  -3.069   0.661   2.228  -2.554
   2.086   1.372  -1.651   0.258   0.703  -1.785  -0.309  -0.351  -0.540   0.208
   1.469  -0.592   0.669   2.370   0.731  -0.475   1.131   1.468  -0.101   1.848
   0.595  -1.983   1.371   1.479  -2.498   1.094  -0.254  -2.410   0.855   0.529
  -2.179   2.443   1.291  -0.150  -0.309   1.956  -1.004  -0.877   0.927   0.944
  -0.974   0.476   1.648  -0.411   1.148   1.248  -2.370   1.982   1.880  -2.596
   1.358   0.346  -2.916   0.223   1.703  -2.776
  -3.639   1.042   0.566  -2.837   1.035   1.321  -3.190   0.475   2.186  -2.516
   2.007   1.637  -1.669   0.261   0.758  -1.747  -0.328  -0.350  -0.552   0.275
   1.521  -0.526   0.843   2.365   0.750  -0.428   1.172   1.496  -0.097   1.876
   0.545  -1.980   1.422   1.429  -2.494   1.105  -0.217  -2.423   0.780   0.402
  -2.123   2.488   1.277  -0.173  -0.289   1.938  -1.004  -0.876   0.881   0.905
  -0.988   0.320   1.589  -0.482   1.203   1.190  -2.386   2.140   1.758  -2.527
   1.199   0.263  -2.914   0.404   1.819  -2.823
  -3.654   1.050   0.464  -2.824   0.976   1.225  -3.083   0.434   2.113  -2.541
   1.985   1.516  -1.622   0.255   0.658  -1.656  -0.331  -0.444  -0.550   0.262
   1.445  -0.551   0.797   2.301   0.762  -0.419   1.167   1.522   0.007   1.806
   0.584  -1.937   1.506   1.543  -2.447   1.342  -0.219  -2.379   0.887   0.263
  -2.089   2.494   1.300  -0.254  -0.304   1.942  -1.142  -0.863   0.939   0.853
  -0.951   0.423   1.550  -0.428   1.262   1.177  -2.343   2.267   1.536  -2.420
   1.229   0.261  -3.020   0.622   1.967  -2.737
  -3.560   1.009   0.509  -2.795   0.926   1.271  -3.184   0.393   2.148  -2.551
   1.943   1.590  -1.589   0.250   0.663  -1.693  -0.366  -0.410  -0.508   0.315
   1.426  -0.691   0.733   2.305   0.726  -0.440   1.165   1.497  -0.122   1.863
   0.524  -1.951   1.514   1.516  -2.454   1.576  -0.057  -2.520   0.768   0.126
  -2.108   2.480   1.308  -0.255  -0.280   1.943  -1.147  -0.864   1.071   0.942
  -0.907   0.588   1.655  -0.364   1.105   1.160  -2.371   2.120   1.516  -2.715
   0.917   0.266  -2.883   0.295   1.814  -2.726
  -3.588   1.290   0.570  -2.821   1.020   1.288  -3.290   0.347   2.031  -2.496
   1.901   1.873  -1.588   0.309   0.725  -1.698  -0.311  -0.335  -0.472   0.286
   1.479  -0.459   0.768   2.384   0.755  -0.441   1.117   1.534   0.004   1.743
   0.572  -1.924   1.490   1.563  -2.416   1.411  -0.081  -2.433   0.764   0.171
  -2.051   2.507   1.343  -0.202  -0.305   1.990  -1.097  -0.876   1.048   0.948
  -0.896   0.527   1.637  -0.374   1.169   1.189  -2.364   2.220   1.400  -2.569
   0.799   0.283  -2.888   0.547   2.049  -2.634
  -3.572   1.181   0.547  -2.833   0.912   1.335  -3.367   0.318   2.069  -2.523
   1.884   1.749  -1.602   0.247   0.743  -1.693  -0.254  -0.354  -0.462   0.245
   1.446  -0.467   0.684   2.362   0.764  -0.500   1.119   1.506  -0.131   1.800
   0.523  -1.990   1.477   1.484  -2.492   1.360  -0.224  -2.456   0.842   0.179
  -2.080   2.521   1.419  -0.243  -0.293   2.024  -1.101  -0.958   1.040   0.911
  -0.897   0.591   1.600  -0.275   1.136   1.135  -2.332   2.078   1.589  -2.628
   0.933   0.227  -2.815   0.328   1.826  -2.621
  -3.679   0.830   0.658  -2.825   0.927   1.340  -3.173   0.383   2.210  -2.646
   1.991   1.594  -1.612   0.246   0.769  -1.708  -0.310  -0.330  -0.514   0.201
   1.495  -0.531   0.691   2.421   0.791  -0.460   1.189   1.550  -0.074   1.919
   0.528  -1.921   1.534   1.440  -2.518   1.515  -0.254  -2.327   0.870   0.102
  -2.006   2.522   1.366  -0.216  -0.271   2.066  -1.047  -0.836   1.091   0.946
  -0.905   0.479   1.552  -0.400   1.110   1.231  -2.351   2.123   1.602  -2.501
   0.947   0.401  -2.986   0.429   2.053  -2.658
  -3.590   0.905   0.659  -2.813   0.840   1.374  -3.067   0.134   2.237  -2.499
   1.806   1.777  -1.601   0.221   0.760  -1.653  -0.333  -0.348  -0.544   0.183
   1.499  -0.568   0.637   2.433   0.732  -0.497   1.161   1.524  -0.142   1.898
   0.587  -1.996   1.434   1.481  -2.527   1.098  -0.278  -2.336   0.807   0.318
  -2.121   2.484   1.357  -0.178  -0.253   1.989  -1.027  -0.877   1.075   0.985
  -0.864   0.591   1.691  -0.315   1.172   1.298  -2.254   2.185   1.617  -2.596
   0.923   0.371  -2.812   0.373   2.048  -2.483
  -3.586   0.973   0.648  -2.740   0.934   1.377  -3.013   0.417   2.282  -2.528
   1.972   1.582  -1.570   0.178   0.753  -1.647  -0.329  -0.371  -0.502   0.138
   1.506  -0.618   0.639   2.387   0.798  -0.478   1.203   1.554  -0.108   1.858
   0.661  -1.996   1.539   1.606  -2.571   1.441  -0.048  -2.505   0.868   0.282
  -2.069   2.560   1.347  -0.199  -0.236   2.030  -1.050  -0.839   1.129   1.036
  -0.744   0.609   1.644  -0.192   1.266   1.293  -2.218   2.304   1.400  -2.550
   0.887   0.430  -2.822   0.699   2.207  -2.486
  -3.568   1.073   0.681  -2.675   0.980   1.338  -2.897   0.560   2.289  -2.331
   2.018   1.525  -1.562   0.175   0.687  -1.656  -0.301  -0.430  -0.486   0.064
   1.465  -0.628   0.358   2.416   0.805  -0.509   1.251   1.570   0.039   1.885
   0.739  -1.994   1.576   1.732  -2.416   1.389   0.013  -2.373   0.897   0.456
  -2.141   2.617   1.376  -0.167  -0.191   2.006  -1.007  -0.805   1.041   1.005
  -0.766   0.504   1.623  -0.191   1.264   1.337  -2.156   2.347   1.429  -2.322
   0.820   0.569  -2.781   0.825   2.315  -2.450
  -3.623   0.886   0.567  -2.743   0.924   1.248  -3.125   0.501   2.138  -2.365
   1.944   1.385  -1.625   0.078   0.709  -1.692  -0.343  -0.440  -0.547   0.024
   1.514  -0.630   0.563   2.349   0.794  -0.560   1.249   1.556  -0.084   1.932
   0.714  -2.046   1.600   1.692  -2.518   1.488  -0.064  -2.536   1.000   0.427
  -2.090   2.613   1.421  -0.168  -0.194   2.071  -1.062  -0.810   1.134   1.037
  -0.715   0.416   1.580  -0.226   1.397   1.310  -2.182   2.439   1.383  -2.294
   0.990   0.550  -2.790   0.947   2.272  -2.338
  -3.539   1.075   0.537  -2.775   0.832   1.293  -3.254   0.162   2.008  -2.442
   1.759   1.726  -1.558   0.120   0.692  -1.614  -0.357  -0.467  -0.473   0.080
   1.475  -0.718   0.368   2.420   0.870  -0.521   1.246   1.521  -0.118   2.071
   0.803  -2.017   1.535   1.821  -2.436   1.458   0.099  -2.512   0.873   0.469
  -2.168   2.554   1.441  -0.172  -0.151   1.999  -1.011  -0.779   1.128   1.046
  -0.690   0.620   1.707  -0.140   1.435   1.408  -2.097   2.484   1.206  -2.355
   0.830   0.765  -2.712   1.206   2.458  -2.280
  -3.387   1.300   0.495  -2.792   0.855   1.300  -3.369   0.168   1.912  -2.558
   1.790   1.909  -1.614   0.128   0.736  -1.591  -0.354  -0.398  -0.522   0.020
   1.480  -0.645   0.303   2.458   0.825  -0.479   1.234   1.501  -0.022   1.979
   0.840  -1.986   1.541   1.895  -2.309   1.423   0.166  -2.526   0.901   0.526
  -2.229   2.569   1.431  -0.177  -0.176   2.127  -1.025  -0.748   1.131   1.027
  -0.725   0.463   1.563  -0.177   1.404   1.376  -2.096   2.428   1.070  -2.329
   0.768   0.747  -2.717   1.195   2.412  -2.338
  -3.364   1.058   0.297  -2.858   0.813   1.211  -3.385   0.071   1.848  -2.485
   1.683   1.724  -1.561   0.146   0.686  -1.605  -0.326  -0.474  -0.514  -0.005
   1.563  -0.628   0.363   2.504   0.884  -0.540   1.251   1.565   0.001   1.898
   0.943  -2.022   1.633   1.939  -2.439   1.482   0.162  -2.558   0.985   0.641
  -2.263   2.681   1.346  -0.253  -0.208   2.100  -1.003  -0.797   1.106   0.984
  -0.708   0.589   1.600  -0.086   1.378   1.394  -2.125   2.430   1.301  -2.358
   0.757   0.767  -2.806   1.061   2.415  -2.250
  -3.552   0.997   0.507  -2.755   0.785   1.258  -3.251   0.244   2.065  -2.424
   1.741   1.658  -1.531   0.052   0.639  -1.644  -0.320  -0.530  -0.501  -0.115
   1.497  -0.780   0.209   2.454   0.868  -0.586   1.260   1.520  -0.009   1.923
   1.051  -2.056   1.698   2.069  -2.386   1.456   0.362  -2.744   1.211   0.902
  -2.060   2.770   1.453  -0.241  -0.161   2.039  -1.117  -0.819   1.196   0.965
  -0.663   0.699   1.620  -0.032   1.348   1.429  -2.019   2.390   1.173  -2.364
   0.570   0.955  -2.640   1.211   2.482  -2.115
  -3.362   1.154   0.438  -2.729   0.829   1.281  -3.274   0.168   1.965  -2.311
   1.758   1.879  -1.580   0.056   0.700  -1.668  -0.314  -0.478  -0.467  -0.020
   1.497  -0.542   0.376   2.396   0.873  -0.577   1.213   1.525   0.017   1.903
   1.089  -2.061   1.708   2.052  -2.429   1.430   0.357  -2.784   1.334   1.004
  -2.109   2.826   1.377  -0.266  -0.251   1.984  -1.087  -0.934   1.149   1.009
  -0.644   0.774   1.654   0.033   1.295   1.455  -2.018   2.279   1.366  -2.444
   0.545   0.941  -2.648   1.119   2.554  -1.997
  -3.378   0.940   0.447  -2.684   0.800   1.295  -3.088   0.204   2.079  -2.398
   1.794   1.662  -1.481   0.010   0.721  -1.566  -0.497  -0.398  -0.438  -0.036
   1.524  -0.567   0.481   2.417   0.914  -0.568   1.222   1.679  -0.013   1.853
   0.966  -2.072   1.654   1.889  -2.488   1.370   0.169  -2.648   1.179   0.923
  -2.140   2.736   1.396  -0.230  -0.166   1.918  -1.050  -0.923   1.160   1.047
  -0.567   0.815   1.666   0.106   1.314   1.453  -2.007   2.358   1.353  -2.360
   0.679   0.854  -2.668   1.005   2.488  -2.158
  -3.438   1.046   0.703  -2.664   0.816   1.391  -2.974   0.387   2.362  -2.233
   1.786   1.680  -1.509   0.088   0.784  -1.549  -0.381  -0.385  -0.439   0.027
   1.564  -0.560   0.632   2.352   0.896  -0.556   1.267   1.529  -0.035   2.007
   1.010  -2.060   1.603   2.037  -2.411   1.363   0.381  -2.637   0.971   0.845
  -2.237   2.663   1.431  -0.195  -0.177   2.023  -1.032  -0.841   1.134   1.027
  -0.595   0.917   1.723   0.143   1.272   1.438  -1.957   2.273   1.328  -2.381
   0.502   0.910  -2.536   0.928   2.561  -2.059
  -3.539   0.552   0.682  -2.716   0.777   1.331  -2.896   0.267   2.295  -2.604
   1.836   1.493  -1.452   0.158   0.809  -1.556  -0.364  -0.315  -0.394   0.063
   1.597  -0.460   0.357   2.533   0.934  -0.501   1.266   1.690   0.058   1.816
   1.057  -1.976   1.611   2.070  -2.364   1.445   0.338  -2.580   1.094   0.895
  -2.141   2.681   1.455  -0.247  -0.148   2.082  -1.065  -0.847   1.085   0.975
  -0.626   0.545   1.513  -0.023   1.279   1.480  -1.961   2.235   1.277  -2.412
   0.468   1.016  -2.499   1.119   2.554  -2.131
  -3.573   0.536   0.722  -2.709   0.820   1.377  -2.968   0.425   2.376  -2.496
   1.873   1.504  -1.473   0.082   0.881  -1.488  -0.394  -0.264  -0.361   0.040
   1.671  -0.492   0.415   2.600   0.941  -0.524   1.293   1.604   0.075   1.868
   1.011  -2.005   1.753   2.012  -2.491   1.693   0.326  -2.595   1.166   0.772
  -2.042   2.801   1.385  -0.182  -0.131   1.947  -1.021  -0.851   1.018   0.985
  -0.708   0.382   1.477  -0.095   1.197   1.450  -2.084   2.140   1.261  -2.529
   0.481   0.982  -2.743   1.125   2.510  -2.277
  -3.514   0.878   0.744  -2.632   0.934   1.451  -2.973   0.598   2.407  -2.316
   2.009   1.548  -1.516   0.087   0.975  -1.525  -0.393  -0.141  -0.447   0.037
   1.733  -0.540   0.561   2.636   0.847  -0.517   1.344   1.581   0.000   2.012
   0.869  -1.977   1.645   1.848  -2.416   1.651   0.235  -2.471   0.930   0.418
  -2.104   2.628   1.328  -0.234  -0.151   2.004  -0.965  -0.809   0.961   0.954
  -0.686   0.428   1.552  -0.133   1.292   1.407  -2.055   2.366   1.266  -2.262
   0.752   0.759  -2.748   0.883   2.407  -2.235
  -3.479   0.856   0.825  -2.642   0.992   1.529  -2.975   0.754   2.560  -2.267
   2.023   1.569  -1.492   0.150   1.018  -1.571  -0.398  -0.112  -0.405   0.015
   1.783  -0.373   0.571   2.631   0.896  -0.577   1.398   1.629  -0.108   2.066
   0.792  -2.019   1.741   1.797  -2.358   1.666   0.130  -2.554   1.033   0.460
  -2.053   2.773   1.327  -0.225  -0.093   1.986  -0.986  -0.775   0.874   0.932
  -0.638   0.159   1.501  -0.142   1.356   1.498  -1.939   2.451   1.324  -1.854
   0.949   0.973  -2.804   1.133   2.554  -2.019
  -3.604   0.710   0.955  -2.706   0.993   1.572  -2.917   0.721   2.630  -2.658
   2.068   1.458  -1.585   0.133   1.057  -1.681  -0.348  -0.064  -0.437   0.072
   1.776  -0.372   0.606   2.626   0.824  -0.561   1.320   1.625  -0.193   1.992
   0.723  -2.007   1.723   1.710  -2.390   1.754   0.046  -2.575   1.023   0.331
  -2.115   2.770   1.335  -0.195  -0.117   2.050  -1.003  -0.807   0.965   1.006
  -0.600   0.326   1.578  -0.089   1.374   1.489  -1.899   2.468   1.711  -1.910
   1.235   0.751  -2.673   0.827   2.465  -2.079
  -3.680   0.731   1.134  -2.741   0.865   1.706  -2.930   0.631   2.788  -2.508
   1.952   1.684  -1.599   0.108   1.070  -1.652  -0.392  -0.042  -0.468   0.099
   1.792  -0.572   0.617   2.635   0.805  -0.603   1.423   1.586  -0.175   1.988
   0.725  -2.087   1.704   1.758  -2.456   1.777   0.314  -2.557   0.824   0.035
  -2.335   2.630   1.330  -0.239  -0.030   1.888  -1.035  -0.804   1.087   1.005
  -0.471   0.666   1.729   0.159   1.361   1.376  -1.924   2.448   1.413  -1.961
   1.098   0.555  -2.488   0.934   2.291  -2.292
  -3.762   0.777   1.201  -2.846   0.845   1.805  -2.992   0.414   2.780  -2.597
   1.946   1.827  -1.628   0.181   1.080  -1.766  -0.324   0.008  -0.489   0.106
   1.800  -0.566   0.617   2.724   0.785  -0.569   1.440   1.568  -0.153   2.120
   0.749  -2.070   1.783   1.731  -2.446   1.781   0.152  -2.615   1.061   0.266
  -2.160   2.776   1.349  -0.241   0.017   1.897  -1.081  -0.700   1.154   0.988
  -0.495   0.529   1.509   0.074   1.423   1.403  -1.873   2.496   1.472  -1.962
   1.005   0.679  -2.545   0.992   2.438  -2.036
  -3.794   0.502   1.171  -2.890   0.818   1.710  -3.017   0.446   2.768  -2.739
   1.880   1.705  -1.664   0.132   1.122  -1.680  -0.385  -0.001  -0.484   0.098
   1.803  -0.504   0.612   2.702   0.734  -0.558   1.381   1.499  -0.128   2.102
   0.686  -2.078   1.690   1.736  -2.473   1.757   0.090  -2.560   0.945   0.149
  -2.207   2.642   1.356  -0.197  -0.020   2.004  -1.015  -0.672   1.267   1.073
  -0.440   0.928   1.795   0.211   1.530   1.409  -1.858   2.600   1.495  -2.018
   1.143   0.595  -2.517   0.925   2.318  -2.075
  -3.748   0.331   1.185  -2.897   0.692   1.677  -2.931   0.398   2.719  -2.764
   1.706   1.658  -1.657   0.131   1.069  -1.780  -0.326  -0.065  -0.481   0.183
   1.768  -0.530   0.561   2.699   0.785  -0.531   1.406   1.507  -0.177   2.083
   0.721  -2.067   1.577   1.679  -2.445   1.476  -0.047  -2.442   0.826   0.195
  -2.242   2.523   1.357  -0.118  -0.014   1.887  -0.997  -0.727   1.215   1.118
  -0.508   0.787   1.779   0.087   1.423   1.531  -1.918   2.505   1.380  -2.165
   0.857   0.910  -2.528   1.092   2.574  -2.094
  -3.724   0.413   1.236  -2.830   0.640   1.835  -2.800   0.197   2.866  -2.719
   1.756   1.945  -1.629   0.123   1.125  -1.719  -0.345  -0.021  -0.482   0.191
   1.791  -0.472   0.502   2.741   0.814  -0.437   1.369   1.591  -0.026   2.013
   0.721  -1.944   1.548   1.679  -2.501   1.687   0.266  -2.376   0.610   0.034
  -2.110   2.331   1.306  -0.145  -0.053   1.947  -0.986  -0.655   1.116   1.089
  -0.553   0.699   1.742   0.070   1.322   1.522  -1.969   2.343   1.499  -2.233
   0.754   0.888  -2.744   0.983   2.596  -2.014
  -3.783   0.327   1.457  -2.861   0.629   1.858  -2.893   0.395   2.896  -2.738
   1.761   1.845  -1.728   0.029   1.088  -1.765  -0.341  -0.093  -0.545   0.153
   1.684  -0.690   0.464   2.640   0.705  -0.478   1.349   1.405  -0.054   2.051
   0.619  -1.968   1.708   1.591  -2.377   1.521  -0.008  -2.498   1.001   0.348
  -2.259   2.735   1.397  -0.133  -0.036   1.923  -1.004  -0.739   1.184   1.083
  -0.608   0.737   1.695   0.074   1.237   1.522  -1.962   2.182   1.219  -2.326
   0.396   1.175  -2.529   1.217   2.633  -2.016
  -3.767   0.363   1.265  -2.888   0.638   1.876  -2.867   0.244   2.899  -2.840
   1.735   2.018  -1.686   0.137   1.066  -1.925  -0.328  -0.036  -0.494   0.142
   1.659  -0.552   0.563   2.528   0.764  -0.501   1.331   1.536  -0.130   2.071
   0.596  -1.997   1.656   1.592  -2.569   1.624   0.014  -2.342   0.825   0.054
  -2.199   2.602   1.382  -0.193  -0.086   1.981  -1.107  -0.671   1.215   1.079
  -0.530   0.996   1.729   0.189   1.280   1.533  -1.931   2.201   1.243  -2.428
   0.432   1.177  -2.513   1.336   2.633  -1.964
  -3.680   0.381   1.287  -2.803   0.725   1.795  -2.859   0.454   2.868  -2.717
   1.735   1.590  -1.638   0.089   1.071  -1.836  -0.373  -0.064  -0.484   0.232
   1.741  -0.505   0.710   2.647   0.752  -0.505   1.391   1.487  -0.162   2.139
   0.579  -2.020   1.593   1.544  -2.528   1.581  -0.119  -2.472   0.871   0.330
  -2.247   2.670   1.330  -0.177   0.010   1.982  -1.006  -0.644   1.139   1.060
  -0.437   1.000   1.743   0.295   1.416   1.462  -1.784   2.356   1.053  -2.188
   0.589   1.085  -2.421   1.436   2.585  -1.833
  -3.712   0.449   1.267  -2.831   0.788   1.820  -2.861   0.460   2.870  -2.781
   1.858   1.676  -1.669   0.120   1.130  -1.924  -0.424   0.074  -0.485   0.150
   1.724  -0.448   0.726   2.591   0.822  -0.512   1.332   1.541  -0.005   2.000
   0.773  -1.999   1.696   1.794  -2.290   1.659   0.233  -2.459   0.822   0.392
  -2.240   2.685   1.373  -0.146  -0.031   1.956  -0.967  -0.746   1.111   1.101
  -0.457   0.651   1.732   0.153   1.307   1.500  -1.816   2.088   0.936  -2.273
   0.351   1.454  -2.389   1.692   2.583  -1.814
  -3.694   0.361   1.438  -2.826   0.822   1.880  -2.772   0.561   2.898  -2.794
   1.889   1.726  -1.662   0.193   1.131  -1.892  -0.410   0.036  -0.475   0.110
   1.763  -0.439   0.624   2.636   0.817  -0.553   1.316   1.633  -0.053   1.900
   0.776  -2.027   1.553   1.726  -2.499   1.314   0.098  -2.445   0.862   0.344
  -2.343   2.506   1.287  -0.098  -0.117   1.934  -0.902  -0.764   1.055   1.177
  -0.502   0.540   1.910   0.067   1.261   1.527  -1.901   1.761   0.771  -2.515
   0.294   1.676  -2.470   1.752   2.451  -2.000
  -3.742   0.511   1.238  -2.910   0.821   1.819  -2.955   0.586   2.900  -2.714
   1.928   1.613  -1.709   0.091   1.155  -1.815  -0.443   0.024  -0.540   0.144
   1.729  -0.525   0.672   2.581   0.713  -0.513   1.344   1.413  -0.005   2.027
   0.678  -2.049   1.670   1.692  -2.441   1.512  -0.135  -2.441   0.951   0.322
  -2.228   2.701   1.244  -0.059  -0.033   1.973  -0.869  -0.647   1.089   1.214
  -0.465   0.613   1.900   0.094   1.429   1.555  -1.865   1.783   0.693  -2.392
   0.542   1.928  -2.388   2.184   2.361  -1.854
  -3.847   0.444   1.074  -2.931   0.830   1.585  -2.884   0.551   2.617  -2.816
   1.973   1.385  -1.731   0.128   0.954  -1.788  -0.587  -0.020  -0.544   0.277
   1.552  -0.623   0.811   2.373   0.725  -0.444   1.334   1.501   0.004   1.984
   0.665  -1.971   1.684   1.613  -2.495   1.595   0.067  -2.455   0.924   0.094
  -2.223   2.614   1.232  -0.135  -0.104   1.932  -0.960  -0.689   0.947   1.038
  -0.549   0.429   1.687   0.070   1.331   1.596  -1.809   1.525   0.874  -2.659
   0.470   2.202  -2.222   2.295   2.172  -1.693
  -3.859   0.188   1.374  -2.939   0.785   1.573  -2.841   0.666   2.665  -3.124
   1.816   1.304  -1.714   0.114   1.011  -1.858  -0.641   0.019  -0.499   0.274
   1.628  -0.376   0.843   2.489   0.717  -0.483   1.326   1.402  -0.057   2.010
   0.624  -1.978   1.740   1.653  -2.321   1.801   0.080  -2.444   0.913   0.131
  -2.099   2.741   1.226  -0.106  -0.048   1.968  -0.910  -0.654   0.698   1.014
  -0.596   0.103   1.598  -0.069   1.154   1.568  -1.807   1.368   0.800  -2.542
   0.280   2.130  -2.258   1.981   2.252  -1.654
  -3.934   0.181   1.532  -2.968   0.719   1.748  -2.842   0.769   2.821  -2.972
   1.781   1.420  -1.818   0.023   1.147  -1.917  -0.715   0.096  -0.622   0.340
   1.697  -0.664   0.934   2.531   0.550  -0.452   1.243   1.310   0.016   1.848
   0.634  -1.871   1.749   1.603  -2.389   1.513  -0.053  -2.421   1.135   0.482
  -1.979   2.846   1.069  -0.189  -0.181   1.925  -0.916  -0.679   0.623   1.022
  -0.671   0.056   1.663  -0.180   1.254   1.635  -1.879   1.618   0.806  -2.555
   0.479   2.203  -2.451   2.000   2.389  -1.543
  -3.853   0.102   1.548  -3.018   0.721   1.747  -2.911   0.873   2.835  -3.125
   1.680   1.224  -1.844   0.023   1.140  -2.097  -0.629   0.165  -0.624   0.278
   1.694  -0.668   1.004   2.410   0.649  -0.359   1.314   1.382   0.114   1.912
   0.704  -1.874   1.778   1.610  -2.399   1.369  -0.209  -2.387   1.656   0.770
  -1.870   2.877   1.094  -0.111  -0.102   1.782  -0.938  -0.675   0.623   0.984
  -0.754  -0.036   1.518  -0.232   1.266   1.655  -1.908   1.782   0.865  -2.537
   0.565   2.246  -2.557   2.049   2.331  -1.533
  -3.893   0.172   1.374  -3.031   0.729   1.743  -2.954   0.592   2.834  -3.075
   1.787   1.578  -1.880   0.054   1.100  -2.023  -0.625   0.068  -0.689   0.212
   1.728  -0.624   0.715   2.595   0.610  -0.369   1.289   1.313   0.146   1.877
   0.673  -1.823   1.790   1.564  -2.384   1.449  -0.314  -2.361   1.751   0.824
  -1.684   2.845   1.049  -0.064  -0.143   1.842  -0.920  -0.635   0.652   1.054
  -0.742  -0.036   1.558  -0.235   1.331   1.727  -1.918   1.877   0.913  -2.449
   0.541   2.129  -2.624   2.041   2.563  -1.759
  -3.915   0.564   1.135  -3.002   0.836   1.664  -3.232   0.713   2.730  -2.833
   1.899   1.475  -1.851   0.082   1.112  -1.981  -0.517   0.083  -0.682   0.285
   1.710  -0.702   0.993   2.417   0.580  -0.395   1.359   1.292   0.182   1.933
   0.664  -1.820   1.920   1.614  -2.320   1.578  -0.245  -2.383   1.616   0.746
  -1.771   3.013   1.019  -0.153  -0.087   1.844  -0.896  -0.630   0.625   1.007
  -0.617  -0.078   1.521  -0.104   1.134   1.628  -1.888   1.565   0.859  -2.512
   0.243   1.944  -2.433   1.864   2.439  -1.705
  -3.906   0.435   1.334  -2.977   0.800   1.727  -3.014   0.535   2.773  -2.882
   1.912   1.573  -1.804  -0.005   1.113  -1.945  -0.525   0.005  -0.663   0.269
   1.784  -0.801   0.748   2.675   0.560  -0.312   1.343   1.338   0.264   1.900
   0.561  -1.756   1.888   1.521  -2.272   1.690  -0.121  -2.435   1.377   0.294
  -1.804   2.933   1.083  -0.145  -0.163   1.796  -0.961  -0.666   0.671   1.013
  -0.718  -0.114   1.458  -0.237   1.142   1.708  -1.915   1.619   1.031  -2.683
   0.381   2.330  -2.402   1.887   2.492  -1.634
  -3.861   0.322   1.366  -3.002   0.773   1.805  -3.025   0.695   2.889  -2.937
   1.759   1.478  -1.846   0.069   1.111  -2.111  -0.479   0.054  -0.620   0.182
   1.695  -0.640   0.503   2.651   0.695  -0.344   1.387   1.364   0.263   1.976
   0.756  -1.765   1.882   1.778  -2.240   1.882   0.136  -2.448   1.308   0.479
  -1.866   2.921   1.081  -0.085  -0.136   1.803  -0.864  -0.783   0.588   0.988
  -0.727  -0.179   1.430  -0.215   1.179   1.676  -1.969   1.791   0.928  -2.445
   0.441   2.008  -2.611   1.798   2.522  -1.691
  -3.940   0.561   1.289  -3.038   0.837   1.801  -3.184   0.488   2.849  -2.894
   1.902   1.676  -1.836   0.114   1.115  -1.961  -0.498   0.078  -0.687   0.225
   1.699  -0.683   0.837   2.489   0.635  -0.395   1.366   1.302   0.126   2.067
   0.728  -1.895   1.876   1.758  -2.200   1.745   0.062  -2.494   1.159   0.386
  -1.920   2.927   1.010  -0.167  -0.103   1.802  -0.962  -0.638   0.574   0.934
  -0.691  -0.086   1.507  -0.156   1.175   1.556  -1.856   1.675   0.844  -2.546
   0.296   1.897  -2.370   1.758   2.474  -1.657
  -3.929   0.542   1.242  -2.993   0.877   1.790  -3.080   0.462   2.802  -2.802
   1.935   1.689  -1.869   0.119   1.167  -1.975  -0.471   0.071  -0.665   0.282
   1.758  -0.599   0.883   2.623   0.553  -0.429   1.409   1.262   0.179   1.994
   0.703  -1.890   1.859   1.736  -2.160   1.663   0.133  -2.560   1.235   0.331
  -2.016   2.905   1.023  -0.175  -0.108   1.705  -1.029  -0.703   0.671   0.967
  -0.629   0.056   1.581  -0.021   1.167   1.561  -1.882   1.579   0.750  -2.474
   0.349   1.952  -2.493   1.866   2.369  -1.692
  -3.987   0.564   1.625  -3.023   0.854   1.942  -2.979   0.717   3.026  -2.791
   1.879   1.753  -1.892   0.128   1.194  -2.038  -0.549   0.153  -0.699   0.127
   1.755  -0.573   0.631   2.591   0.601  -0.391   1.342   1.359   0.239   1.843
   0.642  -1.859   1.806   1.645  -2.228   1.678  -0.108  -2.456   1.299   0.415
  -1.877   2.877   0.939  -0.176  -0.150   1.607  -1.023  -0.758   0.620   1.025
  -0.630   0.258   1.689   0.082   1.118   1.553  -1.907   1.496   0.789  -2.531
   0.346   2.164  -2.432   1.941   2.203  -1.729
  -3.816   0.391   1.507  -2.946   0.881   1.874  -2.934   0.656   2.959  -2.927
   2.031   1.797  -1.797   0.193   1.180  -1.932  -0.366   0.110  -0.626   0.199
   1.792  -0.506   0.700   2.640   0.546  -0.467   1.358   1.336   0.110   1.936
   0.670  -1.877   1.938   1.641  -2.324   1.695  -0.109  -2.391   1.378   0.444
  -1.735   2.991   1.034  -0.320  -0.155   1.702  -1.140  -0.720   0.783   0.930
  -0.663   0.132   1.465  -0.101   1.075   1.499  -1.942   1.376   0.686  -2.687
   0.155   2.061  -2.198   1.789   2.262  -1.932
  -3.996   0.620   1.353  -3.015   0.867   1.786  -3.048   0.751   2.812  -2.945
   1.933   1.556  -1.851   0.048   1.197  -1.836  -0.416   0.059  -0.658   0.167
   1.780  -0.624   0.589   2.666   0.531  -0.514   1.323   1.345   0.122   1.876
   0.607  -1.910   1.908   1.608  -2.342   1.652  -0.144  -2.527   1.437   0.492
  -1.893   3.031   1.079  -0.297  -0.140   1.781  -1.118  -0.730   0.896   0.956
  -0.592   0.228   1.428  -0.065   1.041   1.456  -1.985   0.962   0.645  -2.779
   0.206   2.141  -2.175   1.955   2.000  -1.902
  -3.995   0.313   1.433  -3.052   0.856   1.646  -2.958   0.995   2.738  -3.129
   1.865   1.256  -1.893   0.082   1.072  -1.924  -0.421  -0.059  -0.811   0.037
   1.858  -0.880   0.564   2.680   0.514  -0.470   1.455   1.129   0.062   2.141
   0.592  -1.888   1.920   1.634  -2.208   1.835  -0.105  -2.575   1.414   0.372
  -1.912   2.997   1.096  -0.202   0.025   1.689  -1.092  -0.611   0.907   1.037
  -0.505   0.389   1.664   0.075   1.020   1.516  -1.927   1.307   0.770  -2.630
   0.158   2.110  -2.305   1.902   2.118  -1.936
  -3.920  -0.042   1.569  -3.086   0.744   1.634  -2.853   1.116   2.623  -3.418
   1.612   0.954  -1.912   0.046   1.044  -2.021  -0.462  -0.070  -0.802   0.011
   1.765  -0.841   0.458   2.652   0.466  -0.533   1.454   1.084   0.090   2.072
   0.509  -1.953   1.955   1.411  -2.181   2.367   0.245  -2.625   1.173  -0.189
  -2.164   2.767   1.099  -0.179   0.051   1.732  -0.990  -0.553   0.933   1.021
  -0.559   0.533   1.680   0.019   1.036   1.446  -1.957   1.490   0.718  -2.586
   0.032   1.604  -2.294   1.642   2.351  -2.141
  -4.044   0.248   1.570  -3.098   0.748   1.633  -2.884   0.741   2.735  -3.225
   1.728   1.175  -1.990   0.026   0.986  -2.142  -0.730  -0.013  -0.884   0.109
   1.738  -0.936   0.833   2.456   0.425  -0.557   1.482   1.143  -0.098   2.198
   0.437  -2.079   1.981   1.402  -2.480   2.350   0.003  -2.842   1.219  -0.240
  -2.211   2.849   1.066  -0.242   0.122   1.648  -1.084  -0.563   0.959   1.003
  -0.401   0.341   1.566   0.179   0.910   1.264  -1.874   1.296   0.468  -2.518
  -0.119   1.372  -2.188   1.432   2.194  -2.027
  -4.043   0.114   1.435  -3.117   0.660   1.569  -2.931   0.860   2.639  -3.129
   1.566   1.032  -1.945  -0.065   0.960  -2.066  -0.732  -0.050  -0.852  -0.016
   1.717  -0.899   0.554   2.549   0.463  -0.643   1.424   1.081  -0.167   2.142
   0.456  -2.116   1.865   1.451  -2.464   1.854  -0.110  -2.777   1.263  -0.079
  -2.254   2.833   1.110  -0.205   0.061   1.836  -0.987  -0.526   0.771   0.919
  -0.524   0.328   1.671   0.038   0.943   1.363  -1.932   1.372   0.617  -2.543
   0.026   1.779  -2.419   1.701   2.184  -1.960
  -4.035  -0.062   1.190  -3.219   0.606   1.424  -3.086   0.735   2.489  -3.442
   1.533   0.870  -1.934  -0.093   0.917  -1.928  -0.654  -0.151  -0.835   0.057
   1.672  -0.941   0.539   2.542   0.463  -0.607   1.389   1.229  -0.146   2.064
   0.287  -2.055   1.859   1.269  -2.478   1.947  -0.241  -2.680   1.118  -0.221
  -2.110   2.822   1.005  -0.283   0.025   1.823  -1.081  -0.523   0.762   0.990
  -0.467   0.001   1.453   0.050   0.948   1.352  -1.844   1.608   0.695  -2.364
  -0.013   1.445  -2.444   1.544   2.266  -1.999
