default_name                                                                    
  -3.665   1.075   0.700  -2.741   1.231   1.257  -2.885   0.988   2.307  -2.430
   2.269   1.161  -1.673   0.337   0.674  -1.923  -0.383  -0.291  -0.476   0.385
   1.275  -0.371   1.021   2.054   0.711  -0.430   0.945   1.483  -0.118   1.646
   0.426  -1.909   1.267   1.357  -2.481   1.201  -0.286  -2.313   0.547   0.028
  -1.998   2.283   1.333  -0.206  -0.461   2.236  -0.943  -0.857   0.866   0.810
  -1.200   0.139   1.374  -0.798   1.335   1.157  -2.542   2.396   1.418  -2.509
   1.198   0.310  -3.223   0.759   2.002  -2.930
  -3.681   1.056   0.713  -2.743   1.242   1.236  -2.899   1.046   2.295  -2.444
   2.272   1.109  -1.662   0.339   0.667  -1.920  -0.377  -0.309  -0.473   0.375
   1.275  -0.378   1.033   2.036   0.712  -0.431   0.944   1.496  -0.110   1.644
   0.445  -1.912   1.284   1.372  -2.485   1.268  -0.253  -2.329   0.549   0.012
  -1.983   2.285   1.332  -0.203  -0.460   2.231  -0.945  -0.863   0.887   0.813
  -1.204   0.134   1.368  -0.825   1.364   1.147  -2.549   2.412   1.407  -2.526
   1.258   0.288  -3.212   0.761   1.962  -2.966
  -3.666   1.087   0.643  -2.746   1.243   1.205  -2.920   1.023   2.268  -2.461
   2.283   1.089  -1.659   0.350   0.641  -1.905  -0.362  -0.331  -0.478   0.365
   1.278  -0.376   0.997   2.062   0.704  -0.431   0.952   1.479  -0.097   1.653
   0.466  -1.916   1.290   1.413  -2.438   1.281  -0.180  -2.351   0.530   0.028
  -2.007   2.294   1.328  -0.211  -0.453   2.223  -0.969  -0.838   0.868   0.801
  -1.212   0.133   1.375  -0.819   1.361   1.140  -2.543   2.423   1.392  -2.516
   1.217   0.271  -3.208   0.781   1.974  -2.943
  -3.690   1.088   0.694  -2.743   1.253   1.197  -2.879   1.057   2.271  -2.418
   2.290   1.053  -1.681   0.331   0.654  -1.936  -0.375  -0.316  -0.499   0.349
   1.280  -0.421   0.943   2.088   0.701  -0.435   0.976   1.467  -0.113   1.679
   0.453  -1.919   1.314   1.391  -2.475   1.262  -0.258  -2.364   0.607   0.036
  -2.039   2.309   1.331  -0.213  -0.429   2.251  -0.932  -0.815   0.866   0.783
  -1.194   0.103   1.352  -0.809   1.352   1.124  -2.538   2.411   1.335  -2.489
   1.180   0.309  -3.237   0.813   1.993  -2.902
  -3.672   1.115   0.654  -2.731   1.284   1.170  -2.888   1.063   2.228  -2.392
   2.313   1.067  -1.669   0.357   0.639  -1.920  -0.389  -0.320  -0.484   0.369
   1.281  -0.413   0.984   2.065   0.705  -0.433   0.968   1.464  -0.104   1.657
   0.443  -1.904   1.310   1.372  -2.458   1.315  -0.251  -2.348   0.602   0.030
  -1.991   2.315   1.326  -0.219  -0.433   2.265  -0.932  -0.821   0.866   0.788
  -1.190   0.125   1.357  -0.797   1.363   1.118  -2.534   2.435   1.343  -2.502
   1.194   0.291  -3.247   0.847   2.011  -2.900
  -3.671   1.145   0.610  -2.738   1.279   1.182  -2.900   1.113   2.246  -2.411
   2.312   1.034  -1.673   0.332   0.653  -1.945  -0.403  -0.284  -0.495   0.356
   1.289  -0.412   1.015   2.053   0.705  -0.436   0.978   1.459  -0.125   1.704
   0.436  -1.906   1.301   1.327  -2.507   1.223  -0.308  -2.261   0.596   0.023
  -2.002   2.293   1.336  -0.196  -0.427   2.274  -0.919  -0.801   0.875   0.786
  -1.199   0.084   1.304  -0.850   1.375   1.118  -2.532   2.445   1.331  -2.538
   1.208   0.270  -3.188   0.883   1.989  -2.954
  -3.600   1.252   0.513  -2.708   1.301   1.162  -2.965   1.027   2.190  -2.298
   2.311   1.153  -1.660   0.342   0.650  -1.912  -0.403  -0.308  -0.490   0.402
   1.272  -0.410   1.054   2.031   0.709  -0.422   1.010   1.484  -0.051   1.697
   0.460  -1.905   1.341   1.414  -2.443   1.265  -0.277  -2.307   0.640   0.095
  -2.049   2.331   1.330  -0.219  -0.405   2.272  -0.930  -0.790   0.856   0.752
  -1.212   0.098   1.287  -0.841   1.365   1.074  -2.538   2.408   1.381  -2.486
   1.262   0.227  -3.229   0.814   1.935  -2.895
  -3.577   1.255   0.523  -2.711   1.314   1.163  -2.977   1.053   2.185  -2.314
   2.317   1.113  -1.665   0.356   0.649  -1.921  -0.367  -0.312  -0.478   0.410
   1.273  -0.391   1.086   2.024   0.713  -0.408   0.997   1.454  -0.022   1.687
   0.441  -1.872   1.381   1.380  -2.431   1.377  -0.230  -2.337   0.683   0.023
  -1.922   2.371   1.331  -0.249  -0.425   2.248  -0.990  -0.789   0.857   0.735
  -1.211   0.072   1.254  -0.871   1.345   1.100  -2.535   2.396   1.394  -2.477
   1.217   0.272  -3.260   0.780   1.950  -2.922
  -3.586   1.227   0.576  -2.678   1.358   1.127  -2.885   1.250   2.178  -2.282
   2.381   0.983  -1.637   0.376   0.638  -1.878  -0.382  -0.300  -0.466   0.395
   1.271  -0.439   1.003   2.087   0.738  -0.407   0.985   1.537  -0.065   1.683
   0.471  -1.868   1.346   1.394  -2.410   1.316  -0.170  -2.286   0.569   0.011
  -1.929   2.331   1.348  -0.228  -0.437   2.248  -0.992  -0.824   0.864   0.725
  -1.225   0.091   1.250  -0.871   1.380   1.098  -2.545   2.415   1.435  -2.448
   1.338   0.249  -3.201   0.797   1.923  -2.942
  -3.596   1.303   0.559  -2.662   1.372   1.147  -2.856   1.185   2.207  -2.272
   2.379   0.989  -1.622   0.391   0.665  -1.851  -0.340  -0.281  -0.427   0.415
   1.288  -0.403   1.029   2.092   0.751  -0.412   0.980   1.544  -0.047   1.633
   0.438  -1.879   1.360   1.384  -2.405   1.394  -0.202  -2.331   0.603  -0.055
  -1.977   2.348   1.334  -0.254  -0.460   2.236  -1.015  -0.872   0.853   0.739
  -1.226   0.073   1.264  -0.865   1.379   1.144  -2.537   2.439   1.441  -2.452
   1.299   0.312  -3.251   0.777   1.999  -2.875
  -3.583   1.232   0.671  -2.618   1.422   1.133  -2.668   1.315   2.223  -2.280
   2.448   0.881  -1.624   0.407   0.639  -1.872  -0.387  -0.276  -0.436   0.421
   1.272  -0.376   1.068   2.043   0.756  -0.408   0.996   1.547  -0.082   1.697
   0.454  -1.879   1.352   1.380  -2.461   1.318  -0.247  -2.366   0.683   0.055
  -1.951   2.363   1.350  -0.231  -0.418   2.255  -0.987  -0.798   0.859   0.760
  -1.181   0.082   1.297  -0.787   1.362   1.170  -2.505   2.391   1.519  -2.442
   1.369   0.347  -3.208   0.733   1.972  -2.891
  -3.589   1.163   0.696  -2.628   1.358   1.155  -2.706   1.294   2.244  -2.312
   2.375   0.880  -1.605   0.366   0.657  -1.878  -0.399  -0.276  -0.427   0.413
   1.294  -0.334   1.109   2.008   0.782  -0.418   1.005   1.577  -0.039   1.651
   0.498  -1.883   1.418   1.409  -2.490   1.372  -0.260  -2.320   0.773   0.114
  -1.939   2.462   1.374  -0.255  -0.423   2.308  -0.986  -0.843   0.885   0.766
  -1.157   0.178   1.365  -0.733   1.351   1.160  -2.469   2.384   1.502  -2.449
   1.314   0.287  -3.095   0.692   1.952  -2.851
  -3.596   1.132   0.653  -2.652   1.385   1.117  -2.697   1.346   2.194  -2.299
   2.376   0.833  -1.613   0.379   0.642  -1.883  -0.384  -0.282  -0.443   0.393
   1.269  -0.352   1.086   2.013   0.751  -0.403   1.026   1.510  -0.009   1.702
   0.464  -1.864   1.439   1.382  -2.461   1.314  -0.359  -2.290   0.855   0.127
  -1.874   2.475   1.355  -0.240  -0.389   2.279  -0.953  -0.775   0.932   0.818
  -1.124   0.218   1.398  -0.715   1.350   1.164  -2.457   2.381   1.457  -2.454
   1.236   0.292  -3.127   0.698   1.995  -2.830
  -3.616   1.319   0.535  -2.675   1.403   1.085  -2.930   1.260   2.151  -2.275
   2.456   0.921  -1.643   0.404   0.640  -1.879  -0.313  -0.331  -0.488   0.380
   1.309  -0.406   1.053   2.068   0.744  -0.397   1.039   1.499  -0.021   1.760
   0.485  -1.843   1.470   1.383  -2.407   1.335  -0.249  -2.283   0.791   0.147
  -1.931   2.528   1.400  -0.222  -0.373   2.256  -0.993  -0.784   0.936   0.790
  -1.094   0.277   1.437  -0.695   1.380   1.128  -2.454   2.418   1.424  -2.379
   1.325   0.231  -3.084   0.798   1.960  -2.837
  -3.621   1.128   0.612  -2.658   1.398   1.071  -2.752   1.368   2.178  -2.403
   2.401   0.759  -1.627   0.366   0.648  -1.876  -0.372  -0.281  -0.487   0.370
   1.332  -0.444   0.970   2.138   0.759  -0.379   1.073   1.485   0.020   1.768
   0.465  -1.800   1.507   1.357  -2.395   1.459  -0.268  -2.292   0.848   0.070
  -1.797   2.531   1.378  -0.228  -0.368   2.244  -1.008  -0.768   0.945   0.793
  -1.122   0.186   1.316  -0.793   1.383   1.143  -2.484   2.416   1.421  -2.457
   1.295   0.248  -3.102   0.778   1.993  -2.840
  -3.578   1.268   0.530  -2.630   1.421   1.071  -2.809   1.382   2.131  -2.263
   2.418   0.777  -1.593   0.393   0.636  -1.854  -0.391  -0.286  -0.446   0.438
   1.304  -0.374   1.111   2.075   0.748  -0.413   1.053   1.546  -0.069   1.734
   0.434  -1.888   1.470   1.353  -2.469   1.419  -0.318  -2.336   0.773   0.084
  -1.893   2.525   1.353  -0.252  -0.374   2.206  -1.011  -0.797   0.991   0.824
  -1.101   0.308   1.409  -0.617   1.442   1.175  -2.469   2.472   1.539  -2.463
   1.439   0.283  -3.113   0.802   1.933  -2.949
  -3.657   1.131   0.535  -2.716   1.403   1.027  -2.836   1.346   2.131  -2.426
   2.420   0.746  -1.662   0.373   0.626  -1.862  -0.384  -0.322  -0.514   0.396
   1.290  -0.437   1.061   2.031   0.689  -0.461   1.015   1.452  -0.057   1.695
   0.435  -1.903   1.434   1.428  -2.409   1.432  -0.286  -2.372   0.734   0.053
  -1.894   2.447   1.336  -0.284  -0.375   2.200  -1.039  -0.817   1.011   0.828
  -1.080   0.298   1.422  -0.680   1.395   1.159  -2.411   2.396   1.620  -2.403
   1.453   0.300  -3.074   0.650   1.869  -2.816
  -3.606   1.224   0.582  -2.680   1.408   1.073  -2.879   1.319   2.136  -2.377
   2.433   0.778  -1.665   0.363   0.650  -1.885  -0.361  -0.300  -0.528   0.399
   1.306  -0.512   1.068   2.052   0.700  -0.428   1.057   1.465  -0.025   1.728
   0.495  -1.918   1.405   1.453  -2.415   1.447  -0.181  -2.339   0.643  -0.018
  -2.007   2.385   1.337  -0.271  -0.374   2.172  -1.101  -0.818   0.995   0.834
  -1.062   0.352   1.450  -0.595   1.401   1.101  -2.431   2.432   1.518  -2.437
   1.367   0.231  -3.026   0.758   1.895  -2.825
  -3.648   1.196   0.641  -2.673   1.397   1.078  -2.810   1.400   2.152  -2.364
   2.370   0.684  -1.653   0.389   0.635  -1.899  -0.308  -0.360  -0.531   0.372
   1.308  -0.530   0.896   2.129   0.679  -0.423   1.023   1.434   0.001   1.679
   0.451  -1.880   1.417   1.400  -2.438   1.447  -0.213  -2.348   0.687  -0.047
  -2.008   2.398   1.359  -0.240  -0.369   2.150  -1.078  -0.805   1.038   0.854
  -1.057   0.400   1.549  -0.662   1.371   1.061  -2.463   2.387   1.435  -2.479
   1.329   0.108  -3.039   0.704   1.822  -2.860
  -3.644   1.049   0.809  -2.698   1.380   1.158  -2.727   1.349   2.285  -2.518
   2.417   0.849  -1.645   0.428   0.644  -1.856  -0.258  -0.346  -0.488   0.392
   1.345  -0.461   0.952   2.185   0.737  -0.434   1.042   1.488  -0.081   1.734
   0.459  -1.903   1.409   1.347  -2.483   1.281  -0.244  -2.310   0.696   0.124
  -1.993   2.427   1.401  -0.218  -0.355   2.210  -1.027  -0.795   1.013   0.827
  -1.105   0.398   1.518  -0.671   1.424   1.048  -2.516   2.408   1.477  -2.478
   1.452   0.152  -3.136   0.712   1.743  -2.986
  -3.630   1.074   0.670  -2.692   1.328   1.152  -2.766   1.308   2.274  -2.367
   2.345   0.934  -1.624   0.395   0.686  -1.801  -0.262  -0.330  -0.486   0.371
   1.337  -0.459   0.904   2.163   0.710  -0.396   1.051   1.496  -0.027   1.706
   0.438  -1.866   1.436   1.349  -2.439   1.363  -0.283  -2.330   0.747   0.043
  -1.958   2.452   1.372  -0.217  -0.367   2.183  -1.005  -0.759   1.003   0.818
  -1.148   0.311   1.435  -0.759   1.412   1.056  -2.513   2.366   1.582  -2.574
   1.412   0.085  -3.044   0.692   1.731  -2.975
  -3.629   1.182   0.683  -2.684   1.364   1.162  -2.763   1.235   2.256  -2.332
   2.378   0.944  -1.608   0.435   0.654  -1.859  -0.286  -0.312  -0.490   0.384
   1.339  -0.447   0.930   2.208   0.756  -0.444   1.057   1.490  -0.078   1.787
   0.490  -1.910   1.430   1.411  -2.519   1.305  -0.232  -2.414   0.797   0.179
  -1.913   2.489   1.350  -0.197  -0.353   2.174  -0.997  -0.813   0.916   0.834
  -1.084   0.118   1.355  -0.744   1.366   1.060  -2.457   2.301   1.606  -2.332
   1.557   0.185  -3.015   0.752   1.759  -3.017
  -3.697   1.138   0.585  -2.725   1.305   1.106  -2.898   1.133   2.180  -2.366
   2.323   1.021  -1.645   0.388   0.636  -1.861  -0.368  -0.313  -0.497   0.419
   1.349  -0.430   1.030   2.132   0.732  -0.368   1.112   1.480   0.005   1.819
   0.491  -1.836   1.554   1.380  -2.452   1.424  -0.333  -2.253   0.928   0.083
  -1.841   2.550   1.340  -0.209  -0.315   2.193  -0.992  -0.755   0.942   0.805
  -1.095   0.227   1.400  -0.704   1.366   1.099  -2.464   2.399   1.459  -2.509
   1.435   0.176  -3.028   0.721   1.866  -2.934
  -3.518   1.188   0.365  -2.742   1.290   1.091  -3.111   1.025   2.101  -2.372
   2.272   1.062  -1.655   0.338   0.686  -1.886  -0.394  -0.298  -0.494   0.371
   1.412  -0.532   0.990   2.215   0.726  -0.371   1.077   1.517  -0.010   1.742
   0.517  -1.783   1.534   1.415  -2.403   1.443  -0.276  -2.290   1.010   0.299
  -1.778   2.623   1.340  -0.178  -0.359   2.172  -0.994  -0.795   0.906   0.831
  -1.137   0.211   1.474  -0.785   1.352   1.067  -2.525   2.412   1.321  -2.572
   1.158   0.196  -3.178   0.855   1.915  -3.002
  -3.544   1.438   0.408  -2.711   1.367   1.131  -3.039   1.046   2.094  -2.194
   2.337   1.190  -1.682   0.347   0.673  -1.905  -0.345  -0.306  -0.526   0.420
   1.334  -0.400   1.117   2.038   0.673  -0.369   1.052   1.491  -0.002   1.682
   0.501  -1.841   1.485   1.422  -2.403   1.317  -0.274  -2.394   0.962   0.315
  -1.914   2.530   1.282  -0.151  -0.358   2.121  -0.965  -0.816   0.834   0.852
  -1.105   0.196   1.492  -0.650   1.280   1.126  -2.507   2.314   1.452  -2.552
   1.166   0.202  -3.068   0.665   1.895  -2.950
  -3.535   1.382   0.438  -2.739   1.334   1.187  -3.123   0.963   2.095  -2.335
   2.349   1.276  -1.687   0.371   0.690  -1.933  -0.377  -0.228  -0.535   0.358
   1.383  -0.432   0.993   2.166   0.673  -0.444   0.995   1.431  -0.070   1.680
   0.501  -1.954   1.354   1.448  -2.435   1.197  -0.289  -2.430   0.788   0.346
  -2.033   2.452   1.268  -0.194  -0.435   2.115  -0.955  -0.857   0.901   0.882
  -1.143   0.285   1.537  -0.678   1.287   1.109  -2.542   2.363   1.141  -2.699
   0.907   0.297  -3.160   0.888   2.055  -2.910
  -3.548   1.338   0.434  -2.745   1.333   1.136  -3.064   1.021   2.114  -2.265
   2.301   1.276  -1.712   0.331   0.669  -1.940  -0.368  -0.289  -0.564   0.325
   1.330  -0.546   1.009   2.098   0.679  -0.465   1.013   1.413  -0.067   1.700
   0.475  -1.960   1.353   1.395  -2.544   1.132  -0.403  -2.395   0.858   0.196
  -2.012   2.418   1.277  -0.211  -0.418   2.160  -0.914  -0.867   0.818   0.857
  -1.104   0.024   1.295  -0.692   1.192   1.207  -2.451   2.284   1.175  -2.510
   0.708   0.471  -3.129   0.813   2.215  -2.790
  -3.585   1.534   0.472  -2.774   1.355   1.208  -3.209   1.024   2.143  -2.312
   2.317   1.417  -1.744   0.352   0.680  -1.948  -0.346  -0.306  -0.561   0.361
   1.314  -0.485   1.018   2.104   0.669  -0.416   1.033   1.451   0.010   1.714
   0.435  -1.930   1.389   1.376  -2.435   1.211  -0.328  -2.357   0.730   0.175
  -2.030   2.461   1.254  -0.193  -0.373   2.176  -0.896  -0.796   0.836   0.892
  -1.043   0.097   1.427  -0.602   1.245   1.223  -2.408   2.308   1.210  -2.548
   0.778   0.543  -3.115   0.905   2.238  -2.617
  -3.589   1.533   0.523  -2.787   1.355   1.234  -3.147   1.036   2.183  -2.281
   2.341   1.411  -1.741   0.398   0.670  -1.986  -0.245  -0.333  -0.599   0.336
   1.366  -0.628   0.882   2.192   0.639  -0.414   1.066   1.429  -0.097   1.764
   0.411  -1.888   1.366   1.397  -2.323   1.367  -0.237  -2.358   0.653   0.004
  -2.048   2.367   1.311  -0.102  -0.347   2.219  -0.812  -0.793   0.862   0.955
  -1.040   0.201   1.587  -0.580   1.246   1.315  -2.422   2.307   1.265  -2.493
   0.801   0.720  -3.225   1.016   2.393  -2.631
  -3.673   1.328   0.487  -2.851   1.363   1.160  -3.147   1.019   2.152  -2.429
   2.339   1.330  -1.756   0.434   0.655  -1.958  -0.235  -0.362  -0.596   0.442
   1.333  -0.488   1.065   2.153   0.635  -0.338   0.999   1.313   0.068   1.739
   0.355  -1.803   1.376   1.272  -2.421   1.213  -0.453  -2.248   0.781   0.070
  -1.858   2.436   1.346  -0.135  -0.366   2.256  -0.889  -0.773   0.875   0.919
  -1.041   0.091   1.460  -0.621   1.272   1.363  -2.388   2.364   1.413  -2.504
   0.844   0.712  -3.169   0.924   2.408  -2.529
  -3.630   1.286   0.400  -2.875   1.379   1.166  -3.253   0.970   2.121  -2.606
   2.428   1.292  -1.774   0.482   0.678  -1.902  -0.223  -0.336  -0.597   0.470
   1.358  -0.617   1.029   2.181   0.654  -0.303   1.045   1.420   0.023   1.772
   0.359  -1.794   1.327   1.165  -2.407   0.920  -0.539  -2.179   0.852   0.209
  -1.937   2.414   1.320  -0.076  -0.353   2.228  -0.849  -0.740   0.830   0.935
  -1.063   0.080   1.498  -0.649   1.232   1.332  -2.398   2.255   1.226  -2.604
   0.719   0.800  -3.182   1.010   2.384  -2.575
  -3.609   1.401   0.354  -2.846   1.398   1.145  -3.245   0.983   2.121  -2.510
   2.373   1.349  -1.745   0.450   0.715  -2.021  -0.268  -0.282  -0.575   0.412
   1.396  -0.487   1.079   2.154   0.610  -0.381   1.066   1.424  -0.087   1.745
   0.340  -1.861   1.339   1.060  -2.521   0.879  -0.681  -2.153   0.965   0.280
  -2.089   2.399   1.280  -0.112  -0.329   2.238  -0.758  -0.693   0.873   1.004
  -0.968   0.055   1.471  -0.589   1.260   1.389  -2.327   2.350   1.379  -2.435
   0.818   0.723  -3.109   0.873   2.409  -2.487
  -3.639   1.590   0.454  -2.810   1.478   1.150  -3.274   1.146   2.092  -2.343
   2.462   1.271  -1.788   0.465   0.741  -2.077  -0.237  -0.210  -0.648   0.377
   1.368  -0.585   0.888   2.233   0.586  -0.362   1.030   1.288  -0.002   1.755
   0.343  -1.869   1.309   1.220  -2.471   1.092  -0.532  -2.231   0.719   0.098
  -2.034   2.360   1.286  -0.024  -0.316   2.149  -0.764  -0.798   0.808   1.023
  -0.980   0.124   1.584  -0.463   1.264   1.402  -2.328   2.321   1.543  -2.324
   0.957   0.659  -3.118   0.819   2.356  -2.574
  -3.626   1.476   0.579  -2.827   1.412   1.224  -3.102   1.073   2.222  -2.425
   2.432   1.351  -1.777   0.437   0.732  -1.994  -0.269  -0.248  -0.630   0.440
   1.389  -0.557   1.055   2.212   0.580  -0.344   1.056   1.308  -0.020   1.805
   0.346  -1.855   1.312   1.279  -2.367   1.131  -0.384  -2.245   0.591  -0.007
  -2.019   2.309   1.225  -0.027  -0.344   2.125  -0.759  -0.775   0.763   0.966
  -1.069   0.053   1.599  -0.672   1.319   1.474  -2.337   2.398   1.543  -2.334
   1.038   0.766  -3.097   0.828   2.406  -2.567
  -3.690   1.486   0.748  -2.769   1.382   1.326  -3.061   1.112   2.337  -2.282
   2.292   1.463  -1.756   0.460   0.713  -2.014  -0.273  -0.274  -0.602   0.466
   1.374  -0.548   1.054   2.198   0.578  -0.370   1.050   1.374  -0.078   1.755
   0.292  -1.842   1.300   1.300  -2.302   1.322  -0.249  -2.242   0.454  -0.262
  -2.017   2.224   1.183  -0.082  -0.338   2.097  -0.809  -0.776   0.765   0.991
  -1.027   0.092   1.588  -0.498   1.312   1.497  -2.325   2.374   1.725  -2.113
   1.279   0.784  -3.124   0.780   2.412  -2.662
  -3.700   1.373   0.601  -2.814   1.421   1.286  -3.020   1.156   2.310  -2.419
   2.416   1.313  -1.791   0.432   0.701  -2.023  -0.363  -0.184  -0.654   0.410
   1.413  -0.592   0.966   2.274   0.507  -0.380   1.035   1.319  -0.028   1.702
   0.304  -1.839   1.395   1.286  -2.334   1.273  -0.453  -2.331   0.765  -0.013
  -1.883   2.428   1.150  -0.100  -0.362   2.034  -0.863  -0.816   0.770   1.013
  -1.021   0.002   1.494  -0.607   1.291   1.532  -2.312   2.288   1.925  -2.148
   1.282   0.680  -2.997   0.652   2.264  -2.742
  -3.668   1.300   0.452  -2.904   1.357   1.212  -3.294   1.019   2.153  -2.518
   2.379   1.299  -1.832   0.383   0.694  -1.986  -0.347  -0.269  -0.680   0.412
   1.338  -0.693   0.971   2.176   0.558  -0.363   1.006   1.320  -0.028   1.726
   0.288  -1.818   1.358   1.222  -2.339   1.257  -0.467  -2.219   0.676   0.015
  -1.875   2.414   1.188  -0.115  -0.338   1.967  -0.921  -0.848   0.816   1.010
  -0.980   0.054   1.549  -0.601   1.273   1.532  -2.294   2.245   1.983  -2.225
   1.333   0.728  -3.004   0.584   2.287  -2.729
  -3.661   1.320   0.451  -2.883   1.285   1.193  -3.370   0.875   2.085  -2.459
   2.302   1.382  -1.813   0.337   0.728  -2.040  -0.400  -0.231  -0.631   0.410
   1.388  -0.554   1.041   2.148   0.611  -0.330   0.973   1.411  -0.037   1.611
   0.361  -1.804   1.280   1.158  -2.455   1.008  -0.547  -2.104   0.831   0.284
  -1.887   2.347   1.172  -0.030  -0.430   1.971  -0.828  -0.891   0.893   1.112
  -1.030   0.345   1.728  -0.449   1.299   1.548  -2.334   2.361   1.876  -2.310
   1.245   0.739  -3.052   0.617   2.321  -2.678
  -3.724   1.319   0.329  -2.953   1.375   1.088  -3.272   1.023   2.089  -2.544
   2.410   1.113  -1.835   0.409   0.721  -1.997  -0.408  -0.190  -0.679   0.450
   1.400  -0.629   1.044   2.232   0.563  -0.290   0.985   1.327   0.115   1.668
   0.394  -1.806   1.320   1.206  -2.368   0.909  -0.466  -2.146   0.772   0.341
  -1.924   2.392   1.205  -0.017  -0.411   1.952  -0.853  -0.980   0.881   1.118
  -1.046   0.335   1.875  -0.574   1.390   1.505  -2.339   2.484   1.634  -2.306
   1.152   0.746  -3.062   0.857   2.382  -2.679
  -3.785   1.456   0.535  -2.943   1.363   1.228  -3.325   0.963   2.163  -2.534
   2.383   1.379  -1.839   0.382   0.753  -2.016  -0.342  -0.174  -0.692   0.409
   1.426  -0.549   1.172   2.065   0.566  -0.314   1.046   1.288   0.023   1.785
   0.366  -1.799   1.332   1.348  -2.312   1.202  -0.380  -2.282   0.754   0.181
  -1.894   2.433   1.087  -0.121  -0.467   1.845  -0.945  -0.963   0.869   1.047
  -1.053   0.275   1.719  -0.555   1.417   1.496  -2.336   2.463   1.828  -2.188
   1.467   0.754  -3.136   0.878   2.386  -2.635
  -3.810   1.215   0.579  -2.899   1.342   1.215  -3.067   1.084   2.245  -2.584
   2.392   1.093  -1.831   0.431   0.701  -2.065  -0.387  -0.183  -0.635   0.467
   1.345  -0.552   1.250   2.025   0.568  -0.297   0.949   1.294   0.137   1.584
   0.421  -1.732   1.306   1.311  -2.243   1.055  -0.403  -2.185   0.770   0.130
  -1.778   2.364   1.140  -0.035  -0.496   1.839  -0.920  -1.010   0.913   1.170
  -1.078   0.441   1.786  -0.466   1.498   1.529  -2.348   2.538   1.833  -2.149
   1.391   0.728  -3.060   0.949   2.476  -2.701
  -3.637   1.301   0.444  -2.852   1.429   1.149  -3.269   1.239   2.144  -2.539
   2.436   1.083  -1.792   0.446   0.765  -2.100  -0.359  -0.113  -0.659   0.461
   1.390  -0.508   1.106   2.169   0.529  -0.320   0.966   1.338   0.112   1.594
   0.360  -1.816   1.324   1.319  -2.275   1.276  -0.378  -2.317   0.660  -0.067
  -1.930   2.306   1.101  -0.066  -0.472   1.795  -0.926  -0.990   0.938   1.095
  -1.061   0.450   1.789  -0.570   1.616   1.526  -2.286   2.691   1.601  -2.167
   1.377   0.829  -3.090   1.278   2.539  -2.539
  -3.844   0.974   0.715  -2.894   1.321   1.119  -2.889   1.383   2.211  -2.603
   2.326   0.840  -1.870   0.326   0.715  -2.173  -0.487  -0.159  -0.731   0.426
   1.355  -0.695   1.049   2.184   0.503  -0.352   1.011   1.264  -0.077   1.718
   0.291  -1.797   1.393   1.225  -2.388   1.465  -0.415  -2.279   0.699  -0.208
  -1.737   2.371   1.104  -0.113  -0.432   1.783  -1.001  -0.971   0.926   1.034
  -1.111   0.461   1.742  -0.566   1.619   1.558  -2.333   2.713   1.541  -2.147
   1.427   0.946  -3.164   1.248   2.510  -2.679
  -3.914   1.146   0.631  -2.947   1.340   1.122  -3.068   1.229   2.218  -2.617
   2.272   0.849  -1.942   0.328   0.662  -2.128  -0.459  -0.245  -0.778   0.371
   1.270  -0.628   1.048   1.988   0.426  -0.348   0.915   1.195   0.128   1.526
   0.286  -1.794   1.437   1.231  -2.415   1.382  -0.310  -2.285   0.667  -0.219
  -1.951   2.342   1.094  -0.126  -0.419   1.775  -0.998  -0.941   0.861   1.009
  -1.064   0.190   1.612  -0.603   1.584   1.567  -2.243   2.615   1.224  -2.257
   1.088   1.127  -3.090   1.568   2.655  -2.270
  -3.894   1.327   0.552  -2.917   1.367   1.124  -3.125   1.266   2.181  -2.479
   2.302   1.027  -1.909   0.390   0.652  -2.162  -0.360  -0.249  -0.782   0.434
   1.326  -0.739   1.151   2.060   0.405  -0.337   0.976   1.135   0.059   1.661
   0.169  -1.827   1.349   1.091  -2.313   1.293  -0.551  -2.324   0.678  -0.197
  -1.902   2.341   0.991  -0.135  -0.476   1.791  -0.989  -0.955   0.738   1.030
  -1.090   0.125   1.753  -0.657   1.552   1.537  -2.252   2.656   1.485  -2.052
   1.345   0.916  -3.109   1.294   2.534  -2.450
  -3.885   1.233   0.557  -2.984   1.363   1.163  -3.202   1.141   2.191  -2.674
   2.383   1.000  -1.948   0.425   0.707  -2.235  -0.341  -0.203  -0.774   0.433
   1.299  -0.587   1.121   2.029   0.399  -0.413   0.985   1.283  -0.097   1.545
   0.087  -1.832   1.368   0.972  -2.430   1.435  -0.676  -2.307   0.734  -0.154
  -1.965   2.385   0.972  -0.111  -0.461   1.723  -0.948  -0.974   0.677   1.034
  -1.124   0.040   1.738  -0.692   1.467   1.528  -2.269   2.537   1.530  -2.046
   1.205   0.970  -3.146   1.207   2.565  -2.488
  -4.022   0.974   0.688  -3.057   1.282   1.198  -3.201   1.134   2.312  -2.762
   2.303   0.983  -1.939   0.438   0.661  -2.202  -0.367  -0.227  -0.725   0.494
   1.233  -0.617   1.259   1.834   0.399  -0.305   0.984   1.183   0.061   1.680
   0.097  -1.758   1.303   1.012  -2.312   1.487  -0.542  -2.304   0.540  -0.426
  -1.810   2.254   0.992  -0.120  -0.445   1.696  -0.997  -0.937   0.716   1.049
  -1.070   0.135   1.694  -0.542   1.418   1.609  -2.188   2.508   1.658  -2.006
   1.221   1.097  -3.128   1.021   2.599  -2.289
  -3.930   1.154   0.529  -3.080   1.293   1.201  -3.382   1.079   2.249  -2.740
   2.308   1.124  -1.959   0.407   0.690  -2.148  -0.374  -0.260  -0.759   0.569
   1.286  -0.649   1.392   1.893   0.413  -0.260   0.996   1.195   0.067   1.674
   0.158  -1.750   1.269   1.132  -2.356   1.256  -0.573  -2.085   0.502  -0.354
  -1.856   2.265   0.953  -0.106  -0.465   1.658  -1.000  -0.981   0.620   1.049
  -1.158   0.037   1.697  -0.638   1.460   1.672  -2.186   2.464   1.662  -1.868
   1.475   1.098  -3.084   1.209   2.692  -2.423
  -4.009   1.162   0.482  -3.149   1.276   1.155  -3.444   0.973   2.158  -2.701
   2.248   1.099  -1.989   0.477   0.632  -2.145  -0.362  -0.278  -0.778   0.543
   1.247  -0.672   1.089   2.054   0.401  -0.284   0.920   1.219   0.073   1.566
   0.232  -1.774   1.304   1.272  -2.178   1.327  -0.524  -2.227   0.636  -0.107
  -1.859   2.325   0.923  -0.135  -0.476   1.616  -0.982  -0.934   0.648   1.044
  -1.088  -0.001   1.736  -0.692   1.560   1.534  -2.145   2.580   1.507  -1.831
   1.453   0.946  -3.059   1.224   2.536  -2.325
  -4.083   1.207   0.702  -3.115   1.309   1.260  -3.263   0.935   2.272  -2.953
   2.396   1.191  -1.996   0.504   0.585  -2.155  -0.237  -0.387  -0.784   0.587
   1.220  -0.755   1.241   2.025   0.418  -0.250   0.965   1.231   0.218   1.583
   0.197  -1.648   1.467   1.155  -2.135   1.646  -0.409  -2.204   0.756  -0.296
  -1.656   2.470   0.889  -0.114  -0.489   1.667  -0.913  -1.000   0.568   1.005
  -1.182  -0.080   1.643  -0.791   1.425   1.516  -2.208   2.425   1.465  -1.756
   1.395   0.890  -3.132   1.142   2.548  -2.425
  -3.916   1.089   0.626  -3.067   1.278   1.194  -3.278   0.911   2.142  -2.746
   2.320   1.147  -1.963   0.445   0.646  -2.118  -0.261  -0.331  -0.818   0.525
   1.280  -0.765   1.034   2.125   0.372  -0.254   0.948   1.189   0.146   1.618
   0.110  -1.667   1.441   1.016  -2.245   1.301  -0.698  -2.119   0.849  -0.108
  -1.540   2.502   0.942  -0.130  -0.537   1.721  -0.964  -1.005   0.596   0.946
  -1.258   0.002   1.589  -0.759   1.433   1.551  -2.320   2.399   1.768  -1.931
   1.641   0.862  -3.140   1.052   2.507  -2.761
  -4.104   0.900   0.807  -3.160   1.259   1.242  -3.099   1.143   2.322  -3.008
   2.304   0.971  -2.002   0.502   0.611  -2.236  -0.191  -0.367  -0.857   0.509
   1.268  -0.741   1.058   2.157   0.355  -0.312   0.927   1.160   0.055   1.542
   0.130  -1.714   1.481   1.076  -2.266   1.424  -0.692  -2.155   0.863  -0.155
  -1.643   2.480   0.908  -0.174  -0.496   1.708  -1.006  -0.930   0.668   0.993
  -1.138  -0.067   1.563  -0.751   1.396   1.501  -2.311   2.481   1.669  -2.179
   1.403   0.763  -3.096   0.969   2.477  -2.616
  -4.083   0.923   0.878  -3.134   1.269   1.314  -3.118   1.105   2.389  -3.046
   2.381   1.279  -2.019   0.488   0.622  -2.270  -0.149  -0.369  -0.823   0.461
   1.220  -0.745   1.125   1.959   0.378  -0.340   0.916   1.114  -0.038   1.594
   0.078  -1.751   1.453   1.020  -2.358   1.278  -0.712  -2.288   0.912  -0.226
  -1.723   2.460   0.958  -0.157  -0.495   1.753  -0.984  -0.944   0.587   1.012
  -1.209  -0.175   1.546  -0.830   1.291   1.586  -2.326   2.272   1.971  -1.994
   1.349   0.759  -3.072   0.747   2.411  -2.665
  -3.967   1.292   0.616  -3.034   1.322   1.275  -3.240   0.903   2.283  -2.720
   2.371   1.442  -1.915   0.500   0.617  -2.104  -0.240  -0.309  -0.741   0.519
   1.250  -0.628   1.057   2.135   0.399  -0.307   0.886   1.279   0.060   1.386
   0.069  -1.678   1.389   1.033  -2.162   1.559  -0.589  -2.266   0.707  -0.487
  -1.630   2.302   0.930  -0.173  -0.554   1.792  -0.963  -0.918   0.664   0.918
  -1.164   0.048   1.533  -0.605   1.336   1.565  -2.288   2.333   2.002  -1.957
   1.594   0.890  -3.127   0.566   2.249  -2.676
  -4.046   1.208   0.799  -3.075   1.356   1.255  -3.138   1.215   2.323  -2.839
   2.448   1.041  -2.007   0.527   0.655  -2.145  -0.122  -0.389  -0.787   0.551
   1.322  -0.728   1.151   2.124   0.354  -0.299   0.913   1.106  -0.086   1.610
  -0.011  -1.761   1.282   0.967  -2.268   1.313  -0.619  -2.205   0.516  -0.647
  -1.892   2.138   1.002  -0.102  -0.549   1.800  -0.959  -0.921   0.672   0.973
  -1.256  -0.028   1.503  -0.797   1.217   1.535  -2.436   2.136   2.210  -2.208
   1.555   0.746  -3.150   0.509   2.215  -2.926
  -3.948   1.138   0.639  -3.030   1.403   1.174  -3.142   1.249   2.261  -2.854
   2.439   1.019  -1.974   0.545   0.684  -2.190  -0.055  -0.370  -0.806   0.490
   1.309  -0.643   1.061   2.159   0.325  -0.296   0.912   1.101   0.052   1.621
   0.007  -1.750   1.301   0.921  -2.308   1.514  -0.698  -2.251   0.552  -0.563
  -1.783   2.307   0.921  -0.199  -0.515   1.768  -1.038  -0.864   0.546   0.864
  -1.234  -0.158   1.480  -0.739   1.289   1.443  -2.341   2.198   1.915  -1.993
   1.543   0.681  -3.082   0.617   2.105  -2.742
  -3.845   1.293   0.585  -2.982   1.514   1.193  -3.251   1.263   2.243  -2.652
   2.610   1.147  -1.923   0.614   0.602  -2.132  -0.054  -0.393  -0.796   0.551
   1.307  -0.805   0.959   2.332   0.382  -0.333   0.965   1.174   0.002   1.657
  -0.006  -1.751   1.348   0.883  -2.436   1.516  -0.761  -2.247   0.737  -0.534
  -1.768   2.296   1.011  -0.263  -0.448   1.786  -1.125  -0.863   0.606   0.786
  -1.232  -0.157   1.279  -0.753   1.191   1.361  -2.434   2.236   1.677  -2.316
   1.169   0.667  -3.265   0.645   2.234  -2.859
  -3.894   1.565   0.588  -3.026   1.565   1.181  -3.194   1.203   2.217  -2.677
   2.559   1.247  -1.956   0.654   0.617  -2.241   0.060  -0.405  -0.793   0.621
   1.242  -0.590   1.378   1.936   0.276  -0.315   0.924   1.137  -0.055   1.532
  -0.141  -1.737   1.338   0.807  -2.369   1.369  -0.762  -2.235   0.587  -0.636
  -1.804   2.311   0.923  -0.232  -0.462   1.778  -1.078  -0.851   0.512   0.800
  -1.222  -0.215   1.365  -0.847   1.218   1.342  -2.430   2.190   1.626  -2.020
   1.323   0.566  -3.180   0.727   2.207  -2.881
  -3.915   1.407   0.719  -2.957   1.631   1.209  -2.937   1.477   2.322  -2.568
   2.627   1.014  -1.947   0.634   0.597  -2.294   0.039  -0.408  -0.761   0.545
   1.218  -0.664   1.163   1.986   0.308  -0.419   0.938   1.141  -0.151   1.552
  -0.172  -1.815   1.319   0.631  -2.563   1.177  -1.024  -2.108   0.699  -0.504
  -1.759   2.395   0.924  -0.222  -0.428   1.714  -1.085  -0.875   0.479   0.785
  -1.204  -0.321   1.331  -0.868   1.234   1.260  -2.364   2.170   1.619  -2.003
   1.375   0.413  -3.076   0.665   2.127  -2.807
  -4.093   1.402   0.697  -3.145   1.632   1.136  -3.128   1.528   2.194  -2.862
   2.655   0.802  -2.065   0.654   0.599  -2.265   0.006  -0.406  -0.868   0.608
   1.224  -0.806   1.251   2.050   0.239  -0.373   0.949   1.042  -0.063   1.604
  -0.163  -1.806   1.370   0.566  -2.580   1.355  -1.072  -2.074   0.803  -0.457
  -1.675   2.433   0.814  -0.314  -0.485   1.632  -1.170  -0.796   0.524   0.815
  -1.144  -0.136   1.485  -0.728   1.261   1.263  -2.366   2.254   1.637  -2.055
   1.428   0.386  -3.043   0.793   2.153  -2.828
  -3.902   1.566   0.370  -3.052   1.665   1.005  -3.226   1.433   2.012  -2.546
   2.622   0.951  -2.026   0.647   0.523  -2.272   0.021  -0.467  -0.887   0.557
   1.214  -0.761   1.184   2.005   0.210  -0.370   1.008   1.020   0.014   1.629
  -0.213  -1.790   1.386   0.672  -2.390   1.430  -0.903  -2.130   0.658  -0.695
  -1.801   2.352   0.861  -0.295  -0.387   1.745  -1.085  -0.713   0.620   0.818
  -1.127  -0.183   1.391  -0.858   1.203   1.223  -2.373   2.190   1.554  -2.240
   1.173   0.382  -3.013   0.598   2.041  -2.818
  -3.912   1.596   0.281  -3.065   1.683   0.911  -3.472   1.415   1.932  -2.732
   2.758   0.925  -2.014   0.625   0.538  -2.287  -0.058  -0.471  -0.921   0.546
   1.300  -0.923   1.101   2.106   0.149  -0.403   1.021   0.934  -0.171   1.728
  -0.242  -1.885   1.395   0.643  -2.538   1.301  -0.953  -2.260   0.661  -0.844
  -1.930   2.276   0.923  -0.202  -0.282   1.718  -1.062  -0.665   0.600   0.884
  -0.988  -0.155   1.369  -0.654   1.180   1.304  -2.295   2.196   1.633  -2.224
   1.215   0.404  -2.860   0.547   2.012  -2.705
  -3.799   1.524   0.345  -2.953   1.693   0.986  -3.314   1.466   1.978  -2.624
   2.761   0.861  -1.928   0.729   0.501  -2.173  -0.113  -0.348  -0.903   0.556
   1.261  -0.903   1.283   2.003   0.236  -0.329   1.045   0.995  -0.040   1.742
  -0.241  -1.792   1.290   0.564  -2.538   1.209  -1.062  -2.047   0.694  -0.657
  -1.817   2.308   0.921  -0.197  -0.325   1.663  -1.113  -0.761   0.541   0.812
  -1.104  -0.101   1.516  -0.656   1.026   1.166  -2.359   2.075   1.354  -2.298
   0.965   0.320  -3.038   0.532   2.057  -2.741
  -3.747   1.636   0.257  -2.962   1.602   0.930  -3.219   1.414   1.943  -2.523
   2.680   0.864  -1.952   0.644   0.589  -2.121  -0.117  -0.374  -0.896   0.519
   1.375  -0.810   1.025   2.245   0.257  -0.344   1.114   1.083  -0.298   1.841
  -0.145  -1.801   1.386   0.707  -2.589   1.373  -0.856  -2.145   0.608  -0.502
  -1.877   2.352   0.926  -0.112  -0.331   1.697  -1.016  -0.784   0.566   0.955
  -1.091   0.017   1.750  -0.761   1.047   1.132  -2.484   2.187   1.279  -2.346
   0.903   0.233  -3.188   0.644   2.046  -2.909
  -3.706   1.748   0.213  -2.994   1.514   1.032  -3.451   1.167   1.968  -2.519
   2.430   1.374  -2.034   0.571   0.497  -2.165  -0.082  -0.538  -0.985   0.444
   1.286  -1.136   0.855   2.204   0.208  -0.369   1.071   0.937  -0.170   1.901
  -0.175  -1.836   1.427   0.642  -2.523   1.254  -1.044  -2.150   0.816  -0.438
  -1.968   2.461   0.858  -0.087  -0.331   1.688  -0.884  -0.717   0.554   0.930
  -1.134  -0.112   1.563  -0.807   1.062   1.144  -2.490   2.107   1.347  -2.557
   0.842   0.313  -3.167   0.604   2.018  -2.929
  -3.843   1.632   0.197  -3.112   1.511   0.990  -3.600   1.108   1.883  -2.658
   2.425   1.284  -2.022   0.553   0.524  -2.194  -0.021  -0.532  -1.010   0.459
   1.338  -1.078   0.911   2.243   0.149  -0.324   0.999   0.872   0.087   1.672
  -0.108  -1.795   1.453   0.796  -2.418   1.460  -0.834  -2.274   0.787  -0.610
  -1.820   2.467   0.884  -0.115  -0.313   1.784  -0.954  -0.573   0.622   0.948
  -1.151   0.014   1.761  -0.873   1.197   1.078  -2.494   2.254   1.071  -2.446
   0.858   0.207  -3.049   0.730   1.918  -2.970
  -3.915   1.750   0.162  -3.116   1.490   0.924  -3.689   1.027   1.763  -2.696
   2.427   1.367  -2.007   0.564   0.473  -2.152  -0.092  -0.570  -0.964   0.527
   1.280  -0.947   1.142   2.071   0.191  -0.358   1.058   0.944   0.099   1.711
  -0.084  -1.801   1.422   0.858  -2.274   1.449  -0.738  -2.325   0.758  -0.535
  -1.923   2.425   0.982  -0.170  -0.280   1.778  -1.020  -0.664   0.678   0.852
  -1.107  -0.005   1.575  -0.829   1.308   1.039  -2.465   2.363   1.346  -2.423
   1.258   0.143  -3.109   0.750   1.760  -3.040
  -3.894   1.643   0.339  -3.094   1.467   1.055  -3.487   1.072   1.970  -2.654
   2.447   1.245  -2.004   0.569   0.472  -2.162  -0.186  -0.491  -0.884   0.554
   1.188  -0.877   1.161   2.034   0.285  -0.343   1.004   1.021   0.079   1.719
  -0.083  -1.811   1.407   0.746  -2.517   1.384  -0.824  -2.185   0.711  -0.451
  -1.674   2.465   0.971  -0.193  -0.403   1.867  -0.959  -0.679   0.741   0.887
  -1.198  -0.120   1.366  -0.931   1.290   1.177  -2.548   2.386   1.173  -2.575
   0.961   0.327  -3.247   0.946   2.074  -2.957
  -3.990   1.550   0.431  -3.102   1.536   1.083  -3.282   1.401   2.166  -2.726
   2.549   0.977  -2.045   0.536   0.561  -2.178  -0.150  -0.417  -0.888   0.555
   1.198  -0.841   1.239   1.916   0.340  -0.289   0.995   1.085   0.117   1.748
   0.005  -1.756   1.449   0.951  -2.308   1.381  -0.710  -2.262   0.793  -0.458
  -1.723   2.482   1.015  -0.084  -0.411   1.828  -0.938  -0.787   0.829   1.029
  -1.146   0.153   1.695  -0.848   1.423   1.252  -2.454   2.448   1.110  -2.505
   0.925   0.478  -3.189   1.003   2.275  -2.797
  -4.028   1.546   0.598  -2.994   1.669   1.032  -2.986   1.522   2.088  -2.739
   2.633   0.727  -1.979   0.644   0.491  -2.290  -0.120  -0.435  -0.882   0.580
   1.227  -0.846   1.256   1.964   0.302  -0.231   0.980   1.028   0.109   1.684
   0.030  -1.728   1.403   1.041  -2.159   1.507  -0.502  -2.298   0.648  -0.441
  -1.615   2.336   1.021  -0.107  -0.409   1.801  -0.963  -0.799   0.891   1.014
  -1.052   0.265   1.722  -0.666   1.453   1.285  -2.432   2.532   1.007  -2.549
   0.874   0.799  -3.188   1.269   2.340  -2.701
  -3.916   1.479   0.497  -2.967   1.606   0.990  -3.154   1.354   2.072  -2.541
   2.588   0.851  -1.923   0.649   0.533  -2.262  -0.083  -0.390  -0.750   0.582
   1.198  -0.542   1.533   1.607   0.449  -0.295   0.992   1.230   0.020   1.674
   0.044  -1.735   1.397   0.894  -2.462   1.472  -0.669  -2.117   0.657  -0.400
  -1.664   2.401   1.112  -0.126  -0.405   1.838  -1.014  -0.862   0.775   0.913
  -1.206   0.183   1.622  -0.837   1.449   1.419  -2.434   2.501   1.242  -2.324
   1.017   0.847  -3.279   1.352   2.492  -2.497
  -3.915   1.577   0.397  -3.027   1.549   0.987  -3.300   1.309   1.978  -2.617
   2.524   1.000  -1.957   0.579   0.515  -2.219  -0.182  -0.411  -0.761   0.596
   1.144  -0.679   1.288   1.891   0.388  -0.287   0.935   1.151   0.104   1.641
   0.003  -1.738   1.319   0.910  -2.299   1.393  -0.557  -2.160   0.518  -0.405
  -1.703   2.301   1.076  -0.166  -0.479   1.964  -0.893  -0.930   0.773   0.918
  -1.272  -0.030   1.441  -0.955   1.412   1.315  -2.560   2.518   1.258  -2.470
   0.964   0.699  -3.405   1.096   2.369  -2.804
  -3.903   1.234   0.596  -3.007   1.490   1.072  -2.967   1.420   2.174  -2.729
   2.534   0.933  -1.949   0.537   0.493  -2.251  -0.162  -0.473  -0.731   0.626
   1.135  -0.650   1.401   1.775   0.490  -0.237   0.883   1.250  -0.120   1.572
   0.055  -1.700   1.295   0.987  -2.247   1.366  -0.487  -2.107   0.404  -0.637
  -1.797   2.127   1.126  -0.118  -0.516   2.033  -0.880  -0.921   0.754   0.999
  -1.213   0.089   1.722  -0.934   1.308   1.177  -2.609   2.389   0.955  -2.585
   0.981   0.496  -3.313   1.058   2.181  -3.022
  -3.922   1.653   0.469  -3.049   1.536   1.086  -3.218   1.339   2.064  -2.589
   2.506   1.173  -1.945   0.595   0.434  -2.182  -0.199  -0.437  -0.795   0.655
   1.082  -0.652   1.327   1.797   0.421  -0.149   0.855   1.178   0.142   1.559
   0.029  -1.647   1.207   0.982  -2.204   1.285  -0.612  -2.056   0.460  -0.401
  -1.634   2.208   1.169  -0.049  -0.502   1.888  -0.905  -1.005   0.929   1.141
  -1.099   0.220   1.788  -0.681   1.221   1.251  -2.532   2.253   1.390  -2.617
   0.810   0.357  -2.998   0.852   2.193  -2.985
  -3.891   1.386   0.475  -2.981   1.572   1.039  -3.250   1.344   2.051  -2.585
   2.619   1.004  -1.956   0.531   0.537  -2.186  -0.171  -0.465  -0.767   0.648
   1.133  -0.733   1.285   1.922   0.427  -0.194   0.903   1.200  -0.035   1.659
   0.063  -1.624   1.112   0.986  -2.213   1.219  -0.521  -1.915   0.214  -0.453
  -1.880   2.085   1.139   0.011  -0.408   1.805  -0.928  -0.997   0.850   1.153
  -1.092   0.203   1.806  -0.616   1.199   1.425  -2.533   2.279   1.419  -2.605
   0.845   0.536  -3.070   0.777   2.376  -2.853
  -3.827   1.373   0.390  -3.003   1.609   0.981  -3.216   1.536   2.056  -2.640
   2.553   0.684  -1.977   0.535   0.597  -2.108  -0.190  -0.367  -0.826   0.539
   1.273  -0.747   1.260   1.986   0.366  -0.197   0.871   1.128   0.068   1.575
   0.147  -1.645   1.206   1.104  -2.226   0.979  -0.612  -1.972   0.483  -0.193
  -1.834   2.243   1.075   0.045  -0.519   1.856  -0.858  -0.944   0.776   1.129
  -1.195   0.182   1.822  -0.733   1.243   1.443  -2.529   2.339   1.558  -2.430
   1.109   0.688  -3.283   0.890   2.451  -2.819
  -3.947   1.414   0.380  -3.074   1.464   0.984  -3.414   1.223   2.001  -2.697
   2.462   0.985  -2.020   0.463   0.527  -2.205  -0.270  -0.448  -0.894   0.506
   1.152  -0.802   1.208   1.914   0.340  -0.186   0.851   1.042   0.206   1.602
   0.108  -1.675   1.164   0.953  -2.281   0.973  -0.732  -2.063   0.617  -0.096
  -1.753   2.203   1.135   0.064  -0.479   1.939  -0.773  -0.866   0.933   1.149
  -1.212   0.382   1.875  -0.858   1.361   1.456  -2.598   2.376   1.105  -2.783
   0.599   1.062  -3.407   1.401   2.567  -2.740
  -3.939   1.304   0.492  -3.063   1.490   1.093  -3.322   1.338   2.151  -2.884
   2.588   0.854  -2.038   0.521   0.589  -2.229  -0.180  -0.386  -0.868   0.475
   1.158  -0.715   1.007   2.000   0.278  -0.291   0.715   1.013   0.146   1.452
   0.058  -1.733   1.201   0.964  -2.297   1.086  -0.656  -2.221   0.584  -0.093
  -1.730   2.242   1.112  -0.010  -0.549   1.946  -0.782  -0.818   0.877   1.087
  -1.292   0.218   1.745  -0.926   1.249   1.440  -2.615   2.206   0.977  -2.843
   0.514   1.204  -3.435   1.364   2.510  -2.643
  -3.889   1.514   0.444  -3.024   1.561   1.099  -3.308   1.321   2.133  -2.510
   2.498   1.075  -2.041   0.538   0.593  -2.349  -0.133  -0.438  -0.843   0.535
   1.165  -0.753   1.157   1.942   0.414  -0.258   0.865   1.150   0.143   1.508
   0.152  -1.662   1.298   1.150  -2.186   1.227  -0.594  -2.099   0.565  -0.196
  -1.703   2.288   1.074  -0.054  -0.534   1.937  -0.828  -0.962   0.727   0.942
  -1.281   0.138   1.609  -0.804   1.283   1.274  -2.680   2.271   0.837  -2.823
   0.574   0.844  -3.403   1.480   2.305  -2.891
  -4.039   1.570   0.564  -3.164   1.444   1.242  -3.393   0.966   2.218  -2.751
   2.420   1.552  -2.107   0.590   0.603  -2.390  -0.066  -0.372  -0.921   0.537
   1.208  -0.823   1.086   2.018   0.318  -0.211   0.829   1.068   0.286   1.445
   0.114  -1.615   1.361   1.123  -2.081   1.471  -0.644  -2.109   0.790  -0.258
  -1.609   2.410   1.049  -0.032  -0.559   1.971  -0.835  -0.901   0.682   0.982
  -1.314  -0.066   1.556  -0.959   1.167   1.253  -2.678   2.226   0.975  -2.736
   0.570   0.549  -3.362   1.105   2.303  -2.894
