default_name                                                                    
   22  0.2000000E+02
  -3.5355461   1.4606636  -0.2622618  -3.1557428   1.2908129   0.7549692
  -3.6264699   0.3891032   1.1461250  -3.4644574   2.1408231   1.4583191
  -1.6166822   1.2078605   0.6465217  -0.9376188   2.1913506   0.5096292
  -1.0380713  -0.0086458   0.6315511  -1.5585552  -0.8938445   0.8384910
   0.4203089  -0.3728130   0.5385955   0.9532934   0.3723876   1.0942589
   0.7048313  -1.8886004   1.0647937   1.7590519  -2.1165508   1.1146138
   0.1915172  -2.6602017   0.4287210   0.4796166  -1.9995222   2.1530656
   0.9914796  -0.1850477  -0.8542863   2.1865333  -0.1273586  -0.9152192
   0.1399926   0.1908266  -1.8420746  -0.7800907   0.3806731  -1.5433396
   0.5376655   0.4857627  -3.2313220   0.6940662   1.6104994  -3.2938965
   1.3982341  -0.0751225  -3.5587867  -0.2709130   0.3075962  -3.8615735
  -0.1548084   0.2761819   0.1734431  -0.5426899   0.1792093   0.0635788
  -0.7117102   0.6111575   0.3672364  -0.9125106   1.1259577  -0.5286512
  -0.0717088   0.4773852  -0.0109687   0.1135597  -0.1476363  -0.1062241
   0.0913388   0.3276561   0.0564827   1.8672764   0.2642353  -0.4537499
  -0.3073691   0.1388226   0.3499523   0.6942127   0.8786225   0.6292986
  -0.3195921  -0.3488224   0.0103301  -0.9994894   0.6849718  -1.1152631
  -0.3372517   0.8208838  -0.8941285  -1.1019838  -1.0641660  -0.5013793
   0.2127197  -0.1926918   0.0367046   0.1937229  -0.3663800   0.3576384
   0.2077348   0.0410926   0.1994121   1.2984988   1.0885231   1.6590242
   0.4707585   0.5184143  -0.2994690   0.1684904  -0.1973963   0.9184330
  -1.0073532   0.4180688  -1.6280741  -0.3038688   0.0148408  -0.5398666
