default_name                                                                    
   22  0.2000000E+02
  -3.3833103   1.6466520  -0.2180949  -2.9735052   1.4603979   0.6922856
  -3.5532874   0.7491985   1.2886717  -2.8361625   2.4165136   1.1291088
  -1.7243559   0.6591556   0.3460309  -1.8042350  -0.1575267  -0.6036531
  -0.6737838   0.8896554   1.0297932  -0.6235564   1.7249956   1.5633563
   0.5532733   0.1172111   0.8952588   1.2662857   0.7885481   1.4681923
   0.3830913  -1.2662813   1.5248923   1.3963329  -1.7770569   1.6192034
  -0.1314589  -1.9309186   0.8743289   0.0506163  -1.2162972   2.5273498
   1.1629846   0.1252885  -0.5211172   1.7858045  -0.8282588  -1.0433873
   0.9190939   1.2191708  -1.2489607   0.2962121   1.9451726  -0.8211837
   1.3681754   1.5412911  -2.5486290   1.2929508   2.6571502  -2.5901769
   2.3782110   1.2522925  -2.7115184   0.8728138   1.0307017  -3.3727692
  -0.0394944   0.4936852   1.4892788   0.1297036   0.4005866  -0.0733191
  -0.0472566   1.1236611  -0.7957912  -1.0893437  -0.4120417  -1.3267776
  -0.0150110  -0.0523671  -0.2143708   0.2805755  -0.0529282   0.0565497
  -0.1671365  -0.0766583  -0.0781231  -0.2694540  -0.4384272   0.1201720
   0.1481779  -0.1107033  -0.2233376   0.7255164  -1.0748399   0.1986595
   0.4058658   0.1779366  -0.0698733   0.4592791   0.3363873  -0.6947156
  -0.7354326  -1.1809396  -0.6423795   0.6507385  -0.1814648  -0.2978684
   0.1308244  -0.3076105  -0.0452477   0.1517209   0.0026217   0.3745786
   0.0231127   0.3077598  -0.0961936  -0.4386346  -0.1807612  -0.9408908
  -0.2941180  -0.0235501  -0.0957671  -0.9218134   1.2062029  -0.5268608
  -0.2147793   0.6733906   0.2680496   0.2170565   1.0500608   0.5991825
