default_name                                                                    
   22  0.2000000E+02
  -3.3252693   1.4671830   1.2247018  -2.9167265   0.5218360   0.8324246
  -3.5305268   0.3033525   0.0269147  -2.9294784  -0.2690713   1.6167859
  -1.4868160   0.7365610   0.5046251  -1.0777865   1.8424974   0.1776248
  -0.7252633  -0.3771903   0.6672010  -1.2815934  -1.2083517   0.9444523
   0.6884832  -0.4520367   0.3367415   1.2957108   0.1867044   1.0073033
   1.0586171  -1.9128225   0.7199755   2.1271303  -2.1412560   0.7792878
   0.4685794  -2.6932134   0.2838142   0.8180892  -2.0289211   1.7987999
   1.0985277  -0.1711049  -1.1429818   2.2583589   0.0548775  -1.4471004
   0.1677336  -0.1604965  -2.1353638  -0.7642309  -0.3026732  -1.8259689
   0.3485549   0.4128040  -3.4299857  -0.0384091   1.4561121  -3.5536525
   1.4187472   0.4968057  -3.5967829  -0.0483216  -0.2241459  -4.2473191
  -0.6601213  -0.3589798   0.0946369   0.1962931   0.3106083   0.2812507
  -0.9530845   0.0885274   0.9141317  -1.4172047   1.3628397   0.5470200
  -0.2024723  -0.3873881   0.0489775  -0.0908009  -0.1115932  -0.0733299
   0.0472900   0.0139582  -0.0541322   0.0986997  -1.1116766  -0.1966860
  -0.0749987  -0.1584155   0.0753387  -0.2679881   0.3631804   0.1817754
  -0.2264900  -0.2342409  -0.2305407   0.3730897  -0.8175601   1.2764381
   0.7968611   0.2312408  -0.6319212   0.9071796  -0.1557329   0.1272984
  -0.0938064   0.4424593  -0.0349483  -0.0174694  -0.0477669  -0.0668562
  -0.2783219   0.2056324  -0.1497490  -0.3784409  -1.3152575   0.4203227
  -0.0543445   0.1910863   0.2102592   0.6325667   0.8258735  -0.3941103
  -0.1151707  -0.2023874   0.3960807  -0.5135002  -0.6682904   0.4177680
