default_name                                                                    
  -3.661   1.131   0.693  -2.736   1.232   1.256  -2.917   0.961   2.296  -2.388
   2.262   1.218  -1.662   0.323   0.684  -1.926  -0.380  -0.290  -0.471   0.376
   1.291  -0.400   0.978   2.100   0.715  -0.424   0.955   1.499  -0.104   1.653
   0.433  -1.900   1.267   1.362  -2.467   1.206  -0.278  -2.299   0.540   0.034
  -1.999   2.269   1.328  -0.206  -0.451   2.230  -0.950  -0.858   0.858   0.806
  -1.193   0.104   1.359  -0.802   1.329   1.154  -2.541   2.391   1.408  -2.518
   1.191   0.305  -3.217   0.772   2.014  -2.919
  -3.677   1.095   0.684  -2.750   1.238   1.251  -2.919   0.993   2.296  -2.412
   2.270   1.189  -1.672   0.336   0.690  -1.924  -0.365  -0.296  -0.480   0.377
   1.292  -0.397   1.017   2.065   0.713  -0.431   0.963   1.502  -0.104   1.647
   0.432  -1.901   1.296   1.376  -2.453   1.226  -0.293  -2.314   0.586   0.045
  -1.980   2.323   1.302  -0.221  -0.450   2.206  -0.960  -0.866   0.845   0.802
  -1.190   0.109   1.372  -0.797   1.341   1.157  -2.522   2.410   1.383  -2.500
   1.194   0.332  -3.219   0.800   2.020  -2.897
  -3.669   1.119   0.718  -2.741   1.252   1.256  -2.864   1.048   2.332  -2.422
   2.280   1.144  -1.664   0.339   0.695  -1.926  -0.366  -0.275  -0.475   0.369
   1.312  -0.399   0.975   2.115   0.704  -0.429   0.965   1.514  -0.119   1.635
   0.431  -1.910   1.286   1.370  -2.473   1.234  -0.244  -2.359   0.548   0.009
  -2.006   2.285   1.301  -0.216  -0.452   2.195  -0.952  -0.876   0.832   0.795
  -1.188   0.081   1.317  -0.801   1.332   1.180  -2.505   2.397   1.403  -2.434
   1.179   0.365  -3.212   0.791   2.042  -2.894
  -3.656   1.156   0.646  -2.730   1.267   1.240  -2.950   1.018   2.268  -2.380
   2.287   1.166  -1.663   0.341   0.699  -1.922  -0.373  -0.260  -0.459   0.392
   1.308  -0.356   1.027   2.079   0.711  -0.446   0.957   1.505  -0.122   1.632
   0.435  -1.909   1.294   1.356  -2.485   1.281  -0.274  -2.351   0.594   0.020
  -1.985   2.300   1.294  -0.207  -0.459   2.196  -0.955  -0.872   0.844   0.834
  -1.184   0.110   1.389  -0.774   1.306   1.203  -2.524   2.376   1.414  -2.472
   1.166   0.359  -3.217   0.765   2.069  -2.922
  -3.684   1.102   0.707  -2.729   1.260   1.234  -2.861   1.059   2.287  -2.393
   2.294   1.115  -1.658   0.336   0.690  -1.890  -0.418  -0.272  -0.476   0.408
   1.306  -0.421   1.039   2.100   0.713  -0.424   0.963   1.514  -0.092   1.645
   0.441  -1.899   1.323   1.334  -2.469   1.218  -0.290  -2.334   0.649   0.091
  -2.002   2.335   1.308  -0.213  -0.462   2.204  -0.957  -0.895   0.839   0.818
  -1.186   0.123   1.393  -0.770   1.276   1.200  -2.517   2.356   1.460  -2.498
   1.111   0.384  -3.227   0.709   2.060  -2.874
  -3.693   0.982   0.721  -2.745   1.231   1.201  -2.895   1.096   2.280  -2.465
   2.271   0.963  -1.660   0.307   0.689  -1.882  -0.415  -0.282  -0.476   0.371
   1.298  -0.404   1.024   2.063   0.721  -0.438   0.962   1.496  -0.076   1.642
   0.476  -1.908   1.351   1.408  -2.455   1.287  -0.299  -2.328   0.703   0.146
  -1.977   2.406   1.317  -0.219  -0.461   2.207  -0.966  -0.905   0.867   0.836
  -1.154   0.202   1.410  -0.661   1.299   1.226  -2.503   2.340   1.527  -2.465
   1.178   0.366  -3.159   0.719   2.066  -2.893
  -3.675   1.111   0.600  -2.759   1.246   1.183  -2.960   1.018   2.222  -2.424
   2.289   1.065  -1.655   0.344   0.657  -1.878  -0.386  -0.295  -0.482   0.376
   1.321  -0.424   1.015   2.117   0.713  -0.407   0.981   1.492  -0.015   1.664
   0.461  -1.898   1.333   1.397  -2.469   1.264  -0.255  -2.342   0.637   0.073
  -2.030   2.336   1.319  -0.190  -0.452   2.196  -0.951  -0.891   0.862   0.852
  -1.152   0.161   1.449  -0.732   1.283   1.221  -2.478   2.328   1.557  -2.497
   1.232   0.330  -3.112   0.673   1.992  -2.920
  -3.683   1.061   0.592  -2.766   1.230   1.186  -2.932   0.970   2.213  -2.441
   2.270   1.106  -1.665   0.329   0.679  -1.880  -0.421  -0.304  -0.487   0.391
   1.311  -0.361   1.047   2.074   0.698  -0.407   0.974   1.473  -0.052   1.656
   0.460  -1.874   1.350   1.418  -2.430   1.277  -0.271  -2.349   0.686   0.095
  -1.912   2.382   1.308  -0.191  -0.434   2.199  -0.945  -0.857   0.852   0.837
  -1.159   0.122   1.410  -0.760   1.304   1.202  -2.496   2.304   1.662  -2.473
   1.329   0.329  -3.138   0.606   1.920  -2.923
  -3.699   1.012   0.672  -2.766   1.244   1.183  -2.877   1.093   2.250  -2.506
   2.291   0.952  -1.644   0.361   0.669  -1.853  -0.379  -0.299  -0.472   0.428
   1.308  -0.389   1.134   2.027   0.738  -0.371   0.994   1.527  -0.052   1.670
   0.465  -1.855   1.327   1.380  -2.429   1.260  -0.275  -2.277   0.622   0.077
  -1.982   2.344   1.333  -0.169  -0.439   2.175  -0.971  -0.878   0.872   0.826
  -1.199   0.188   1.408  -0.728   1.334   1.216  -2.537   2.337   1.652  -2.440
   1.442   0.334  -3.153   0.673   1.952  -2.986
  -3.685   1.108   0.714  -2.735   1.271   1.208  -2.882   1.062   2.251  -2.448
   2.322   1.116  -1.642   0.374   0.657  -1.850  -0.394  -0.290  -0.466   0.457
   1.282  -0.420   1.104   2.074   0.716  -0.331   0.967   1.484   0.038   1.646
   0.473  -1.833   1.348   1.422  -2.378   1.325  -0.242  -2.230   0.643   0.042
  -1.897   2.345   1.317  -0.151  -0.428   2.120  -0.972  -0.876   0.914   0.904
  -1.148   0.224   1.505  -0.721   1.354   1.168  -2.536   2.336   1.627  -2.568
   1.422   0.219  -3.086   0.646   1.861  -3.032
  -3.667   1.164   0.589  -2.774   1.285   1.199  -2.968   1.023   2.237  -2.427
   2.329   1.166  -1.689   0.363   0.664  -1.895  -0.390  -0.276  -0.500   0.451
   1.289  -0.459   1.116   2.046   0.743  -0.320   1.016   1.510   0.034   1.705
   0.455  -1.803   1.340   1.380  -2.433   1.381  -0.214  -2.220   0.623   0.031
  -1.835   2.358   1.353  -0.132  -0.403   2.140  -0.939  -0.867   0.944   0.934
  -1.120   0.206   1.502  -0.695   1.329   1.194  -2.538   2.314   1.619  -2.537
   1.352   0.234  -3.085   0.569   1.825  -3.034
  -3.664   1.199   0.597  -2.771   1.236   1.224  -3.057   0.871   2.207  -2.415
   2.248   1.318  -1.711   0.332   0.674  -1.906  -0.368  -0.313  -0.527   0.418
   1.304  -0.472   1.096   2.059   0.686  -0.333   0.984   1.449   0.132   1.628
   0.477  -1.810   1.377   1.435  -2.339   1.341  -0.217  -2.294   0.679   0.090
  -1.936   2.399   1.274  -0.155  -0.461   2.136  -0.938  -0.873   0.873   0.904
  -1.171   0.215   1.531  -0.718   1.332   1.185  -2.517   2.262   1.742  -2.484
   1.507   0.260  -3.096   0.553   1.785  -3.046
  -3.643   1.203   0.577  -2.729   1.185   1.212  -2.983   0.831   2.222  -2.334
   2.195   1.312  -1.670   0.304   0.643  -1.893  -0.385  -0.346  -0.525   0.393
   1.264  -0.473   0.966   2.105   0.687  -0.345   0.954   1.422  -0.006   1.672
   0.442  -1.821   1.346   1.391  -2.356   1.283  -0.282  -2.270   0.672   0.078
  -1.908   2.361   1.292  -0.111  -0.466   2.176  -0.899  -0.868   0.907   0.952
  -1.195   0.188   1.537  -0.799   1.353   1.192  -2.550   2.162   1.929  -2.552
   1.665   0.269  -2.989   0.532   1.647  -3.180
  -3.689   1.126   0.516  -2.808   1.165   1.145  -3.054   0.812   2.152  -2.525
   2.224   1.229  -1.661   0.327   0.645  -1.879  -0.419  -0.291  -0.498   0.475
   1.245  -0.495   1.090   2.048   0.705  -0.325   0.959   1.440   0.073   1.689
   0.466  -1.821   1.367   1.427  -2.313   1.401  -0.162  -2.296   0.582   0.017
  -1.913   2.366   1.287  -0.126  -0.434   2.162  -0.901  -0.833   0.909   0.952
  -1.137   0.220   1.575  -0.746   1.371   1.244  -2.525   2.278   1.817  -2.541
   1.597   0.295  -3.009   0.589   1.766  -3.062
  -3.635   1.089   0.518  -2.770   1.190   1.159  -3.065   0.910   2.159  -2.466
   2.259   1.159  -1.675   0.329   0.675  -1.864  -0.395  -0.312  -0.514   0.474
   1.285  -0.502   1.132   2.055   0.691  -0.291   1.002   1.450   0.080   1.724
   0.470  -1.772   1.420   1.427  -2.312   1.378  -0.216  -2.288   0.794   0.079
  -1.821   2.425   1.317  -0.099  -0.418   2.142  -0.938  -0.850   0.943   0.962
  -1.167   0.239   1.547  -0.755   1.397   1.310  -2.510   2.284   1.924  -2.478
   1.593   0.417  -3.096   0.605   1.837  -3.045
  -3.770   1.038   0.677  -2.823   1.255   1.165  -2.922   1.081   2.246  -2.543
   2.294   1.016  -1.728   0.385   0.609  -1.914  -0.356  -0.346  -0.558   0.524
   1.225  -0.470   1.147   2.006   0.672  -0.271   0.982   1.392   0.181   1.637
   0.470  -1.754   1.446   1.446  -2.258   1.466  -0.205  -2.262   0.742   0.059
  -1.773   2.430   1.323  -0.113  -0.425   2.138  -0.954  -0.845   0.975   0.994
  -1.147   0.227   1.589  -0.733   1.319   1.233  -2.535   2.220   1.862  -2.521
   1.591   0.322  -3.096   0.560   1.785  -3.079
  -3.773   0.969   0.662  -2.814   1.232   1.102  -2.860   1.187   2.185  -2.661
   2.261   0.791  -1.682   0.372   0.585  -1.851  -0.412  -0.339  -0.534   0.508
   1.184  -0.475   1.164   1.980   0.669  -0.253   0.944   1.387   0.210   1.665
   0.487  -1.730   1.400   1.422  -2.303   1.307  -0.221  -2.232   0.727   0.103
  -1.778   2.399   1.323  -0.090  -0.473   2.039  -0.967  -0.951   1.016   0.992
  -1.179   0.417   1.623  -0.694   1.326   1.252  -2.580   2.189   1.899  -2.709
   1.471   0.283  -3.128   0.487   1.794  -3.053
  -3.747   0.793   0.630  -2.817   1.201   1.019  -2.819   1.134   2.106  -2.744
   2.243   0.665  -1.654   0.382   0.524  -1.850  -0.488  -0.323  -0.524   0.535
   1.222  -0.528   1.202   1.999   0.722  -0.220   0.977   1.466   0.172   1.677
   0.528  -1.724   1.375   1.488  -2.242   1.338  -0.138  -2.230   0.663   0.078
  -1.783   2.379   1.360  -0.046  -0.427   2.004  -0.964  -0.916   1.045   1.055
  -1.144   0.416   1.693  -0.650   1.354   1.339  -2.549   2.248   1.976  -2.620
   1.583   0.469  -3.162   0.523   1.900  -3.050
  -3.806   0.909   0.625  -2.826   1.221   0.999  -2.859   1.160   2.099  -2.628
   2.236   0.717  -1.653   0.354   0.531  -1.855  -0.432  -0.402  -0.492   0.483
   1.179  -0.455   1.165   1.904   0.723  -0.267   0.948   1.491   0.040   1.660
   0.529  -1.718   1.349   1.467  -2.294   1.253  -0.242  -2.149   0.687   0.198
  -1.812   2.401   1.327  -0.075  -0.482   2.033  -0.968  -0.964   1.091   1.077
  -1.139   0.563   1.778  -0.644   1.338   1.317  -2.575   2.094   2.085  -2.683
   1.668   0.405  -3.101   0.449   1.706  -3.008
  -3.722   0.911   0.475  -2.792   1.151   0.990  -2.841   1.056   2.084  -2.579
   2.216   0.803  -1.639   0.304   0.528  -1.854  -0.453  -0.423  -0.503   0.503
   1.176  -0.599   1.177   1.900   0.730  -0.232   0.951   1.502   0.187   1.562
   0.485  -1.729   1.342   1.421  -2.289   1.192  -0.270  -2.221   0.711   0.247
  -1.789   2.401   1.323  -0.072  -0.471   1.998  -0.974  -0.958   1.052   1.063
  -1.160   0.562   1.773  -0.649   1.349   1.396  -2.560   2.116   2.157  -2.551
   1.714   0.481  -3.055   0.465   1.743  -3.067
  -3.715   0.882   0.359  -2.873   1.190   1.001  -3.056   0.970   2.069  -2.642
   2.244   0.792  -1.717   0.365   0.526  -1.847  -0.461  -0.383  -0.527   0.547
   1.158  -0.480   1.298   1.863   0.686  -0.229   0.919   1.442   0.168   1.602
   0.441  -1.716   1.328   1.381  -2.286   1.339  -0.231  -2.177   0.606   0.064
  -1.751   2.344   1.299  -0.047  -0.491   1.957  -0.952  -0.973   1.020   1.077
  -1.143   0.471   1.779  -0.657   1.258   1.335  -2.543   1.992   2.121  -2.682
   1.642   0.440  -3.072   0.325   1.680  -2.967
  -3.821   0.943   0.347  -2.925   1.177   0.986  -3.156   0.972   2.029  -2.658
   2.216   0.833  -1.695   0.361   0.529  -1.791  -0.405  -0.426  -0.496   0.529
   1.173  -0.486   1.207   1.928   0.723  -0.241   0.954   1.416   0.224   1.672
   0.437  -1.707   1.389   1.408  -2.253   1.444  -0.268  -2.207   0.712   0.000
  -1.802   2.372   1.333  -0.133  -0.463   2.062  -0.986  -0.981   1.029   1.022
  -1.071   0.413   1.612  -0.570   1.281   1.375  -2.479   1.976   2.220  -2.611
   1.732   0.527  -3.011   0.305   1.621  -2.916
  -3.757   0.978   0.409  -2.885   1.136   1.034  -3.116   0.893   2.074  -2.635
   2.202   0.937  -1.676   0.326   0.526  -1.817  -0.409  -0.442  -0.532   0.484
   1.180  -0.570   1.172   1.927   0.740  -0.253   0.976   1.478   0.228   1.598
   0.487  -1.734   1.415   1.440  -2.322   1.441  -0.221  -2.259   0.761   0.094
  -1.789   2.439   1.312  -0.115  -0.472   2.030  -0.960  -0.999   0.999   1.039
  -1.065   0.497   1.721  -0.535   1.258   1.325  -2.487   1.836   2.227  -2.663
   1.837   0.510  -2.959   0.321   1.432  -3.044
  -3.737   1.039   0.320  -2.861   1.163   0.976  -3.178   0.874   2.010  -2.538
   2.194   0.893  -1.678   0.297   0.525  -1.850  -0.454  -0.417  -0.527   0.447
   1.176  -0.560   1.171   1.899   0.758  -0.259   0.983   1.491   0.259   1.620
   0.554  -1.665   1.460   1.522  -2.179   1.475  -0.048  -2.250   0.772   0.087
  -1.714   2.458   1.309  -0.138  -0.454   2.076  -0.968  -0.939   0.983   0.997
  -1.101   0.446   1.687  -0.587   1.251   1.333  -2.500   1.746   2.323  -2.508
   1.910   0.583  -2.932   0.307   1.428  -3.071
  -3.666   1.173   0.369  -2.800   1.185   1.038  -3.093   0.860   2.025  -2.401
   2.221   1.038  -1.654   0.331   0.534  -1.807  -0.438  -0.422  -0.508   0.487
   1.183  -0.512   1.117   1.951   0.726  -0.287   0.959   1.506   0.146   1.584
   0.532  -1.749   1.448   1.516  -2.180   1.537  -0.036  -2.335   0.719  -0.044
  -1.704   2.393   1.332  -0.136  -0.470   2.043  -0.990  -0.979   1.017   1.000
  -1.082   0.511   1.694  -0.533   1.269   1.353  -2.458   1.851   2.274  -2.524
   1.807   0.535  -2.962   0.390   1.579  -3.073
  -3.586   1.285   0.297  -2.802   1.194   1.009  -3.235   0.842   1.956  -2.358
   2.174   1.133  -1.672   0.304   0.536  -1.880  -0.455  -0.442  -0.502   0.426
   1.213  -0.457   1.111   1.946   0.771  -0.317   0.972   1.569   0.068   1.619
   0.514  -1.772   1.389   1.491  -2.197   1.505  -0.069  -2.308   0.665  -0.056
  -1.739   2.321   1.295  -0.126  -0.446   2.070  -0.969  -0.910   0.921   0.998
  -1.064   0.286   1.605  -0.548   1.222   1.358  -2.429   1.800   2.281  -2.489
   1.815   0.588  -2.856   0.284   1.497  -2.980
  -3.638   1.209   0.423  -2.761   1.297   1.075  -3.053   0.971   2.076  -2.423
   2.333   1.133  -1.621   0.396   0.583  -1.841  -0.438  -0.332  -0.483   0.432
   1.272  -0.380   1.179   1.936   0.725  -0.356   0.988   1.511   0.004   1.670
   0.544  -1.847   1.360   1.509  -2.352   1.355  -0.083  -2.349   0.655   0.136
  -1.887   2.332   1.275  -0.129  -0.437   2.038  -0.947  -0.954   0.925   0.980
  -1.093   0.410   1.647  -0.587   1.209   1.386  -2.493   1.681   2.358  -2.520
   1.870   0.687  -2.962   0.299   1.447  -3.011
  -3.539   1.283   0.428  -2.736   1.232   1.128  -3.147   0.909   2.109  -2.303
   2.211   1.254  -1.622   0.338   0.636  -1.819  -0.351  -0.373  -0.472   0.454
   1.286  -0.432   1.028   2.120   0.741  -0.302   0.947   1.496   0.107   1.593
   0.527  -1.760   1.376   1.467  -2.331   1.440  -0.094  -2.299   0.658   0.132
  -1.767   2.374   1.305  -0.138  -0.478   2.039  -1.011  -0.961   0.990   1.036
  -1.099   0.462   1.692  -0.591   1.270   1.408  -2.491   1.411   2.521  -2.567
   2.163   0.899  -2.881   0.370   1.132  -3.064
  -3.573   1.227   0.401  -2.744   1.220   1.128  -3.131   0.849   2.072  -2.363
   2.203   1.261  -1.599   0.356   0.582  -1.788  -0.315  -0.389  -0.450   0.523
   1.254  -0.473   1.061   2.100   0.784  -0.244   1.005   1.556   0.161   1.639
   0.542  -1.672   1.453   1.479  -2.202   1.316  -0.167  -2.157   0.758   0.234
  -1.739   2.503   1.350  -0.137  -0.461   2.092  -0.960  -0.958   1.029   1.025
  -1.107   0.372   1.592  -0.532   1.209   1.389  -2.481   1.221   2.468  -2.626
   2.087   0.929  -2.880   0.353   1.009  -3.058
  -3.607   1.127   0.533  -2.761   1.118   1.211  -3.004   0.493   2.071  -2.474
   2.084   1.499  -1.611   0.433   0.626  -1.808  -0.234  -0.370  -0.422   0.590
   1.227  -0.387   1.258   2.006   0.759  -0.211   0.945   1.595   0.220   1.541
   0.577  -1.644   1.448   1.469  -2.251   1.245  -0.308  -2.060   0.943   0.405
  -1.607   2.516   1.353  -0.061  -0.449   2.065  -0.931  -0.953   0.992   1.046
  -1.111   0.485   1.757  -0.601   1.243   1.314  -2.544   1.076   2.377  -2.772
   2.269   1.032  -2.736   0.574   0.709  -3.158
  -3.573   1.315   0.533  -2.810   1.230   1.255  -3.221   0.617   2.069  -2.531
   2.273   1.532  -1.675   0.448   0.609  -1.841  -0.264  -0.385  -0.482   0.532
   1.279  -0.474   1.200   2.033   0.751  -0.154   0.985   1.519   0.326   1.560
   0.633  -1.612   1.476   1.586  -2.201   1.373  -0.142  -2.123   0.962   0.364
  -1.567   2.531   1.301   0.009  -0.489   2.043  -0.867  -0.949   1.029   1.139
  -1.118   0.584   1.951  -0.641   1.200   1.247  -2.567   1.231   2.293  -2.807
   2.165   0.871  -2.922   0.358   0.721  -3.068
  -3.545   1.379   0.388  -2.807   1.195   1.186  -3.264   0.628   1.993  -2.450
   2.112   1.577  -1.644   0.375   0.633  -1.764  -0.297  -0.392  -0.499   0.509
   1.330  -0.501   1.118   2.123   0.811  -0.106   0.976   1.663   0.298   1.521
   0.639  -1.605   1.408   1.621  -2.064   1.531   0.050  -2.092   0.665   0.125
  -1.630   2.386   1.300   0.031  -0.498   1.981  -0.904  -1.010   1.095   1.180
  -1.120   0.598   1.926  -0.642   1.130   1.280  -2.549   1.083   2.336  -2.857
   1.981   0.804  -2.975   0.204   0.831  -2.927
  -3.694   1.286   0.400  -2.883   1.143   1.140  -3.250   0.575   1.972  -2.609
   2.139   1.547  -1.659   0.414   0.562  -1.788  -0.306  -0.449  -0.567   0.552
   1.267  -0.661   1.058   2.141   0.724  -0.050   1.042   1.443   0.400   1.767
   0.680  -1.553   1.450   1.713  -2.004   1.431   0.045  -2.109   0.762   0.231
  -1.613   2.441   1.316   0.093  -0.419   2.004  -0.804  -0.939   1.069   1.201
  -1.088   0.621   1.930  -0.511   1.174   1.331  -2.555   1.468   2.330  -2.853
   1.919   0.625  -2.930   0.258   1.000  -3.027
  -3.725   1.107   0.336  -2.896   1.163   1.037  -3.283   0.769   2.011  -2.562
   2.213   1.144  -1.731   0.378   0.548  -1.827  -0.318  -0.474  -0.587   0.535
   1.289  -0.640   1.120   2.109   0.725  -0.063   1.034   1.431   0.449   1.647
   0.629  -1.537   1.473   1.569  -2.009   1.465  -0.021  -2.077   0.824   0.264
  -1.584   2.501   1.277   0.133  -0.412   1.906  -0.769  -0.943   1.001   1.264
  -1.108   0.482   2.012  -0.680   1.069   1.297  -2.615   1.486   2.261  -2.907
   1.728   0.547  -3.039   0.044   1.174  -2.994
  -3.665   1.234   0.182  -2.932   1.085   1.013  -3.435   0.549   1.833  -2.595
   2.100   1.292  -1.666   0.380   0.581  -1.699  -0.456  -0.354  -0.539   0.645
   1.255  -0.592   1.219   2.036   0.722  -0.018   0.980   1.391   0.500   1.564
   0.631  -1.482   1.513   1.644  -1.953   1.593   0.078  -2.086   0.735   0.225
  -1.519   2.496   1.318   0.101  -0.440   1.977  -0.801  -0.924   1.035   1.240
  -1.110   0.580   1.974  -0.591   1.099   1.407  -2.580   1.231   2.450  -2.835
   1.980   0.875  -2.934   0.164   0.992  -2.977
  -3.687   1.129   0.275  -2.929   1.003   1.029  -3.196   0.429   1.862  -2.634
   2.045   1.315  -1.688   0.324   0.528  -1.719  -0.418  -0.446  -0.586   0.610
   1.258  -0.652   1.392   1.898   0.746   0.008   1.080   1.515   0.586   1.734
   0.619  -1.430   1.591   1.653  -1.803   1.572   0.100  -2.075   0.875   0.146
  -1.486   2.530   1.323   0.142  -0.383   2.051  -0.740  -0.862   0.986   1.233
  -1.080   0.358   1.903  -0.582   1.213   1.440  -2.537   1.333   2.518  -2.820
   2.011   0.845  -2.906   0.340   1.075  -3.058
  -3.652   1.096   0.208  -2.869   1.130   1.001  -3.363   0.487   1.769  -2.713
   2.166   1.351  -1.662   0.436   0.522  -1.729  -0.344  -0.456  -0.580   0.630
   1.238  -0.666   1.336   1.960   0.727  -0.045   1.020   1.407   0.422   1.718
   0.735  -1.434   1.635   1.750  -1.777   1.828   0.160  -2.151   1.051   0.262
  -1.342   2.600   1.357   0.121  -0.422   2.144  -0.729  -0.895   1.029   1.237
  -1.128   0.312   1.816  -0.666   1.237   1.457  -2.542   1.449   2.547  -2.756
   2.064   0.855  -2.855   0.334   1.154  -3.058
  -3.677   1.101   0.229  -2.891   1.163   1.055  -3.187   0.537   1.880  -2.567
   2.151   1.374  -1.641   0.439   0.547  -1.719  -0.346  -0.399  -0.484   0.679
   1.194  -0.560   1.322   1.976   0.760  -0.028   0.950   1.522   0.459   1.563
   0.613  -1.463   1.568   1.602  -1.948   1.595  -0.082  -2.016   1.015   0.278
  -1.434   2.608   1.353   0.124  -0.476   2.093  -0.780  -0.906   1.015   1.216
  -1.171   0.361   1.853  -0.754   1.383   1.498  -2.509   1.678   2.610  -2.533
   2.262   0.982  -2.905   0.501   1.360  -3.187
  -3.471   1.362   0.088  -2.876   1.163   0.987  -3.492   0.546   1.655  -2.662
   2.149   1.418  -1.655   0.370   0.531  -1.710  -0.385  -0.439  -0.522   0.598
   1.237  -0.563   1.349   1.922   0.720  -0.068   1.007   1.491   0.321   1.712
   0.496  -1.537   1.518   1.449  -1.994   1.722  -0.024  -2.077   0.745  -0.041
  -1.459   2.447   1.319   0.168  -0.437   2.130  -0.679  -0.865   0.980   1.259
  -1.168   0.306   1.888  -0.745   1.385   1.479  -2.552   1.873   2.428  -2.662
   2.020   0.648  -2.799   0.518   1.448  -3.198
  -3.361   1.507  -0.020  -2.822   1.195   0.890  -3.504   0.559   1.446  -2.576
   2.046   1.521  -1.613   0.398   0.525  -1.776  -0.437  -0.361  -0.516   0.644
   1.248  -0.593   1.330   1.979   0.736  -0.045   1.033   1.509   0.367   1.637
   0.577  -1.520   1.473   1.576  -1.998   1.519  -0.040  -1.982   0.688   0.062
  -1.609   2.465   1.308   0.170  -0.410   1.940  -0.734  -0.914   0.998   1.291
  -1.097   0.544   2.013  -0.581   1.225   1.532  -2.532   2.019   2.259  -2.684
   1.524   0.612  -3.035   0.282   1.838  -3.023
  -3.294   1.661   0.036  -2.844   1.330   0.917  -3.501   0.759   1.561  -2.603
   2.223   1.487  -1.662   0.468   0.540  -1.815  -0.381  -0.363  -0.532   0.641
   1.211  -0.533   1.337   1.992   0.723  -0.073   0.980   1.502   0.405   1.604
   0.601  -1.540   1.470   1.548  -2.065   1.478  -0.073  -2.119   0.818   0.196
  -1.590   2.494   1.201   0.122  -0.456   1.829  -0.765  -0.984   0.981   1.275
  -1.059   0.353   1.891  -0.577   1.253   1.548  -2.503   1.986   2.350  -2.595
   1.648   0.722  -3.094   0.225   1.791  -2.927
  -3.253   1.637  -0.118  -2.832   1.414   0.882  -3.558   0.870   1.514  -2.476
   2.309   1.348  -1.714   0.426   0.656  -1.836  -0.388  -0.241  -0.524   0.679
   1.276  -0.519   1.412   1.958   0.720  -0.040   0.950   1.424   0.458   1.597
   0.620  -1.520   1.422   1.602  -1.843   1.595   0.031  -2.089   0.742   0.025
  -1.624   2.340   1.248   0.189  -0.528   1.923  -0.715  -1.072   0.934   1.361
  -1.141   0.289   1.967  -0.626   1.142   1.708  -2.601   1.698   2.655  -2.676
   1.793   0.964  -3.036   0.230   1.841  -3.160
  -3.420   1.598  -0.032  -2.808   1.469   0.865  -3.460   0.972   1.612  -2.465
   2.422   1.250  -1.700   0.532   0.595  -1.925  -0.399  -0.206  -0.528   0.705
   1.207  -0.501   1.390   1.961   0.690  -0.020   0.915   1.464   0.501   1.540
   0.645  -1.471   1.347   1.622  -1.925   1.309  -0.013  -2.031   0.650   0.209
  -1.555   2.366   1.273   0.224  -0.525   1.970  -0.683  -1.043   0.919   1.370
  -1.104   0.440   2.050  -0.484   1.253   1.669  -2.530   1.817   2.608  -2.619
   1.787   0.825  -3.021   0.340   1.826  -3.065
  -3.560   1.653   0.101  -2.797   1.562   0.892  -3.373   1.236   1.806  -2.460
   2.589   1.167  -1.718   0.560   0.595  -2.005  -0.354  -0.189  -0.550   0.635
   1.249  -0.414   1.264   2.032   0.714  -0.080   0.921   1.482   0.363   1.583
   0.520  -1.557   1.363   1.431  -2.070   1.579   0.168  -2.114   0.502  -0.095
  -1.568   2.223   1.272   0.205  -0.541   1.982  -0.660  -1.133   0.986   1.362
  -1.071   0.485   1.957  -0.409   1.237   1.686  -2.520   1.929   2.567  -2.552
   1.771   0.915  -3.082   0.323   1.956  -3.050
  -3.341   1.748  -0.023  -2.804   1.609   0.911  -3.383   1.248   1.757  -2.413
   2.572   1.218  -1.726   0.593   0.594  -1.967  -0.314  -0.218  -0.526   0.703
   1.218  -0.476   1.416   2.005   0.693  -0.075   0.909   1.482   0.245   1.568
   0.511  -1.560   1.391   1.439  -2.054   1.642   0.025  -2.099   0.510  -0.133
  -1.575   2.251   1.234   0.164  -0.526   1.894  -0.685  -1.057   0.996   1.310
  -1.123   0.448   1.933  -0.591   1.275   1.770  -2.438   1.776   2.753  -2.472
   1.807   1.041  -3.008   0.287   2.052  -2.951
  -3.561   1.523   0.089  -2.828   1.544   0.913  -3.283   1.191   1.854  -2.364
   2.517   1.089  -1.746   0.559   0.585  -1.934  -0.371  -0.254  -0.604   0.718
   1.206  -0.589   1.327   2.012   0.619  -0.055   0.909   1.424   0.332   1.510
   0.435  -1.521   1.377   1.457  -1.847   1.600   0.085  -2.130   0.571  -0.196
  -1.568   2.234   1.220   0.201  -0.497   1.985  -0.630  -0.977   1.025   1.377
  -1.155   0.603   2.098  -0.612   1.304   1.745  -2.565   1.778   2.764  -2.529
   1.956   0.946  -2.914   0.354   1.794  -3.163
  -3.514   1.528  -0.073  -2.861   1.529   0.809  -3.414   1.191   1.720  -2.450
   2.468   0.992  -1.808   0.437   0.624  -1.934  -0.488  -0.219  -0.620   0.698
   1.208  -0.600   1.517   1.771   0.653  -0.022   0.925   1.447   0.419   1.547
   0.557  -1.537   1.356   1.501  -2.071   1.446  -0.071  -2.051   0.632   0.076
  -1.550   2.367   1.286   0.228  -0.512   1.972  -0.636  -1.027   0.989   1.378
  -1.174   0.536   2.078  -0.613   1.292   1.654  -2.550   1.713   2.610  -2.581
   1.963   0.875  -2.914   0.450   1.745  -3.195
  -3.584   1.465   0.029  -2.971   1.365   0.883  -3.498   0.974   1.707  -2.603
   2.330   1.253  -1.823   0.456   0.551  -1.978  -0.502  -0.178  -0.684   0.671
   1.222  -0.688   1.380   1.946   0.616  -0.045   0.956   1.363   0.423   1.574
   0.595  -1.469   1.413   1.661  -1.821   1.486  -0.014  -2.077   0.686   0.237
  -1.424   2.412   1.229   0.174  -0.475   1.981  -0.660  -1.013   0.956   1.357
  -1.028   0.321   1.967  -0.473   1.292   1.728  -2.452   1.929   2.605  -2.363
   1.808   0.927  -2.909   0.391   1.958  -3.010
  -3.721   1.365   0.103  -2.998   1.266   0.908  -3.430   0.772   1.789  -2.702
   2.234   1.210  -1.812   0.375   0.560  -1.986  -0.539  -0.229  -0.676   0.677
   1.178  -0.765   1.367   1.887   0.634   0.064   0.910   1.367   0.471   1.632
   0.595  -1.458   1.328   1.656  -1.804   1.451   0.007  -2.089   0.621   0.120
  -1.569   2.295   1.281   0.243  -0.476   1.975  -0.663  -1.009   0.938   1.367
  -1.121   0.317   1.961  -0.564   1.303   1.720  -2.534   2.073   2.463  -2.493
   1.696   0.849  -3.043   0.392   2.016  -3.063
  -3.811   1.262   0.062  -3.066   1.271   0.900  -3.584   0.773   1.673  -2.666
   2.276   1.240  -1.844   0.393   0.584  -1.952  -0.557  -0.227  -0.641   0.617
   1.175  -0.710   1.279   1.968   0.676   0.010   0.936   1.372   0.517   1.590
   0.587  -1.450   1.358   1.539  -1.993   1.436   0.101  -1.940   0.494  -0.024
  -1.563   2.292   1.225   0.260  -0.468   1.982  -0.625  -0.935   0.928   1.417
  -1.119   0.365   2.134  -0.658   1.344   1.614  -2.513   2.067   2.397  -2.576
   1.815   0.698  -2.918   0.461   1.892  -3.121
  -3.433   1.557   0.027  -2.964   1.170   0.893  -3.579   0.547   1.505  -2.685
   1.988   1.609  -1.678   0.401   0.556  -1.792  -0.455  -0.275  -0.576   0.656
   1.250  -0.511   1.497   1.771   0.718   0.005   1.019   1.379   0.526   1.675
   0.728  -1.505   1.333   1.749  -1.770   1.485   0.268  -2.087   0.532   0.070
  -1.760   2.173   1.279   0.210  -0.443   1.931  -0.681  -0.994   0.927   1.330
  -1.091   0.413   2.008  -0.512   1.308   1.574  -2.470   1.997   2.445  -2.521
   1.736   0.723  -2.995   0.399   1.817  -2.955
  -3.433   1.531  -0.092  -2.858   1.224   0.852  -3.471   0.698   1.592  -2.463
   2.160   1.323  -1.720   0.346   0.515  -1.790  -0.528  -0.344  -0.620   0.621
   1.183  -0.725   1.408   1.774   0.647  -0.009   0.944   1.336   0.595   1.592
   0.660  -1.486   1.467   1.665  -1.825   1.683   0.335  -2.171   0.633   0.040
  -1.527   2.353   1.248   0.220  -0.509   1.974  -0.691  -0.983   0.990   1.380
  -1.081   0.408   2.069  -0.615   1.219   1.688  -2.490   1.824   2.624  -2.614
   1.750   0.831  -2.792   0.347   1.771  -3.106
  -3.646   1.344   0.158  -2.891   1.231   0.936  -3.495   0.912   1.774  -2.498
   2.269   1.284  -1.752   0.390   0.462  -1.895  -0.510  -0.373  -0.598   0.629
   1.127  -0.747   1.233   1.930   0.718  -0.052   0.924   1.398   0.465   1.587
   0.615  -1.540   1.392   1.657  -1.900   1.515   0.042  -2.096   0.609   0.165
  -1.555   2.377   1.243   0.162  -0.527   1.937  -0.679  -1.026   1.033   1.427
  -1.086   0.443   2.046  -0.516   1.083   1.769  -2.505   1.659   2.712  -2.558
   1.549   0.897  -3.031   0.081   2.005  -2.887
  -3.534   1.409   0.043  -2.911   1.330   0.916  -3.540   0.939   1.742  -2.469
   2.306   1.080  -1.806   0.372   0.551  -1.974  -0.481  -0.324  -0.623   0.651
   1.119  -0.665   1.357   1.776   0.705   0.017   0.870   1.360   0.562   1.467
   0.777  -1.412   1.444   1.760  -1.851   1.441   0.184  -2.059   0.728   0.314
  -1.428   2.455   1.191   0.207  -0.569   1.823  -0.682  -1.128   0.925   1.384
  -1.135   0.486   1.974  -0.508   1.090   1.789  -2.530   1.655   2.736  -2.512
   1.555   1.027  -3.120   0.172   2.104  -3.067
  -3.626   1.497   0.074  -2.979   1.312   0.906  -3.524   0.912   1.771  -2.588
   2.258   1.269  -1.809   0.435   0.522  -1.953  -0.517  -0.233  -0.634   0.616
   1.110  -0.616   1.145   1.941   0.661   0.023   0.867   1.403   0.665   1.418
   0.808  -1.475   1.412   1.795  -1.810   1.174   0.127  -2.090   0.904   0.740
  -1.389   2.521   1.183   0.199  -0.534   1.939  -0.648  -1.087   0.798   1.333
  -1.138   0.332   1.978  -0.514   1.163   1.677  -2.444   1.912   2.489  -2.522
   1.557   0.842  -3.011   0.258   1.933  -2.937
  -3.597   1.571   0.063  -2.930   1.361   0.945  -3.415   1.002   1.841  -2.539
   2.406   1.182  -1.805   0.388   0.573  -2.074  -0.515  -0.194  -0.663   0.546
   1.211  -0.664   1.256   1.902   0.698  -0.072   0.878   1.329   0.578   1.490
   0.863  -1.462   1.486   1.884  -1.773   1.397   0.175  -2.070   0.965   0.626
  -1.469   2.587   1.259   0.186  -0.545   1.970  -0.677  -1.061   0.881   1.277
  -1.125   0.402   1.907  -0.535   1.278   1.729  -2.468   2.169   2.383  -2.392
   1.550   0.836  -2.970   0.499   2.275  -2.976
  -3.713   1.189   0.088  -2.954   1.347   0.910  -3.414   1.157   1.828  -2.549
   2.338   1.013  -1.835   0.349   0.655  -1.996  -0.483  -0.251  -0.685   0.512
   1.275  -0.620   1.251   1.922   0.627  -0.067   0.900   1.365   0.532   1.460
   0.865  -1.490   1.504   1.977  -1.750   1.477   0.388  -2.325   1.016   0.495
  -1.465   2.534   1.128   0.180  -0.549   1.899  -0.634  -1.107   0.819   1.303
  -1.169   0.214   1.881  -0.681   1.229   1.747  -2.511   2.057   2.472  -2.405
   1.655   0.862  -3.042   0.445   2.220  -3.076
  -3.677   1.260   0.215  -2.942   1.299   1.006  -3.291   0.874   1.885  -2.632
   2.393   1.105  -1.760   0.370   0.571  -1.922  -0.466  -0.279  -0.660   0.485
   1.293  -0.798   0.988   2.185   0.672  -0.027   0.958   1.429   0.604   1.478
   0.946  -1.447   1.508   2.005  -1.684   1.536   0.479  -2.111   0.779   0.574
  -1.459   2.511   1.113   0.115  -0.549   1.734  -0.810  -1.074   0.784   1.279
  -1.147   0.251   2.029  -0.676   1.386   1.631  -2.419   2.134   2.393  -2.227
   1.799   0.801  -2.954   0.608   2.108  -3.066
  -3.670   1.472   0.285  -2.919   1.335   1.050  -3.429   0.959   1.957  -2.563
   2.267   1.232  -1.818   0.410   0.596  -2.063  -0.413  -0.295  -0.651   0.550
   1.292  -0.679   1.300   1.982   0.694  -0.058   0.927   1.396   0.601   1.511
   0.886  -1.450   1.549   1.996  -1.655   1.588   0.393  -2.278   1.036   0.471
  -1.504   2.567   1.166   0.083  -0.532   1.837  -0.819  -1.108   0.840   1.196
  -1.132   0.402   1.910  -0.576   1.318   1.572  -2.435   1.924   2.500  -2.486
   2.072   0.912  -2.770   0.538   1.531  -3.198
  -3.715   1.183   0.337  -2.900   1.312   1.033  -3.247   1.052   2.046  -2.561
   2.388   1.037  -1.857   0.291   0.602  -2.070  -0.471  -0.327  -0.659   0.502
   1.164  -0.705   1.144   2.002   0.672  -0.081   0.870   1.359   0.514   1.510
   0.754  -1.527   1.425   1.775  -1.838   1.234   0.090  -2.255   0.960   0.483
  -1.562   2.482   1.093   0.129  -0.551   1.774  -0.689  -1.089   0.887   1.359
  -1.103   0.277   2.042  -0.637   1.339   1.673  -2.503   1.522   2.699  -2.543
   2.169   0.997  -2.691   0.527   1.442  -3.194
  -3.810   1.212   0.391  -2.929   1.273   1.044  -3.166   1.182   2.070  -2.582
   2.254   0.937  -1.857   0.299   0.566  -2.013  -0.460  -0.392  -0.688   0.494
   1.163  -0.664   1.331   1.743   0.639  -0.093   0.768   1.407   0.508   1.261
   0.819  -1.518   1.346   1.822  -1.977   1.321   0.215  -2.241   0.777   0.597
  -1.483   2.429   1.060   0.095  -0.663   1.757  -0.784  -1.278   0.916   1.355
  -1.120   0.494   2.039  -0.542   1.371   1.769  -2.427   1.319   2.844  -2.601
   2.396   1.407  -2.515   0.750   1.325  -3.223
  -3.855   0.869   0.464  -2.988   1.251   0.961  -3.090   1.054   2.051  -2.750
   2.321   0.807  -1.816   0.352   0.522  -2.017  -0.455  -0.343  -0.663   0.550
   1.119  -0.731   1.015   1.973   0.646   0.000   0.784   1.316   0.630   1.389
   0.800  -1.429   1.268   1.826  -1.709   1.102   0.172  -2.085   0.668   0.396
  -1.468   2.306   0.971   0.109  -0.713   1.693  -0.716  -1.297   0.934   1.423
  -1.089   0.378   2.038  -0.475   1.329   1.893  -2.413   1.503   2.981  -2.356
   2.279   1.408  -2.782   0.479   1.861  -3.096
  -3.932   0.988   0.291  -2.993   1.256   0.865  -3.260   1.164   1.897  -2.710
   2.325   0.609  -1.758   0.406   0.548  -1.863  -0.492  -0.360  -0.607   0.577
   1.163  -0.586   1.218   1.924   0.631  -0.086   0.790   1.435   0.506   1.241
   0.746  -1.465   1.278   1.703  -1.928   1.073  -0.084  -2.108   0.918   0.669
  -1.460   2.301   1.090   0.065  -0.674   1.546  -0.860  -1.352   0.963   1.360
  -1.139   0.696   1.989  -0.411   1.264   1.898  -2.452   1.400   3.021  -2.366
   2.149   1.590  -2.925   0.381   1.758  -3.095
  -3.851   0.852   0.106  -2.982   1.186   0.783  -3.233   1.105   1.824  -2.851
   2.291   0.500  -1.772   0.345   0.475  -1.813  -0.476  -0.394  -0.602   0.568
   1.139  -0.506   1.289   1.854   0.659  -0.077   0.800   1.463   0.374   1.412
   0.794  -1.568   1.332   1.731  -1.991   1.111   0.038  -2.171   0.849   0.811
  -1.680   2.417   1.167   0.143  -0.612   1.554  -0.791  -1.283   0.959   1.361
  -1.136   0.482   1.995  -0.511   1.236   1.878  -2.454   1.371   2.995  -2.494
   2.129   1.375  -2.795   0.512   1.564  -3.228
  -3.849   0.957   0.285  -2.859   1.290   0.756  -3.049   1.281   1.813  -2.705
   2.366   0.468  -1.740   0.266   0.457  -1.835  -0.490  -0.527  -0.599   0.453
   1.137  -0.613   1.171   1.847   0.753  -0.167   0.858   1.479   0.344   1.514
   0.892  -1.673   1.297   1.761  -2.115   0.955   0.086  -2.321   0.997   0.936
  -1.772   2.424   1.136   0.092  -0.628   1.631  -0.886  -1.282   0.989   1.344
  -1.138   0.690   2.043  -0.466   1.202   1.720  -2.500   1.216   2.821  -2.570
   2.185   1.465  -2.855   0.422   1.470  -3.205
  -3.679   1.137   0.013  -2.827   1.288   0.712  -3.080   1.194   1.742  -2.490
   2.303   0.391  -1.731   0.273   0.441  -1.813  -0.591  -0.501  -0.611   0.468
   1.136  -0.719   1.105   1.841   0.677  -0.105   0.882   1.440   0.522   1.458
   0.744  -1.582   1.378   1.758  -1.849   1.096  -0.083  -2.229   1.069   0.628
  -1.549   2.445   1.118   0.048  -0.605   1.539  -0.880  -1.292   1.096   1.334
  -1.097   0.561   1.952  -0.465   1.274   1.716  -2.477   1.044   2.824  -2.491
   2.290   1.495  -2.852   0.539   1.308  -3.109
  -3.613   1.183   0.010  -2.758   1.265   0.686  -3.101   1.190   1.711  -2.295
   2.245   0.552  -1.699   0.249   0.480  -1.732  -0.513  -0.466  -0.579   0.396
   1.179  -0.594   1.050   1.972   0.708  -0.149   0.828   1.418   0.359   1.514
   0.738  -1.597   1.383   1.691  -2.037   1.223  -0.052  -2.228   0.872   0.524
  -1.564   2.430   1.116   0.026  -0.673   1.559  -0.921  -1.331   1.062   1.301
  -1.086   0.643   1.966  -0.456   1.177   1.677  -2.515   0.779   2.649  -2.752
   2.225   1.638  -2.877   0.654   1.050  -3.221
  -3.569   1.078  -0.034  -2.764   1.191   0.723  -3.069   0.855   1.683  -2.342
   2.212   0.692  -1.634   0.284   0.410  -1.695  -0.532  -0.528  -0.614   0.423
   1.146  -0.729   0.987   1.998   0.713  -0.201   0.914   1.358   0.454   1.501
   0.776  -1.606   1.494   1.813  -1.807   1.565   0.310  -2.339   0.900   0.254
  -1.608   2.440   1.138   0.016  -0.561   1.536  -0.946  -1.243   1.073   1.282
  -1.053   0.785   2.021  -0.496   1.236   1.685  -2.441   0.741   2.592  -2.571
   2.265   1.859  -2.575   0.910   0.908  -3.095
  -3.474   1.281  -0.059  -2.714   1.358   0.701  -3.051   1.112   1.694  -2.412
   2.375   0.709  -1.643   0.344   0.351  -1.763  -0.522  -0.523  -0.587   0.410
   1.175  -0.650   1.030   1.958   0.724  -0.144   0.893   1.500   0.409   1.471
   0.721  -1.570   1.498   1.705  -1.901   1.566   0.082  -2.318   1.010   0.298
  -1.509   2.511   1.253   0.038  -0.561   1.722  -0.869  -1.157   1.074   1.222
  -1.100   0.868   1.946  -0.408   1.285   1.613  -2.483   1.038   2.623  -2.744
   2.362   1.517  -2.807   0.719   0.929  -3.146
  -3.304   1.510  -0.339  -2.758   1.357   0.606  -3.358   0.924   1.444  -2.225
   2.328   0.809  -1.662   0.430   0.344  -1.695  -0.438  -0.548  -0.621   0.536
   1.207  -0.780   1.241   1.996   0.695  -0.084   0.967   1.381   0.511   1.588
   0.826  -1.543   1.456   1.786  -1.997   1.580   0.207  -2.210   0.881   0.266
  -1.500   2.432   1.196   0.096  -0.543   1.706  -0.799  -1.168   1.005   1.273
  -1.169   0.710   2.081  -0.644   1.270   1.585  -2.568   0.956   2.659  -2.823
   2.338   1.540  -2.857   0.805   0.941  -3.336
  -3.473   1.285  -0.523  -2.846   1.388   0.361  -3.400   0.973   1.194  -2.480
   2.301   0.531  -1.728   0.419   0.282  -1.772  -0.495  -0.518  -0.685   0.593
   1.142  -0.647   1.222   1.908   0.588  -0.072   0.893   1.255   0.548   1.439
   0.643  -1.460   1.478   1.708  -1.700   1.518   0.070  -2.205   0.870   0.223
  -1.514   2.424   1.172   0.037  -0.534   1.749  -0.884  -1.086   0.982   1.188
  -1.179   0.619   1.903  -0.580   1.376   1.475  -2.586   1.058   2.457  -2.789
   2.432   1.333  -2.665   0.927   0.793  -3.246
  -3.401   1.462  -0.461  -2.879   1.340   0.509  -3.624   0.930   1.178  -2.536
   2.364   0.841  -1.703   0.402   0.256  -1.894  -0.571  -0.482  -0.621   0.685
   1.021  -0.766   1.380   1.769   0.718   0.009   0.953   1.478   0.544   1.511
   0.670  -1.434   1.568   1.627  -1.977   1.547  -0.072  -2.075   0.951   0.329
  -1.429   2.580   1.194   0.021  -0.551   1.778  -0.885  -1.050   0.982   1.163
  -1.191   0.576   1.914  -0.641   1.394   1.389  -2.569   1.140   2.449  -2.910
   2.428   1.164  -2.632   0.836   0.682  -3.190
  -3.413   1.340  -0.518  -2.866   1.291   0.418  -3.579   0.841   1.182  -2.531
   2.247   0.743  -1.699   0.310   0.330  -1.806  -0.612  -0.470  -0.623   0.650
   1.009  -0.625   1.461   1.656   0.699   0.020   0.888   1.410   0.663   1.364
   0.660  -1.298   1.628   1.688  -1.685   1.834  -0.060  -2.006   1.087   0.298
  -1.222   2.661   1.161  -0.012  -0.579   1.752  -0.899  -1.179   0.985   1.132
  -1.196   0.372   1.825  -0.798   1.371   1.480  -2.599   1.014   2.458  -2.896
   2.425   1.411  -2.736   0.780   0.788  -3.220
  -3.486   1.062  -0.505  -2.940   1.156   0.463  -3.450   0.746   1.352  -2.694
   2.231   0.709  -1.634   0.420   0.253  -1.654  -0.463  -0.541  -0.611   0.730
   0.963  -0.645   1.478   1.616   0.660   0.042   0.849   1.354   0.696   1.453
   0.619  -1.286   1.657   1.602  -1.723   1.867   0.067  -2.013   1.060   0.120
  -1.127   2.630   1.197   0.016  -0.627   1.669  -0.992  -1.184   0.983   1.158
  -1.246   0.569   1.860  -0.725   1.268   1.421  -2.737   1.311   2.550  -2.898
   2.160   0.917  -3.121   0.419   1.149  -3.377
  -3.728   0.920  -0.319  -2.987   1.202   0.433  -3.534   0.891   1.411  -2.873
   2.293   0.538  -1.664   0.478   0.242  -1.683  -0.499  -0.507  -0.581   0.828
   1.004  -0.690   1.528   1.729   0.643   0.096   0.888   1.308   0.723   1.402
   0.475  -1.226   1.586   1.479  -1.678   1.583  -0.328  -1.781   1.078   0.089
  -0.989   2.547   1.113   0.016  -0.630   1.626  -1.039  -1.082   0.934   1.147
  -1.319   0.512   1.896  -0.822   1.345   1.481  -2.669   1.703   2.547  -2.711
   2.038   0.688  -2.947   0.461   1.271  -3.309
  -3.616   1.138  -0.411  -2.994   1.288   0.401  -3.421   1.046   1.383  -2.768
   2.365   0.384  -1.722   0.536   0.197  -1.676  -0.402  -0.567  -0.697   0.815
   0.984  -0.778   1.545   1.672   0.607   0.100   0.877   1.255   0.734   1.521
   0.442  -1.275   1.615   1.490  -1.610   1.771  -0.016  -1.971   1.060  -0.091
  -1.102   2.618   1.102   0.038  -0.576   1.738  -0.998  -1.002   0.767   1.147
  -1.386   0.042   1.752  -0.986   1.321   1.375  -2.739   1.493   2.427  -2.890
   2.282   0.802  -2.872   0.538   1.131  -3.526
  -3.467   1.320  -0.565  -2.937   1.309   0.373  -3.486   0.932   1.195  -2.715
   2.347   0.616  -1.715   0.495   0.216  -1.711  -0.358  -0.666  -0.698   0.808
   1.023  -0.854   1.566   1.734   0.565   0.071   0.887   1.254   0.639   1.551
   0.397  -1.329   1.443   1.394  -1.848   1.507  -0.297  -1.928   0.824  -0.012
  -1.229   2.400   1.106   0.009  -0.582   1.799  -0.865  -1.075   0.783   1.063
  -1.358   0.228   1.838  -0.985   1.385   1.279  -2.640   1.618   2.353  -2.668
   2.281   0.682  -2.831   0.635   1.184  -3.518
  -3.531   1.756  -0.389  -2.968   1.350   0.467  -3.653   0.796   1.118  -2.721
   2.152   1.177  -1.671   0.621   0.164  -1.778  -0.218  -0.736  -0.632   0.812
   0.945  -0.665   1.543   1.675   0.616   0.014   0.849   1.275   0.560   1.429
   0.469  -1.343   1.574   1.247  -2.055   1.220  -0.519  -1.686   1.229   0.591
  -1.208   2.630   1.198   0.033  -0.574   1.859  -0.882  -1.035   0.773   1.033
  -1.318   0.185   1.774  -0.902   1.273   1.329  -2.722   1.642   2.327  -2.758
   2.037   0.582  -3.067   0.453   1.312  -3.427
  -3.432   1.814  -0.382  -2.909   1.476   0.492  -3.487   0.803   1.064  -2.779
   2.247   1.279  -1.665   0.655   0.218  -1.773  -0.201  -0.681  -0.625   0.927
   0.975  -0.563   1.808   1.505   0.632   0.088   0.948   1.388   0.616   1.520
   0.457  -1.367   1.569   1.431  -1.789   1.615  -0.283  -2.019   1.028   0.002
  -1.327   2.578   1.125   0.104  -0.538   1.842  -0.852  -0.884   0.794   1.128
  -1.309   0.244   1.901  -0.897   1.364   1.474  -2.650   1.449   2.545  -2.692
   2.316   1.123  -2.892   0.592   1.153  -3.427
  -3.383   1.647  -0.218  -2.974   1.460   0.692  -3.553   0.749   1.289  -2.836
   2.417   1.129  -1.724   0.659   0.346  -1.804  -0.158  -0.604  -0.674   0.890
   1.030  -0.624   1.725   1.563   0.553   0.117   0.895   1.266   0.789   1.468
   0.383  -1.266   1.525   1.396  -1.777   1.619  -0.131  -1.931   0.874   0.051
  -1.216   2.527   1.163   0.125  -0.521   1.786  -0.828  -1.043   0.919   1.219
  -1.249   0.296   1.945  -0.821   1.368   1.541  -2.549   1.293   2.657  -2.590
   2.378   1.252  -2.712   0.873   1.031  -3.373
