default_name                                                                    
   22  0.2000000E+02
  -3.9920868   0.9782518   0.2038395  -3.2210524   1.2844407   0.8978207
  -3.3643105   1.3265378   1.9745915  -2.8570632   2.2628610   0.5110527
  -2.1080408   0.2987157   0.7596844  -2.2434741  -0.8004938   0.1783681
  -0.9391813   0.6368680   1.3019144  -0.8810751   1.4833526   1.8235589
   0.3442758  -0.1307713   1.3894809   0.9623900   0.6490498   1.8172791
   0.2918698  -1.3500445   2.4240768   1.1958680  -1.8723371   2.3374156
  -0.6207237  -1.9115325   2.2137437   0.2916630  -0.9510446   3.4692614
   1.0668048  -0.5017797   0.0530347   2.1706667  -1.1468497   0.0467004
   0.3808874  -0.2896386  -1.0652710  -0.5388601   0.0801105  -0.9241013
   0.7568495  -0.8761734  -2.3929716   1.6603131  -0.4118632  -2.8220168
   0.9696992  -1.9584327  -2.2479410  -0.0983546  -0.7588717  -3.0542087
   0.8630724  -0.9210677   0.1335254  -0.3997580   0.0363331   0.1219429
  -1.2071306   0.8749121  -1.1463538  -0.1269936   0.1558001   0.5583939
   0.1192835   0.2409201  -0.1132151   0.0190043  -0.1126071   0.0937684
  -0.2811871  -0.2303703   0.1399821   0.3997522  -1.4192676   0.1904788
  -0.3756705  -0.2758858   0.2190660   1.5686462   0.2036305  -0.0757879
   0.1967443  -0.3658264  -0.0357914   0.3742869  -0.7327692   0.9511686
   0.5611035   0.5949956   0.0247262  -0.6874983   1.0134911   0.4603711
   0.1102281   0.1259790  -0.2728006  -0.0707519   0.2542156   0.6267641
  -0.0853513  -0.1180042   0.2449403  -0.3345757   1.0169700   0.1669627
  -0.4067346  -0.3565344  -0.0806764  -0.3033755  -0.6993056  -0.7381383
  -0.8251096   1.0636990  -0.1816196  -0.5432015   0.7438055   0.0826250
