default_name                                                                    
  -3.530   1.517   1.041  -3.068   0.536   0.997  -3.420  -0.008   0.113  -3.334
  -0.034   1.891  -1.562   0.685   0.935  -1.058   1.809   0.950  -0.859  -0.441
   0.858  -1.365  -1.316   0.876   0.612  -0.506   0.836   0.996   0.262   1.513
   1.035  -1.869   1.416   2.119  -1.920   1.501   0.684  -2.673   0.763   0.602
  -2.001   2.409   1.240  -0.253  -0.557   2.464  -0.176  -0.677   0.422  -0.138
  -1.615  -0.568  -0.221  -1.443   0.856   0.095  -2.992   1.421   1.029  -3.063
   1.477  -0.737  -3.321  -0.016   0.156  -3.638
  -3.519   1.514   1.046  -3.060   0.522   1.012  -3.437  -0.019   0.143  -3.313
   0.002   1.916  -1.563   0.684   0.920  -1.045   1.796   0.952  -0.849  -0.444
   0.868  -1.364  -1.306   0.887   0.610  -0.506   0.838   1.019   0.248   1.510
   1.027  -1.881   1.385   2.119  -1.934   1.462   0.673  -2.693   0.730   0.581
  -2.040   2.373   1.237  -0.232  -0.548   2.465  -0.147  -0.667   0.416  -0.117
  -1.605  -0.564  -0.229  -1.457   0.855   0.117  -2.983   1.433   1.039  -3.054
   1.468  -0.714  -3.313  -0.026   0.203  -3.637
  -3.521   1.514   0.995  -3.062   0.536   1.024  -3.414  -0.025   0.160  -3.332
   0.025   1.952  -1.553   0.688   0.943  -1.056   1.815   0.939  -0.845  -0.442
   0.861  -1.343  -1.315   0.866   0.621  -0.523   0.838   0.969   0.228   1.544
   1.013  -1.888   1.398   2.112  -1.970   1.438   0.632  -2.656   0.738   0.603
  -1.998   2.408   1.242  -0.243  -0.540   2.462  -0.144  -0.657   0.423  -0.110
  -1.606  -0.564  -0.168  -1.460   0.861   0.127  -2.981   1.452   1.041  -3.027
   1.492  -0.703  -3.315   0.010   0.235  -3.654
  -3.556   1.530   1.060  -3.056   0.550   1.041  -3.393   0.000   0.162  -3.322
  -0.021   1.914  -1.556   0.693   0.943  -1.055   1.814   0.939  -0.868  -0.448
   0.869  -1.370  -1.322   0.889   0.601  -0.506   0.841   1.029   0.243   1.508
   1.011  -1.883   1.373   2.090  -1.942   1.449   0.683  -2.677   0.689   0.598
  -2.032   2.377   1.235  -0.244  -0.545   2.467  -0.165  -0.676   0.415  -0.136
  -1.608  -0.578  -0.139  -1.405   0.861   0.138  -2.967   1.463   1.058  -2.994
   1.490  -0.704  -3.306  -0.005   0.236  -3.633
  -3.512   1.617   1.072  -3.062   0.601   1.068  -3.431   0.055   0.210  -3.330
   0.072   1.974  -1.564   0.712   0.966  -1.056   1.826   0.949  -0.865  -0.433
   0.896  -1.388  -1.305   0.888   0.596  -0.527   0.831   1.010   0.224   1.499
   1.008  -1.891   1.376   2.093  -1.972   1.459   0.669  -2.686   0.706   0.579
  -2.059   2.362   1.226  -0.239  -0.537   2.457  -0.134  -0.646   0.414  -0.073
  -1.597  -0.562  -0.205  -1.447   0.881   0.152  -2.981   1.456   1.103  -3.020
   1.522  -0.683  -3.291   0.062   0.181  -3.699
  -3.501   1.567   1.069  -3.037   0.566   1.083  -3.392  -0.003   0.220  -3.294
   0.041   1.993  -1.557   0.714   0.946  -1.027   1.821   0.913  -0.877  -0.429
   0.910  -1.432  -1.262   0.976   0.595  -0.542   0.825   1.012   0.203   1.500
   1.025  -1.922   1.345   2.119  -1.972   1.368   0.637  -2.708   0.691   0.631
  -2.064   2.365   1.230  -0.235  -0.556   2.465  -0.144  -0.661   0.419  -0.069
  -1.607  -0.570  -0.118  -1.439   0.911   0.168  -2.970   1.384   1.131  -3.010
   1.628  -0.604  -3.268   0.067   0.167  -3.666
  -3.565   1.520   1.091  -3.064   0.563   1.056  -3.402   0.030   0.178  -3.304
  -0.033   1.947  -1.547   0.732   0.975  -1.061   1.856   0.894  -0.845  -0.399
   0.920  -1.389  -1.241   0.957   0.622  -0.525   0.834   1.051   0.207   1.523
   1.001  -1.933   1.344   2.105  -2.060   1.333   0.559  -2.693   0.685   0.676
  -2.088   2.383   1.231  -0.273  -0.572   2.463  -0.159  -0.680   0.415  -0.136
  -1.614  -0.581  -0.177  -1.414   0.861   0.200  -2.979   1.249   1.234  -2.985
   1.663  -0.471  -3.309   0.044   0.112  -3.682
  -3.500   1.557   1.077  -3.058   0.586   1.032  -3.422   0.077   0.144  -3.304
   0.046   1.943  -1.560   0.722   0.917  -1.040   1.834   0.938  -0.853  -0.414
   0.925  -1.362  -1.272   0.972   0.605  -0.507   0.835   1.031   0.207   1.524
   0.994  -1.912   1.368   2.080  -2.033   1.348   0.542  -2.659   0.732   0.702
  -2.002   2.413   1.214  -0.270  -0.563   2.450  -0.208  -0.696   0.386  -0.119
  -1.594  -0.602  -0.222  -1.446   0.838   0.237  -2.960   1.226   1.252  -2.972
   1.680  -0.412  -3.253   0.032   0.195  -3.711
  -3.519   1.548   1.003  -3.051   0.557   0.986  -3.395   0.022   0.110  -3.337
   0.031   1.891  -1.559   0.718   0.959  -1.031   1.838   0.937  -0.858  -0.430
   0.932  -1.381  -1.276   0.895   0.606  -0.527   0.858   1.045   0.199   1.547
   0.959  -1.927   1.418   2.043  -2.036   1.427   0.501  -2.702   0.781   0.588
  -2.025   2.428   1.224  -0.272  -0.539   2.451  -0.154  -0.671   0.431  -0.140
  -1.593  -0.582  -0.205  -1.436   0.859   0.261  -2.931   1.259   1.270  -2.906
   1.652  -0.418  -3.254   0.006   0.153  -3.627
  -3.445   1.561   1.085  -3.043   0.574   0.998  -3.382   0.119   0.071  -3.357
  -0.035   1.838  -1.541   0.714   0.966  -1.053   1.832   0.903  -0.866  -0.434
   0.980  -1.400  -1.280   0.995   0.609  -0.519   0.890   1.051   0.216   1.540
   0.954  -1.914   1.428   2.024  -2.093   1.390   0.477  -2.643   0.800   0.653
  -2.029   2.475   1.233  -0.286  -0.524   2.453  -0.199  -0.656   0.440  -0.126
  -1.603  -0.543  -0.282  -1.468   0.890   0.293  -2.956   1.294   1.292  -2.900
   1.701  -0.361  -3.278   0.090   0.325  -3.693
  -3.535   1.545   1.078  -3.063   0.589   0.964  -3.363   0.117   0.017  -3.349
  -0.070   1.786  -1.555   0.714   0.948  -1.034   1.832   0.908  -0.850  -0.435
   0.983  -1.389  -1.313   0.976   0.621  -0.541   0.903   1.029   0.195   1.606
   1.036  -1.927   1.426   2.121  -2.029   1.362   0.559  -2.691   0.871   0.690
  -2.017   2.443   1.234  -0.301  -0.520   2.462  -0.210  -0.637   0.417  -0.108
  -1.565  -0.577  -0.268  -1.477   0.885   0.302  -2.894   1.305   1.319  -2.827
   1.601  -0.391  -3.291   0.067   0.337  -3.594
  -3.511   1.559   1.104  -3.058   0.560   1.031  -3.396   0.044   0.104  -3.341
  -0.050   1.895  -1.540   0.693   0.945  -1.031   1.804   0.900  -0.832  -0.448
   0.956  -1.354  -1.309   1.030   0.642  -0.556   0.875   1.064   0.197   1.522
   1.034  -1.961   1.360   2.102  -2.089   1.349   0.615  -2.687   0.676   0.651
  -2.162   2.368   1.237  -0.249  -0.520   2.470  -0.214  -0.668   0.412  -0.051
  -1.544  -0.567  -0.096  -1.347   0.862   0.291  -2.919   1.200   1.326  -2.928
   1.664  -0.389  -3.248   0.036   0.208  -3.605
  -3.471   1.570   1.101  -3.063   0.556   1.006  -3.430   0.039   0.118  -3.355
  -0.054   1.915  -1.527   0.669   0.949  -0.976   1.768   0.853  -0.837  -0.456
   0.942  -1.355  -1.322   1.081   0.627  -0.548   0.861   1.062   0.128   1.588
   1.005  -1.986   1.324   2.066  -2.057   1.379   0.590  -2.744   0.682   0.659
  -2.119   2.351   1.248  -0.239  -0.519   2.493  -0.222  -0.640   0.437  -0.031
  -1.556  -0.547  -0.068  -1.379   0.818   0.309  -2.905   1.229   1.329  -2.964
   1.629  -0.381  -3.183  -0.007   0.165  -3.601
  -3.488   1.597   1.132  -3.071   0.586   1.039  -3.502   0.099   0.153  -3.327
   0.030   1.952  -1.550   0.675   0.945  -1.043   1.775   0.859  -0.871  -0.467
   0.967  -1.361  -1.335   1.100   0.625  -0.587   0.860   1.115   0.141   1.523
   1.051  -2.012   1.298   2.144  -2.063   1.331   0.586  -2.749   0.650   0.725
  -2.208   2.359   1.242  -0.272  -0.529   2.493  -0.267  -0.630   0.403  -0.014
  -1.551  -0.573  -0.040  -1.334   0.801   0.266  -2.946   1.134   1.296  -3.029
   1.612  -0.398  -3.251  -0.014   0.121  -3.656
  -3.518   1.597   1.133  -3.078   0.585   1.052  -3.499   0.127   0.159  -3.330
   0.055   1.962  -1.578   0.707   0.929  -1.058   1.811   0.828  -0.866  -0.445
   0.932  -1.351  -1.322   0.980   0.604  -0.589   0.858   1.057   0.107   1.553
   0.991  -1.984   1.358   2.061  -2.057   1.442   0.697  -2.723   0.643   0.543
  -2.248   2.326   1.244  -0.297  -0.524   2.486  -0.261  -0.637   0.387  -0.065
  -1.551  -0.613  -0.093  -1.373   0.840   0.278  -2.904   1.155   1.278  -2.925
   1.657  -0.360  -3.216   0.044   0.124  -3.644
  -3.559   1.512   1.067  -3.104   0.524   0.924  -3.498   0.090   0.018  -3.371
  -0.079   1.818  -1.607   0.684   0.910  -1.067   1.752   0.794  -0.881  -0.454
   0.909  -1.391  -1.338   1.034   0.600  -0.578   0.869   1.004   0.148   1.575
   0.976  -1.997   1.371   2.091  -2.090   1.467   0.758  -2.716   0.554   0.459
  -2.254   2.276   1.231  -0.267  -0.527   2.464  -0.232  -0.649   0.429  -0.088
  -1.588  -0.571  -0.206  -1.426   0.814   0.208  -2.961   0.971   1.283  -3.024
   1.743  -0.274  -3.252   0.025  -0.071  -3.649
  -3.548   1.499   1.084  -3.084   0.518   0.914  -3.473   0.101   0.013  -3.376
  -0.136   1.699  -1.556   0.650   0.891  -1.013   1.767   0.765  -0.875  -0.480
   0.948  -1.435  -1.324   0.935   0.605  -0.561   0.871   0.966   0.151   1.551
   0.978  -1.963   1.380   2.056  -1.985   1.633   0.789  -2.693   0.621   0.406
  -2.192   2.277   1.184  -0.272  -0.532   2.403  -0.197  -0.687   0.361  -0.083
  -1.582  -0.614  -0.300  -1.422   0.798   0.257  -2.961   1.016   1.310  -3.033
   1.697  -0.292  -3.200   0.037   0.001  -3.651
  -3.528   1.522   1.009  -3.076   0.541   0.884  -3.443   0.170  -0.061  -3.388
  -0.108   1.681  -1.561   0.639   0.836  -1.036   1.776   0.772  -0.876  -0.495
   0.883  -1.385  -1.348   1.025   0.566  -0.592   0.864   0.941   0.132   1.579
   0.984  -1.995   1.329   2.074  -2.082   1.456   0.630  -2.738   0.598   0.485
  -2.225   2.268   1.184  -0.251  -0.508   2.409  -0.226  -0.648   0.367  -0.040
  -1.563  -0.593  -0.024  -1.393   0.833   0.248  -2.947   1.044   1.282  -3.065
   1.771  -0.294  -3.211   0.072   0.014  -3.651
  -3.483   1.582   0.954  -3.078   0.560   0.869  -3.390   0.045  -0.026  -3.366
  -0.022   1.755  -1.578   0.667   0.866  -1.021   1.777   0.776  -0.933  -0.478
   0.874  -1.494  -1.322   0.960   0.545  -0.591   0.850   0.904   0.146   1.593
   0.936  -1.986   1.320   1.999  -2.096   1.477   0.558  -2.746   0.592   0.428
  -2.182   2.273   1.212  -0.277  -0.502   2.454  -0.236  -0.567   0.398  -0.063
  -1.566  -0.600   0.001  -1.362   0.845   0.276  -2.925   0.963   1.346  -2.923
   1.784  -0.170  -3.198   0.109   0.006  -3.659
  -3.449   1.640   1.031  -3.064   0.642   0.837  -3.467   0.211  -0.081  -3.366
  -0.063   1.645  -1.541   0.677   0.829  -0.982   1.769   0.802  -0.915  -0.505
   0.883  -1.442  -1.371   1.007   0.560  -0.625   0.915   0.997   0.115   1.623
   0.944  -1.993   1.455   2.047  -2.031   1.648   0.660  -2.805   0.749   0.343
  -2.148   2.382   1.201  -0.249  -0.474   2.447  -0.208  -0.567   0.444  -0.040
  -1.549  -0.556   0.022  -1.356   0.877   0.257  -2.931   1.231   1.290  -2.952
   1.689  -0.424  -3.243   0.083   0.122  -3.639
  -3.584   1.548   1.055  -3.055   0.572   0.858  -3.362   0.131  -0.068  -3.306
  -0.126   1.603  -1.558   0.673   0.855  -1.027   1.769   0.816  -0.876  -0.491
   0.898  -1.404  -1.351   0.762   0.586  -0.586   0.920   0.988   0.125   1.602
   0.921  -2.049   1.432   2.005  -2.155   1.552   0.507  -2.743   0.709   0.444
  -2.148   2.430   1.247  -0.234  -0.431   2.468  -0.204  -0.566   0.427  -0.010
  -1.481  -0.546  -0.003  -1.323   0.905   0.273  -2.822   1.472   1.222  -2.805
   1.602  -0.522  -3.137   0.108   0.320  -3.583
  -3.489   1.610   1.090  -3.065   0.632   0.859  -3.317   0.293  -0.133  -3.425
  -0.063   1.610  -1.559   0.686   0.903  -0.970   1.765   0.811  -0.859  -0.470
   0.903  -1.404  -1.349   0.948   0.597  -0.573   0.892   1.058   0.134   1.582
   0.939  -1.979   1.355   2.040  -1.978   1.551   0.724  -2.745   0.640   0.421
  -2.214   2.288   1.239  -0.289  -0.469   2.488  -0.249  -0.535   0.425  -0.021
  -1.496  -0.548   0.057  -1.290   0.908   0.315  -2.812   1.546   1.163  -2.776
   1.423  -0.552  -3.250   0.073   0.580  -3.450
  -3.439   1.584   1.209  -3.031   0.595   0.965  -3.397   0.242  -0.013  -3.394
  -0.132   1.729  -1.548   0.661   0.898  -0.919   1.732   0.808  -0.896  -0.525
   0.932  -1.438  -1.383   0.914   0.598  -0.581   0.898   1.032   0.144   1.626
   1.043  -1.999   1.309   2.109  -2.019   1.521   0.758  -2.681   0.488   0.510
  -2.303   2.198   1.248  -0.254  -0.478   2.487  -0.256  -0.580   0.429  -0.009
  -1.534  -0.554  -0.018  -1.307   0.850   0.403  -2.890   1.610   1.153  -2.758
   1.307  -0.453  -3.393  -0.038   0.834  -3.368
  -3.400   1.634   1.235  -3.021   0.634   0.907  -3.451   0.404  -0.123  -3.393
  -0.061   1.636  -1.490   0.685   0.904  -0.931   1.747   0.799  -0.855  -0.494
   0.890  -1.421  -1.324   0.911   0.591  -0.609   0.893   0.992   0.034   1.663
   0.962  -2.016   1.339   2.022  -2.068   1.630   0.791  -2.785   0.587   0.343
  -2.262   2.211   1.285  -0.218  -0.468   2.496  -0.163  -0.576   0.469   0.031
  -1.521  -0.509   0.078  -1.346   0.915   0.378  -2.867   1.753   1.026  -2.781
   1.242  -0.525  -3.383   0.138   0.897  -3.382
  -3.337   1.609   1.241  -3.029   0.609   1.000  -3.425   0.313   0.012  -3.343
  -0.115   1.749  -1.517   0.629   0.929  -0.932   1.697   0.887  -0.838  -0.508
   0.878  -1.374  -1.331   0.931   0.631  -0.574   0.905   0.950   0.170   1.662
   1.038  -1.977   1.371   2.123  -2.004   1.561   0.866  -2.686   0.522   0.519
  -2.308   2.281   1.303  -0.156  -0.461   2.536  -0.069  -0.551   0.479   0.091
  -1.525  -0.529  -0.003  -1.344   0.950   0.430  -2.855   1.719   1.231  -2.760
   1.375  -0.451  -3.336   0.120   0.749  -3.476
  -3.313   1.647   1.404  -3.028   0.653   1.011  -3.551   0.548   0.045  -3.380
  -0.146   1.618  -1.523   0.648   0.865  -0.997   1.744   0.830  -0.809  -0.469
   0.849  -1.280  -1.367   0.829   0.618  -0.529   0.850   1.011   0.121   1.580
   1.081  -1.937   1.255   2.166  -1.985   1.377   0.820  -2.621   0.439   0.627
  -2.260   2.192   1.255  -0.177  -0.488   2.511  -0.109  -0.575   0.484   0.071
  -1.544  -0.494  -0.113  -1.471   0.927   0.523  -2.832   1.634   1.362  -2.711
   1.457  -0.275  -3.316   0.113   0.828  -3.475
  -3.357   1.560   1.311  -2.979   0.598   0.964  -3.394   0.538  -0.056  -3.295
  -0.198   1.603  -1.496   0.735   0.864  -0.966   1.855   0.896  -0.794  -0.414
   0.817  -1.351  -1.273   0.806   0.674  -0.535   0.821   1.080   0.185   1.525
   0.989  -1.952   1.288   2.056  -2.064   1.389   0.662  -2.700   0.599   0.505
  -2.075   2.242   1.320  -0.172  -0.518   2.539   0.008  -0.578   0.497   0.086
  -1.530  -0.480  -0.092  -1.454   0.978   0.505  -2.835   1.537   1.442  -2.780
   1.568  -0.337  -3.253   0.130   0.673  -3.472
  -3.411   1.528   1.447  -3.085   0.651   0.912  -3.514   0.693  -0.114  -3.462
  -0.274   1.315  -1.548   0.715   0.810  -1.031   1.839   0.794  -0.825  -0.441
   0.849  -1.352  -1.296   0.871   0.630  -0.504   0.888   0.998   0.161   1.672
   1.003  -1.930   1.301   2.052  -1.931   1.555   0.820  -2.644   0.467   0.477
  -2.175   2.220   1.304  -0.116  -0.464   2.554  -0.003  -0.558   0.517   0.070
  -1.593  -0.501  -0.115  -1.521   1.042   0.500  -2.877   1.676   1.361  -2.689
   1.683  -0.232  -3.377   0.217   0.849  -3.478
  -3.430   1.443   1.529  -3.066   0.659   0.877  -3.514   0.732  -0.154  -3.343
  -0.327   1.328  -1.549   0.726   0.844  -1.010   1.837   0.731  -0.871  -0.423
   0.860  -1.415  -1.237   0.988   0.616  -0.502   0.866   0.974   0.220   1.546
   1.017  -1.904   1.250   2.106  -2.006   1.333   0.680  -2.609   0.540   0.591
  -2.134   2.238   1.297  -0.135  -0.470   2.546   0.027  -0.511   0.502   0.055
  -1.535  -0.505  -0.080  -1.432   1.046   0.520  -2.851   1.855   1.249  -2.669
   1.484  -0.240  -3.428   0.303   1.065  -3.462
  -3.480   1.317   1.630  -3.077   0.625   0.890  -3.469   0.791  -0.144  -3.379
  -0.417   1.222  -1.569   0.697   0.846  -1.018   1.780   0.730  -0.882  -0.440
   0.918  -1.369  -1.328   1.070   0.619  -0.516   0.893   1.029   0.175   1.676
   1.029  -1.974   1.257   2.111  -2.106   1.303   0.695  -2.656   0.448   0.589
  -2.336   2.144   1.280  -0.094  -0.457   2.519  -0.038  -0.535   0.552   0.028
  -1.569  -0.434  -0.160  -1.445   1.110   0.550  -2.789   1.746   1.414  -2.645
   1.708  -0.244  -3.255   0.319   0.927  -3.455
  -3.413   1.489   1.515  -3.055   0.632   0.918  -3.468   0.773  -0.080  -3.311
  -0.361   1.320  -1.541   0.720   0.860  -1.000   1.838   0.749  -0.887  -0.451
   0.898  -1.465  -1.262   1.017   0.569  -0.569   0.874   0.986   0.101   1.617
   1.013  -1.979   1.274   2.114  -2.042   1.209   0.638  -2.661   0.510   0.690
  -2.304   2.247   1.271  -0.069  -0.443   2.510  -0.018  -0.514   0.533   0.071
  -1.604  -0.454  -0.160  -1.553   1.037   0.522  -2.888   1.582   1.447  -2.785
   1.733  -0.184  -3.283   0.218   0.587  -3.616
  -3.564   1.303   1.505  -3.081   0.617   0.826  -3.426   0.809  -0.196  -3.491
  -0.336   1.110  -1.569   0.731   0.865  -1.057   1.838   0.754  -0.873  -0.392
   0.952  -1.427  -1.183   1.110   0.591  -0.539   0.903   1.013   0.127   1.625
   1.003  -2.008   1.232   2.066  -2.146   1.186   0.536  -2.744   0.590   0.630
  -2.302   2.224   1.256  -0.208  -0.442   2.498  -0.049  -0.494   0.516   0.053
  -1.548  -0.458  -0.027  -1.424   1.016   0.508  -2.848   1.646   1.367  -2.751
   1.604  -0.349  -3.374   0.169   0.711  -3.513
  -3.332   1.468   1.464  -3.013   0.711   0.764  -3.364   0.890  -0.221  -3.388
  -0.233   1.160  -1.499   0.723   0.810  -0.954   1.813   0.815  -0.835  -0.429
   0.868  -1.436  -1.261   0.927   0.587  -0.576   0.848   0.996   0.132   1.560
   1.059  -1.983   1.291   2.136  -2.149   1.165   0.550  -2.701   0.679   0.848
  -2.197   2.359   1.269  -0.135  -0.460   2.518  -0.082  -0.501   0.476   0.147
  -1.515  -0.488  -0.109  -1.409   0.979   0.512  -2.827   1.770   1.276  -2.756
   1.404  -0.406  -3.235   0.122   0.844  -3.455
  -3.444   1.336   1.453  -3.056   0.632   0.739  -3.467   0.899  -0.259  -3.308
  -0.326   1.129  -1.519   0.742   0.777  -0.952   1.849   0.725  -0.870  -0.413
   0.922  -1.418  -1.294   0.945   0.616  -0.534   0.915   1.043   0.204   1.623
   1.027  -1.972   1.295   2.120  -1.993   1.236   0.605  -2.753   0.655   0.629
  -2.171   2.287   1.263  -0.170  -0.472   2.490  -0.085  -0.594   0.504   0.079
  -1.532  -0.535   0.048  -1.388   0.975   0.487  -2.850   1.520   1.396  -2.719
   1.712  -0.169  -3.304   0.152   0.694  -3.544
  -3.413   1.240   1.473  -3.036   0.530   0.756  -3.413   0.667  -0.255  -3.271
  -0.502   1.098  -1.543   0.697   0.792  -1.001   1.820   0.674  -0.855  -0.432
   0.880  -1.377  -1.278   0.902   0.545  -0.545   0.824   0.964   0.170   1.598
   0.979  -1.914   1.279   2.062  -2.005   1.273   0.529  -2.716   0.701   0.704
  -2.019   2.384   1.277  -0.169  -0.507   2.515  -0.168  -0.501   0.512   0.136
  -1.564  -0.505   0.122  -1.441   0.907   0.516  -2.925   1.448   1.492  -2.950
   1.512  -0.259  -3.343   0.045   0.701  -3.587
  -3.422   1.374   1.356  -3.013   0.565   0.750  -3.260   0.668  -0.309  -3.351
  -0.442   0.987  -1.555   0.696   0.773  -1.010   1.801   0.684  -0.887  -0.422
   0.865  -1.401  -1.285   0.927   0.607  -0.542   0.822   1.007   0.178   1.503
   0.977  -1.970   1.243   2.044  -2.013   1.266   0.646  -2.779   0.569   0.550
  -2.158   2.268   1.289  -0.236  -0.512   2.498  -0.205  -0.594   0.485   0.078
  -1.557  -0.532   0.009  -1.441   0.996   0.507  -2.795   1.520   1.447  -2.607
   1.647  -0.244  -3.305   0.190   0.703  -3.495
  -3.463   1.232   1.498  -3.058   0.528   0.780  -3.456   0.698  -0.221  -3.351
  -0.438   1.135  -1.525   0.642   0.757  -0.939   1.746   0.657  -0.868  -0.497
   0.841  -1.409  -1.337   0.952   0.560  -0.621   0.810   0.944   0.084   1.564
   0.955  -2.030   1.293   2.021  -2.204   1.206   0.574  -2.753   0.571   0.554
  -2.226   2.278   1.296  -0.208  -0.524   2.547  -0.083  -0.551   0.500   0.027
  -1.574  -0.511  -0.003  -1.400   0.867   0.562  -2.893   1.247   1.613  -2.836
   1.595  -0.093  -3.417  -0.038   0.668  -3.523
  -3.496   1.442   1.150  -3.030   0.615   0.626  -3.304   0.645  -0.401  -3.430
  -0.311   1.010  -1.497   0.667   0.705  -0.898   1.745   0.600  -0.849  -0.488
   0.830  -1.359  -1.287   1.051   0.593  -0.606   0.816   0.991   0.118   1.580
   1.018  -1.983   1.310   2.114  -2.067   1.402   0.683  -2.725   0.615   0.558
  -2.103   2.281   1.345  -0.239  -0.540   2.567  -0.085  -0.657   0.494  -0.052
  -1.576  -0.433  -0.290  -1.374   0.816   0.579  -2.878   1.242   1.533  -2.723
   1.467  -0.137  -3.411  -0.109   0.691  -3.416
  -3.386   1.440   1.141  -3.009   0.518   0.613  -3.366   0.577  -0.442  -3.355
  -0.388   1.095  -1.508   0.649   0.687  -0.998   1.758   0.640  -0.804  -0.479
   0.913  -1.338  -1.335   0.857   0.699  -0.657   0.781   1.149   0.004   1.556
   1.051  -2.050   1.310   2.130  -2.217   1.332   0.680  -2.760   0.618   0.615
  -2.198   2.283   1.332  -0.269  -0.586   2.540   0.022  -0.676   0.498  -0.019
  -1.625  -0.461  -0.262  -1.494   0.815   0.518  -2.900   1.304   1.450  -2.711
   1.416  -0.143  -3.544  -0.141   0.735  -3.417
  -3.392   1.378   1.304  -2.973   0.529   0.752  -3.234   0.427  -0.300  -3.246
  -0.415   1.255  -1.466   0.683   0.726  -0.943   1.812   0.684  -0.785  -0.484
   0.861  -1.323  -1.349   1.011   0.670  -0.633   0.800   1.006   0.045   1.546
   1.051  -2.026   1.305   2.138  -2.079   1.340   0.740  -2.731   0.545   0.572
  -2.244   2.253   1.292  -0.155  -0.563   2.554  -0.085  -0.640   0.506   0.021
  -1.645  -0.426  -0.222  -1.581   1.000   0.588  -2.940   1.457   1.553  -2.782
   1.742  -0.136  -3.340   0.189   0.759  -3.624
  -3.475   1.521   1.177  -3.002   0.628   0.776  -3.361   0.510  -0.287  -3.314
  -0.219   1.313  -1.502   0.752   0.796  -0.974   1.871   0.683  -0.769  -0.375
   0.759  -1.310  -1.214   0.820   0.687  -0.559   0.770   1.183   0.056   1.539
   1.030  -2.003   1.286   2.112  -2.042   1.388   0.702  -2.691   0.507   0.600
  -2.184   2.299   1.343  -0.121  -0.566   2.586   0.045  -0.606   0.554  -0.001
  -1.646  -0.445  -0.088  -1.446   0.946   0.506  -2.915   1.388   1.430  -2.745
   1.642  -0.187  -3.469   0.087   0.593  -3.537
  -3.537   1.362   1.280  -3.002   0.580   0.745  -3.352   0.650  -0.263  -3.228
  -0.372   1.176  -1.506   0.760   0.775  -0.991   1.875   0.646  -0.796  -0.394
   0.810  -1.334  -1.244   0.719   0.691  -0.575   0.814   0.972   0.083   1.623
   0.954  -2.005   1.293   2.011  -2.140   1.494   0.523  -2.683   0.518   0.480
  -2.141   2.219   1.355  -0.181  -0.558   2.581   0.034  -0.579   0.571  -0.008
  -1.573  -0.390  -0.123  -1.407   0.977   0.510  -2.897   1.595   1.393  -2.889
   1.546  -0.297  -3.330   0.100   0.646  -3.506
  -3.460   1.471   1.466  -2.959   0.689   0.919  -3.355   0.738  -0.077  -3.165
  -0.331   1.314  -1.458   0.791   0.821  -0.946   1.931   0.722  -0.797  -0.382
   0.803  -1.347  -1.190   0.674   0.648  -0.583   0.831   1.000   0.095   1.625
   0.933  -2.028   1.297   1.982  -2.213   1.172   0.398  -2.768   0.702   0.821
  -2.117   2.389   1.345  -0.158  -0.496   2.578   0.015  -0.568   0.598   0.027
  -1.604  -0.331  -0.374  -1.620   1.125   0.634  -2.858   1.795   1.432  -2.599
   1.697  -0.198  -3.317   0.288   0.883  -3.590
  -3.241   1.442   1.594  -2.952   0.690   0.858  -3.394   0.936  -0.146  -3.310
  -0.282   1.297  -1.443   0.740   0.717  -0.906   1.835   0.620  -0.787  -0.363
   0.915  -1.328  -1.203   1.209   0.669  -0.561   0.828   1.169   0.016   1.629
   0.956  -2.022   1.243   1.951  -2.392   1.011   0.304  -2.650   0.659   0.668
  -2.037   2.285   1.301  -0.229  -0.537   2.524   0.036  -0.533   0.620  -0.064
  -1.678  -0.341  -0.291  -1.613   1.127   0.531  -2.897   1.756   1.405  -2.713
   1.682  -0.285  -3.425   0.269   0.944  -3.459
  -3.212   1.486   1.587  -2.969   0.744   0.887  -3.473   0.838  -0.093  -3.352
  -0.157   1.342  -1.450   0.786   0.757  -0.903   1.920   0.612  -0.817  -0.396
   0.839  -1.375  -1.166   0.990   0.641  -0.538   0.775   1.056   0.088   1.585
   0.971  -2.018   1.118   2.002  -2.165   0.843   0.451  -2.756   0.580   0.831
  -2.079   2.175   1.250  -0.146  -0.599   2.457  -0.005  -0.626   0.479   0.023
  -1.687  -0.476  -0.211  -1.678   1.152   0.464  -2.960   1.740   1.407  -2.826
   1.917  -0.215  -3.353   0.404   0.678  -3.695
  -3.265   1.506   1.531  -2.907   0.791   0.829  -3.266   0.968  -0.195  -3.302
  -0.123   1.274  -1.409   0.882   0.779  -0.872   1.976   0.673  -0.751  -0.311
   0.923  -1.346  -1.098   0.981   0.693  -0.517   0.797   1.207   0.057   1.633
   0.982  -2.001   1.138   2.022  -2.224   0.990   0.365  -2.666   0.529   0.744
  -2.160   2.215   1.315  -0.174  -0.629   2.519   0.085  -0.742   0.481  -0.030
  -1.697  -0.514  -0.129  -1.615   1.001   0.412  -3.013   1.632   1.249  -2.887
   1.517  -0.454  -3.515   0.199   0.733  -3.658
  -3.293   1.665   1.434  -2.908   0.855   0.862  -3.315   0.865  -0.200  -3.175
  -0.051   1.360  -1.397   0.944   0.777  -0.760   1.979   0.657  -0.785  -0.243
   0.853  -1.296  -1.041   1.197   0.682  -0.431   0.762   1.135   0.214   1.520
   1.037  -1.908   1.127   2.148  -1.954   1.157   0.593  -2.647   0.471   0.647
  -2.034   2.099   1.291  -0.086  -0.599   2.502   0.118  -0.623   0.548  -0.056
  -1.705  -0.415  -0.231  -1.491   1.024   0.358  -3.032   1.698   1.202  -2.972
   1.607  -0.450  -3.503   0.150   0.547  -3.642
  -3.258   1.909   1.365  -2.928   0.899   0.982  -3.290   0.748  -0.027  -3.139
   0.094   1.681  -1.428   0.870   0.908  -0.870   1.948   0.698  -0.786  -0.273
   0.925  -1.395  -1.073   0.985   0.666  -0.400   0.748   1.160   0.140   1.526
   1.001  -1.845   1.091   2.053  -1.945   1.253   0.708  -2.537   0.275   0.445
  -2.193   1.976   1.285  -0.027  -0.606   2.506   0.109  -0.679   0.498   0.047
  -1.709  -0.555   0.076  -1.651   1.111   0.411  -3.016   1.810   1.213  -2.837
   1.773  -0.362  -3.370   0.243   0.637  -3.699
  -3.282   1.835   1.202  -2.881   0.874   0.989  -3.404   0.594   0.078  -3.082
   0.109   1.793  -1.405   0.919   0.853  -0.764   1.993   0.830  -0.822  -0.269
   0.816  -1.428  -1.083   0.797   0.633  -0.434   0.721   1.174   0.196   1.476
   1.014  -1.874   1.085   2.086  -1.896   1.393   0.993  -2.631   0.273   0.401
  -2.209   1.956   1.268  -0.057  -0.620   2.485   0.061  -0.614   0.500   0.168
  -1.709  -0.497   0.037  -1.614   0.967   0.529  -3.045   1.553   1.460  -3.064
   1.461  -0.273  -3.540   0.105   0.738  -3.668
  -3.288   1.747   1.364  -2.884   0.828   1.052  -3.395   0.440   0.167  -3.135
   0.090   1.791  -1.405   0.859   0.888  -0.822   1.962   0.852  -0.837  -0.333
   0.766  -1.446  -1.102   1.037   0.614  -0.525   0.678   1.017   0.133   1.459
   0.951  -1.974   1.066   1.968  -2.035   1.290   0.664  -2.710   0.347   0.468
  -2.200   2.006   1.283  -0.082  -0.670   2.504   0.023  -0.765   0.483   0.335
  -1.678  -0.484   0.081  -1.626   1.033   0.492  -3.007   1.669   1.387  -3.054
   1.630  -0.340  -3.178   0.241   0.567  -3.792
  -3.245   1.832   1.502  -2.939   0.950   0.988  -3.351   0.813   0.054  -3.293
   0.074   1.588  -1.423   0.919   0.856  -0.809   1.938   0.817  -0.817  -0.240
   0.630  -1.470  -1.005   0.627   0.625  -0.456   0.606   1.068   0.188   1.365
   0.916  -1.884   1.005   1.959  -2.114   1.277   0.569  -2.595   0.211   0.423
  -2.092   1.905   1.326  -0.053  -0.671   2.534   0.065  -0.783   0.518   0.221
  -1.707  -0.498   0.174  -1.578   1.050   0.542  -3.066   1.655   1.411  -3.032
   1.600  -0.277  -3.591   0.161   0.835  -3.633
  -3.200   1.823   1.241  -2.943   0.805   0.891  -3.533   0.586   0.026  -3.134
   0.025   1.662  -1.413   0.845   0.760  -0.824   1.901   0.902  -0.803  -0.365
   0.603  -1.423  -1.154   0.637   0.603  -0.515   0.582   0.962   0.124   1.389
   0.948  -1.966   0.957   2.038  -2.133   0.862   0.505  -2.589   0.233   0.536
  -2.290   1.888   1.257  -0.126  -0.741   2.460   0.105  -0.714   0.525   0.173
  -1.846  -0.469  -0.004  -1.773   0.992   0.536  -3.173   1.783   1.295  -3.064
   1.343  -0.262  -3.757   0.114   0.951  -3.682
  -3.267   1.829   1.304  -2.923   0.902   0.852  -3.318   0.790  -0.100  -3.155
   0.059   1.476  -1.410   0.931   0.817  -0.807   1.994   0.855  -0.845  -0.290
   0.560  -1.448  -1.148   0.511   0.584  -0.450   0.589   0.989   0.252   1.347
   0.803  -1.914   1.114   1.897  -2.043   1.322   0.691  -2.603   0.315   0.218
  -2.075   2.045   1.302  -0.040  -0.731   2.499   0.173  -0.718   0.527   0.106
  -1.834  -0.494  -0.116  -1.724   1.007   0.389  -3.183   1.763   1.200  -3.183
   1.503  -0.580  -3.571   0.195   0.715  -3.809
  -3.395   1.671   1.591  -2.988   0.975   0.910  -3.390   1.139  -0.069  -3.293
  -0.001   1.262  -1.518   0.957   0.828  -0.866   1.992   0.867  -0.890  -0.188
   0.619  -1.449  -1.018   0.379   0.545  -0.392   0.643   1.014   0.146   1.478
   0.778  -1.862   0.969   1.856  -1.942   1.106   0.367  -2.487   0.176   0.374
  -2.123   1.941   1.262  -0.054  -0.691   2.491   0.180  -0.677   0.480   0.066
  -1.759  -0.555  -0.085  -1.796   1.028   0.393  -3.059   1.438   1.364  -3.049
   1.789  -0.303  -3.447   0.151   0.521  -3.744
  -3.256   1.756   1.580  -3.064   0.923   0.868  -3.494   1.015  -0.122  -3.365
  -0.018   1.320  -1.569   0.883   0.745  -0.917   1.925   0.742  -0.926  -0.307
   0.613  -1.503  -1.140   0.475   0.523  -0.441   0.565   0.964   0.158   1.385
   0.700  -1.873   0.935   1.764  -2.145   0.991   0.252  -2.525   0.113   0.089
  -2.107   1.818   1.267   0.000  -0.706   2.479   0.113  -0.642   0.507   0.190
  -1.842  -0.416  -0.184  -1.814   1.124   0.394  -3.091   1.660   1.345  -3.195
   1.869  -0.424  -3.187   0.353   0.294  -3.833
  -3.484   1.524   1.578  -3.112   0.869   0.830  -3.428   1.100  -0.156  -3.545
  -0.060   1.196  -1.574   0.891   0.734  -0.892   1.966   0.771  -0.958  -0.291
   0.558  -1.585  -1.026   0.278   0.494  -0.463   0.526   0.975   0.203   1.301
   0.750  -1.911   0.944   1.840  -2.140   0.849   0.230  -2.449   0.205   0.441
  -2.089   1.929   1.188   0.045  -0.760   2.416   0.230  -0.790   0.517   0.199
  -1.875  -0.466   0.266  -1.819   1.059   0.469  -3.217   1.646   1.398  -3.260
   1.625  -0.427  -3.567   0.168   0.619  -3.837
  -3.343   1.301   1.742  -3.080   0.878   0.776  -3.479   1.220  -0.117  -3.297
  -0.221   0.817  -1.569   0.875   0.665  -1.026   1.941   0.734  -0.923  -0.239
   0.495  -1.486  -1.083   0.622   0.541  -0.412   0.481   1.039   0.169   1.159
   0.768  -1.921   0.827   1.803  -2.216   0.865   0.280  -2.623   0.131   0.341
  -1.995   1.813   1.249  -0.016  -0.801   2.461   0.163  -0.775   0.420   0.141
  -1.886  -0.528  -0.180  -1.841   0.998   0.455  -3.201   1.683   1.289  -3.239
   1.507  -0.492  -3.510   0.295   0.653  -3.938
  -3.556   1.227   1.661  -3.171   0.887   0.695  -3.632   1.523  -0.072  -3.600
  -0.132   0.792  -1.600   0.937   0.635  -0.936   1.996   0.644  -0.981  -0.220
   0.442  -1.577  -1.006   0.642   0.459  -0.462   0.506   0.923   0.222   1.269
   0.726  -1.881   0.908   1.797  -2.116   0.892   0.209  -2.515   0.185   0.307
  -2.152   1.865   1.174  -0.048  -0.810   2.431   0.042  -0.812   0.487  -0.064
  -1.895  -0.509  -0.141  -1.839   1.091   0.347  -3.184   1.532   1.337  -3.151
   1.851  -0.383  -3.476   0.329   0.362  -3.931
  -3.431   1.170   1.686  -3.077   1.033   0.639  -3.410   1.940   0.192  -3.677
   0.202   0.181  -1.626   0.921   0.555  -1.031   2.039   0.458  -0.997  -0.244
   0.504  -1.520  -1.091   0.349   0.480  -0.402   0.574   0.851   0.294   1.325
   0.717  -1.858   1.043   1.784  -2.001   1.171   0.440  -2.465   0.243   0.105
  -2.113   1.973   1.244  -0.180  -0.764   2.467  -0.059  -0.804   0.492  -0.096
  -1.868  -0.465  -0.284  -1.749   1.068   0.275  -3.165   1.484   1.335  -3.078
   1.905  -0.350  -3.372   0.270   0.333  -3.964
  -3.184   1.297   1.801  -3.080   1.049   0.754  -3.488   1.899   0.177  -3.723
   0.226   0.300  -1.616   1.013   0.478  -0.965   2.051   0.500  -1.039  -0.212
   0.412  -1.613  -1.076   0.529   0.420  -0.400   0.494   0.737   0.292   1.267
   0.696  -1.805   1.106   1.718  -1.972   1.101   0.186  -2.546   0.473   0.287
  -1.849   2.145   1.216  -0.088  -0.821   2.456   0.019  -0.803   0.510   0.064
  -1.902  -0.469  -0.066  -1.781   1.013   0.433  -3.197   1.647   1.341  -3.072
   1.643  -0.442  -3.454   0.196   0.629  -3.946
  -3.199   1.046   1.947  -3.121   1.037   0.843  -3.689   1.868   0.394  -3.701
   0.197   0.446  -1.665   1.033   0.481  -0.932   2.028   0.401  -1.033  -0.141
   0.394  -1.565  -0.995   0.126   0.425  -0.327   0.547   0.782   0.376   1.302
   0.699  -1.796   1.059   1.714  -1.931   1.088   0.326  -2.505   0.350   0.250
  -1.960   2.071   1.203  -0.067  -0.769   2.481   0.068  -0.818   0.445   0.141
  -1.913  -0.540  -0.069  -1.797   1.039   0.324  -3.253   1.705   1.150  -3.216
   1.654  -0.512  -3.501   0.184   0.496  -4.001
  -3.366   1.481   1.634  -3.095   1.013   0.694  -3.494   1.713  -0.117  -3.492
   0.046   0.454  -1.611   1.008   0.578  -0.949   2.025   0.510  -1.039  -0.217
   0.320  -1.596  -1.069   0.312   0.408  -0.405   0.471   0.801   0.310   1.216
   0.776  -1.843   1.001   1.881  -1.936   1.150   0.528  -2.717   0.353   0.237
  -1.881   1.964   1.193  -0.030  -0.829   2.465   0.024  -0.706   0.500   0.181
  -1.963  -0.464   0.322  -1.694   0.951   0.421  -3.350   1.618   1.262  -3.500
   1.445  -0.461  -3.765   0.049   0.495  -3.995
  -3.284   1.730   1.541  -3.070   1.012   0.727  -3.489   1.386  -0.240  -3.430
   0.005   0.955  -1.537   0.978   0.589  -0.939   2.063   0.536  -0.995  -0.229
   0.413  -1.549  -1.060   0.311   0.425  -0.444   0.429   0.925   0.208   1.126
   0.746  -1.872   0.874   1.786  -1.966   1.109   0.499  -2.470   0.008   0.102
  -2.198   1.651   1.183  -0.040  -0.871   2.409   0.051  -0.791   0.499   0.106
  -1.998  -0.523  -0.047  -2.028   1.059   0.557  -3.268   1.658   1.415  -3.154
   1.704  -0.177  -3.727   0.242   0.713  -4.009
  -3.420   1.631   1.532  -3.104   0.982   0.769  -3.505   1.297  -0.162  -3.503
  -0.002   0.884  -1.595   1.024   0.577  -1.016   2.066   0.652  -1.017  -0.161
   0.478  -1.608  -1.011   0.354   0.434  -0.376   0.527   0.833   0.269   1.329
   0.694  -1.857   0.823   1.732  -1.965   1.052   0.422  -2.440  -0.054   0.141
  -2.091   1.736   1.189   0.008  -0.848   2.401   0.074  -0.876   0.422   0.153
  -1.928  -0.609   0.173  -1.686   1.035   0.414  -3.258   1.588   1.368  -3.310
   1.663  -0.468  -3.542   0.276   0.395  -4.032
  -3.382   1.533   1.654  -3.126   0.964   0.683  -3.516   1.431  -0.264  -3.504
  -0.106   0.734  -1.586   0.995   0.546  -1.056   2.126   0.552  -0.956  -0.166
   0.577  -1.522  -0.951   0.237   0.451  -0.384   0.587   0.835   0.220   1.425
   0.681  -1.873   0.861   1.781  -2.068   0.970   0.367  -2.477   0.055   0.134
  -2.126   1.725   1.166   0.033  -0.690   2.423   0.011  -0.829   0.468   0.226
  -1.815  -0.535   0.354  -1.737   0.967   0.338  -3.178   1.833   0.968  -3.174
   1.249  -0.619  -3.529   0.238   0.784  -3.809
  -3.527   1.753   1.263  -3.077   0.993   0.528  -3.447   1.179  -0.506  -3.351
   0.033   0.842  -1.583   1.046   0.533  -1.055   2.183   0.706  -0.962  -0.109
   0.499  -1.582  -0.905   0.391   0.438  -0.437   0.580   0.920   0.155   1.329
   0.561  -1.865   0.931   1.568  -1.932   1.231   0.504  -2.437   0.042  -0.205
  -2.179   1.610   1.200  -0.033  -0.727   2.401   0.057  -0.816   0.402   0.159
  -1.825  -0.620   0.176  -1.679   1.023   0.237  -3.111   1.986   0.720  -3.044
   1.209  -0.668  -3.628   0.294   0.747  -3.847
  -3.542   1.799   1.197  -3.102   1.039   0.538  -3.371   1.216  -0.489  -3.487
   0.017   0.637  -1.598   1.018   0.628  -0.953   2.061   0.740  -1.018  -0.161
   0.481  -1.651  -0.946   0.584   0.417  -0.398   0.541   0.782   0.169   1.405
   0.650  -1.860   0.932   1.735  -1.998   1.060   0.451  -2.485   0.105   0.150
  -2.133   1.810   1.250  -0.078  -0.699   2.448   0.224  -0.665   0.536  -0.077
  -1.808  -0.450  -0.183  -1.680   1.095   0.400  -3.036   1.954   0.954  -2.951
   1.262  -0.557  -3.620   0.413   1.048  -3.533
  -3.484   1.768   1.270  -3.051   1.013   0.605  -3.305   1.347  -0.408  -3.414
  -0.005   0.797  -1.555   0.989   0.629  -0.896   2.012   0.802  -0.965  -0.198
   0.497  -1.565  -1.010   0.274   0.478  -0.516   0.635   0.835   0.074   1.475
   0.593  -1.964   0.866   1.696  -2.198   0.926   0.241  -2.514   0.054   0.189
  -2.291   1.870   1.239  -0.079  -0.660   2.453   0.228  -0.658   0.554  -0.060
  -1.815  -0.382  -0.424  -1.845   1.078   0.438  -3.070   1.973   1.092  -2.999
   1.225  -0.425  -3.828   0.352   1.054  -3.604
  -3.301   1.711   1.548  -3.031   1.091   0.702  -3.342   1.514  -0.240  -3.418
   0.100   0.763  -1.521   0.991   0.679  -0.864   1.969   0.818  -0.949  -0.255
   0.531  -1.431  -0.985   0.123   0.480  -0.496   0.650   0.887   0.090   1.481
   0.711  -1.942   0.961   1.711  -2.242   0.728   0.064  -2.606   0.414   0.455
  -2.095   2.029   1.257  -0.070  -0.657   2.387   0.336  -0.523   0.622  -0.173
  -1.808  -0.281  -0.704  -1.681   1.057   0.371  -3.094   1.861   1.136  -2.768
   1.601  -0.354  -3.771   0.148   0.911  -3.588
  -3.362   1.880   1.420  -3.077   1.050   0.820  -3.449   1.270  -0.114  -3.515
   0.183   1.304  -1.500   0.976   0.783  -0.894   2.044   0.854  -0.959  -0.246
   0.554  -1.519  -1.077   0.411   0.469  -0.467   0.610   0.834  -0.011   1.557
   0.773  -1.938   0.869   1.834  -2.226   0.726   0.243  -2.545   0.246   0.425
  -2.125   1.911   1.243  -0.047  -0.619   2.371   0.395  -0.493   0.638  -0.131
  -1.796  -0.195  -0.715  -1.874   1.193   0.474  -2.961   1.972   1.193  -2.678
   1.585  -0.252  -3.683   0.315   1.115  -3.330
  -3.451   1.686   1.542  -3.123   0.890   0.863  -3.701   1.185   0.012  -3.545
  -0.066   1.281  -1.572   0.948   0.683  -0.912   1.964   0.856  -0.944  -0.239
   0.473  -1.507  -1.023   0.316   0.498  -0.460   0.662   0.872   0.198   1.473
   0.665  -1.933   0.847   1.679  -2.093   0.955   0.425  -2.414  -0.121   0.189
  -2.251   1.740   1.317  -0.072  -0.511   2.436   0.295  -0.402   0.632  -0.143
  -1.672  -0.326  -0.533  -1.538   1.043   0.503  -3.036   1.805   1.213  -2.783
   1.383  -0.246  -3.721   0.259   1.153  -3.475
  -3.297   1.850   1.514  -3.062   1.004   0.873  -3.588   1.219  -0.055  -3.466
   0.059   1.286  -1.546   0.981   0.714  -0.935   2.014   0.906  -0.947  -0.195
   0.440  -1.491  -1.026   0.285   0.458  -0.505   0.545   0.883   0.045   1.415
   0.526  -1.933   0.868   1.606  -2.202   0.980   0.034  -2.647   0.130  -0.007
  -2.028   1.751   1.296  -0.099  -0.636   2.493   0.208  -0.565   0.658  -0.017
  -1.803  -0.395  -0.148  -1.787   1.145   0.447  -3.074   2.148   0.904  -3.002
   1.226  -0.349  -3.800   0.486   1.271  -3.453
  -3.367   1.738   1.570  -3.061   0.991   0.882  -3.549   1.093  -0.131  -3.437
  -0.029   1.209  -1.568   0.949   0.763  -0.903   1.956   0.970  -1.002  -0.220
   0.398  -1.677  -1.079   0.161   0.478  -0.492   0.552   0.860   0.104   1.388
   0.686  -1.963   1.000   1.707  -1.855   1.273   0.442  -2.639   0.159   0.058
  -2.248   1.857   1.267  -0.070  -0.713   2.460   0.256  -0.536   0.591  -0.015
  -1.915  -0.378  -0.335  -2.062   1.163   0.451  -3.198   2.034   1.130  -2.956
   1.637  -0.355  -3.813   0.447   0.805  -3.817
  -3.375   1.862   1.583  -3.110   0.983   0.935  -3.452   1.195  -0.059  -3.566
   0.035   1.375  -1.570   0.904   0.816  -0.874   1.923   1.009  -1.005  -0.211
   0.298  -1.634  -0.984   0.145   0.479  -0.388   0.476   0.915   0.254   1.258
   0.711  -1.909   0.853   1.743  -2.024   1.173   0.575  -2.587   0.023   0.053
  -2.181   1.689   1.277  -0.001  -0.789   2.493   0.297  -0.620   0.590  -0.007
  -1.993  -0.334  -0.366  -1.914   1.136   0.459  -3.243   2.048   1.014  -3.106
   1.305  -0.415  -3.879   0.393   1.120  -3.709
  -3.385   1.739   1.559  -3.024   1.039   0.776  -3.324   1.466  -0.194  -3.533
   0.055   1.011  -1.557   0.933   0.769  -0.909   1.962   0.995  -1.017  -0.239
   0.396  -1.666  -1.050   0.312   0.514  -0.442   0.508   1.021   0.115   1.292
   0.685  -1.910   0.859   1.675  -2.066   1.378   0.548  -2.556  -0.045  -0.020
  -2.238   1.585   1.275  -0.105  -0.814   2.471   0.267  -0.700   0.571  -0.002
  -1.974  -0.373  -0.326  -1.925   1.138   0.423  -3.304   1.775   1.293  -3.268
   1.719  -0.443  -3.636   0.339   0.564  -4.083
  -3.169   1.635   1.441  -2.925   0.939   0.653  -3.236   1.351  -0.320  -3.333
   0.015   1.024  -1.421   0.851   0.732  -0.761   1.824   1.113  -0.960  -0.320
   0.361  -1.626  -1.081   0.193   0.469  -0.557   0.489   0.899  -0.012   1.334
   0.660  -2.016   0.727   1.693  -2.208   1.011   0.393  -2.587  -0.159   0.101
  -2.375   1.539   1.229  -0.089  -0.774   2.453   0.233  -0.751   0.543   0.107
  -1.911  -0.359  -0.356  -1.871   1.238   0.373  -3.180   1.826   1.330  -3.223
   1.934  -0.482  -3.408   0.450   0.437  -3.985
  -3.289   1.707   1.299  -2.884   0.977   0.555  -3.006   1.346  -0.511  -3.409
   0.005   0.556  -1.420   0.882   0.849  -0.832   1.878   1.170  -0.873  -0.253
   0.445  -1.543  -0.926   0.198   0.530  -0.513   0.390   1.061   0.049   1.218
   0.577  -2.017   0.697   1.608  -2.360   1.030   0.414  -2.601  -0.231  -0.095
  -2.181   1.574   1.216   0.042  -0.822   2.357   0.498  -0.715   0.628   0.171
  -2.026  -0.373   0.013  -1.958   1.208   0.418  -3.296   1.916   1.311  -3.243
   1.681  -0.498  -3.598   0.478   0.809  -4.066
  -3.280   1.907   1.182  -2.942   1.067   0.558  -3.010   1.261  -0.537  -3.456
   0.153   0.881  -1.482   0.893   0.807  -0.870   1.880   1.205  -0.983  -0.273
   0.476  -1.665  -1.031   0.292   0.481  -0.470   0.416   0.962   0.014   1.288
   0.747  -2.002   0.620   1.763  -2.216   0.920   0.384  -2.496  -0.326   0.068
  -2.349   1.373   1.191   0.164  -0.879   2.376   0.572  -0.779   0.493   0.221
  -2.034  -0.480  -0.060  -1.988   1.157   0.380  -3.349   1.946   1.087  -3.307
   1.530  -0.573  -3.642   0.459   0.555  -4.082
  -3.431   1.762   1.142  -2.995   1.040   0.438  -3.132   1.388  -0.542  -3.581
   0.125   0.649  -1.545   0.901   0.775  -0.872   1.791   1.311  -1.009  -0.255
   0.419  -1.554  -0.882  -0.162   0.477  -0.431   0.395   0.978   0.017   1.293
   0.759  -1.956   0.500   1.754  -2.148   0.874   0.656  -2.368  -0.463   0.031
  -2.467   1.198   1.192   0.191  -0.863   2.317   0.607  -0.728   0.594   0.184
  -2.110  -0.404  -0.091  -1.946   1.146   0.365  -3.510   1.896   1.157  -3.580
   1.589  -0.623  -3.808   0.371   0.693  -4.221
  -3.575   1.663   1.292  -3.117   1.009   0.536  -3.338   1.544  -0.439  -3.563
  -0.016   0.566  -1.593   0.955   0.701  -0.938   1.843   1.226  -0.952  -0.126
   0.258  -1.480  -0.936  -0.085   0.518  -0.377   0.334   0.929   0.141   1.241
   0.784  -1.904   0.561   1.763  -2.085   1.060   0.762  -2.419  -0.393   0.028
  -2.377   1.187   1.258   0.252  -0.930   2.403   0.668  -0.698   0.519   0.365
  -2.082  -0.397  -0.065  -1.923   1.128   0.463  -3.428   1.935   1.242  -3.346
   1.628  -0.479  -3.687   0.325   0.865  -4.132
