default_name                                                                    
  -3.540   1.534   1.069  -3.075   0.545   0.999  -3.443   0.045   0.100  -3.347
  -0.039   1.876  -1.567   0.689   0.928  -1.057   1.805   0.939  -0.861  -0.442
   0.858  -1.368  -1.315   0.858   0.606  -0.501   0.836   0.985   0.282   1.490
   1.033  -1.857   1.409   2.121  -1.905   1.479   0.674  -2.670   0.768   0.619
  -1.991   2.411   1.235  -0.257  -0.562   2.459  -0.181  -0.683   0.420  -0.133
  -1.621  -0.565  -0.226  -1.447   0.857   0.089  -2.996   1.402   1.025  -3.074
   1.502  -0.725  -3.335  -0.013   0.136  -3.654
  -3.522   1.518   1.070  -3.058   0.533   1.016  -3.426   0.019   0.125  -3.323
  -0.048   1.905  -1.563   0.686   0.925  -1.056   1.810   0.952  -0.854  -0.439
   0.861  -1.358  -1.315   0.871   0.618  -0.507   0.830   1.022   0.271   1.487
   1.043  -1.868   1.406   2.120  -1.916   1.488   0.710  -2.660   0.734   0.599
  -2.033   2.391   1.225  -0.249  -0.562   2.460  -0.156  -0.661   0.408  -0.142
  -1.631  -0.582  -0.200  -1.458   0.863   0.096  -3.000   1.404   1.042  -3.064
   1.504  -0.721  -3.309  -0.003   0.152  -3.659
  -3.559   1.526   1.051  -3.071   0.548   1.025  -3.414  -0.002   0.148  -3.330
  -0.043   1.903  -1.568   0.703   0.937  -1.049   1.812   0.932  -0.862  -0.425
   0.877  -1.377  -1.296   0.899   0.605  -0.501   0.837   1.008   0.276   1.503
   1.048  -1.866   1.393   2.139  -1.892   1.475   0.713  -2.683   0.753   0.628
  -2.018   2.384   1.231  -0.243  -0.558   2.457  -0.129  -0.677   0.412  -0.174
  -1.617  -0.580  -0.268  -1.439   0.817   0.090  -3.000   1.344   1.037  -3.071
   1.484  -0.701  -3.352  -0.057   0.119  -3.656
  -3.507   1.562   1.114  -3.066   0.571   1.013  -3.455   0.083   0.121  -3.344
  -0.020   1.887  -1.564   0.708   0.953  -1.054   1.823   0.946  -0.853  -0.432
   0.864  -1.356  -1.319   0.857   0.617  -0.499   0.837   0.999   0.275   1.514
   1.041  -1.854   1.410   2.124  -1.886   1.536   0.718  -2.675   0.752   0.581
  -2.019   2.382   1.232  -0.237  -0.560   2.457  -0.128  -0.687   0.395  -0.156
  -1.617  -0.597  -0.240  -1.424   0.813   0.101  -2.988   1.276   1.076  -3.084
   1.524  -0.663  -3.332  -0.074   0.090  -3.632
  -3.480   1.546   1.139  -3.059   0.555   1.040  -3.390   0.039   0.130  -3.326
  -0.025   1.929  -1.562   0.708   0.968  -1.047   1.829   0.979  -0.838  -0.405
   0.883  -1.346  -1.269   0.909   0.627  -0.475   0.846   1.040   0.302   1.478
   1.020  -1.848   1.403   2.111  -1.893   1.502   0.675  -2.637   0.722   0.571
  -1.964   2.388   1.233  -0.224  -0.562   2.454  -0.121  -0.703   0.419  -0.186
  -1.622  -0.564  -0.279  -1.422   0.820   0.077  -2.999   1.267   1.071  -3.053
   1.527  -0.682  -3.337  -0.060   0.073  -3.649
  -3.513   1.550   1.097  -3.067   0.561   1.011  -3.410   0.099   0.094  -3.347
  -0.044   1.882  -1.565   0.716   0.982  -1.064   1.836   1.016  -0.839  -0.402
   0.926  -1.357  -1.286   0.974   0.636  -0.474   0.874   1.047   0.310   1.516
   1.007  -1.842   1.427   2.094  -1.976   1.458   0.608  -2.629   0.791   0.664
  -1.906   2.467   1.237  -0.230  -0.549   2.452  -0.126  -0.694   0.389  -0.156
  -1.591  -0.593  -0.272  -1.357   0.791   0.048  -2.980   1.293   1.016  -3.108
   1.493  -0.737  -3.264  -0.060   0.007  -3.664
  -3.538   1.547   1.039  -3.058   0.579   1.021  -3.343   0.035   0.125  -3.320
   0.003   1.901  -1.544   0.741   0.973  -1.025   1.850   1.007  -0.834  -0.378
   0.908  -1.355  -1.238   0.860   0.633  -0.468   0.876   1.027   0.316   1.512
   1.026  -1.847   1.450   2.110  -1.930   1.498   0.621  -2.642   0.823   0.607
  -1.888   2.438   1.255  -0.246  -0.543   2.472  -0.161  -0.709   0.396  -0.127
  -1.585  -0.582  -0.161  -1.363   0.757   0.059  -2.988   1.244   1.038  -3.106
   1.437  -0.744  -3.329  -0.164   0.034  -3.618
  -3.568   1.533   1.024  -3.049   0.556   1.016  -3.343  -0.011   0.133  -3.330
   0.003   1.921  -1.543   0.729   1.008  -1.038   1.853   1.035  -0.813  -0.386
   0.938  -1.325  -1.273   0.928   0.650  -0.451   0.860   1.063   0.331   1.493
   1.058  -1.807   1.482   2.125  -1.812   1.598   0.751  -2.655   0.874   0.632
  -1.870   2.479   1.266  -0.266  -0.546   2.483  -0.190  -0.691   0.398  -0.192
  -1.575  -0.600  -0.265  -1.356   0.784   0.073  -2.961   1.204   1.065  -3.044
   1.567  -0.625  -3.299  -0.075   0.012  -3.634
  -3.513   1.557   1.069  -3.057   0.582   1.030  -3.376   0.087   0.123  -3.338
  -0.011   1.881  -1.543   0.742   1.016  -1.039   1.882   1.026  -0.853  -0.398
   0.921  -1.389  -1.266   0.893   0.606  -0.449   0.857   1.008   0.363   1.447
   1.026  -1.785   1.479   2.112  -1.875   1.501   0.630  -2.595   0.856   0.616
  -1.840   2.480   1.243  -0.283  -0.514   2.460  -0.202  -0.647   0.413  -0.247
  -1.582  -0.570  -0.357  -1.395   0.818   0.003  -2.961   1.170   1.050  -3.084
   1.595  -0.667  -3.308  -0.048  -0.170  -3.573
  -3.592   1.541   0.974  -3.054   0.580   1.028  -3.380  -0.048   0.188  -3.336
   0.081   1.964  -1.552   0.768   0.992  -1.036   1.886   0.996  -0.856  -0.354
   0.888  -1.399  -1.203   0.791   0.617  -0.447   0.856   1.016   0.344   1.492
   0.983  -1.806   1.479   2.050  -1.815   1.693   0.722  -2.607   0.778   0.472
  -1.960   2.414   1.260  -0.277  -0.531   2.480  -0.183  -0.630   0.441  -0.151
  -1.606  -0.545  -0.202  -1.384   0.857   0.010  -2.997   1.378   0.942  -3.174
   1.546  -0.761  -3.292  -0.028  -0.041  -3.634
  -3.510   1.593   1.054  -3.039   0.612   1.045  -3.382   0.014   0.190  -3.296
   0.057   1.931  -1.562   0.800   0.957  -1.058   1.894   0.994  -0.855  -0.314
   0.884  -1.384  -1.162   0.928   0.605  -0.424   0.869   1.024   0.342   1.521
   1.000  -1.780   1.478   2.066  -1.863   1.653   0.681  -2.578   0.778   0.508
  -1.918   2.417   1.270  -0.242  -0.521   2.495  -0.230  -0.609   0.465  -0.158
  -1.600  -0.538  -0.191  -1.474   0.888  -0.018  -2.986   1.474   0.931  -3.076
   1.489  -0.848  -3.282  -0.004  -0.007  -3.627
  -3.473   1.683   1.156  -3.106   0.663   0.988  -3.460   0.251   0.052  -3.363
   0.008   1.802  -1.583   0.779   0.995  -1.101   1.910   1.021  -0.885  -0.337
   0.897  -1.445  -1.201   0.867   0.571  -0.443   0.873   0.988   0.311   1.533
   0.928  -1.793   1.511   2.014  -1.907   1.555   0.489  -2.627   0.978   0.504
  -1.828   2.531   1.237  -0.293  -0.510   2.472  -0.237  -0.601   0.456  -0.216
  -1.608  -0.548  -0.230  -1.449   0.898  -0.021  -2.994   1.256   1.006  -3.118
   1.652  -0.767  -3.234   0.076  -0.150  -3.676
  -3.567   1.641   1.117  -3.102   0.647   0.962  -3.434   0.278  -0.025  -3.395
  -0.073   1.730  -1.597   0.805   0.986  -1.074   1.901   1.025  -0.895  -0.323
   0.902  -1.428  -1.198   0.919   0.584  -0.434   0.886   0.996   0.322   1.514
   0.939  -1.809   1.501   2.018  -1.902   1.624   0.577  -2.602   0.838   0.454
  -1.849   2.474   1.234  -0.293  -0.519   2.467  -0.253  -0.623   0.437  -0.243
  -1.587  -0.564  -0.278  -1.414   0.865  -0.043  -2.959   1.185   0.990  -3.127
   1.689  -0.729  -3.189   0.007  -0.238  -3.620
  -3.545   1.641   1.239  -3.066   0.696   0.956  -3.449   0.404  -0.019  -3.371
  -0.030   1.711  -1.556   0.780   0.929  -0.999   1.884   0.990  -0.874  -0.370
   0.859  -1.386  -1.245   0.833   0.599  -0.433   0.843   1.008   0.371   1.453
   0.953  -1.780   1.484   2.024  -1.845   1.631   0.558  -2.617   0.836   0.483
  -1.813   2.453   1.230  -0.324  -0.540   2.460  -0.324  -0.668   0.415  -0.255
  -1.583  -0.560  -0.406  -1.371   0.833  -0.009  -2.950   1.100   1.044  -3.073
   1.713  -0.661  -3.114   0.060  -0.286  -3.643
  -3.530   1.669   1.086  -3.077   0.665   0.921  -3.418   0.245  -0.022  -3.354
  -0.013   1.717  -1.557   0.776   0.913  -1.009   1.894   0.972  -0.884  -0.366
   0.859  -1.363  -1.251   0.807   0.573  -0.443   0.897   0.982   0.347   1.485
   0.934  -1.785   1.534   1.980  -1.853   1.734   0.640  -2.612   0.899   0.380
  -1.853   2.497   1.212  -0.334  -0.515   2.447  -0.279  -0.647   0.384  -0.309
  -1.588  -0.597  -0.388  -1.442   0.809  -0.033  -2.950   1.183   0.991  -2.999
   1.626  -0.722  -3.250   0.001  -0.168  -3.672
  -3.464   1.673   1.008  -3.051   0.678   0.889  -3.360   0.232  -0.050  -3.342
   0.058   1.733  -1.536   0.769   0.932  -1.005   1.889   0.999  -0.882  -0.373
   0.874  -1.427  -1.213   0.862   0.577  -0.476   0.917   0.985   0.325   1.563
   0.959  -1.806   1.574   2.057  -1.865   1.691   0.638  -2.636   0.921   0.484
  -1.976   2.545   1.191  -0.326  -0.500   2.432  -0.229  -0.643   0.401  -0.260
  -1.597  -0.604  -0.422  -1.454   0.865  -0.056  -2.958   1.222   0.970  -3.148
   1.684  -0.763  -3.111   0.084  -0.259  -3.658
  -3.482   1.688   0.956  -3.055   0.699   0.901  -3.388   0.105   0.036  -3.382
   0.164   1.808  -1.536   0.793   0.905  -1.006   1.903   0.963  -0.876  -0.360
   0.921  -1.443  -1.194   0.893   0.602  -0.472   0.925   0.971   0.338   1.567
   0.985  -1.788   1.605   2.058  -1.784   1.833   0.745  -2.657   1.001   0.425
  -1.906   2.555   1.252  -0.303  -0.498   2.470  -0.196  -0.557   0.465  -0.280
  -1.575  -0.512  -0.467  -1.426   0.910  -0.068  -2.942   1.193   0.969  -3.063
   1.720  -0.757  -3.167   0.086  -0.318  -3.610
  -3.448   1.699   1.022  -3.034   0.710   0.913  -3.354   0.206  -0.004  -3.304
   0.092   1.755  -1.525   0.817   0.912  -0.975   1.912   0.998  -0.884  -0.327
   0.904  -1.409  -1.204   0.824   0.609  -0.423   0.940   0.939   0.435   1.528
   0.991  -1.710   1.655   2.035  -1.657   1.876   0.694  -2.589   1.058   0.453
  -1.734   2.603   1.265  -0.292  -0.470   2.508  -0.184  -0.546   0.468  -0.317
  -1.589  -0.537  -0.418  -1.434   0.905  -0.055  -2.954   1.037   0.994  -3.136
   1.875  -0.594  -3.163   0.199  -0.397  -3.695
  -3.418   1.816   1.103  -3.054   0.822   0.860  -3.336   0.488  -0.149  -3.366
   0.181   1.668  -1.538   0.874   0.912  -0.972   1.957   0.955  -0.872  -0.284
   0.831  -1.403  -1.111   0.709   0.591  -0.423   0.839   1.003   0.416   1.441
   0.977  -1.739   1.620   2.024  -1.675   1.888   0.787  -2.661   1.046   0.377
  -1.772   2.538   1.297  -0.323  -0.546   2.524  -0.134  -0.592   0.491  -0.295
  -1.636  -0.513  -0.322  -1.446   0.970  -0.056  -2.998   1.201   1.007  -3.144
   1.897  -0.602  -3.076   0.245  -0.405  -3.737
  -3.484   1.733   1.266  -3.051   0.808   0.872  -3.376   0.578  -0.125  -3.433
  -0.015   1.476  -1.533   0.892   0.911  -0.923   1.975   1.002  -0.853  -0.276
   0.822  -1.437  -1.121   0.723   0.596  -0.362   0.855   0.983   0.439   1.495
   0.980  -1.664   1.600   2.008  -1.621   1.949   0.799  -2.544   0.988   0.351
  -1.833   2.482   1.276  -0.248  -0.532   2.495  -0.112  -0.599   0.505  -0.266
  -1.641  -0.500  -0.422  -1.502   0.993  -0.038  -2.978   1.294   1.004  -3.120
   1.782  -0.775  -3.219   0.137  -0.208  -3.654
  -3.455   1.714   1.382  -3.058   0.817   0.959  -3.353   0.645  -0.101  -3.319
  -0.032   1.566  -1.550   0.895   0.921  -0.975   1.980   0.968  -0.868  -0.259
   0.861  -1.396  -1.137   0.842   0.616  -0.364   0.847   1.092   0.442   1.455
   0.917  -1.692   1.549   1.925  -1.667   1.880   0.818  -2.496   0.838   0.241
  -1.806   2.394   1.267  -0.239  -0.542   2.490  -0.105  -0.606   0.483  -0.298
  -1.634  -0.503  -0.454  -1.513   0.998  -0.067  -2.952   1.321   0.977  -3.078
   1.880  -0.675  -3.097   0.206  -0.291  -3.689
  -3.421   1.746   1.400  -3.025   0.836   0.915  -3.379   0.712  -0.134  -3.363
  -0.028   1.499  -1.528   0.863   0.925  -0.944   1.941   0.984  -0.855  -0.248
   0.842  -1.402  -1.089   0.882   0.605  -0.405   0.852   1.089   0.382   1.481
   0.917  -1.759   1.514   1.984  -1.856   1.714   0.575  -2.579   0.861   0.396
  -1.751   2.492   1.229  -0.271  -0.532   2.451  -0.102  -0.635   0.481  -0.377
  -1.650  -0.520  -0.441  -1.494   1.062  -0.139  -2.962   1.432   0.916  -2.996
   1.903  -0.855  -3.163   0.259  -0.402  -3.710
  -3.480   1.624   1.498  -3.033   0.803   0.923  -3.437   0.771  -0.085  -3.351
  -0.111   1.479  -1.522   0.882   0.935  -0.990   1.989   0.986  -0.870  -0.296
   0.904  -1.473  -1.137   0.839   0.595  -0.462   0.865   1.023   0.333   1.493
   0.931  -1.806   1.443   2.021  -1.845   1.607   0.552  -2.581   0.803   0.452
  -1.910   2.356   1.243  -0.318  -0.530   2.450  -0.100  -0.589   0.476  -0.378
  -1.622  -0.506  -0.650  -1.522   1.010  -0.217  -2.998   1.384   0.844  -3.122
   1.800  -0.928  -3.118   0.236  -0.348  -3.722
  -3.408   1.748   1.301  -2.985   0.814   0.899  -3.353   0.654  -0.097  -3.346
   0.010   1.512  -1.474   0.867   0.899  -0.881   1.924   1.037  -0.855  -0.303
   0.933  -1.420  -1.110   0.884   0.573  -0.499   0.865   1.040   0.198   1.533
   0.889  -1.829   1.474   1.962  -1.887   1.553   0.501  -2.618   0.793   0.425
  -1.899   2.474   1.262  -0.313  -0.519   2.474  -0.122  -0.582   0.514  -0.435
  -1.638  -0.514  -0.599  -1.551   0.979  -0.193  -2.992   1.366   0.808  -3.080
   1.783  -0.876  -3.248   0.195  -0.353  -3.735
  -3.343   1.813   1.321  -2.928   0.828   1.036  -3.285   0.580   0.041  -3.235
   0.093   1.780  -1.417   0.908   0.990  -0.850   2.003   0.995  -0.829  -0.262
   0.844  -1.391  -1.108   0.954   0.605  -0.450   0.801   1.046   0.275   1.452
   0.886  -1.813   1.483   1.968  -2.027   1.570   0.382  -2.636   0.947   0.493
  -1.854   2.488   1.258  -0.404  -0.550   2.494  -0.149  -0.636   0.485  -0.510
  -1.672  -0.490  -0.729  -1.593   0.973  -0.291  -2.987   1.304   0.722  -3.109
   1.746  -0.972  -3.281   0.105  -0.423  -3.682
  -3.339   1.841   1.488  -2.929   0.897   1.081  -3.356   0.735   0.094  -3.263
   0.088   1.698  -1.426   0.943   1.030  -0.836   2.015   1.024  -0.849  -0.229
   0.911  -1.454  -1.025   0.922   0.596  -0.488   0.851   1.124   0.224   1.493
   0.875  -1.835   1.532   1.957  -1.927   1.540   0.560  -2.686   0.909   0.417
  -1.926   2.529   1.280  -0.399  -0.529   2.496  -0.097  -0.634   0.529  -0.553
  -1.644  -0.449  -0.844  -1.525   1.019  -0.391  -3.013   1.576   0.550  -3.143
   1.533  -1.284  -3.312   0.145  -0.261  -3.638
  -3.361   1.726   1.589  -3.001   0.819   1.103  -3.414   0.584   0.117  -3.224
  -0.001   1.805  -1.484   0.904   0.991  -0.923   2.007   1.020  -0.828  -0.280
   0.893  -1.379  -1.152   0.987   0.633  -0.429   0.870   0.988   0.420   1.479
   0.945  -1.813   1.471   2.012  -1.934   1.586   0.502  -2.614   0.865   0.530
  -1.884   2.474   1.250  -0.298  -0.523   2.454  -0.110  -0.646   0.478  -0.513
  -1.601  -0.506  -0.725  -1.409   0.963  -0.409  -2.969   1.671   0.407  -3.041
   1.474  -1.330  -3.261   0.119  -0.293  -3.626
  -3.476   1.692   1.231  -2.981   0.737   1.091  -3.380   0.314   0.178  -3.159
   0.030   1.851  -1.482   0.825   0.993  -0.907   1.919   0.962  -0.840  -0.316
   0.875  -1.423  -1.150   0.902   0.627  -0.455   0.881   1.057   0.337   1.473
   0.958  -1.783   1.518   2.038  -1.887   1.598   0.641  -2.634   0.866   0.507
  -1.804   2.502   1.268  -0.334  -0.512   2.494  -0.140  -0.659   0.503  -0.569
  -1.578  -0.453  -0.681  -1.352   0.923  -0.387  -2.958   1.581   0.462  -3.061
   1.514  -1.172  -3.312   0.069  -0.191  -3.629
  -3.391   1.705   1.282  -2.967   0.745   1.058  -3.360   0.345   0.163  -3.227
   0.121   1.907  -1.468   0.837   0.950  -0.897   1.927   0.959  -0.809  -0.320
   0.920  -1.364  -1.174   0.933   0.657  -0.485   0.905   1.134   0.292   1.445
   0.998  -1.806   1.614   2.074  -1.898   1.777   0.723  -2.634   0.950   0.475
  -1.893   2.597   1.255  -0.336  -0.526   2.456  -0.057  -0.601   0.464  -0.567
  -1.594  -0.530  -0.795  -1.411   0.890  -0.548  -2.990   1.555   0.303  -3.102
   1.433  -1.446  -3.266   0.007  -0.419  -3.639
  -3.273   1.749   1.259  -2.993   0.728   1.017  -3.283   0.398   0.023  -3.305
   0.059   1.833  -1.505   0.830   1.016  -0.960   1.939   0.983  -0.824  -0.324
   1.032  -1.396  -1.193   0.926   0.647  -0.442   0.979   1.065   0.324   1.619
   0.958  -1.768   1.604   2.022  -1.874   1.831   0.580  -2.541   0.968   0.460
  -1.843   2.572   1.269  -0.258  -0.476   2.495   0.002  -0.613   0.482  -0.488
  -1.581  -0.487  -0.713  -1.364   0.928  -0.488  -2.983   1.631   0.361  -3.090
   1.382  -1.406  -3.280   0.060  -0.361  -3.633
  -3.374   1.728   1.422  -2.987   0.779   1.034  -3.277   0.580   0.023  -3.413
   0.000   1.683  -1.465   0.846   1.031  -0.967   1.952   1.048  -0.817  -0.305
   0.949  -1.365  -1.159   0.931   0.662  -0.427   0.950   1.098   0.284   1.592
   1.003  -1.819   1.524   2.074  -1.908   1.787   0.773  -2.569   0.782   0.396
  -1.983   2.454   1.279  -0.253  -0.477   2.477   0.046  -0.588   0.491  -0.445
  -1.507  -0.487  -0.579  -1.265   0.938  -0.481  -2.911   1.425   0.446  -3.172
   1.678  -1.276  -2.980   0.140  -0.708  -3.649
  -3.421   1.810   1.317  -3.020   0.810   1.060  -3.428   0.587   0.072  -3.406
   0.027   1.709  -1.507   0.862   1.062  -0.930   1.987   1.144  -0.863  -0.316
   0.959  -1.401  -1.150   0.736   0.648  -0.444   0.949   1.069   0.318   1.561
   1.028  -1.819   1.453   2.097  -1.897   1.677   0.793  -2.604   0.747   0.515
  -1.990   2.417   1.258  -0.209  -0.473   2.457   0.043  -0.565   0.417  -0.397
  -1.538  -0.551  -0.691  -1.347   0.896  -0.516  -2.950   1.404   0.426  -3.260
   1.672  -1.325  -3.086   0.103  -0.733  -3.665
  -3.437   1.702   1.336  -3.001   0.766   1.046  -3.359   0.450   0.057  -3.323
   0.044   1.752  -1.480   0.857   1.037  -0.894   1.960   1.088  -0.855  -0.314
   0.865  -1.377  -1.175   0.862   0.614  -0.452   0.897   1.041   0.297   1.588
   1.004  -1.872   1.426   2.073  -2.032   1.452   0.550  -2.611   0.782   0.689
  -2.015   2.457   1.215  -0.162  -0.481   2.402   0.181  -0.533   0.499  -0.443
  -1.557  -0.435  -0.669  -1.354   0.909  -0.469  -2.935   1.377   0.471  -3.365
   1.693  -1.220  -3.062   0.100  -0.729  -3.632
  -3.364   1.731   1.092  -2.944   0.743   0.900  -3.224   0.356  -0.076  -3.329
   0.038   1.661  -1.481   0.817   0.998  -0.945   1.932   1.040  -0.831  -0.345
   0.867  -1.365  -1.171   0.706   0.662  -0.444   0.887   1.072   0.216   1.687
   1.012  -1.883   1.338   2.140  -1.977   1.344   0.578  -2.655   0.678   0.755
  -2.067   2.391   1.262  -0.161  -0.493   2.441   0.278  -0.542   0.453  -0.398
  -1.557  -0.514  -0.697  -1.356   0.909  -0.481  -2.911   1.470   0.416  -3.162
   1.554  -1.267  -3.056   0.024  -0.630  -3.521
  -3.466   1.706   1.062  -3.050   0.732   0.909  -3.305   0.388  -0.075  -3.428
   0.054   1.676  -1.525   0.865   0.983  -0.941   1.940   1.062  -0.830  -0.265
   0.941  -1.378  -1.082   1.028   0.610  -0.443   0.880   1.027   0.195   1.623
   0.969  -1.848   1.316   2.083  -1.938   1.442   0.641  -2.576   0.589   0.449
  -2.112   2.273   1.215  -0.162  -0.501   2.376   0.275  -0.586   0.435  -0.416
  -1.580  -0.530  -0.748  -1.394   0.921  -0.456  -2.986   1.739   0.257  -3.097
   1.269  -1.475  -3.248   0.067  -0.250  -3.618
  -3.387   1.803   0.871  -3.005   0.787   0.798  -3.302   0.407  -0.174  -3.430
   0.109   1.517  -1.478   0.857   0.964  -0.883   1.943   0.989  -0.831  -0.327
   1.000  -1.325  -1.181   1.110   0.588  -0.464   0.901   1.034   0.204   1.657
   0.976  -1.902   1.368   2.066  -1.968   1.294   0.508  -2.629   0.717   0.706
  -2.022   2.410   1.177  -0.093  -0.452   2.310   0.344  -0.561   0.409  -0.466
  -1.503  -0.548  -0.762  -1.318   0.834  -0.474  -2.931   1.495   0.405  -3.164
   1.311  -1.403  -3.186  -0.066  -0.461  -3.534
  -3.311   1.880   0.898  -2.958   0.823   0.864  -3.362   0.416  -0.082  -3.428
   0.328   1.737  -1.449   0.845   0.947  -0.882   1.925   0.963  -0.832  -0.330
   0.970  -1.378  -1.120   0.775   0.615  -0.524   0.920   0.955   0.086   1.774
   0.941  -1.978   1.366   1.993  -2.058   1.422   0.676  -2.674   0.584   0.450
  -2.243   2.283   1.173  -0.109  -0.475   2.340   0.264  -0.555   0.392  -0.385
  -1.557  -0.545  -0.748  -1.384   0.901  -0.459  -2.941   1.605   0.366  -3.186
   1.387  -1.465  -3.084   0.113  -0.389  -3.646
  -3.193   1.899   0.815  -2.930   0.853   0.888  -3.166   0.367  -0.026  -3.379
   0.242   1.720  -1.447   0.841   0.943  -0.871   1.913   0.972  -0.825  -0.347
   0.949  -1.382  -1.187   0.931   0.625  -0.572   0.957   1.123   0.091   1.695
   0.976  -1.989   1.362   2.015  -1.997   1.532   0.630  -2.697   0.586   0.448
  -2.171   2.307   1.200  -0.223  -0.414   2.328   0.296  -0.493   0.433  -0.435
  -1.526  -0.522  -0.758  -1.277   0.859  -0.392  -2.940   1.703   0.279  -3.051
   1.179  -1.400  -3.214  -0.014  -0.168  -3.538
  -3.305   1.909   1.105  -2.978   0.834   0.937  -3.266   0.548  -0.067  -3.414
   0.277   1.710  -1.438   0.830   0.955  -0.820   1.872   1.008  -0.862  -0.360
   1.056  -1.379  -1.228   1.108   0.606  -0.543   0.964   1.158   0.117   1.697
   0.910  -1.992   1.405   2.010  -2.072   1.428   0.552  -2.649   0.604   0.425
  -2.117   2.339   1.222  -0.277  -0.428   2.275   0.376  -0.472   0.453  -0.507
  -1.488  -0.430  -0.901  -1.268   0.885  -0.394  -2.907   1.611   0.374  -3.119
   1.174  -1.373  -3.290  -0.010  -0.109  -3.503
  -3.229   1.819   1.340  -2.965   0.821   1.006  -3.381   0.643   0.035  -3.294
   0.039   1.688  -1.451   0.789   1.006  -0.836   1.833   0.983  -0.870  -0.382
   1.113  -1.377  -1.243   1.216   0.613  -0.541   1.041   1.111   0.184   1.693
   0.964  -1.990   1.436   2.022  -2.153   1.449   0.516  -2.716   0.723   0.661
  -2.218   2.439   1.144  -0.174  -0.368   2.292   0.308  -0.498   0.434  -0.457
  -1.487  -0.501  -0.855  -1.307   0.950  -0.401  -2.895   1.862   0.235  -2.956
   1.230  -1.396  -3.170   0.297   0.011  -3.650
  -3.159   1.904   1.247  -2.906   0.866   1.040  -3.121   0.514   0.009  -3.376
   0.210   1.807  -1.399   0.778   1.118  -0.799   1.842   1.055  -0.886  -0.434
   1.104  -1.482  -1.240   1.075   0.541  -0.548   0.962   0.982   0.215   1.623
   0.959  -1.988   1.394   1.983  -2.232   1.162   0.304  -2.733   0.897   0.935
  -2.032   2.484   1.127  -0.195  -0.409   2.247   0.381  -0.457   0.444  -0.466
  -1.538  -0.431  -0.966  -1.421   1.046  -0.395  -2.894   1.904   0.267  -2.867
   1.432  -1.383  -3.197   0.283  -0.064  -3.551
  -3.345   1.900   1.024  -2.996   0.879   0.993  -3.369   0.374   0.084  -3.363
   0.305   1.854  -1.494   0.814   1.069  -0.894   1.899   1.159  -0.893  -0.403
   1.159  -1.495  -1.181   1.240   0.569  -0.597   0.957   1.030   0.097   1.639
   1.033  -2.000   1.347   2.164  -2.192   1.398   0.616  -2.767   0.698   0.667
  -2.275   2.335   1.116  -0.240  -0.429   2.200   0.422  -0.418   0.445  -0.476
  -1.556  -0.508  -0.878  -1.535   1.157  -0.329  -2.840   2.050   0.341  -2.741
   1.493  -1.369  -3.066   0.487   0.152  -3.498
  -3.310   1.848   1.126  -2.946   0.796   1.004  -3.224   0.362   0.024  -3.297
   0.159   1.785  -1.456   0.827   1.088  -0.823   1.875   1.200  -0.874  -0.394
   1.034  -1.451  -1.183   1.079   0.562  -0.620   0.972   0.960   0.107   1.728
   0.918  -2.068   1.345   1.992  -2.144   1.374   0.539  -2.741   0.561   0.522
  -2.382   2.309   1.087  -0.180  -0.408   2.188   0.448  -0.429   0.422  -0.474
  -1.553  -0.462  -0.986  -1.466   1.064  -0.296  -2.930   1.924   0.366  -2.854
   1.318  -1.222  -3.345   0.273   0.107  -3.503
  -3.412   1.777   1.201  -2.972   0.789   1.045  -3.291   0.393   0.064  -3.286
   0.086   1.847  -1.489   0.798   1.077  -0.839   1.851   1.185  -0.857  -0.362
   1.003  -1.396  -1.173   0.877   0.592  -0.570   1.017   1.004   0.040   1.814
   0.926  -2.041   1.333   2.004  -2.055   1.653   0.788  -2.644   0.425   0.371
  -2.396   2.213   1.135  -0.110  -0.383   2.228   0.556  -0.404   0.514  -0.533
  -1.529  -0.445  -1.005  -1.528   1.026  -0.231  -2.881   2.032   0.158  -2.797
   1.054  -1.143  -3.530   0.418   0.504  -3.389
  -3.325   1.848   1.195  -3.003   0.798   0.995  -3.388   0.505  -0.002  -3.458
   0.188   1.750  -1.519   0.738   1.051  -0.898   1.787   1.103  -0.935  -0.475
   1.036  -1.437  -1.351   1.069   0.542  -0.568   0.958   0.865   0.128   1.688
   0.868  -2.003   1.358   1.920  -2.040   1.599   0.688  -2.733   0.590   0.350
  -2.233   2.247   1.155  -0.133  -0.395   2.206   0.511  -0.420   0.549  -0.460
  -1.541  -0.242  -1.059  -1.420   1.007  -0.091  -2.873   2.058  -0.119  -2.936
   0.600  -0.785  -3.612   0.631   0.880  -3.130
  -3.370   1.802   1.351  -3.064   0.844   0.960  -3.297   0.718  -0.095  -3.587
   0.086   1.521  -1.552   0.778   1.129  -0.929   1.838   1.219  -0.924  -0.386
   0.996  -1.483  -1.157   0.590   0.527  -0.494   0.996   0.850   0.125   1.805
   0.829  -1.973   1.357   1.947  -2.088   1.359   0.531  -2.643   0.577   0.296
  -2.274   2.278   1.118   0.009  -0.333   2.198   0.549  -0.335   0.524  -0.327
  -1.502  -0.314  -0.875  -1.437   1.098  -0.103  -2.871   2.128   0.085  -2.773
   0.834  -0.881  -3.585   0.645   0.836  -3.234
  -3.417   1.817   1.392  -3.009   0.879   1.023  -3.427   0.602   0.043  -3.371
   0.091   1.678  -1.541   0.859   1.065  -0.882   1.857   1.231  -0.967  -0.328
   1.018  -1.590  -1.101   0.907   0.479  -0.535   0.950   0.795   0.145   1.751
   0.879  -1.971   1.312   1.978  -2.089   1.376   0.440  -2.637   0.573   0.475
  -2.292   2.315   1.115  -0.089  -0.429   2.180   0.577  -0.329   0.535  -0.397
  -1.540  -0.354  -0.849  -1.449   1.054  -0.151  -2.881   2.050   0.102  -2.810
   0.937  -1.008  -3.470   0.476   0.703  -3.276
  -3.333   1.751   1.524  -3.013   0.850   1.054  -3.351   0.858   0.063  -3.408
   0.084   1.736  -1.489   0.852   1.072  -0.825   1.867   1.220  -0.914  -0.358
   0.972  -1.503  -1.191   0.850   0.529  -0.565   0.953   1.010  -0.062   1.765
   0.778  -2.025   1.207   1.803  -2.110   1.599   0.766  -2.670   0.305   0.116
  -2.501   1.922   1.123  -0.060  -0.405   2.143   0.624  -0.302   0.478  -0.336
  -1.572  -0.407  -0.875  -1.509   1.064  -0.058  -2.905   2.144   0.103  -2.911
   0.721  -0.910  -3.487   0.544   0.816  -3.303
  -3.468   1.861   1.299  -3.092   0.849   1.069  -3.421   0.451   0.146  -3.408
   0.144   1.783  -1.548   0.875   1.152  -0.967   1.942   1.308  -0.928  -0.283
   0.911  -1.491  -1.097   0.688   0.504  -0.504   0.912   0.916   0.070   1.750
   0.833  -2.011   1.252   1.913  -2.086   1.472   0.566  -2.680   0.410   0.329
  -2.465   2.076   1.173  -0.046  -0.381   2.254   0.521  -0.378   0.565  -0.353
  -1.527  -0.346  -0.845  -1.498   1.105  -0.075  -2.933   2.240  -0.125  -2.892
   0.797  -0.936  -3.514   0.733   0.889  -3.299
  -3.418   1.836   1.396  -3.057   0.836   1.094  -3.464   0.502   0.164  -3.389
   0.130   1.866  -1.604   0.849   1.134  -0.993   1.948   1.303  -1.010  -0.326
   0.854  -1.526  -1.196   0.898   0.463  -0.475   0.932   0.800   0.187   1.698
   0.778  -1.918   1.333   1.803  -2.012   1.520   0.582  -2.601   0.506   0.292
  -2.181   2.252   1.214  -0.047  -0.395   2.314   0.568  -0.365   0.620  -0.374
  -1.558  -0.247  -0.863  -1.591   1.185   0.044  -2.854   2.297  -0.092  -2.921
   0.615  -0.506  -3.601   0.908   1.063  -3.055
  -3.429   1.788   1.556  -3.087   0.817   1.174  -3.517   0.579   0.176  -3.440
   0.110   1.981  -1.581   0.843   1.090  -1.017   1.875   1.365  -1.012  -0.335
   0.824  -1.537  -1.062   0.506   0.472  -0.474   0.937   0.893   0.118   1.773
   0.684  -1.968   1.232   1.766  -2.082   1.438   0.360  -2.594   0.330   0.162
  -2.214   2.181   1.176  -0.022  -0.350   2.252   0.553  -0.265   0.637  -0.375
  -1.554  -0.173  -0.898  -1.555   1.195  -0.030  -2.890   2.285  -0.084  -2.844
   0.744  -0.604  -3.672   0.913   1.010  -3.082
  -3.554   1.687   1.429  -3.113   0.694   1.167  -3.406   0.435   0.159  -3.346
  -0.007   1.929  -1.594   0.778   1.122  -1.036   1.870   1.262  -0.982  -0.357
   0.838  -1.551  -1.150   0.554   0.435  -0.514   0.911   0.725   0.136   1.702
   0.741  -2.022   1.297   1.837  -2.126   1.552   0.488  -2.741   0.494   0.123
  -2.362   2.148   1.198  -0.006  -0.352   2.226   0.648  -0.243   0.638  -0.337
  -1.523  -0.265  -0.801  -1.529   1.108  -0.038  -2.828   2.189  -0.139  -2.854
   0.707  -0.701  -3.619   0.896   0.966  -3.083
  -3.499   1.603   1.658  -3.150   0.672   1.190  -3.637   0.511   0.212  -3.349
  -0.112   1.836  -1.616   0.718   1.108  -1.076   1.770   1.353  -1.022  -0.425
   0.850  -1.572  -1.259   0.688   0.462  -0.507   0.965   0.731   0.042   1.863
   0.739  -2.002   1.264   1.772  -2.298   1.513   0.406  -2.603   0.396   0.100
  -2.319   2.138   1.236   0.010  -0.317   2.234   0.758  -0.249   0.684  -0.389
  -1.455  -0.145  -0.855  -1.321   1.110  -0.150  -2.807   2.207  -0.095  -2.898
   0.764  -0.985  -3.477   0.714   0.788  -3.076
  -3.527   1.734   1.440  -3.177   0.697   1.209  -3.582   0.307   0.275  -3.476
   0.016   1.990  -1.662   0.758   1.163  -1.055   1.822   1.442  -0.999  -0.372
   0.892  -1.529  -1.220   0.724   0.462  -0.479   0.973   0.821   0.038   1.840
   0.699  -1.993   1.266   1.743  -2.236   1.337   0.196  -2.631   0.590   0.137
  -2.267   2.174   1.228   0.004  -0.301   2.163   0.715  -0.162   0.721  -0.418
  -1.440  -0.039  -1.016  -1.420   1.220  -0.186  -2.792   2.300   0.074  -2.781
   1.177  -1.053  -3.453   0.675   0.652  -3.220
  -3.496   1.666   1.509  -3.093   0.686   1.159  -3.432   0.443   0.179  -3.382
   0.007   1.907  -1.604   0.783   1.080  -1.065   1.809   1.440  -0.982  -0.355
   0.850  -1.508  -1.168   0.686   0.449  -0.551   0.947   0.793   0.086   1.767
   0.753  -1.994   1.275   1.793  -2.236   1.219   0.228  -2.580   0.529   0.533
  -2.188   2.319   1.196  -0.016  -0.284   2.129   0.792  -0.195   0.708  -0.501
  -1.446   0.002  -1.239  -1.364   1.312  -0.256  -2.802   2.214   0.279  -2.719
   1.547  -1.203  -3.355   0.634   0.332  -3.335
  -3.407   1.659   1.460  -3.028   0.705   1.121  -3.365   0.572   0.059  -3.383
   0.040   1.891  -1.566   0.800   1.239  -1.015   1.900   1.510  -0.957  -0.309
   0.925  -1.558  -1.069   0.704   0.508  -0.523   1.002   0.923  -0.014   1.865
   0.746  -1.976   1.301   1.831  -2.132   1.131   0.269  -2.660   0.556   0.389
  -2.264   2.296   1.215  -0.012  -0.285   2.112   0.833  -0.236   0.725  -0.431
  -1.465  -0.133  -0.935  -1.446   1.320  -0.297  -2.795   2.156   0.387  -2.851
   1.593  -1.214  -3.228   0.613   0.220  -3.535
  -3.527   1.661   1.450  -3.088   0.693   1.214  -3.399   0.396   0.185  -3.369
  -0.063   1.948  -1.564   0.840   1.180  -0.989   1.895   1.468  -0.956  -0.283
   0.890  -1.558  -1.044   0.698   0.468  -0.390   0.985   0.864   0.165   1.826
   0.761  -1.848   1.245   1.867  -2.045   0.997   0.300  -2.538   0.494   0.519
  -2.241   2.213   1.137   0.061  -0.288   2.123   0.755  -0.209   0.656  -0.409
  -1.470  -0.171  -0.988  -1.386   1.241  -0.287  -2.779   2.290   0.008  -2.555
   1.277  -1.327  -3.236   0.678   0.332  -3.392
  -3.582   1.711   1.376  -3.101   0.774   1.181  -3.444   0.490   0.178  -3.476
   0.079   1.927  -1.607   0.892   1.220  -1.025   1.898   1.673  -0.957  -0.278
   0.958  -1.522  -1.127   0.995   0.484  -0.452   0.991   0.926   0.116   1.851
   0.762  -1.945   1.277   1.784  -2.266   1.034   0.110  -2.499   0.617   0.519
  -2.252   2.307   1.178   0.038  -0.341   2.134   0.805  -0.330   0.601  -0.297
  -1.477  -0.231  -0.879  -1.329   1.298  -0.240  -2.825   2.304   0.145  -2.758
   1.363  -1.213  -3.329   0.689   0.332  -3.578
  -3.372   1.879   1.253  -3.052   0.871   1.175  -3.368   0.550   0.128  -3.325
   0.316   2.036  -1.552   0.876   1.226  -0.957   1.932   1.606  -0.981  -0.318
   0.979  -1.472  -1.185   0.828   0.457  -0.454   0.975   0.802   0.139   1.868
   0.811  -1.920   1.225   1.883  -2.079   1.179   0.410  -2.445   0.447   0.435
  -2.120   2.208   1.111   0.112  -0.344   2.111   0.801  -0.253   0.528  -0.302
  -1.496  -0.234  -0.886  -1.390   1.258  -0.268  -2.805   2.269   0.116  -2.727
   1.337  -1.318  -3.240   0.611   0.290  -3.537
  -3.407   1.843   0.643  -3.080   0.957   1.231  -3.424   0.048   0.700  -3.427
   1.034   2.226  -1.548   0.929   1.287  -0.928   1.938   1.547  -0.985  -0.217
   0.986  -1.587  -1.019   0.871   0.516  -0.431   0.984   0.872   0.101   1.841
   0.857  -1.872   1.259   1.931  -1.989   1.465   0.512  -2.486   0.451   0.359
  -2.123   2.160   1.217   0.114  -0.317   2.250   0.765  -0.276   0.608  -0.304
  -1.446  -0.358  -0.681  -1.363   1.200  -0.387  -2.789   2.239  -0.126  -2.801
   0.944  -1.269  -3.328   0.685   0.405  -3.300
  -3.405   1.771   0.757  -3.060   0.852   1.180  -3.376   0.094   0.445  -3.656
   0.629   2.139  -1.544   0.835   1.280  -0.961   1.893   1.623  -0.891  -0.287
   0.942  -1.387  -1.158   0.804   0.567  -0.384   0.979   0.955   0.215   1.702
   0.862  -1.888   1.274   1.838  -2.067   1.703   0.817  -2.503   0.391   0.172
  -2.314   1.998   1.305   0.025  -0.348   2.327   0.751  -0.371   0.683  -0.374
  -1.460  -0.247  -0.761  -1.347   1.127  -0.413  -2.854   2.173  -0.238  -2.968
   0.927  -1.431  -3.233   0.548   0.317  -3.420
  -3.323   1.846   1.066  -2.954   0.840   1.191  -3.289   0.153   0.434  -3.390
   0.631   2.220  -1.475   0.863   1.283  -0.844   1.894   1.627  -0.889  -0.276
   0.935  -1.483  -1.051   0.775   0.556  -0.313   0.985   0.960   0.335   1.816
   0.816  -1.744   1.327   1.836  -1.803   1.569   0.639  -2.473   0.542   0.263
  -2.125   2.235   1.218   0.123  -0.363   2.252   0.821  -0.321   0.684  -0.477
  -1.433  -0.207  -0.955  -1.281   1.126  -0.485  -2.832   2.204  -0.525  -2.979
   0.624  -1.325  -3.347   0.699   0.337  -3.457
  -3.291   1.890   1.105  -2.990   0.876   1.220  -3.354   0.201   0.381  -3.412
   0.404   2.166  -1.519   0.880   1.306  -0.928   1.945   1.612  -0.909  -0.269
   0.945  -1.481  -1.083   0.723   0.563  -0.366   0.930   0.882   0.342   1.687
   0.881  -1.792   1.335   1.966  -1.916   1.477   0.565  -2.471   0.466   0.440
  -2.082   2.260   1.260   0.091  -0.396   2.308   0.736  -0.378   0.667  -0.340
  -1.526  -0.241  -0.699  -1.364   1.101  -0.432  -2.917   2.130  -0.822  -2.945
   0.489  -1.132  -3.474   1.024   0.656  -3.321
  -3.459   1.915   1.346  -3.003   0.866   1.297  -3.322   0.464   0.347  -3.393
   0.265   2.128  -1.490   0.896   1.307  -0.868   1.905   1.569  -0.870  -0.208
   0.993  -1.474  -0.973   0.874   0.597  -0.359   0.928   1.030   0.329   1.693
   0.947  -1.774   1.316   2.064  -1.952   1.363   0.373  -2.542   0.770   0.786
  -1.724   2.356   1.214  -0.001  -0.443   2.226   0.723  -0.463   0.580  -0.421
  -1.535  -0.337  -0.857  -1.371   0.972  -0.397  -2.930   2.030  -0.623  -2.913
   0.378  -1.036  -3.545   0.829   0.658  -3.244
  -3.393   1.879   1.273  -2.980   0.859   1.121  -3.195   0.387   0.184  -3.235
   0.205   1.924  -1.430   0.984   1.250  -0.843   1.997   1.676  -0.802  -0.168
   1.131  -1.372  -0.976   0.918   0.576  -0.385   0.967   1.049   0.258   1.702
   0.809  -1.819   1.389   1.880  -1.926   1.274   0.252  -2.573   0.763   0.428
  -1.852   2.436   1.208   0.002  -0.388   2.311   0.665  -0.463   0.507  -0.404
  -1.472  -0.364  -0.897  -1.354   1.007  -0.348  -2.926   1.948  -0.905  -3.037
   0.319  -0.770  -3.673   1.186   0.703  -3.155
  -3.531   1.728   1.140  -3.011   0.770   1.152  -3.110   0.252   0.186  -3.469
   0.093   1.930  -1.470   0.993   1.336  -0.877   2.046   1.649  -0.823  -0.105
   1.064  -1.323  -0.934   1.055   0.602  -0.244   1.018   0.991   0.394   1.782
   0.820  -1.720   1.473   1.881  -2.051   1.477   0.238  -2.385   0.878   0.524
  -1.845   2.515   1.208  -0.004  -0.383   2.285   0.650  -0.467   0.463  -0.340
  -1.456  -0.423  -0.830  -1.194   0.953  -0.276  -2.873   1.753  -0.976  -3.013
   0.178  -0.632  -3.611   1.357   0.704  -3.088
  -3.532   1.684   1.521  -3.049   0.798   1.282  -3.268   0.431   0.247  -3.306
   0.017   2.017  -1.574   1.031   1.342  -1.037   2.072   1.695  -0.887  -0.038
   0.943  -1.370  -0.966   0.928   0.573  -0.213   1.055   1.032   0.405   1.779
   0.829  -1.705   1.349   1.877  -1.934   1.235   0.279  -2.374   0.690   0.476
  -1.895   2.351   1.161   0.063  -0.348   2.283   0.622  -0.485   0.424  -0.261
  -1.410  -0.504  -0.600  -1.280   0.866  -0.282  -2.813   1.835  -0.739  -2.860
   0.217  -0.938  -3.486   0.821   0.710  -3.200
  -3.570   1.899   1.416  -3.112   0.918   1.322  -3.417   0.263   0.486  -3.451
   0.481   2.231  -1.622   1.055   1.328  -1.111   2.063   1.823  -0.972  -0.035
   1.050  -1.556  -0.908   0.918   0.489  -0.214   1.080   0.899   0.476   1.850
   0.731  -1.677   1.510   1.842  -1.835   1.438   0.307  -2.417   0.788   0.340
  -1.817   2.488   1.091   0.092  -0.311   2.153   0.677  -0.423   0.438  -0.237
  -1.437  -0.466  -0.595  -1.319   0.916  -0.229  -2.777   1.793  -0.786  -2.799
   0.209  -0.620  -3.535   1.161   0.849  -2.961
  -3.525   2.013   1.321  -3.181   0.976   1.352  -3.544   0.463   0.425  -3.559
   0.378   2.222  -1.610   1.028   1.406  -0.970   1.953   1.862  -0.968  -0.083
   1.025  -1.572  -0.759   0.551   0.505  -0.220   1.113   0.880   0.518   1.865
   0.771  -1.679   1.534   1.781  -1.959   1.192  -0.027  -2.311   1.027   0.650
  -1.787   2.649   1.095   0.032  -0.291   2.127   0.732  -0.353   0.491  -0.391
  -1.420  -0.225  -1.060  -1.252   0.982  -0.118  -2.808   1.835  -0.767  -2.997
   0.146  -0.286  -3.450   1.406   0.923  -2.958
  -3.458   2.122   1.585  -3.137   1.042   1.471  -3.516   0.794   0.518  -3.700
   0.404   2.198  -1.668   0.948   1.509  -1.049   1.955   1.848  -1.037  -0.155
   1.103  -1.526  -1.028   0.830   0.439  -0.279   1.103   0.830   0.430   1.938
   0.732  -1.711   1.523   1.778  -1.943   1.299   0.030  -2.320   0.966   0.532
  -1.856   2.613   1.060   0.102  -0.258   2.190   0.642  -0.267   0.507  -0.370
  -1.353  -0.402  -0.864  -1.366   1.006  -0.040  -2.707   1.714  -0.847  -2.925
   0.181  -0.104  -3.390   1.423   0.919  -2.782
  -3.502   2.112   1.733  -3.145   1.120   1.453  -3.484   0.991   0.516  -3.641
   0.431   2.175  -1.616   1.058   1.512  -0.938   2.000   1.928  -1.028  -0.094
   1.156  -1.534  -0.856   0.798   0.474  -0.291   1.142   0.913   0.419   1.895
   0.838  -1.741   1.597   1.899  -1.804   1.342   0.346  -2.484   1.073   0.664
  -1.916   2.644   1.096   0.011  -0.215   2.221   0.469  -0.256   0.421  -0.295
  -1.352  -0.493  -0.748  -1.259   0.961  -0.186  -2.682   1.792  -0.841  -2.907
   0.162  -0.364  -3.335   1.279   0.829  -2.783
  -3.383   2.081   1.367  -3.093   1.065   1.373  -3.539   0.622   0.450  -3.492
   0.708   2.327  -1.599   1.012   1.459  -0.995   1.967   1.973  -0.983  -0.104
   1.071  -1.560  -0.883   0.743   0.497  -0.296   1.110   0.988   0.338   1.857
   0.863  -1.670   1.575   1.967  -1.847   1.702   0.547  -2.436   0.930   0.438
  -1.940   2.494   1.168  -0.130  -0.199   2.341   0.381  -0.248   0.515  -0.394
  -1.360  -0.250  -0.912  -1.246   1.094  -0.217  -2.690   2.060  -0.794  -2.865
   0.350  -0.532  -3.476   1.237   0.887  -2.766
  -3.385   2.153   1.715  -3.077   1.140   1.349  -3.403   1.036   0.365  -3.602
   0.367   2.070  -1.565   1.000   1.515  -0.940   1.905   2.101  -0.945  -0.149
   1.091  -1.543  -0.901   0.866   0.520  -0.329   1.091   0.945   0.359   1.835
   0.789  -1.746   1.548   1.878  -1.934   1.516   0.146  -2.488   1.011   0.408
  -1.788   2.540   1.211  -0.093  -0.267   2.383   0.319  -0.244   0.550  -0.336
  -1.428  -0.369  -0.707  -1.300   1.183  -0.131  -2.750   2.147  -0.700  -2.767
   0.588  -0.547  -3.542   1.400   0.884  -2.962
  -3.329   2.151   1.640  -3.078   1.204   1.297  -3.322   1.048   0.212  -3.543
   0.446   1.937  -1.618   1.000   1.505  -0.997   1.863   2.147  -1.022  -0.158
   1.165  -1.592  -0.833   0.645   0.460  -0.358   1.113   0.965   0.307   1.793
   0.890  -1.747   1.597   1.972  -1.789   1.856   0.748  -2.579   0.936   0.417
  -1.901   2.560   1.201  -0.098  -0.221   2.388   0.303  -0.195   0.617  -0.327
  -1.370  -0.375  -0.556  -1.418   1.181  -0.276  -2.785   1.991  -0.895  -2.817
   0.452  -0.404  -3.640   1.500   0.752  -2.928
  -3.362   1.971   1.506  -3.066   1.012   1.169  -3.304   0.928   0.114  -3.724
   0.415   1.797  -1.596   0.948   1.497  -0.934   1.880   2.003  -1.022  -0.182
   1.121  -1.600  -0.885   0.749   0.457  -0.434   1.139   0.980   0.151   1.890
   0.827  -1.827   1.612   1.973  -1.800   1.692   0.501  -2.532   0.835   0.364
  -1.996   2.551   1.188  -0.127  -0.195   2.330   0.375  -0.224   0.532  -0.349
  -1.378  -0.477  -0.424  -1.353   1.183  -0.312  -2.676   2.156  -0.710  -2.549
   0.659  -0.919  -3.386   1.288   0.779  -3.047
  -3.452   1.970   1.410  -3.056   0.976   1.306  -3.351   0.515   0.324  -3.538
   0.361   2.005  -1.590   0.889   1.544  -0.939   1.821   2.026  -0.977  -0.189
   1.156  -1.566  -0.955   0.796   0.428  -0.357   1.074   0.944   0.178   1.885
   0.783  -1.787   1.409   1.834  -1.707   1.625   0.585  -2.505   0.575   0.350
  -2.150   2.338   1.172  -0.057  -0.214   2.344   0.295  -0.201   0.570  -0.370
  -1.382  -0.441  -0.551  -1.353   1.288  -0.370  -2.638   2.268  -0.733  -2.579
   0.792  -1.036  -3.292   1.365   0.595  -3.176
  -3.340   1.977   1.400  -3.011   1.005   1.172  -3.290   0.749   0.115  -3.370
   0.343   1.967  -1.502   0.917   1.430  -0.849   1.860   1.932  -1.049  -0.235
   1.089  -1.643  -0.967   0.763   0.435  -0.483   1.115   0.839   0.147   1.924
   0.725  -1.937   1.498   1.792  -2.162   1.504   0.314  -2.519   0.699   0.406
  -2.188   2.486   1.221  -0.056  -0.221   2.373   0.397  -0.087   0.624  -0.380
  -1.417  -0.385  -0.662  -1.401   1.414  -0.288  -2.633   2.514  -0.294  -2.416
   1.178  -1.077  -3.300   1.198   0.723  -3.041
  -3.340   2.056   1.335  -3.012   1.104   1.136  -3.333   0.894   0.121  -3.544
   0.340   1.798  -1.480   0.950   1.306  -0.913   1.889   1.895  -0.939  -0.267
   1.058  -1.528  -1.002   0.611   0.552  -0.523   1.158   0.942   0.044   2.070
   0.757  -1.966   1.432   1.811  -2.262   1.248   0.263  -2.552   0.669   0.407
  -2.220   2.477   1.276  -0.119  -0.173   2.370   0.478  -0.147   0.707  -0.380
  -1.352  -0.196  -0.855  -1.428   1.475  -0.204  -2.653   2.564  -0.277  -2.590
   1.224  -1.094  -3.285   1.187   0.701  -3.187
  -3.222   2.042   1.413  -2.941   1.041   1.166  -3.223   0.871   0.099  -3.443
   0.339   1.753  -1.423   0.945   1.343  -0.764   1.907   1.780  -0.914  -0.196
   1.053  -1.659  -0.842   0.739   0.525  -0.471   1.166   0.984   0.150   1.910
   0.714  -2.020   1.424   1.753  -2.285   1.216   0.035  -2.624   0.766   0.495
  -2.352   2.419   1.303  -0.129  -0.172   2.441   0.346  -0.119   0.736  -0.374
  -1.323  -0.265  -0.444  -1.299   1.413  -0.354  -2.661   2.436  -0.451  -2.425
   1.053  -1.144  -3.261   1.274   0.602  -3.186
  -3.230   1.889   1.600  -2.915   0.968   1.076  -3.161   0.871   0.044  -3.409
   0.137   1.640  -1.406   0.988   1.374  -0.834   1.967   1.767  -0.821  -0.186
   1.225  -1.380  -0.926   0.863   0.562  -0.505   1.209   1.132   0.007   1.944
   0.622  -1.988   1.530   1.650  -2.334   1.325  -0.070  -2.446   0.772   0.286
  -2.229   2.462   1.319  -0.151  -0.088   2.451   0.265  -0.121   0.707  -0.373
  -1.241  -0.215  -0.741  -1.215   1.385  -0.385  -2.531   2.451  -0.537  -2.293
   1.031  -1.358  -2.972   1.271   0.421  -3.147
