default_name                                                                    
   22  0.2000000E+02
  -4.0162956   0.3334189   0.3263111  -3.1540165   0.9441654   0.4570990
  -3.0755265   1.1193704   1.5064794  -3.2960337   1.8701002  -0.1139619
  -1.9777352   0.1745141  -0.0135420  -1.9687843  -0.4002405  -1.1005343
  -0.9792504   0.0901997   0.8888498  -1.0425275   0.5328062   1.7521986
   0.3042323  -0.6630715   0.6388970   0.8672820  -0.1414832   1.3977282
   0.1717765  -2.0411522   1.0667266   1.0835181  -2.5306917   0.9863597
  -0.6490129  -2.6063217   0.5737027  -0.1259893  -2.0038037   2.1096427
   1.0807270  -0.5499677  -0.6867987   1.5457187  -1.5703574  -1.2296099
   1.2262021   0.6564682  -1.2584453   0.9158168   1.4377517  -0.7087689
   1.7938251   0.8972968  -2.6466096   1.5945529   0.0932657  -3.2383212
   1.4545382   1.8502541  -3.1179099   2.8894549   0.8204898  -2.6190909
  -0.0003461  -0.4442552   0.6096357  -0.2777422  -0.4267793  -0.1000242
  -0.1969529  -0.0132560  -0.4472324   0.2764620  -0.9393385  -0.0336977
  -0.2018529  -0.0152502  -0.1167219   0.0785218   0.1665987   0.0400558
  -0.0643365   0.1050337   0.4088232  -0.1675067  -0.9091912  -1.0611848
   0.5427803   0.0386547   0.3113253  -1.2457325   0.9189815  -0.0617392
  -0.2735624   0.1315320   0.0501479  -0.2521649   0.4015239  -0.3744732
   0.4507292  -1.6081962  -0.0238631   2.3061353   0.8011186  -0.0292572
   0.3021584   0.5425561  -0.0467737  -0.3146957  -0.1842084  -0.0864186
  -0.0180886   0.4823745  -0.2101975  -0.5967944  -1.4660989  -0.0860085
  -0.1724779  -0.3004272  -0.1539657   0.1316158   1.3973532   0.7486226
   1.1648661  -0.6568663   0.2666914   0.6792094  -0.8963609   0.6456544
