default_name                                                                    
  -3.667   1.082   0.679  -2.748   1.221   1.255  -2.919   0.967   2.303  -2.427
   2.257   1.173  -1.670   0.326   0.696  -1.918  -0.384  -0.277  -0.482   0.366
   1.295  -0.388   0.997   2.072   0.711  -0.435   0.954   1.480  -0.110   1.655
   0.426  -1.910   1.274   1.359  -2.468   1.218  -0.280  -2.319   0.551   0.010
  -2.009   2.270   1.322  -0.209  -0.455   2.230  -0.940  -0.859   0.859   0.806
  -1.199   0.115   1.360  -0.802   1.323   1.151  -2.551   2.403   1.338  -2.554
   1.107   0.324  -3.232   0.810   2.046  -2.922
  -3.699   1.079   0.757  -2.746   1.241   1.267  -2.894   0.996   2.324  -2.449
   2.285   1.159  -1.668   0.347   0.686  -1.911  -0.370  -0.281  -0.486   0.364
   1.310  -0.398   0.992   2.102   0.710  -0.421   0.966   1.492  -0.113   1.661
   0.426  -1.913   1.271   1.363  -2.472   1.243  -0.245  -2.332   0.525  -0.028
  -1.981   2.265   1.319  -0.204  -0.443   2.211  -0.942  -0.883   0.883   0.805
  -1.194   0.145   1.372  -0.820   1.327   1.144  -2.551   2.410   1.319  -2.564
   1.087   0.322  -3.231   0.827   2.055  -2.884
  -3.697   1.019   0.726  -2.757   1.216   1.241  -2.864   0.997   2.305  -2.477
   2.266   1.147  -1.673   0.327   0.686  -1.915  -0.360  -0.304  -0.477   0.362
   1.307  -0.394   0.963   2.107   0.708  -0.444   0.978   1.499  -0.129   1.671
   0.414  -1.923   1.279   1.339  -2.505   1.268  -0.270  -2.335   0.539  -0.033
  -2.035   2.276   1.317  -0.210  -0.432   2.199  -0.959  -0.861   0.868   0.813
  -1.177   0.128   1.374  -0.792   1.330   1.162  -2.525   2.398   1.420  -2.528
   1.168   0.324  -3.204   0.758   2.013  -2.912
  -3.700   1.005   0.723  -2.757   1.212   1.228  -2.870   0.986   2.279  -2.464
   2.250   1.083  -1.652   0.338   0.658  -1.892  -0.354  -0.324  -0.468   0.386
   1.292  -0.399   1.019   2.077   0.706  -0.441   0.973   1.495  -0.135   1.656
   0.369  -1.917   1.305   1.295  -2.498   1.269  -0.335  -2.334   0.587  -0.033
  -1.962   2.318   1.302  -0.211  -0.448   2.196  -0.967  -0.852   0.851   0.811
  -1.179   0.120   1.397  -0.772   1.327   1.158  -2.522   2.399   1.351  -2.516
   1.115   0.337  -3.215   0.819   2.063  -2.858
  -3.676   0.986   0.740  -2.733   1.211   1.246  -2.860   0.943   2.296  -2.503
   2.264   1.134  -1.642   0.339   0.673  -1.879  -0.338  -0.326  -0.469   0.379
   1.316  -0.406   0.982   2.123   0.709  -0.423   0.978   1.494  -0.086   1.663
   0.426  -1.897   1.297   1.318  -2.490   1.159  -0.344  -2.252   0.616   0.093
  -1.988   2.332   1.309  -0.185  -0.432   2.187  -0.925  -0.871   0.841   0.828
  -1.157   0.075   1.384  -0.786   1.307   1.157  -2.502   2.387   1.275  -2.496
   1.050   0.351  -3.168   0.846   2.072  -2.859
  -3.658   0.964   0.703  -2.748   1.193   1.244  -2.897   0.947   2.306  -2.508
   2.242   1.077  -1.633   0.335   0.679  -1.866  -0.369  -0.303  -0.453   0.384
   1.325  -0.419   1.005   2.125   0.750  -0.404   1.002   1.518  -0.093   1.704
   0.467  -1.875   1.323   1.349  -2.468   1.239  -0.288  -2.256   0.651   0.126
  -1.919   2.364   1.331  -0.185  -0.413   2.207  -0.906  -0.856   0.868   0.835
  -1.140   0.175   1.438  -0.701   1.306   1.169  -2.495   2.387   1.276  -2.497
   1.028   0.354  -3.182   0.842   2.106  -2.815
  -3.680   0.968   0.748  -2.744   1.197   1.278  -2.878   0.977   2.360  -2.498
   2.243   1.156  -1.639   0.367   0.692  -1.870  -0.309  -0.310  -0.474   0.375
   1.351  -0.385   1.002   2.139   0.716  -0.412   0.997   1.502  -0.077   1.651
   0.446  -1.902   1.273   1.365  -2.488   1.208  -0.281  -2.273   0.532   0.063
  -2.049   2.277   1.327  -0.176  -0.413   2.216  -0.913  -0.882   0.872   0.849
  -1.169   0.127   1.393  -0.777   1.344   1.166  -2.520   2.419   1.312  -2.514
   1.108   0.371  -3.218   0.865   2.092  -2.825
  -3.683   1.013   0.799  -2.731   1.231   1.290  -2.860   1.025   2.341  -2.476
   2.284   1.136  -1.639   0.352   0.727  -1.872  -0.316  -0.272  -0.479   0.327
   1.378  -0.378   0.943   2.180   0.727  -0.420   1.004   1.519  -0.099   1.704
   0.455  -1.912   1.308   1.386  -2.467   1.286  -0.224  -2.348   0.538   0.026
  -2.040   2.342   1.320  -0.171  -0.421   2.225  -0.912  -0.834   0.853   0.830
  -1.191   0.104   1.392  -0.834   1.345   1.158  -2.527   2.442   1.284  -2.513
   1.181   0.359  -3.236   0.900   2.056  -2.900
  -3.659   1.038   0.805  -2.731   1.168   1.326  -2.880   0.946   2.395  -2.423
   2.190   1.188  -1.647   0.311   0.723  -1.848  -0.345  -0.295  -0.483   0.330
   1.346  -0.413   0.928   2.153   0.734  -0.416   0.994   1.521  -0.078   1.660
   0.504  -1.889   1.316   1.415  -2.451   1.281  -0.183  -2.303   0.563   0.058
  -1.990   2.331   1.326  -0.194  -0.425   2.224  -0.924  -0.824   0.838   0.797
  -1.176   0.084   1.336  -0.817   1.340   1.108  -2.512   2.417   1.249  -2.478
   1.130   0.302  -3.193   0.920   2.043  -2.872
  -3.701   1.030   0.836  -2.770   1.170   1.367  -2.896   0.807   2.377  -2.454
   2.222   1.400  -1.669   0.345   0.740  -1.916  -0.304  -0.275  -0.480   0.369
   1.322  -0.397   0.967   2.144   0.715  -0.411   0.964   1.517  -0.042   1.627
   0.488  -1.912   1.303   1.450  -2.447   1.288  -0.174  -2.334   0.548   0.040
  -2.015   2.293   1.295  -0.203  -0.444   2.237  -0.910  -0.839   0.810   0.796
  -1.217   0.070   1.364  -0.854   1.322   1.132  -2.550   2.413   1.296  -2.518
   1.086   0.357  -3.299   0.912   2.078  -2.858
  -3.686   1.117   0.750  -2.786   1.154   1.360  -3.010   0.748   2.331  -2.465
   2.199   1.460  -1.664   0.342   0.742  -1.842  -0.347  -0.270  -0.494   0.386
   1.344  -0.381   0.979   2.170   0.705  -0.397   0.990   1.498  -0.074   1.681
   0.443  -1.873   1.300   1.379  -2.417   1.245  -0.238  -2.300   0.551   0.027
  -1.974   2.289   1.285  -0.185  -0.430   2.188  -0.917  -0.856   0.769   0.792
  -1.216   0.012   1.314  -0.823   1.291   1.157  -2.544   2.395   1.146  -2.535
   0.962   0.420  -3.264   0.881   2.109  -2.832
  -3.708   1.098   0.719  -2.803   1.159   1.327  -3.012   0.707   2.298  -2.459
   2.167   1.414  -1.703   0.313   0.707  -1.902  -0.332  -0.332  -0.509   0.363
   1.308  -0.426   0.941   2.131   0.692  -0.425   0.968   1.494  -0.104   1.629
   0.449  -1.903   1.309   1.366  -2.469   1.243  -0.269  -2.356   0.600   0.034
  -2.007   2.324   1.262  -0.195  -0.446   2.226  -0.905  -0.824   0.732   0.738
  -1.247  -0.012   1.274  -0.840   1.276   1.100  -2.566   2.360   1.075  -2.553
   0.925   0.435  -3.336   0.882   2.092  -2.803
  -3.686   1.108   0.694  -2.789   1.130   1.286  -2.917   0.826   2.329  -2.460
   2.189   1.301  -1.680   0.316   0.696  -1.923  -0.356  -0.307  -0.486   0.391
   1.302  -0.450   0.920   2.162   0.715  -0.399   0.949   1.502  -0.113   1.642
   0.469  -1.876   1.304   1.408  -2.439   1.253  -0.230  -2.327   0.560   0.027
  -2.003   2.308   1.312  -0.188  -0.450   2.232  -0.934  -0.870   0.764   0.704
  -1.274   0.024   1.284  -0.940   1.263   1.058  -2.617   2.366   0.990  -2.661
   0.817   0.462  -3.410   0.981   2.114  -2.801
  -3.689   1.052   0.722  -2.757   1.136   1.267  -2.911   0.872   2.317  -2.397
   2.157   1.231  -1.674   0.308   0.647  -1.940  -0.357  -0.374  -0.482   0.353
   1.279  -0.398   0.985   2.085   0.722  -0.431   0.960   1.468  -0.084   1.649
   0.485  -1.899   1.315   1.456  -2.450   1.276  -0.208  -2.306   0.582   0.069
  -1.955   2.328   1.302  -0.199  -0.481   2.250  -0.878  -0.894   0.767   0.737
  -1.280  -0.023   1.239  -0.880   1.238   1.067  -2.611   2.340   1.040  -2.638
   0.847   0.335  -3.322   0.869   2.044  -2.930
  -3.642   1.013   0.646  -2.742   1.163   1.227  -2.896   0.853   2.278  -2.405
   2.209   1.164  -1.645   0.354   0.602  -1.895  -0.349  -0.383  -0.490   0.353
   1.275  -0.456   0.856   2.170   0.695  -0.424   0.939   1.497  -0.105   1.565
   0.476  -1.927   1.290   1.416  -2.449   1.319  -0.175  -2.379   0.525   0.014
  -2.017   2.251   1.297  -0.204  -0.483   2.266  -0.912  -0.866   0.788   0.723
  -1.284  -0.049   1.229  -0.952   1.218   1.069  -2.634   2.307   1.006  -2.732
   0.696   0.357  -3.291   0.860   2.051  -2.897
  -3.667   1.036   0.553  -2.793   1.164   1.214  -3.062   0.856   2.228  -2.496
   2.198   1.245  -1.686   0.298   0.657  -1.917  -0.340  -0.381  -0.517   0.267
   1.285  -0.459   0.770   2.120   0.694  -0.451   0.940   1.447  -0.139   1.664
   0.483  -1.922   1.216   1.442  -2.454   1.193  -0.184  -2.339   0.491   0.126
  -2.083   2.239   1.297  -0.204  -0.499   2.249  -0.877  -0.874   0.743   0.747
  -1.286  -0.100   1.198  -0.934   1.208   1.142  -2.604   2.309   1.036  -2.605
   0.826   0.526  -3.430   0.991   2.204  -2.825
  -3.661   1.021   0.633  -2.777   1.144   1.258  -2.999   0.789   2.256  -2.401
   2.143   1.252  -1.690   0.262   0.637  -1.945  -0.363  -0.395  -0.532   0.256
   1.313  -0.475   0.876   2.109   0.698  -0.472   0.921   1.517  -0.171   1.594
   0.481  -1.961   1.162   1.455  -2.456   1.252  -0.136  -2.418   0.342  -0.034
  -2.130   2.082   1.289  -0.184  -0.491   2.205  -0.879  -0.926   0.731   0.768
  -1.242  -0.058   1.207  -0.800   1.176   1.144  -2.592   2.268   1.083  -2.659
   0.753   0.439  -3.344   0.789   2.139  -2.804
  -3.561   1.231   0.541  -2.716   1.167   1.234  -3.014   0.803   2.226  -2.308
   2.158   1.395  -1.665   0.300   0.620  -1.924  -0.306  -0.381  -0.521   0.222
   1.297  -0.464   0.727   2.167   0.668  -0.525   0.909   1.448  -0.198   1.592
   0.395  -2.010   1.194   1.320  -2.601   1.357  -0.188  -2.474   0.414  -0.157
  -2.126   2.149   1.256  -0.252  -0.521   2.241  -0.905  -0.893   0.686   0.723
  -1.285  -0.064   1.203  -0.868   1.194   1.158  -2.571   2.320   1.050  -2.653
   0.677   0.550  -3.322   0.946   2.192  -2.740
  -3.634   1.337   0.690  -2.750   1.223   1.298  -3.077   0.869   2.280  -2.307
   2.175   1.453  -1.687   0.312   0.662  -1.942  -0.302  -0.381  -0.512   0.232
   1.336  -0.465   0.803   2.176   0.674  -0.545   0.954   1.441  -0.233   1.632
   0.445  -2.037   1.225   1.399  -2.552   1.283  -0.138  -2.538   0.441  -0.104
  -2.111   2.163   1.272  -0.269  -0.449   2.248  -0.907  -0.840   0.736   0.674
  -1.245  -0.103   1.092  -0.906   1.269   1.172  -2.541   2.359   1.103  -2.568
   0.878   0.555  -3.388   0.962   2.202  -2.717
  -3.710   1.205   0.748  -2.781   1.217   1.302  -2.956   0.878   2.311  -2.403
   2.258   1.411  -1.743   0.287   0.685  -1.971  -0.328  -0.339  -0.560   0.198
   1.299  -0.443   0.826   2.089   0.651  -0.565   0.915   1.404  -0.238   1.656
   0.400  -2.050   1.225   1.342  -2.608   1.275  -0.172  -2.519   0.401  -0.167
  -2.148   2.168   1.314  -0.270  -0.458   2.250  -0.930  -0.908   0.793   0.717
  -1.206   0.004   1.272  -0.860   1.296   1.149  -2.515   2.392   1.085  -2.605
   0.865   0.486  -3.292   1.031   2.179  -2.728
  -3.700   1.014   0.735  -2.778   1.211   1.242  -2.930   1.005   2.330  -2.437
   2.207   1.083  -1.725   0.310   0.637  -2.001  -0.322  -0.381  -0.560   0.244
   1.287  -0.438   0.814   2.139   0.625  -0.551   0.909   1.424  -0.194   1.610
   0.393  -2.043   1.259   1.335  -2.649   1.185  -0.328  -2.482   0.572  -0.010
  -2.062   2.293   1.281  -0.256  -0.468   2.211  -0.933  -0.927   0.802   0.824
  -1.160   0.148   1.420  -0.646   1.249   1.239  -2.474   2.331   1.121  -2.588
   0.759   0.579  -3.205   0.906   2.255  -2.689
  -3.686   1.170   0.659  -2.763   1.238   1.237  -2.893   0.943   2.287  -2.404
   2.270   1.200  -1.728   0.364   0.612  -1.957  -0.294  -0.356  -0.571   0.249
   1.272  -0.501   0.817   2.123   0.654  -0.566   0.927   1.430  -0.305   1.628
   0.366  -2.065   1.160   1.311  -2.642   1.138  -0.339  -2.429   0.386  -0.146
  -2.206   2.163   1.277  -0.218  -0.474   2.189  -0.922  -0.924   0.753   0.778
  -1.166  -0.041   1.271  -0.719   1.210   1.272  -2.463   2.266   1.277  -2.435
   0.834   0.683  -3.265   0.915   2.327  -2.579
  -3.700   1.153   0.672  -2.764   1.208   1.252  -2.964   0.809   2.272  -2.343
   2.203   1.347  -1.681   0.311   0.653  -1.930  -0.291  -0.369  -0.517   0.317
   1.304  -0.473   0.804   2.178   0.666  -0.490   0.907   1.438  -0.269   1.659
   0.350  -2.010   1.157   1.283  -2.571   1.029  -0.445  -2.405   0.477  -0.036
  -2.084   2.182   1.282  -0.226  -0.470   2.205  -0.922  -0.938   0.747   0.806
  -1.154  -0.021   1.269  -0.728   1.118   1.228  -2.483   2.205   1.020  -2.667
   0.481   0.725  -3.205   0.896   2.298  -2.540
  -3.661   1.332   0.582  -2.810   1.234   1.267  -3.016   0.709   2.197  -2.482
   2.247   1.537  -1.707   0.348   0.639  -1.911  -0.280  -0.396  -0.543   0.246
   1.316  -0.463   0.769   2.180   0.644  -0.536   0.936   1.422  -0.162   1.637
   0.384  -2.015   1.217   1.364  -2.507   1.202  -0.235  -2.434   0.429  -0.115
  -2.198   2.194   1.300  -0.271  -0.457   2.225  -0.987  -0.865   0.835   0.805
  -1.112   0.090   1.336  -0.626   1.165   1.239  -2.433   2.269   1.202  -2.519
   0.619   0.602  -3.116   0.779   2.255  -2.575
  -3.502   1.384   0.542  -2.765   1.197   1.305  -3.182   0.680   2.157  -2.307
   2.125   1.570  -1.698   0.332   0.664  -1.909  -0.267  -0.396  -0.508   0.266
   1.329  -0.439   0.767   2.196   0.677  -0.541   0.962   1.480  -0.282   1.668
   0.381  -2.019   1.209   1.298  -2.590   1.059  -0.346  -2.341   0.455   0.049
  -2.153   2.244   1.269  -0.240  -0.446   2.150  -0.981  -0.872   0.849   0.833
  -1.077   0.070   1.285  -0.652   1.081   1.189  -2.471   2.151   1.226  -2.667
   0.644   0.477  -3.133   0.673   2.200  -2.673
  -3.583   1.373   0.619  -2.777   1.184   1.303  -3.207   0.686   2.142  -2.376
   2.135   1.628  -1.701   0.303   0.693  -1.917  -0.318  -0.345  -0.545   0.191
   1.338  -0.393   0.804   2.093   0.640  -0.593   0.920   1.379  -0.372   1.687
   0.336  -2.063   1.106   1.254  -2.676   1.012  -0.358  -2.359   0.339  -0.118
  -2.252   2.107   1.285  -0.207  -0.436   2.118  -0.990  -0.962   0.863   0.910
  -1.066   0.254   1.513  -0.579   1.153   1.234  -2.468   2.188   1.270  -2.645
   0.743   0.414  -3.108   0.663   2.145  -2.760
  -3.508   1.464   0.541  -2.746   1.210   1.311  -3.348   0.729   2.098  -2.236
   2.089   1.736  -1.702   0.249   0.699  -1.936  -0.282  -0.387  -0.526   0.203
   1.376  -0.414   0.662   2.237   0.699  -0.570   0.965   1.457  -0.345   1.701
   0.343  -2.030   1.136   1.224  -2.673   1.201  -0.278  -2.306   0.250  -0.305
  -2.182   2.020   1.298  -0.200  -0.419   2.081  -1.001  -0.956   0.891   0.885
  -1.060   0.155   1.405  -0.591   1.090   1.266  -2.459   2.084   1.635  -2.563
   1.043   0.323  -3.075   0.268   1.958  -2.773
  -3.513   1.458   0.523  -2.751   1.202   1.270  -3.258   0.654   2.052  -2.283
   2.126   1.688  -1.646   0.313   0.670  -1.862  -0.245  -0.396  -0.526   0.191
   1.368  -0.496   0.649   2.273   0.634  -0.585   0.932   1.378  -0.313   1.681
   0.292  -2.045   1.157   1.186  -2.635   1.007  -0.450  -2.390   0.429  -0.142
  -2.153   2.156   1.238  -0.299  -0.485   2.058  -1.046  -1.010   0.810   0.809
  -1.084   0.272   1.416  -0.488   1.144   1.248  -2.431   2.148   1.739  -2.504
   1.120   0.361  -3.071   0.423   1.964  -2.802
  -3.515   1.477   0.539  -2.761   1.193   1.297  -3.202   0.623   2.120  -2.412
   2.121   1.713  -1.646   0.407   0.638  -1.904  -0.264  -0.357  -0.570   0.221
   1.381  -0.526   0.728   2.238   0.635  -0.622   0.915   1.530  -0.368   1.489
   0.361  -2.088   1.173   1.341  -2.635   1.126  -0.403  -2.449   0.437  -0.006
  -2.085   2.215   1.241  -0.305  -0.495   2.030  -1.078  -1.021   0.791   0.789
  -1.144   0.125   1.380  -0.644   1.211   1.245  -2.489   2.203   1.730  -2.431
   1.277   0.336  -3.212   0.447   1.933  -2.869
  -3.479   1.433   0.505  -2.777   1.229   1.260  -3.311   0.669   2.058  -2.443
   2.192   1.598  -1.635   0.353   0.717  -1.855  -0.194  -0.370  -0.459   0.167
   1.394  -0.338   0.568   2.272   0.690  -0.656   0.916   1.572  -0.431   1.544
   0.319  -2.095   1.196   1.236  -2.774   1.034  -0.464  -2.397   0.501  -0.130
  -2.167   2.193   1.166  -0.411  -0.544   1.976  -1.205  -1.067   0.724   0.724
  -1.172   0.029   1.285  -0.681   1.175   1.224  -2.481   2.106   1.742  -2.467
   1.366   0.348  -3.089   0.366   1.879  -2.853
  -3.530   1.359   0.593  -2.772   1.202   1.339  -3.204   0.628   2.181  -2.387
   2.116   1.781  -1.674   0.364   0.737  -1.904  -0.203  -0.326  -0.514   0.152
   1.353  -0.371   0.653   2.193   0.652  -0.671   0.884   1.511  -0.378   1.516
   0.374  -2.120   1.229   1.315  -2.684   1.117  -0.367  -2.543   0.540   0.001
  -2.199   2.249   1.155  -0.440  -0.559   1.951  -1.216  -1.095   0.774   0.694
  -1.190   0.220   1.323  -0.616   1.195   1.226  -2.468   2.025   1.972  -2.295
   1.570   0.416  -3.107   0.386   1.708  -2.935
  -3.548   1.456   0.713  -2.682   1.247   1.383  -3.076   0.750   2.241  -2.197
   2.210   1.681  -1.661   0.291   0.744  -1.924  -0.254  -0.317  -0.475   0.183
   1.358  -0.330   0.693   2.242   0.672  -0.585   0.881   1.553  -0.226   1.414
   0.443  -2.073   1.252   1.327  -2.719   1.037  -0.403  -2.447   0.618   0.109
  -2.176   2.275   1.139  -0.360  -0.574   1.937  -1.148  -1.130   0.689   0.725
  -1.209  -0.045   1.225  -0.704   1.245   1.204  -2.450   2.194   1.722  -2.166
   1.474   0.368  -3.135   0.565   1.854  -2.980
  -3.506   1.376   0.785  -2.651   1.228   1.473  -3.030   0.784   2.431  -2.154
   2.182   1.693  -1.703   0.255   0.775  -1.970  -0.237  -0.354  -0.515   0.141
   1.390  -0.463   0.537   2.266   0.598  -0.683   0.932   1.471  -0.383   1.524
   0.389  -2.186   1.195   1.315  -2.643   1.079  -0.252  -2.550   0.423   0.092
  -2.258   2.187   1.136  -0.362  -0.540   1.969  -1.153  -1.042   0.733   0.757
  -1.155  -0.063   1.213  -0.792   1.258   1.240  -2.436   2.179   1.744  -2.243
   1.380   0.455  -3.167   0.634   2.065  -2.843
  -3.539   1.316   0.850  -2.677   1.226   1.447  -2.977   0.825   2.390  -2.224
   2.191   1.597  -1.689   0.282   0.794  -1.970  -0.309  -0.245  -0.520   0.129
   1.406  -0.419   0.547   2.296   0.585  -0.671   0.884   1.400  -0.365   1.468
   0.397  -2.157   1.190   1.396  -2.584   1.111  -0.324  -2.664   0.545   0.022
  -2.202   2.227   1.092  -0.404  -0.549   1.936  -1.170  -1.046   0.695   0.704
  -1.206   0.080   1.319  -0.685   1.262   1.218  -2.462   2.181   1.707  -2.200
   1.426   0.430  -3.171   0.606   1.968  -2.850
  -3.517   1.358   0.713  -2.703   1.192   1.411  -3.036   0.653   2.307  -2.163
   2.057   1.635  -1.679   0.245   0.746  -2.016  -0.390  -0.276  -0.506   0.193
   1.332  -0.393   0.640   2.216   0.621  -0.624   0.897   1.509  -0.314   1.491
   0.345  -2.113   1.234   1.213  -2.742   0.920  -0.561  -2.477   0.658   0.110
  -2.206   2.341   1.079  -0.404  -0.574   1.954  -1.145  -1.017   0.582   0.625
  -1.231  -0.028   1.268  -0.681   1.239   1.178  -2.456   2.285   1.417  -2.156
   1.296   0.481  -3.264   0.751   2.081  -2.808
  -3.605   1.201   0.725  -2.694   1.193   1.340  -2.857   0.867   2.374  -2.265
   2.214   1.309  -1.723   0.194   0.808  -2.013  -0.403  -0.215  -0.551   0.159
   1.362  -0.414   0.702   2.181   0.593  -0.634   0.924   1.428  -0.268   1.488
   0.384  -2.113   1.323   1.244  -2.796   1.153  -0.429  -2.525   0.824   0.245
  -2.114   2.393   1.098  -0.404  -0.547   1.898  -1.214  -1.040   0.691   0.660
  -1.245  -0.063   1.217  -0.850   1.252   1.179  -2.491   2.291   1.547  -2.272
   1.334   0.385  -3.224   0.653   1.974  -2.966
  -3.664   1.190   0.739  -2.764   1.162   1.398  -2.961   0.828   2.407  -2.371
   2.204   1.465  -1.727   0.234   0.761  -2.010  -0.391  -0.272  -0.482   0.204
   1.290  -0.440   0.803   2.095   0.662  -0.620   0.961   1.502  -0.324   1.623
   0.336  -2.060   1.330   1.205  -2.697   1.098  -0.553  -2.399   0.813   0.161
  -2.106   2.429   1.112  -0.365  -0.524   1.902  -1.225  -1.041   0.626   0.699
  -1.146   0.070   1.305  -0.540   1.089   1.202  -2.425   2.081   1.589  -2.334
   1.048   0.399  -3.182   0.483   2.044  -2.828
  -3.653   1.191   0.794  -2.790   1.101   1.430  -3.128   0.702   2.400  -2.437
   2.110   1.624  -1.736   0.240   0.725  -2.007  -0.403  -0.265  -0.585   0.177
   1.346  -0.530   0.792   2.152   0.599  -0.623   0.962   1.447  -0.281   1.591
   0.379  -2.125   1.353   1.208  -2.750   1.063  -0.528  -2.485   0.783   0.294
  -2.200   2.431   1.085  -0.405  -0.488   1.916  -1.178  -1.006   0.639   0.696
  -1.099   0.010   1.289  -0.611   1.101   1.191  -2.423   2.119   1.460  -2.336
   0.890   0.483  -3.190   0.487   2.026  -2.705
  -3.516   1.283   0.670  -2.750   1.161   1.367  -3.206   0.652   2.185  -2.352
   2.121   1.644  -1.706   0.214   0.714  -1.976  -0.421  -0.304  -0.540   0.126
   1.355  -0.380   0.730   2.165   0.581  -0.696   0.958   1.320  -0.446   1.709
   0.328  -2.177   1.241   1.117  -2.791   0.876  -0.574  -2.461   0.708   0.156
  -2.274   2.327   1.095  -0.358  -0.484   1.942  -1.097  -1.049   0.653   0.791
  -1.101   0.099   1.379  -0.503   1.049   1.307  -2.390   2.060   1.710  -2.392
   0.982   0.522  -3.131   0.396   2.066  -2.691
  -3.525   1.465   0.638  -2.750   1.211   1.342  -3.196   0.686   2.236  -2.243
   2.127   1.707  -1.736   0.249   0.650  -2.004  -0.340  -0.390  -0.584   0.098
   1.279  -0.517   0.658   2.150   0.551  -0.728   0.884   1.372  -0.483   1.606
   0.302  -2.190   1.229   1.225  -2.783   1.045  -0.468  -2.592   0.575  -0.093
  -2.253   2.271   1.108  -0.355  -0.496   1.924  -1.079  -1.068   0.601   0.741
  -1.111   0.012   1.329  -0.564   1.073   1.263  -2.433   2.071   1.622  -2.273
   1.102   0.468  -3.228   0.356   2.014  -2.797
  -3.490   1.435   0.651  -2.697   1.208   1.369  -3.182   0.744   2.259  -2.158
   2.088   1.708  -1.763   0.211   0.705  -2.001  -0.267  -0.405  -0.617   0.017
   1.329  -0.686   0.351   2.311   0.615  -0.705   0.904   1.392  -0.473   1.590
   0.344  -2.214   1.152   1.194  -2.788   0.843  -0.496  -2.541   0.617   0.081
  -2.464   2.220   1.136  -0.343  -0.485   1.988  -1.040  -1.065   0.636   0.728
  -1.086  -0.127   1.246  -0.567   1.005   1.228  -2.411   1.923   1.819  -2.507
   1.019   0.385  -3.084   0.162   1.780  -2.767
  -3.552   1.329   0.692  -2.752   1.199   1.354  -3.172   0.614   2.205  -2.356
   2.167   1.664  -1.763   0.308   0.703  -2.029  -0.260  -0.370  -0.587   0.099
   1.307  -0.454   0.586   2.186   0.625  -0.675   0.940   1.385  -0.360   1.659
   0.349  -2.181   1.173   1.282  -2.675   0.947  -0.438  -2.543   0.513   0.031
  -2.305   2.214   1.141  -0.329  -0.443   2.067  -1.012  -0.891   0.649   0.720
  -1.083  -0.021   1.263  -0.583   0.992   1.203  -2.416   1.929   1.772  -2.380
   1.120   0.426  -3.073   0.224   1.906  -2.747
  -3.591   1.398   0.717  -2.749   1.164   1.429  -3.016   0.727   2.381  -2.413
   2.159   1.672  -1.713   0.313   0.748  -1.963  -0.169  -0.351  -0.591   0.072
   1.460  -0.491   0.495   2.369   0.609  -0.658   1.053   1.399  -0.368   1.735
   0.356  -2.127   1.127   1.287  -2.658   0.884  -0.366  -2.455   0.388   0.123
  -2.382   2.160   1.196  -0.262  -0.361   2.062  -0.942  -0.955   0.611   0.827
  -0.946  -0.101   1.342  -0.463   0.904   1.184  -2.362   1.848   1.747  -2.433
   0.919   0.285  -3.038   0.079   1.763  -2.769
  -3.556   1.266   0.771  -2.677   1.164   1.405  -2.884   0.798   2.435  -2.251
   2.133   1.471  -1.630   0.291   0.752  -1.827  -0.144  -0.370  -0.544   0.065
   1.486  -0.523   0.406   2.444   0.661  -0.639   1.036   1.416  -0.355   1.685
   0.325  -2.148   1.199   1.203  -2.752   1.182  -0.355  -2.515   0.439  -0.115
  -2.230   2.141   1.211  -0.209  -0.369   2.114  -0.881  -0.816   0.688   0.885
  -0.934  -0.062   1.325  -0.401   0.894   1.203  -2.373   1.765   1.807  -2.542
   0.858   0.318  -2.980   0.075   1.795  -2.667
  -3.495   1.286   0.730  -2.656   1.125   1.380  -2.965   0.729   2.353  -2.227
   2.093   1.487  -1.616   0.247   0.770  -1.870  -0.177  -0.379  -0.552   0.035
   1.536  -0.523   0.292   2.462   0.676  -0.640   1.142   1.418  -0.534   1.916
   0.311  -2.094   1.289   1.207  -2.714   1.172  -0.371  -2.322   0.469  -0.180
  -2.301   2.243   1.235  -0.219  -0.250   2.023  -0.912  -0.892   0.846   0.979
  -0.765   0.243   1.518  -0.171   0.822   1.223  -2.234   1.645   1.896  -2.493
   0.971   0.292  -2.780  -0.133   1.696  -2.431
  -3.566   1.110   0.844  -2.714   1.046   1.413  -2.964   0.713   2.421  -2.264
   2.024   1.532  -1.643   0.262   0.787  -1.847  -0.180  -0.302  -0.549   0.077
   1.521  -0.588   0.456   2.418   0.701  -0.627   1.119   1.459  -0.285   1.830
   0.440  -2.151   1.301   1.392  -2.692   1.287  -0.210  -2.513   0.510  -0.049
  -2.301   2.285   1.324  -0.186  -0.242   2.129  -0.921  -0.825   0.921   0.959
  -0.829   0.272   1.586  -0.339   0.835   1.171  -2.280   1.532   1.948  -2.619
   1.124   0.214  -2.735  -0.209   1.355  -2.574
  -3.608   1.139   0.717  -2.749   1.038   1.435  -3.099   0.659   2.346  -2.536
   2.077   1.581  -1.652   0.302   0.742  -1.789  -0.134  -0.389  -0.533   0.086
   1.453  -0.454   0.450   2.428   0.682  -0.610   1.061   1.464  -0.353   1.799
   0.478  -2.098   1.253   1.419  -2.631   0.977  -0.255  -2.541   0.546   0.280
  -2.380   2.316   1.368  -0.207  -0.241   2.183  -0.950  -0.762   0.968   0.967
  -0.824   0.334   1.519  -0.286   0.942   1.096  -2.315   1.757   1.755  -2.681
   0.939   0.157  -2.878   0.013   1.657  -2.622
  -3.636   0.954   0.613  -2.765   1.065   1.298  -3.103   0.699   2.252  -2.422
   2.076   1.498  -1.619   0.224   0.808  -1.736  -0.238  -0.332  -0.550   0.039
   1.559  -0.595   0.395   2.510   0.688  -0.705   1.164   1.475  -0.475   1.930
   0.416  -2.223   1.190   1.297  -2.763   0.992  -0.334  -2.397   0.427  -0.021
  -2.517   2.133   1.358  -0.239  -0.220   2.209  -0.957  -0.796   1.020   0.945
  -0.777   0.414   1.478  -0.175   1.016   1.110  -2.235   1.920   1.545  -2.705
   0.738   0.184  -2.713   0.156   1.656  -2.529
  -3.553   1.027   0.717  -2.721   1.115   1.382  -3.013   0.738   2.340  -2.440
   2.153   1.407  -1.652   0.184   0.846  -1.757  -0.365  -0.255  -0.508   0.089
   1.571  -0.494   0.539   2.431   0.650  -0.685   1.121   1.372  -0.440   1.893
   0.372  -2.183   1.209   1.314  -2.662   0.998  -0.267  -2.486   0.425  -0.115
  -2.475   2.143   1.371  -0.278  -0.242   2.098  -1.078  -0.795   1.029   0.884
  -0.810   0.489   1.592  -0.229   1.052   1.169  -2.253   2.016   1.490  -2.593
   0.786   0.235  -2.792   0.281   1.967  -2.512
  -3.551   1.040   0.592  -2.724   1.167   1.279  -2.999   0.848   2.297  -2.396
   2.216   1.213  -1.622   0.227   0.817  -1.774  -0.359  -0.255  -0.560   0.075
   1.581  -0.499   0.720   2.332   0.674  -0.702   1.133   1.334  -0.440   1.967
   0.416  -2.174   1.166   1.304  -2.708   0.903  -0.373  -2.462   0.476   0.191
  -2.472   2.146   1.356  -0.279  -0.187   2.203  -1.003  -0.719   1.000   0.871
  -0.764   0.421   1.437  -0.196   1.044   1.114  -2.230   2.070   1.050  -2.591
   0.509   0.278  -2.715   0.593   2.078  -2.458
  -3.508   1.129   0.579  -2.625   1.189   1.197  -2.911   0.972   2.250  -2.197
   2.222   1.150  -1.561   0.227   0.729  -1.765  -0.395  -0.304  -0.487   0.051
   1.540  -0.520   0.583   2.439   0.734  -0.707   1.091   1.536  -0.534   1.850
   0.375  -2.226   1.112   1.317  -2.757   1.098  -0.150  -2.493   0.204  -0.264
  -2.428   1.978   1.394  -0.324  -0.249   2.201  -1.053  -0.814   1.042   0.868
  -0.822   0.309   1.360  -0.383   1.154   1.070  -2.246   2.170   0.992  -2.595
   0.618   0.339  -2.798   0.839   2.068  -2.553
  -3.511   1.313   0.585  -2.577   1.264   1.205  -2.912   1.084   2.240  -2.149
   2.252   1.087  -1.531   0.236   0.751  -1.677  -0.387  -0.310  -0.464   0.001
   1.508  -0.353   0.528   2.366   0.723  -0.766   1.180   1.506  -0.494   1.905
   0.380  -2.299   1.207   1.289  -2.893   1.396  -0.059  -2.562   0.238  -0.312
  -2.435   2.018   1.351  -0.350  -0.200   2.148  -1.048  -0.782   0.917   0.824
  -0.707   0.296   1.455  -0.130   1.209   1.025  -2.188   2.272   1.294  -2.366
   0.857   0.181  -2.797   0.666   1.855  -2.555
  -3.367   1.254   0.503  -2.552   1.181   1.230  -2.887   0.968   2.277  -2.002
   2.122   1.254  -1.548   0.177   0.844  -1.747  -0.426  -0.200  -0.522  -0.036
   1.649  -0.524   0.512   2.476   0.701  -0.788   1.232   1.440  -0.613   2.006
   0.416  -2.288   1.281   1.391  -2.798   1.165  -0.222  -2.555   0.476  -0.122
  -2.505   2.189   1.347  -0.400  -0.145   2.144  -1.122  -0.690   0.939   0.780
  -0.741   0.282   1.315  -0.259   1.131   1.159  -2.124   2.163   1.415  -2.341
   0.774   0.363  -2.749   0.585   2.054  -2.446
  -3.376   1.267   0.564  -2.606   1.129   1.336  -3.018   0.766   2.257  -2.168
   2.113   1.519  -1.516   0.181   0.790  -1.589  -0.416  -0.280  -0.503  -0.056
   1.625  -0.583   0.316   2.537   0.748  -0.760   1.266   1.439  -0.415   2.017
   0.499  -2.314   1.287   1.396  -2.884   0.970  -0.339  -2.696   0.666   0.303
  -2.751   2.320   1.433  -0.260  -0.093   2.081  -1.105  -0.699   1.051   0.908
  -0.586   0.424   1.422   0.019   1.074   1.265  -2.064   2.063   1.452  -2.445
   0.549   0.529  -2.680   0.453   2.133  -2.163
  -3.378   1.145   0.455  -2.606   1.126   1.257  -2.942   0.912   2.200  -2.117
   2.114   1.237  -1.504   0.162   0.786  -1.667  -0.457  -0.236  -0.472   0.013
   1.594  -0.384   0.693   2.372   0.737  -0.692   1.226   1.510  -0.506   1.968
   0.451  -2.176   1.266   1.386  -2.709   1.087  -0.315  -2.505   0.556   0.222
  -2.534   2.222   1.386  -0.253  -0.107   2.116  -1.064  -0.712   1.056   0.919
  -0.622   0.537   1.533  -0.005   1.049   1.232  -2.066   1.988   1.651  -2.402
   1.017   0.316  -2.683   0.204   1.868  -2.285
  -3.582   1.002   0.552  -2.753   1.086   1.270  -3.168   0.695   2.149  -2.457
   2.141   1.475  -1.576   0.215   0.870  -1.726  -0.455  -0.129  -0.418   0.145
   1.623  -0.343   0.690   2.470   0.794  -0.661   1.299   1.552  -0.460   2.022
   0.439  -2.158   1.389   1.335  -2.787   1.179  -0.301  -2.486   0.694   0.101
  -2.357   2.425   1.425  -0.305  -0.009   2.129  -1.049  -0.691   1.111   0.919
  -0.525   0.486   1.477   0.077   1.099   1.177  -2.027   1.966   1.633  -2.334
   0.993   0.239  -2.590   0.197   1.713  -2.461
  -3.306   1.162   0.425  -2.759   1.076   1.318  -3.346   0.692   2.163  -2.368
   2.031   1.584  -1.669   0.092   0.964  -1.731  -0.504  -0.050  -0.536   0.032
   1.724  -0.592   0.522   2.596   0.742  -0.703   1.394   1.523  -0.432   2.082
   0.559  -2.220   1.518   1.608  -2.562   1.565   0.104  -2.684   0.653  -0.011
  -2.413   2.387   1.394  -0.322   0.000   2.100  -1.050  -0.677   1.085   0.851
  -0.482   0.628   1.508   0.170   1.131   1.202  -1.911   2.102   1.730  -2.100
   1.096   0.279  -2.481   0.373   1.898  -2.308
  -3.214   1.224   0.326  -2.778   1.096   1.319  -3.333   0.475   1.989  -2.627
   1.988   1.904  -1.616   0.174   0.958  -1.696  -0.474  -0.119  -0.544   0.090
   1.741  -0.575   0.401   2.688   0.700  -0.730   1.371   1.528  -0.535   2.163
   0.434  -2.277   1.412   1.335  -2.819   1.729  -0.102  -2.686   0.565  -0.283
  -2.476   2.293   1.337  -0.288   0.035   2.088  -1.071  -0.532   1.038   0.899
  -0.448   0.522   1.508   0.090   1.113   1.137  -1.872   2.048   1.608  -2.063
   1.227   0.232  -2.392   0.304   1.757  -2.235
  -3.470   1.317   0.599  -2.921   0.920   1.392  -3.457   0.212   1.965  -2.626
   1.733   2.048  -1.644   0.249   0.893  -1.704  -0.295  -0.163  -0.565   0.130
   1.709  -0.614   0.504   2.648   0.698  -0.666   1.405   1.403  -0.429   2.198
   0.326  -2.145   1.439   1.196  -2.767   1.756   0.115  -2.446   0.404  -0.502
  -2.311   2.067   1.405  -0.271   0.057   2.126  -0.995  -0.605   1.099   0.915
  -0.421   0.493   1.546   0.173   1.196   1.266  -1.882   2.192   1.801  -2.136
   1.221   0.378  -2.469   0.367   1.822  -2.211
  -3.444   1.379   0.679  -2.906   0.943   1.429  -3.523   0.163   1.890  -2.635
   1.647   2.214  -1.644   0.297   0.893  -1.647  -0.165  -0.228  -0.587   0.156
   1.742  -0.537   0.581   2.612   0.623  -0.644   1.392   1.393  -0.333   2.120
   0.219  -2.134   1.468   1.166  -2.642   1.580  -0.285  -2.460   0.578  -0.382
  -2.531   2.317   1.320  -0.280   0.048   2.076  -1.033  -0.551   1.047   0.924
  -0.468   0.452   1.549   0.100   1.309   1.329  -1.815   2.263   1.823  -1.919
   1.283   0.406  -2.444   0.362   1.841  -2.212
  -3.384   1.355   0.786  -2.815   0.901   1.521  -3.593   0.114   1.754  -2.638
   1.508   2.312  -1.570   0.277   0.895  -1.583  -0.103  -0.277  -0.510   0.145
   1.702  -0.508   0.629   2.569   0.695  -0.640   1.451   1.371  -0.306   2.254
   0.408  -2.175   1.554   1.349  -2.742   1.684  -0.157  -2.622   0.649  -0.120
  -2.362   2.523   1.451  -0.251   0.106   2.177  -0.982  -0.598   1.096   0.938
  -0.420   0.431   1.435   0.138   1.277   1.431  -1.819   2.318   1.627  -2.027
   0.954   0.675  -2.540   0.696   2.279  -2.049
  -3.226   1.564   0.901  -2.722   0.870   1.587  -3.344   0.036   2.030  -2.386
   1.447   2.434  -1.522   0.278   0.909  -1.557  -0.094  -0.240  -0.462   0.169
   1.739  -0.544   0.523   2.683   0.754  -0.583   1.480   1.569  -0.279   2.160
   0.500  -2.065   1.584   1.412  -2.715   1.391  -0.211  -2.359   0.846  -0.026
  -2.275   2.498   1.396  -0.230   0.111   2.117  -1.059  -0.513   1.149   1.026
  -0.422   0.559   1.624   0.155   1.319   1.346  -1.814   2.340   1.541  -2.086
   0.858   0.542  -2.429   0.842   2.308  -2.072
  -3.187   1.343   0.724  -2.757   0.790   1.503  -3.382   0.072   2.003  -2.373
   1.447   2.287  -1.464   0.188   0.918  -1.450  -0.116  -0.290  -0.390   0.143
   1.766  -0.546   0.592   2.672   0.881  -0.556   1.479   1.529  -0.309   2.309
   0.573  -2.039   1.616   1.514  -2.521   1.384  -0.089  -2.407   0.862   0.181
  -2.280   2.611   1.467  -0.177   0.143   2.070  -1.008  -0.540   1.209   1.029
  -0.365   0.692   1.724   0.191   1.296   1.372  -1.834   2.319   1.175  -2.219
   0.619   0.759  -2.483   0.940   2.372  -2.072
  -3.084   1.461   0.478  -2.762   0.837   1.367  -3.513   0.142   1.741  -2.474
   1.572   2.123  -1.488   0.153   0.901  -1.439  -0.141  -0.299  -0.454   0.032
   1.692  -0.524   0.292   2.690   0.826  -0.669   1.379   1.544  -0.432   2.205
   0.591  -2.188   1.564   1.528  -2.668   1.748   0.126  -2.482   0.616  -0.095
  -2.454   2.362   1.488  -0.295   0.079   2.099  -1.066  -0.622   1.272   0.962
  -0.375   0.580   1.510   0.099   1.400   1.331  -1.812   2.334   0.951  -2.163
   0.499   0.954  -2.383   1.438   2.426  -1.908
  -3.125   1.531   0.676  -2.754   0.882   1.462  -3.506   0.124   1.484  -2.667
   1.376   2.501  -1.487   0.185   0.941  -1.531  -0.166  -0.230  -0.422   0.063
   1.735  -0.458   0.406   2.692   0.827  -0.693   1.376   1.516  -0.392   2.144
   0.632  -2.212   1.642   1.618  -2.726   1.645  -0.069  -2.573   0.824   0.169
  -2.485   2.616   1.510  -0.301   0.033   2.061  -1.128  -0.706   1.332   0.935
  -0.399   0.989   1.625   0.173   1.526   1.277  -1.838   2.588   1.103  -2.156
   1.000   0.659  -2.520   1.361   2.385  -1.974
  -3.058   1.562   0.795  -2.688   0.718   1.472  -3.494  -0.015   1.680  -2.578
   1.307   2.420  -1.406   0.215   0.909  -1.458  -0.176  -0.234  -0.408   0.055
   1.779  -0.604   0.307   2.737   0.839  -0.647   1.375   1.614  -0.290   1.997
   0.604  -2.201   1.582   1.584  -2.676   1.448  -0.104  -2.567   0.796   0.189
  -2.361   2.626   1.426  -0.269   0.012   1.973  -1.109  -0.679   1.251   0.952
  -0.410   0.744   1.553   0.223   1.617   1.380  -1.748   2.640   1.205  -1.985
   1.048   0.779  -2.533   1.269   2.404  -1.908
  -3.306   1.272   0.881  -2.778   0.622   1.586  -3.469  -0.210   1.850  -2.598
   1.135   2.556  -1.489   0.109   0.954  -1.519  -0.257  -0.268  -0.393   0.060
   1.759  -0.460   0.436   2.668   0.862  -0.671   1.453   1.555  -0.435   2.224
   0.635  -2.215   1.494   1.488  -2.843   1.396  -0.034  -2.537   0.709   0.147
  -2.537   2.456   1.365  -0.294   0.007   1.973  -1.115  -0.720   1.120   0.959
  -0.440   0.766   1.619   0.278   1.491   1.387  -1.795   2.553   1.347  -2.077
   0.907   0.791  -2.505   1.266   2.406  -1.814
  -3.359   1.091   0.992  -2.726   0.556   1.662  -3.331  -0.311   1.952  -2.491
   1.206   2.436  -1.464   0.110   0.946  -1.534  -0.246  -0.251  -0.379   0.078
   1.702  -0.517   0.414   2.682   0.853  -0.703   1.374   1.604  -0.348   2.107
   0.643  -2.268   1.617   1.648  -2.799   1.800   0.153  -2.670   0.751   0.011
  -2.443   2.470   1.489  -0.295   0.028   2.049  -1.130  -0.689   1.267   0.977
  -0.382   0.731   1.584   0.203   1.474   1.389  -1.802   2.511   1.197  -2.189
   0.741   0.878  -2.515   1.284   2.448  -1.931
  -3.454   1.096   0.911  -2.748   0.709   1.653  -3.139  -0.005   2.314  -2.520
   1.559   2.290  -1.539   0.107   0.984  -1.644  -0.208  -0.153  -0.398   0.015
   1.690  -0.465   0.177   2.678   0.856  -0.711   1.352   1.572  -0.287   2.075
   0.661  -2.217   1.614   1.642  -2.743   1.539  -0.058  -2.631   0.914   0.405
  -2.387   2.620   1.412  -0.306  -0.021   2.132  -1.120  -0.589   1.153   0.930
  -0.512   0.758   1.542   0.112   1.442   1.403  -1.864   2.513   1.368  -2.063
   0.931   0.823  -2.599   1.124   2.447  -1.965
  -3.500   0.890   1.024  -2.752   0.678   1.713  -3.109  -0.083   2.395  -2.495
   1.574   2.261  -1.585   0.053   0.919  -1.710  -0.272  -0.246  -0.484  -0.084
   1.669  -0.717   0.183   2.676   0.875  -0.707   1.413   1.485  -0.427   2.271
   0.649  -2.182   1.632   1.623  -2.631   1.417   0.052  -2.669   0.903   0.135
  -2.400   2.556   1.533  -0.266   0.054   2.183  -1.063  -0.608   1.302   0.983
  -0.442   0.872   1.614   0.199   1.398   1.409  -1.858   2.408   1.593  -2.231
   0.956   0.693  -2.453   0.815   2.351  -1.980
  -3.637   0.828   1.080  -2.798   0.462   1.685  -3.200  -0.317   2.289  -2.522
   1.174   2.410  -1.587   0.031   0.951  -1.674  -0.325  -0.221  -0.445  -0.019
   1.671  -0.586   0.387   2.608   0.826  -0.639   1.359   1.464  -0.311   2.203
   0.693  -2.112   1.697   1.683  -2.551   1.706   0.086  -2.640   0.853   0.198
  -2.287   2.656   1.557  -0.242   0.055   2.193  -1.084  -0.586   1.235   0.959
  -0.426   0.559   1.439   0.170   1.296   1.378  -1.834   2.345   1.625  -1.982
   1.048   0.506  -2.494   0.730   2.317  -1.922
  -3.659   0.556   1.189  -2.769   0.504   1.782  -3.007  -0.149   2.587  -2.567
   1.498   2.204  -1.563   0.018   0.986  -1.653  -0.306  -0.181  -0.460  -0.072
   1.751  -0.552   0.353   2.644   0.774  -0.739   1.417   1.518  -0.337   2.144
   0.693  -2.187   1.677   1.740  -2.596   1.835   0.051  -2.509   0.836   0.207
  -2.415   2.561   1.521  -0.291   0.104   2.072  -1.176  -0.577   1.348   0.945
  -0.345   0.864   1.518   0.281   1.446   1.325  -1.737   2.487   1.404  -2.007
   1.172   0.492  -2.373   0.823   2.263  -1.987
  -3.621   0.770   1.128  -2.807   0.557   1.774  -3.182  -0.121   2.576  -2.528
   1.479   2.282  -1.675  -0.062   1.028  -1.716  -0.296  -0.148  -0.569  -0.120
   1.763  -0.693   0.044   2.732   0.719  -0.720   1.442   1.402  -0.435   2.280
   0.598  -2.245   1.597   1.596  -2.742   1.551   0.173  -2.708   0.745   0.200
  -2.475   2.597   1.443  -0.345   0.083   2.010  -1.194  -0.640   1.273   0.918
  -0.329   0.933   1.654   0.286   1.532   1.350  -1.781   2.536   1.412  -2.089
   1.147   0.601  -2.489   0.915   2.301  -1.990
  -3.702   0.407   0.926  -2.853   0.450   1.657  -2.957  -0.131   2.600  -2.719
   1.501   1.926  -1.639  -0.065   0.959  -1.785  -0.372  -0.247  -0.593  -0.181
   1.748  -0.639   0.199   2.675   0.722  -0.765   1.390   1.393  -0.478   2.172
   0.598  -2.290   1.568   1.563  -2.690   1.641  -0.045  -2.864   0.823   0.132
  -2.425   2.579   1.402  -0.293   0.044   1.931  -1.160  -0.665   1.468   1.010
  -0.329   1.105   1.677   0.395   1.480   1.345  -1.759   2.487   1.537  -2.061
   1.211   0.497  -2.288   0.950   2.222  -1.937
  -3.780   0.348   1.069  -2.924   0.432   1.766  -3.103  -0.183   2.685  -2.875
   1.406   2.231  -1.693  -0.078   1.075  -1.750  -0.293  -0.158  -0.552  -0.078
   1.728  -0.540   0.261   2.661   0.791  -0.686   1.347   1.387  -0.272   2.138
   0.755  -2.226   1.551   1.754  -2.699   1.309  -0.044  -2.776   1.024   0.549
  -2.430   2.595   1.424  -0.254   0.048   1.844  -1.094  -0.700   1.432   0.975
  -0.302   1.010   1.705   0.283   1.605   1.304  -1.734   2.654   1.652  -1.909
   1.489   0.456  -2.402   0.794   1.939  -2.073
  -3.714   0.424   1.057  -2.901   0.464   1.770  -3.182  -0.259   2.561  -2.691
   1.513   2.014  -1.655   0.015   1.103  -1.758  -0.324  -0.060  -0.489  -0.006
   1.843  -0.552   0.444   2.736   0.777  -0.553   1.419   1.535  -0.124   2.045
   0.736  -2.046   1.610   1.801  -2.453   1.580   0.018  -2.315   0.796   0.308
  -2.389   2.534   1.316  -0.192   0.012   1.844  -1.059  -0.670   1.362   1.012
  -0.363   1.180   1.767   0.270   1.645   1.348  -1.746   2.718   1.426  -1.935
   1.156   0.666  -2.409   1.176   2.324  -1.914
  -3.620   0.710   1.176  -2.828   0.420   1.861  -3.187  -0.320   2.589  -2.521
   1.337   2.462  -1.645  -0.003   1.053  -1.699  -0.389  -0.138  -0.536   0.030
   1.741  -0.638   0.433   2.703   0.791  -0.515   1.457   1.496  -0.036   2.170
   0.811  -1.991   1.740   1.833  -2.289   1.551   0.148  -2.551   1.077   0.646
  -2.152   2.770   1.313  -0.220   0.037   1.849  -1.086  -0.684   1.332   1.064
  -0.426   1.106   1.800   0.265   1.528   1.484  -1.776   2.574   1.437  -2.013
   1.073   0.845  -2.500   1.123   2.458  -1.961
  -3.686   0.606   1.040  -2.879   0.475   1.739  -3.052  -0.209   2.537  -2.641
   1.463   2.077  -1.625   0.004   1.054  -1.726  -0.348  -0.077  -0.466   0.084
   1.782  -0.458   0.555   2.653   0.770  -0.577   1.353   1.642  -0.144   2.007
   0.767  -2.086   1.761   1.859  -2.437   1.725   0.181  -2.662   1.102   0.490
  -2.169   2.836   1.282  -0.257  -0.037   1.760  -1.123  -0.737   1.250   1.030
  -0.457   1.021   1.760   0.162   1.390   1.446  -1.843   2.465   1.435  -2.153
   0.650   0.794  -2.335   0.988   2.466  -1.874
  -3.632   0.547   0.957  -2.858   0.537   1.746  -3.204  -0.121   2.612  -2.919
   1.600   2.041  -1.654   0.012   1.094  -1.699  -0.281  -0.094  -0.497  -0.036
   1.768  -0.449   0.261   2.775   0.794  -0.644   1.349   1.540  -0.178   2.098
   0.812  -2.172   1.637   1.776  -2.675   1.531   0.155  -2.663   0.903   0.513
  -2.399   2.684   1.347  -0.244  -0.043   1.897  -1.054  -0.760   1.153   1.000
  -0.430   0.490   1.602   0.055   1.287   1.445  -1.819   2.314   1.550  -2.057
   0.703   0.825  -2.491   0.849   2.378  -1.854
  -3.696   0.743   1.114  -2.885   0.668   1.789  -3.228   0.044   2.644  -2.524
   1.568   2.250  -1.676   0.045   1.057  -1.785  -0.410  -0.085  -0.567  -0.019
   1.778  -0.487   0.408   2.704   0.728  -0.621   1.398   1.379  -0.247   2.197
   0.606  -2.127   1.631   1.587  -2.515   1.341  -0.179  -2.653   1.139   0.444
  -2.275   2.694   1.279  -0.219  -0.054   1.853  -1.081  -0.762   1.006   1.024
  -0.456   0.456   1.611   0.216   1.287   1.533  -1.827   2.278   1.187  -2.221
   0.600   1.034  -2.558   1.119   2.584  -1.937
