default_name                                                                    
   22  0.2000000E+02
  -3.5663320  -0.9214119   1.3825675  -3.1271540   0.0497401   1.0771361
  -3.1862811   0.8840849   1.8759354  -3.6750104   0.3919004   0.0938470
  -1.7329598  -0.2544178   0.6435790  -1.4822954  -1.3197791   0.0273228
  -0.7872447   0.5448549   1.1476830  -1.1174717   1.2932621   1.7036766
   0.6263386   0.2870804   0.9841062   1.0038171   1.1739792   1.4460965
   1.0116125  -0.8793175   1.9771986   2.0232174  -0.9965237   1.7111975
   0.6385089  -1.8467457   1.5831235   0.9223104  -0.8929423   3.0664016
   1.1738553   0.1977072  -0.4761304   1.8470588  -0.7268253  -0.8345396
   0.7631609   1.1378946  -1.3084769   0.1190747   1.7971133  -0.9377223
   0.8943871   1.1992011  -2.7373604   1.8538564   0.9041975  -3.1993668
   0.0562533   0.5663724  -3.1833635   0.6511911   2.1453307  -3.0275975
  -0.5790824   1.0340467  -1.1884720   0.3748724   0.3255937   0.1161003
   0.2120047   0.1930016  -0.6560270   1.2227563   0.4911672   0.7979279
  -0.3693991  -0.2057309   0.4497383  -0.2723773   0.0683694   0.1642093
   0.2185934   0.1979802   0.2062772   0.4702777  -0.1427650   0.6344995
  -0.2780941   0.3879878   0.2397340  -0.0137041  -0.4550648   0.3550428
  -0.0967451   0.3134549   0.2591214   0.0784136   0.8978307   0.2788475
  -0.5718329  -0.3744340  -0.3588251  -0.3527125  -1.1512039   0.6769532
  -0.2122639   0.3041819  -0.0779476  -0.2311355   0.2652788  -0.1463457
  -0.3559884  -0.1831158   0.0499805  -1.0330532  -0.1909920   0.0905621
   0.3499816  -0.0564816  -0.0731502  -0.5168388  -0.0257424  -0.1306646
  -0.1586506   0.5385810   0.6327074   0.5834182  -0.6316150  -1.1678762
