default_name                                                                    
   22  0.2000000E+02
  -3.4153810   1.4802899   1.3207775  -2.4745554   1.1406691   1.8702852
  -2.6813130   0.5765062   2.7272830  -2.0528329   2.0957811   2.1750737
  -1.5702862   0.2658488   1.0647628  -1.9789547  -0.2166584   0.0223897
  -0.3975068  -0.0658509   1.5809194  -0.0889835   0.4689289   2.4178151
   0.7414438  -0.8524369   1.0381344   1.5765808  -0.7058303   1.7238470
   0.4908755  -2.3791697   1.2099773   1.3789594  -2.9213635   0.8693211
  -0.3553460  -2.5669112   0.5982939   0.4120299  -2.6539352   2.2996172
   1.3239944  -0.6159263  -0.4032062   2.5332075  -0.9232870  -0.5857235
   0.5098931  -0.3000703  -1.4272503  -0.4612232  -0.4212012  -1.1990639
   0.9948955   0.1565696  -2.7923991   1.6284164   1.0203720  -2.6902145
   1.7213976  -0.5133517  -3.1326843   0.2213824   0.2700861  -3.5057926
   0.4275401  -1.1128229  -0.7505441   0.2254061  -0.0337784  -0.1669731
   0.1869316  -0.4556640   1.0631653  -1.0370115   0.7820176   0.5638345
  -0.1764022  -0.2853653  -0.0080009   0.0017870   0.1219050  -0.1900590
   0.1082798   0.0304619  -0.0952146   0.9028044  -0.1343223  -0.2981446
  -0.1991897  -0.2536857   0.5606361   1.3295088   0.0485648   0.6629136
  -0.0464820  -0.3008499   0.2847413   0.7366763  -0.5881785   0.8899500
  -1.2179955  -1.0518642  -0.0699510   0.6728899  -0.3208528   0.1815458
  -0.0480791  -0.0746333   0.3262957   0.0004481  -0.0041778   0.2586304
  -0.0251956   0.0126032  -0.4604588   0.3876039   0.7972811  -0.1323801
  -0.4484614  -0.2040815   0.4294123   0.1536461  -0.2303262  -0.8978581
   1.4869179   0.1828028  -0.3845753   0.5501263   0.5286353   0.1106971
