default_name                                                                    
   22  0.3977500E+03
   2.0809564   3.0058031   0.4570691   1.6276156   2.0308345   0.8339689
   1.2608191   2.0704444   1.8565413   2.2989841   1.1967668   0.6470090
   0.3938370   1.8996810   0.0272808   0.0097397   2.8803576  -0.6132833
  -0.1314997   0.7060787  -0.0303152   0.3485464   0.0315454   0.5319090
  -1.4285332   0.2751452  -0.6522655  -1.3375534  -0.7704512  -0.6678185
  -2.5796648   0.8518454   0.2690457  -3.5697315   0.4958110  -0.0499965
  -2.4173646   1.9140287   0.2177815  -2.4636347   0.5087558   1.4063715
  -1.5600549   0.6150775  -2.1430462  -2.4948805   0.1700523  -2.7816412
  -0.6467550   1.3262602  -2.7501491   0.0613370   1.5701190  -2.1618627
  -0.4661773   1.6457155  -4.1725750   0.5710922   1.9623111  -4.3145412
  -0.7345240   0.7231765  -4.6650853  -1.1325319   2.4690459  -4.4734821
   0.4766594   0.9156460  -0.8403762  -0.1441162   0.1505102   0.3344330
  -1.1079514  -0.5727142   0.5314662   0.4476325   1.1941633   0.1937857
  -0.1659333   0.2588767   0.1207618  -0.2588308   0.1858306   0.0287826
   0.3942644   0.0516885  -0.5794322   0.9705024   0.7355128  -0.1703258
   0.0862131  -0.1217370  -0.0989777   0.7416237   0.7582856  -0.1883789
   0.2024859  -0.3564887  -0.0458755  -0.6660888   2.2273933  -1.6502984
  -1.3324343   0.0984596  -1.7859479   0.0728923  -0.4175531   1.3964557
  -0.0081938  -0.1706854   0.0750721  -0.1681903  -0.0419075   0.0311179
   0.2114919  -0.0638396  -0.0189489  -0.1379825   0.1524747  -0.8559935
  -0.1303272  -0.1509214   0.3044907  -0.5388319  -2.6492376   1.0024086
  -0.8349474   1.3306275   0.4556233  -0.6312389   1.6069787   0.5462503
