default_name                                                                    
  -2.567  -2.576  -2.101  -2.441  -2.661  -1.018  -1.783  -3.523  -0.822  -3.299
  -2.748  -0.347  -1.778  -1.376  -0.624  -2.169  -0.378  -1.180  -0.777  -1.365
   0.227  -0.537  -2.273   0.718   0.092  -0.253   0.557  -0.629   0.596   0.884
   0.879  -0.678   1.849   1.390  -1.648   1.732   0.125  -0.786   2.670   1.641
   0.080   2.125   0.990   0.254  -0.603   1.452   1.391  -0.584   1.033  -0.523
  -1.709   0.731  -1.509  -1.506   1.704  -0.308  -3.002   1.532   0.751  -3.251
   2.724  -0.569  -3.022   1.112  -0.961  -3.681
  -3.423  -2.630  -1.367  -2.633  -2.772  -0.597  -1.903  -3.532  -0.974  -2.997
  -2.967   0.390  -1.834  -1.481  -0.512  -2.289  -0.522  -1.157  -0.823  -1.511
   0.396  -0.710  -2.427   0.890   0.113  -0.375   0.542  -0.524   0.479   0.822
   1.000  -0.658   1.823   1.732  -1.380   1.693   0.273  -0.972   2.594   1.584
   0.247   2.152   0.875   0.091  -0.644   1.110   1.294  -0.694   1.187  -0.745
  -1.662   1.014  -1.773  -1.675   1.696  -0.341  -3.024   1.027   0.379  -3.489
   2.750   0.052  -3.112   1.690  -1.183  -3.669
  -3.147  -3.465  -1.364  -2.415  -3.365  -0.606  -1.661  -4.133  -1.025  -2.678
  -3.648   0.412  -1.780  -1.941  -0.668  -2.194  -1.117  -1.487  -0.682  -1.749
   0.120  -0.383  -2.613   0.631  -0.140  -0.391   0.413  -0.945   0.306   0.530
   0.482  -0.461   1.821   1.176  -1.265   1.773  -0.339  -0.730   2.468   1.101
   0.412   2.021   0.766   0.192  -0.674   1.430   1.237  -0.481   0.849  -0.544
  -1.816   0.161  -1.272  -1.924   1.605  -0.240  -2.994   1.049   0.385  -3.726
   2.507   0.282  -2.786   1.984  -1.236  -3.438
  -3.414  -3.340  -0.668  -2.466  -3.438  -0.101  -1.755  -4.291  -0.437  -2.668
  -3.548   0.947  -1.876  -2.077  -0.339  -2.316  -1.308  -1.225  -0.945  -1.700
   0.566  -0.637  -2.401   1.258  -0.256  -0.343   0.682  -1.065   0.367   0.811
   0.609  -0.314   2.044   1.587  -0.834   1.889   0.077  -0.790   2.890   0.993
   0.713   2.382   0.704   0.148  -0.443   0.911   1.365  -0.468   1.259  -0.780
  -1.246   0.975  -1.755  -1.048   2.031  -0.405  -2.443   1.536   0.457  -2.886
   3.069  -0.148  -2.280   1.891  -1.255  -3.124
  -3.108  -3.766  -0.273  -2.066  -3.764   0.079  -1.515  -4.417  -0.487  -2.172
  -3.947   1.116  -1.538  -2.387  -0.179  -2.082  -1.663  -0.989  -0.586  -1.894
   0.615  -0.256  -2.499   1.352  -0.144  -0.513   0.690  -1.052   0.084   0.686
   0.440  -0.203   2.015   1.329  -0.838   2.127  -0.214  -0.562   2.811   0.680
   0.813   2.133   0.688   0.005  -0.445   0.775   1.218  -0.769   1.070  -0.939
  -1.271   0.611  -1.802  -1.020   1.726  -0.906  -2.558   0.991  -1.162  -3.370
   2.079   0.149  -2.750   2.508  -1.647  -2.729
  -2.753  -4.310   1.185  -2.074  -4.089   0.353  -2.651  -4.503  -0.538  -1.082
  -4.589   0.491  -1.851  -2.611   0.262  -2.395  -1.996  -0.721  -0.843  -2.071
   0.916  -0.392  -2.578   1.681  -0.228  -0.731   0.779  -1.020  -0.070   0.897
   0.685  -0.449   2.054   1.605  -1.027   2.191   0.045  -0.604   2.915   0.980
   0.608   1.994   0.384  -0.332  -0.604   0.383   0.873  -0.930   0.865  -1.286
  -1.387   0.514  -2.214  -1.123   1.647  -1.035  -2.590   1.073  -0.594  -3.414
   2.502  -0.405  -2.482   1.840  -2.034  -2.961
  -1.369  -5.044   0.310  -2.240  -4.398   0.354  -2.536  -4.494   1.350  -3.073
  -4.723  -0.441  -1.923  -2.937   0.079  -2.470  -2.287  -0.836  -0.956  -2.358
   0.894  -0.620  -2.966   1.622  -0.542  -0.931   0.888  -1.436  -0.331   1.168
   0.551  -0.650   1.874   1.546  -0.658   1.372   0.529  -1.357   2.736   0.438
   0.375   2.313  -0.040  -0.530  -0.543   0.104   0.689  -0.883   0.431  -1.430
  -1.409   0.329  -2.408  -1.173   1.100  -1.230  -2.694   0.546  -0.645  -3.439
   1.965  -0.562  -2.445   1.504  -2.183  -3.076
  -1.985  -4.621   1.407  -2.725  -4.138   0.810  -3.502  -3.783   1.372  -3.204
  -4.791   0.085  -2.087  -2.867   0.320  -2.532  -2.327  -0.697  -1.145  -2.318
   1.024  -0.652  -2.867   1.790  -0.886  -0.877   0.855  -1.901  -0.416   0.855
  -0.109  -0.523   2.098   0.867  -0.988   2.162  -0.736  -0.731   3.009  -0.218
   0.540   2.279  -0.206  -0.314  -0.352   0.026   0.891  -0.465   0.044  -1.254
  -1.289  -0.334  -2.136  -1.207   0.585  -1.047  -2.610   0.971  -2.072  -2.930
  -0.221  -0.717  -3.303   1.399  -0.407  -2.523
  -1.698  -4.746   0.040  -2.405  -4.247   0.629  -2.538  -4.485   1.688  -3.434
  -4.231   0.158  -1.987  -2.811   0.437  -2.572  -2.055  -0.308  -0.929  -2.525
   1.190  -0.492  -3.269   1.728  -0.397  -1.145   1.241  -1.273  -0.542   1.496
   0.432  -0.866   2.425   1.243  -1.588   2.444  -0.206  -0.923   3.258   0.855
   0.117   2.378   0.220  -0.530  -0.051   0.479   0.688  -0.022   0.408  -1.253
  -1.188   0.122  -2.276  -1.304   0.966  -0.789  -2.465   0.911  -1.604  -3.215
   0.309  -0.012  -2.800   1.936  -0.557  -2.215
  -2.220  -4.775   0.252  -2.845  -4.165   0.841  -2.686  -4.525   1.840  -3.977
  -4.285   0.597  -2.295  -2.771   0.653  -3.036  -1.949   0.082  -1.113  -2.507
   1.095  -0.518  -3.277   1.346  -0.582  -1.139   1.266  -1.427  -0.384   1.318
   0.197  -0.976   2.594   1.191  -1.318   2.411  -0.310  -1.574   3.334   0.157
   0.121   2.790   0.353  -0.770   0.114   0.998   0.271   0.130   0.484  -1.581
  -0.983   0.013  -2.431  -0.968   1.164  -1.310  -2.230   1.095  -2.256  -2.785
   0.759  -0.531  -2.767   2.134  -1.210  -2.034
  -1.904  -4.816   0.953  -2.585  -4.361   0.151  -3.583  -4.584   0.565  -2.336
  -4.789  -0.849  -2.215  -2.877   0.182  -2.847  -2.104  -0.539  -1.129  -2.527
   0.924  -0.631  -3.236   1.468  -0.634  -1.125   1.235  -1.429  -0.399   1.070
  -0.268  -1.098   2.707   0.576  -1.791   2.891  -1.121  -1.310   3.299   0.117
  -0.119   2.963   0.441  -0.650   0.232   1.033   0.376   0.415   0.683  -1.414
  -0.840   0.091  -2.225  -0.813   1.284  -0.957  -2.118   0.632  -1.151  -2.984
   1.562   0.002  -2.234   2.220  -1.449  -2.289
  -2.881  -4.615   0.791  -2.232  -4.247   0.025  -2.680  -4.577  -0.947  -1.253
  -4.764   0.099  -2.063  -2.784   0.062  -2.920  -2.116  -0.502  -1.050  -2.333
   0.821  -0.447  -3.113   1.110  -0.610  -1.003   1.188  -1.453  -0.333   1.110
  -0.131  -1.046   2.621   0.815  -1.499   2.676  -0.922  -1.539   3.252  -0.069
  -0.017   3.046   0.479  -0.352   0.199   0.992   0.770   0.508   0.890  -0.929
  -0.918   0.567  -1.859  -1.119   2.073  -0.443  -1.646   2.882  -0.678  -0.976
   2.304  -0.976  -2.538   2.056   0.594  -1.784
  -1.588  -4.851   0.691  -2.000  -4.276  -0.098  -3.145  -4.348  -0.089  -1.671
  -4.618  -1.068  -1.775  -2.819   0.033  -2.340  -1.932  -0.703  -1.056  -2.424
   1.077  -0.669  -3.075   1.729  -0.697  -1.021   1.371  -1.604  -0.343   1.584
  -0.052  -1.226   2.740   0.772  -1.835   2.770  -0.810  -1.585   3.393   0.298
  -0.271   3.267   0.342  -0.366   0.440   0.756   0.754   0.560   0.742  -1.189
  -0.529   0.337  -2.057  -0.661   1.456  -0.790  -1.749   2.264  -1.460  -2.110
   0.648  -0.586  -2.497   1.843   0.173  -1.526
  -0.865  -4.768   0.175  -1.905  -4.438  -0.010  -2.525  -5.052   0.665  -2.173
  -4.661  -0.982  -1.904  -2.905   0.142  -2.767  -2.240  -0.397  -1.014  -2.342
   0.866  -0.320  -2.965   1.239  -0.608  -0.973   1.225  -1.499  -0.368   1.382
   0.122  -1.081   2.522   1.187  -1.337   2.260  -0.132  -1.900   3.232   0.049
  -0.165   3.076   0.251  -0.287   0.161   0.571   0.858   0.297   0.572  -0.935
  -1.005   0.226  -1.862  -1.057   1.507  -0.418  -1.998   2.207  -1.230  -2.211
   0.942  -0.130  -2.958   2.017   0.505  -1.649
  -0.884  -5.070   0.701  -1.879  -4.592   0.734  -2.344  -4.747   1.692  -2.613
  -4.963  -0.037  -1.834  -3.048   0.456  -2.708  -2.452  -0.103  -0.784  -2.498
   1.012  -0.177  -3.122   1.444  -0.591  -1.095   1.245  -1.520  -0.653   1.437
   0.175  -1.003   2.595   1.153  -1.441   2.601  -0.363  -1.367   3.441   0.345
  -0.054   2.807   0.032  -0.383   0.027   0.202   0.821   0.113   0.308  -1.034
  -1.080   0.142  -2.032  -0.943   0.941  -0.367  -2.326   0.204  -0.419  -3.139
   1.172   0.683  -2.141   1.808  -0.954  -2.540
  -1.694  -4.769  -0.509  -2.226  -4.528   0.406  -1.803  -4.921   1.338  -3.263
  -4.809   0.437  -2.068  -3.042   0.505  -3.042  -2.347   0.116  -0.966  -2.489
   0.978  -0.214  -3.025   1.274  -0.815  -1.051   1.280  -1.733  -0.592   1.643
   0.238  -0.991   2.339   1.137  -1.502   2.076  -0.169  -1.333   3.254   0.457
   0.044   2.407  -0.248  -0.325   0.068  -0.012   0.892   0.201   0.061  -0.957
  -1.039  -0.136  -1.947  -0.993   0.522  -0.389  -2.232   0.097  -1.008  -2.926
   0.082   0.631  -2.333   1.553  -0.404  -2.222
  -1.572  -5.062   0.419  -2.394  -4.439   0.824  -2.647  -4.653   1.876  -3.290
  -4.807   0.307  -2.265  -2.993   0.641  -3.191  -2.214   0.457  -1.027  -2.534
   0.865  -0.248  -3.176   0.930  -0.817  -1.109   1.276  -1.716  -0.736   1.719
   0.346  -1.132   2.354   1.299  -1.617   1.992  -0.019  -1.558   3.206   0.521
  -0.087   2.667  -0.437  -0.194   0.111  -0.606   1.066   0.187   0.119  -0.670
  -0.967   0.278  -1.727  -1.059   0.687   0.197  -2.075   1.662  -0.180  -2.485
  -0.065   0.150  -2.819   0.736   1.259  -1.745
  -1.823  -4.784  -0.022  -2.418  -4.338   0.861  -2.159  -4.703   1.870  -3.550
  -4.674   0.644  -2.267  -2.858   0.871  -3.250  -2.104   0.865  -0.999  -2.515
   0.959  -0.388  -3.280   1.120  -0.564  -1.177   1.326  -1.381  -0.678   1.861
   0.599  -1.410   2.313   1.489  -1.585   1.722   0.497  -2.157   3.064   0.577
  -0.382   2.783  -0.216  -0.243   0.152   0.309   0.894   0.329  -0.468  -0.695
  -1.056  -0.962  -1.566  -1.133  -0.225   0.005  -2.233  -0.500  -0.650  -3.003
  -0.900   0.908  -2.390   0.713   0.478  -2.331
  -1.683  -4.595   0.345  -2.447  -4.006   0.956  -2.606  -4.439   1.904  -3.399
  -3.974   0.402  -2.089  -2.592   1.034  -2.984  -1.760   0.977  -0.820  -2.288
   1.081  -0.106  -3.062   0.974  -0.312  -0.879   1.082  -1.045  -0.195   1.498
   0.847  -0.867   2.134   1.405  -1.706   2.106   0.409  -1.003   3.128   1.520
  -0.111   1.973   0.104  -0.288  -0.345   0.540   0.879  -0.354  -0.122  -0.914
  -1.491  -0.448  -1.859  -1.523  -0.357  -0.163  -2.786  -0.658  -0.870  -3.544
  -1.207   0.476  -2.717   0.517   0.425  -3.002
  -1.940  -4.449   1.311  -2.583  -3.602   1.579  -2.937  -3.738   2.604  -3.546
  -3.613   1.092  -1.964  -2.259   1.339  -2.613  -1.275   1.403  -0.617  -2.272
   1.205  -0.152  -3.111   1.013   0.139  -1.030   1.264  -0.366  -0.270   1.836
   1.646  -1.182   1.708   2.275  -1.648   1.005   1.686  -1.712   2.696   2.038
  -0.177   1.775   0.086  -0.280  -0.085   0.551   0.870  -0.157  -0.298  -0.931
  -1.196  -0.741  -1.820  -1.150  -0.186  -0.260  -2.535  -0.811  -0.695  -3.249
  -0.358   0.795  -2.521   0.851  -0.328  -2.886
  -3.263  -3.842   0.890  -2.955  -3.343   1.828  -2.402  -4.105   2.393  -3.792
  -3.144   2.467  -2.048  -2.131   1.547  -2.458  -0.949   1.549  -0.776  -2.444
   1.201  -0.469  -3.394   0.986   0.350  -1.428   1.217   0.250  -0.880   2.204
   1.710  -2.152   1.135   1.857  -2.480   0.114   1.752  -2.914   1.970   2.564
  -1.523   1.400   0.152  -0.459   0.033   0.633   0.724   0.098  -0.565  -0.807
  -1.031  -1.163  -1.618  -0.981  -0.623  -0.053  -2.262   0.259  -0.265  -2.866
  -1.565  -0.330  -2.734  -0.724   1.045  -2.094
  -2.518  -4.364   1.155  -2.848  -3.604   1.753  -2.836  -4.073   2.764  -3.903
  -3.330   1.501  -2.114  -2.319   1.674  -2.652  -1.243   1.795  -0.847  -2.377
   1.457  -0.440  -3.282   1.482   0.162  -1.269   1.384   0.229  -0.620   2.346
   1.402  -2.205   1.347   1.685  -2.726   0.484   1.350  -2.751   2.273   2.346
  -1.653   1.460   0.179  -0.412   0.137   0.721   0.698   0.299  -0.275  -0.762
  -1.093  -0.719  -1.637  -1.235  -0.685   0.260  -2.043   0.210   0.638  -2.537
  -1.298  -0.339  -2.845  -1.295   1.070  -1.607
  -2.794  -3.888   0.727  -3.001  -3.350   1.637  -2.644  -4.000   2.460  -3.984
  -3.053   1.892  -2.178  -2.111   1.694  -2.572  -1.005   2.046  -0.906  -2.340
   1.416  -0.489  -3.241   1.380   0.175  -1.361   1.424   0.202  -0.828   2.410
   1.499  -2.076   1.304   1.555  -2.918   0.598   1.881  -2.481   2.303   2.233
  -1.340   0.922   0.013  -0.229   0.437   0.687   0.756   0.434  -0.952  -0.388
  -0.539  -1.452  -1.234  -0.570  -1.204   0.602  -1.651  -0.313   0.741  -2.293
  -2.058   0.151  -2.236  -1.653   1.476  -1.314
  -2.781  -4.084   0.633  -3.054  -3.903   1.668  -2.552  -4.711   2.320  -4.130
  -3.960   1.702  -2.435  -2.624   1.952  -3.001  -1.714   2.563  -1.144  -2.535
   1.644  -0.670  -3.331   1.415  -0.257  -1.384   1.690  -0.457  -0.919   2.666
   1.125  -1.931   1.778   1.417  -2.443   0.823   1.177  -2.696   2.560   1.751
  -1.147   2.071  -0.321  -0.341   0.586   0.204   0.792   0.676  -1.131  -0.561
  -0.448  -1.836  -1.290  -0.346  -1.440   0.351  -1.541  -0.566   0.684  -2.155
  -2.289  -0.082  -2.072  -1.828   1.288  -1.144
  -3.333  -4.076   0.197  -3.079  -4.120   1.290  -2.264  -4.810   1.470  -3.957
  -4.393   1.985  -2.377  -2.847   1.653  -3.071  -1.958   2.138  -1.109  -2.783
   1.437  -0.668  -3.625   1.043  -0.284  -1.616   1.690  -0.720  -0.930   2.340
   1.182  -2.031   2.093   1.655  -2.346   1.186   1.149  -2.705   3.015   1.674
  -1.148   2.438  -0.234  -0.581   0.533   0.369   0.497   0.608  -1.006  -0.831
  -0.530  -1.501  -1.672  -0.478  -1.341   0.183  -1.561  -0.423   0.589  -1.959
  -1.909  -0.283  -2.401  -1.740   1.001  -0.929
  -3.019  -3.988  -0.116  -3.436  -3.941   0.939  -3.200  -4.950   1.285  -4.556
  -3.891   0.775  -2.584  -2.707   1.469  -3.130  -1.870   2.216  -1.304  -2.672
   1.100  -0.999  -3.406   0.500  -0.461  -1.400   1.350  -0.998  -0.872   2.101
   0.912  -1.750   2.058   1.502  -2.513   1.571   0.518  -2.286   2.938   1.570
  -0.877   2.175  -0.337  -0.346   0.189   0.233   0.750   0.310  -0.918  -0.636
  -0.918  -1.111  -1.630  -0.803  -1.408   0.237  -2.025  -0.652   0.747  -2.575
  -1.868  -0.323  -2.779  -2.126   1.003  -1.604
  -3.990  -3.499   0.072  -3.661  -3.876   1.038  -3.039  -4.709   0.880  -4.380
  -4.225   1.824  -2.772  -2.766   1.456  -3.043  -1.768   2.159  -1.572  -2.897
   0.886  -1.424  -3.746   0.415  -0.387  -1.970   1.107  -0.617  -1.451   2.111
   0.865  -2.886   1.116   0.708  -3.747   0.502   1.036  -3.299   2.140   1.730
  -2.305   0.926  -0.383  -0.858  -0.015   0.207   0.198   0.321  -1.243  -0.875
  -1.046  -1.905  -1.618  -0.931  -1.425   0.086  -2.120  -0.391   0.665  -2.063
  -1.393  -0.394  -3.107  -2.176   0.863  -1.980
  -3.807  -4.239  -0.132  -3.793  -3.986   0.929  -3.611  -4.858   1.579  -4.649
  -3.608   1.240  -2.773  -2.883   1.185  -3.235  -1.841   1.679  -1.457  -3.089
   0.988  -1.210  -4.050   0.723  -0.344  -2.069   1.078  -0.355  -1.518   2.114
   0.883  -2.964   0.988   0.655  -3.793   0.285   0.978  -3.476   1.915   1.863
  -2.447   0.842  -0.372  -0.846   0.068   0.292   0.140   0.312  -1.057  -0.978
  -1.034  -1.595  -1.857  -1.075  -1.120  -0.018  -2.114  -1.017  -0.403  -3.128
  -2.090   0.573  -2.071  -0.214   0.555  -2.101
  -3.565  -4.044  -0.494  -3.525  -3.929   0.589  -3.128  -4.946   0.902  -4.491
  -3.938   0.953  -2.631  -2.762   1.014  -3.093  -1.788   1.591  -1.351  -2.965
   0.586  -1.154  -3.592  -0.182  -0.304  -1.918   0.649  -0.451  -1.364   1.466
   1.121  -2.546   0.903   1.365  -3.281  -0.027   1.085  -3.063   1.829   1.854
  -1.685   1.143  -0.293  -0.899  -0.503   0.423   0.142  -0.477  -1.155  -1.180
  -1.616  -1.810  -1.890  -1.440  -1.669  -0.213  -2.544  -2.102  -0.709  -3.383
  -2.470   0.516  -2.229  -0.847   0.349  -2.966
  -3.374  -4.667   0.421  -2.947  -4.513   1.370  -2.240  -5.243   1.686  -3.776
  -4.384   2.029  -2.258  -3.130   1.149  -2.786  -2.057   1.095  -0.954  -3.315
   0.783  -0.477  -4.239   0.844  -0.054  -2.146   0.588  -0.147  -1.401   1.455
   1.338  -2.744   0.768   1.643  -3.218  -0.151   1.158  -3.528   1.553   1.958
  -1.913   1.150  -0.251  -1.270  -0.690   0.346  -0.206  -0.824  -1.168  -1.736
  -1.553  -1.586  -2.696  -1.411  -1.807  -1.289  -2.789  -2.907  -1.419  -2.743
  -1.661  -0.228  -3.024  -1.433  -1.884  -3.533
  -3.627  -4.549   0.236  -3.060  -4.411   1.177  -2.641  -5.457   1.274  -3.927
  -4.188   1.777  -2.241  -3.208   1.106  -2.678  -2.104   1.379  -0.931  -3.301
   0.868  -0.515  -4.177   0.655  -0.042  -2.109   0.779  -0.401  -1.339   1.423
   1.395  -2.668   0.902   1.653  -3.276  -0.045   1.545  -3.469   1.604   2.132
  -1.977   1.173  -0.140  -1.184  -0.415   0.258  -0.050  -0.332  -0.911  -1.521
  -1.488  -1.301  -2.394  -1.551  -1.167  -0.674  -2.679  -1.008   0.376  -2.474
  -0.582  -1.190  -3.547  -2.199  -0.754  -3.056
  -3.485  -3.923   0.233  -3.242  -3.805   1.212  -2.911  -4.713   1.655  -4.068
  -3.576   1.891  -2.256  -2.664   1.332  -2.622  -1.577   1.839  -1.001  -2.978
   0.888  -1.097  -3.838   0.326   0.111  -2.050   0.714   0.206  -1.492   1.605
   1.311  -2.919   0.626   1.369  -3.551  -0.250   1.290  -3.563   1.470   2.214
  -2.233   0.617  -0.131  -1.009  -0.398   0.320   0.123  -0.290  -0.813  -1.364
  -1.437  -1.182  -2.304  -1.569  -0.785  -0.464  -2.592  -0.093  -0.854  -3.315
  -1.760  -0.178  -3.013  -0.412   0.600  -2.317
  -3.933  -3.065   1.063  -3.131  -3.618   1.470  -2.742  -4.468   0.839  -3.452
  -3.938   2.405  -1.801  -2.750   1.653  -1.805  -1.866   2.480  -0.688  -3.220
   1.097  -0.578  -3.937   0.503   0.479  -2.240   1.096   0.393  -1.775   2.086
   1.772  -3.163   1.000   1.864  -3.704   0.074   1.770  -3.707   1.942   2.490
  -2.397   1.109   0.197  -1.189  -0.069   0.518  -0.076   0.080  -0.453  -1.633
  -1.163  -0.527  -2.623  -1.314  -0.711  -0.780  -2.348  -1.486  -1.250  -3.042
  -0.882   0.262  -2.070   0.285  -0.891  -2.964
  -2.625  -4.011   0.997  -2.916  -3.562   1.943  -2.709  -4.236   2.839  -3.879
  -3.034   1.900  -1.852  -2.463   1.898  -2.152  -1.298   2.085  -0.721  -2.858
   1.381  -0.651  -3.806   0.932   0.326  -1.855   1.131   0.558  -1.198   1.966
   1.597  -2.662   0.995   1.433  -3.407   0.208   1.883  -3.003   2.016   2.386
  -1.978   0.776   0.180  -1.120  -0.212   0.383   0.110  -0.314  -0.213  -1.807
  -1.323  -0.215  -2.865  -1.181  -0.261  -1.396  -2.732  -1.024  -0.563  -2.887
   0.672  -0.945  -3.030  -0.425  -2.249  -3.340
  -2.269  -4.686   1.303  -2.698  -3.759   1.416  -3.513  -4.016   2.122  -3.309
  -3.414   0.529  -1.736  -2.605   1.580  -2.098  -1.495   1.998  -0.470  -2.752
   1.181  -0.227  -3.666   1.038   0.462  -1.743   0.860   0.626  -1.078   1.735
   1.861  -2.490   0.668   1.840  -3.041  -0.255   2.200  -3.138   1.538   2.595
  -1.702   0.581   0.146  -0.784  -0.378   0.749   0.310  -0.439  -0.615  -1.358
  -1.352  -0.778  -2.300  -1.277  -1.196  -0.701  -2.545  -1.498   0.294  -2.474
  -0.573  -0.852  -3.396  -2.205  -1.038  -2.697
  -3.107  -4.495   1.314  -2.747  -3.919   2.178  -2.147  -4.544   2.826  -3.682
  -3.456   2.590  -2.002  -2.715   1.585  -2.560  -1.634   1.327  -0.702  -2.937
   1.330  -0.342  -3.821   1.626   0.279  -1.966   0.809   0.178  -1.275   1.608
   1.763  -2.461   0.682   1.806  -3.474   0.466   2.363  -2.375   1.609   2.383
  -1.881   0.098  -0.035  -1.102  -0.472   0.336   0.075  -0.419  -0.649  -1.548
  -1.571  -1.042  -2.536  -1.333  -0.981  -0.726  -2.685  -1.206   0.287  -2.368
  -0.128  -0.768  -3.474  -1.750  -1.231  -3.261
  -2.154  -4.905   1.745  -2.857  -4.095   1.799  -3.318  -4.083   2.762  -3.686
  -4.229   1.105  -2.193  -2.754   1.615  -2.825  -1.707   1.760  -0.855  -2.800
   1.276  -0.361  -3.713   1.315  -0.108  -1.641   0.937  -0.194  -0.998   1.800
   1.416  -1.943   1.087   1.815  -2.531   0.243   1.626  -2.508   2.018   2.027
  -1.066   1.172  -0.601  -0.975  -0.373   0.081   0.001  -0.627  -1.405  -1.546
  -1.210  -2.010  -2.325  -0.886  -1.795  -0.838  -2.348  -2.340   0.013  -2.148
  -0.955  -0.449  -3.039  -2.479  -1.472  -2.873
  -1.580  -4.305   3.391  -2.259  -4.045   2.543  -3.232  -3.623   2.754  -2.359
  -4.959   1.963  -1.648  -2.778   1.878  -2.002  -1.669   2.299  -0.763  -2.906
   0.983  -0.478  -3.841   0.847   0.130  -1.841   0.534   0.310  -1.201   1.468
   1.474  -2.396   0.222   1.404  -3.216  -0.480   1.891  -2.690   1.147   2.019
  -1.624  -0.151  -0.470  -0.994  -0.592   0.036   0.144  -0.788  -1.460  -1.609
  -1.332  -1.543  -2.576  -0.996  -2.227  -1.190  -2.434  -1.606  -0.638  -3.192
  -2.864  -2.008  -2.862  -2.879  -0.340  -2.157
  -1.869  -4.114   3.753  -2.144  -3.820   2.726  -3.261  -3.696   2.624  -1.842
  -4.670   2.208  -1.415  -2.670   2.163  -1.714  -1.526   2.426  -0.493  -2.917
   1.225  -0.164  -3.865   1.053   0.357  -1.989   0.558   0.949  -1.377   1.299
   1.263  -2.985  -0.079   0.660  -3.628  -0.713   1.694  -3.639   0.645   1.899
  -2.664  -0.893  -0.279  -1.072  -0.514   0.333  -0.081  -0.968  -1.480  -1.455
  -1.062  -1.996  -2.254  -0.655  -2.328  -0.868  -2.088  -1.699  -0.317  -2.829
  -2.969  -1.703  -2.469  -3.079  -0.098  -1.641
  -3.184  -3.569   3.201  -2.322  -4.106   2.795  -2.595  -4.828   1.997  -1.699
  -4.522   3.556  -1.490  -2.954   2.223  -1.783  -1.761   2.365  -0.462  -3.316
   1.485  -0.149  -4.336   1.346   0.305  -2.355   0.837   0.547  -1.694   1.648
   1.565  -2.928   0.171   1.216  -3.396  -0.698   2.020  -3.660   0.817   2.228
  -2.081   0.088  -0.539  -1.525  -0.214  -0.076  -0.361  -0.446  -1.670  -2.026
  -0.877  -2.011  -3.033  -0.692  -2.398  -1.210  -1.789  -1.751  -0.369  -2.123
  -2.582  -1.640  -2.702  -3.230  -0.688  -1.382
  -3.219  -3.392   2.944  -2.180  -3.305   3.422  -1.604  -4.271   3.292  -1.997
  -2.888   4.414  -1.558  -2.414   2.318  -2.093  -1.336   1.978  -0.403  -2.815
   1.713   0.040  -3.647   2.090   0.449  -1.915   0.836   0.658  -1.064   1.469
   1.709  -2.707   0.541   1.557  -3.482  -0.316   1.967  -3.173   1.570   2.482
  -1.925   0.208  -0.146  -1.411  -0.469   0.419  -0.522  -1.100  -1.326  -2.010
  -0.812  -1.680  -2.578  -0.060  -1.984  -1.808  -1.976  -2.130  -0.755  -2.304
  -1.442  -2.381  -2.785  -2.914  -2.317  -1.796
  -3.435  -2.596   3.301  -2.525  -3.103   3.007  -2.721  -4.088   2.511  -1.973
  -3.392   3.816  -1.576  -2.215   2.232  -1.873  -1.080   1.903  -0.419  -2.876
   1.790  -0.277  -3.821   2.086   0.687  -2.263   0.932   1.275  -1.635   1.610
   1.769  -3.297   0.603   1.392  -4.023  -0.151   2.243  -3.858   1.428   2.491
  -2.605   0.090   0.197  -1.603  -0.373   0.724  -0.528  -0.737  -0.698  -2.305
  -1.101  -0.900  -3.235  -0.749  -1.414  -1.641  -2.181  -2.392  -2.182  -2.252
  -1.670  -0.710  -2.010  -0.837  -1.600  -3.185
  -3.323  -3.096   2.560  -2.512  -3.058   3.113  -2.161  -4.067   3.323  -2.541
  -2.450   4.002  -1.483  -2.330   2.360  -1.540  -1.095   2.254  -0.505  -3.026
   1.715  -0.407  -3.977   2.026   0.639  -2.409   0.976   0.948  -1.625   1.667
   1.664  -3.482   0.871   1.346  -4.384   0.357   2.025  -3.783   1.918   2.424
  -3.010   0.253   0.383  -1.807  -0.479   1.159  -0.967  -0.942  -0.774  -2.133
  -1.107  -1.443  -2.720  -0.643  -1.155  -1.743  -2.488  -1.785  -2.491  -2.909
  -1.782  -0.898  -2.513  -0.329  -1.533  -3.074
  -2.936  -2.829   3.462  -2.321  -3.448   2.837  -2.912  -3.843   2.042  -2.015
  -4.312   3.369  -1.180  -2.575   2.288  -1.185  -1.375   2.414  -0.310  -3.254
   1.503  -0.341  -4.222   1.515   0.796  -2.549   0.839   1.022  -1.743   1.485
   1.910  -3.559   0.670   1.731  -4.101  -0.221   1.847  -4.098   1.580   2.878
  -3.054   0.728   0.240  -1.777  -0.406   0.761  -0.708  -0.730  -0.785  -2.271
  -1.176  -0.849  -3.310  -1.135  -1.469  -1.666  -2.239  -2.070  -2.343  -2.771
  -2.048  -0.807  -1.892  -0.784  -1.254  -2.941
  -3.211  -2.790   3.463  -2.547  -3.306   2.846  -3.291  -3.743   2.165  -2.043
  -4.149   3.405  -1.364  -2.399   2.347  -1.377  -1.190   2.432  -0.350  -2.987
   1.721  -0.413  -4.028   1.657   0.747  -2.245   1.029   0.776  -1.363   1.623
   1.988  -3.210   0.998   2.000  -3.740   0.023   1.896  -3.895   1.870   2.910
  -2.532   1.009   0.407  -1.661  -0.376   1.074  -0.645  -0.740  -0.521  -2.343
  -1.129  -0.789  -3.145  -0.525  -1.251  -1.872  -2.364  -1.826  -2.734  -2.746
  -1.826  -0.948  -2.169  -0.428  -1.662  -3.108
  -3.102  -2.650   3.622  -2.382  -3.224   3.096  -2.785  -3.592   2.166  -1.917
  -3.900   3.860  -1.223  -2.342   2.695  -1.193  -1.175   3.070  -0.387  -2.961
   1.851  -0.488  -3.961   1.634   0.812  -2.353   1.265   1.006  -1.528   1.885
   1.976  -3.345   1.377   1.656  -4.318   0.913   2.091  -3.535   2.441   2.837
  -2.849   0.889   0.658  -1.714  -0.146   1.569  -0.983  -0.569  -0.492  -1.838
  -0.813  -1.239  -2.237  -0.209  -1.005  -1.176  -2.020  -1.789  -1.804  -2.318
  -1.507  -0.190  -1.781  -0.199  -1.115  -2.787
  -2.678  -2.499   4.455  -2.192  -3.017   3.580  -3.000  -3.383   2.907  -1.737
  -3.941   4.068  -1.106  -2.179   2.908  -1.046  -0.968   3.039  -0.273  -2.923
   2.181  -0.350  -3.909   2.129   0.981  -2.311   1.622   1.366  -1.632   2.420
   1.927  -3.514   1.525   1.508  -4.250   0.859   2.045  -3.990   2.546   2.885
  -3.234   1.078   0.732  -1.598   0.292   1.693  -0.906  -0.195  -0.467  -1.757
  -0.319  -1.072  -2.524  -0.077  -0.835  -1.126  -1.630  -1.929  -1.253  -1.707
  -0.548  -0.069  -1.373  -0.337  -1.505  -2.541
  -2.209  -2.595   4.585  -2.105  -2.659   3.490  -2.937  -2.275   3.033  -2.070
  -3.753   3.302  -0.930  -1.952   2.897  -0.796  -0.740   2.908  -0.027  -2.734
   2.310  -0.141  -3.727   2.442   0.995  -2.193   1.454   1.362  -1.345   1.948
   2.068  -3.312   1.475   1.675  -4.296   1.113   2.397  -3.298   2.493   2.931
  -3.081   0.921   0.589  -1.664   0.090   1.326  -0.808  -0.449  -0.568  -2.167
  -0.389  -1.145  -2.737   0.198  -1.038  -1.699  -1.654  -2.085  -1.980  -1.799
  -1.026  -0.575  -1.708  -0.449  -2.160  -2.514
  -2.338  -1.914   4.397  -1.915  -2.648   3.713  -2.734  -2.998   3.028  -1.527
  -3.580   4.275  -0.834  -2.023   2.944  -0.936  -0.780   2.722   0.183  -2.827
   2.502   0.101  -3.816   2.721   1.245  -2.332   1.649   1.752  -1.532   2.250
   2.356  -3.463   1.351   1.812  -4.264   0.881   2.743  -3.854   2.277   3.143
  -3.034   0.775   0.794  -1.921   0.204   1.605  -1.277  -0.508  -0.438  -2.188
  -0.229  -0.879  -2.849   0.380  -1.152  -1.826  -1.470  -2.106  -2.433  -1.568
  -1.429  -0.814  -1.341  -0.520  -1.955  -2.410
  -2.254  -2.206   4.732  -1.867  -2.897   3.995  -2.668  -3.209   3.405  -1.381
  -3.731   4.446  -0.879  -2.177   3.170  -0.791  -0.925   3.117  -0.062  -2.989
   2.420  -0.134  -3.952   2.648   1.071  -2.544   1.497   1.431  -1.621   1.972
   2.226  -3.623   1.473   1.985  -4.568   0.983   2.450  -3.829   2.496   3.054
  -3.193   0.944   0.738  -2.196  -0.017   1.585  -1.657  -0.721  -0.510  -2.479
  -0.397  -1.065  -2.928   0.329  -1.264  -1.978  -1.564  -2.119  -1.347  -1.332
  -0.718  -1.289  -2.294  -1.586  -2.897  -2.180
  -1.752  -3.362   4.433  -2.013  -2.847   3.533  -2.789  -2.125   3.823  -2.394
  -3.568   2.818  -0.813  -2.218   2.981  -0.807  -0.984   2.977   0.084  -2.946
   2.452   0.019  -3.936   2.529   1.089  -2.319   1.545   1.476  -1.367   1.887
   2.282  -3.293   1.672   1.986  -4.257   1.218   2.461  -3.467   2.741   3.197
  -2.859   1.252   0.672  -2.215   0.057   1.365  -1.591  -0.773  -0.518  -2.677
  -0.322  -1.051  -3.180   0.391  -1.289  -2.218  -1.568  -2.282  -2.721  -1.469
  -1.460  -1.096  -1.498  -0.768  -2.534  -2.438
  -1.972  -3.951   4.156  -2.152  -3.099   3.600  -2.854  -2.554   4.238  -2.690
  -3.494   2.740  -0.915  -2.329   3.154  -0.922  -1.156   3.226  -0.075  -3.065
   2.384  -0.277  -4.032   2.342   1.004  -2.445   1.640   1.202  -1.464   2.092
   2.174  -3.406   1.679   2.012  -4.331   1.028   2.475  -3.723   2.674   3.029
  -2.892   1.257   0.705  -2.102   0.196   1.457  -1.379  -0.449  -0.399  -2.555
  -0.347  -0.958  -3.130   0.261  -0.920  -2.420  -1.637  -1.957  -2.728  -1.592
  -0.807  -1.411  -2.068  -0.492  -3.036  -2.466
  -1.686  -3.062   5.048  -1.685  -3.109   3.958  -2.637  -2.646   3.613  -1.631
  -4.159   3.628  -0.612  -2.311   3.310  -0.538  -1.096   3.536   0.249  -2.979
   2.543   0.223  -3.974   2.476   1.260  -2.296   1.668   1.621  -1.357   2.225
   2.563  -3.158   1.665   2.366  -4.096   1.084   2.898  -3.519   2.633   3.387
  -2.644   1.175   0.761  -1.888   0.268   1.440  -1.177  -0.447  -0.305  -2.592
  -0.231  -0.921  -3.087   0.366  -0.685  -2.592  -1.630   0.122  -3.030  -2.234
  -1.534  -3.156  -1.843  -0.867  -1.585  -2.071
  -1.148  -3.337   4.952  -1.438  -3.286   3.906  -2.454  -2.933   3.831  -1.464
  -4.298   3.551  -0.469  -2.474   3.097  -0.549  -1.241   3.023   0.524  -3.146
   2.531   0.550  -4.110   2.744   1.532  -2.543   1.685   1.945  -1.672   2.218
   2.654  -3.580   1.516   2.315  -4.450   0.951   3.173  -3.907   2.477   3.399
  -3.115   0.946   1.005  -2.206   0.304   1.549  -1.398  -0.431  -0.051  -2.844
  -0.162  -0.666  -3.357   0.451  -0.595  -2.750  -1.526   0.138  -2.453  -2.264
  -0.921  -3.767  -1.747  -1.548  -2.052  -1.512
  -1.250  -4.465   4.342  -1.813  -3.675   3.773  -2.510  -3.036   4.456  -2.460
  -4.206   3.097  -0.787  -2.836   2.953  -0.778  -1.609   2.892   0.309  -3.503
   2.532   0.310  -4.512   2.693   1.447  -2.902   1.875   1.844  -1.935   2.353
   2.640  -3.851   1.773   2.353  -4.728   1.241   3.057  -4.069   2.712   3.422
  -3.384   1.178   1.027  -2.397   0.396   1.831  -1.666  -0.206  -0.128  -2.814
  -0.146  -0.672  -3.433   0.414  -0.578  -2.590  -1.558  -0.025  -1.789  -1.961
  -0.256  -3.418  -2.225  -1.648  -2.372  -1.638
  -1.284  -3.895   4.872  -1.777  -3.531   4.044  -2.513  -2.905   4.461  -2.336
  -4.449   3.661  -0.780  -2.807   3.187  -0.966  -1.656   2.820   0.324  -3.404
   2.796   0.419  -4.355   2.974   1.393  -2.767   2.080   1.533  -1.763   2.408
   2.661  -3.599   2.456   2.702  -4.601   2.074   2.751  -3.536   3.584   3.479
  -3.077   2.009   1.113  -2.688   0.485   2.026  -2.254  -0.316  -0.174  -2.969
   0.044  -0.774  -3.195   0.777  -0.721  -3.116  -1.362  -0.170  -2.409  -2.053
  -0.488  -4.218  -1.607  -1.770  -2.838  -1.399
  -1.722  -4.239   3.420  -1.849  -3.250   3.751  -1.826  -3.178   4.827  -2.862
  -2.958   3.379  -0.648  -2.505   3.176  -0.651  -1.264   3.091   0.423  -3.226
   2.875   0.311  -4.248   3.011   1.592  -2.788   2.065   1.892  -1.927   2.515
   2.764  -3.821   2.170   2.538  -4.827   1.732   2.900  -4.008   3.210   3.751
  -3.466   1.916   1.195  -2.514   0.529   2.020  -2.171  -0.370  -0.045  -2.835
   0.165  -0.600  -3.043   0.983  -0.667  -2.938  -1.142   0.129  -2.997  -1.906
  -1.213  -3.888  -1.214  -1.369  -2.142  -1.378
  -1.705  -3.846   3.619  -1.492  -2.808   3.946  -1.181  -2.823   5.003  -2.408
  -2.202   3.843  -0.366  -2.168   3.172  -0.384  -0.959   2.819   0.620  -3.045
   2.850   0.778  -3.929   3.337   1.754  -2.737   2.027   2.186  -1.736   2.189
   2.911  -3.674   2.312   2.557  -4.544   1.864   2.996  -3.889   3.373   3.900
  -3.312   1.906   1.400  -2.691   0.487   2.315  -2.711  -0.325   0.100  -2.783
   0.164  -0.564  -2.869   0.938  -0.625  -2.605  -1.047  -0.244  -3.089  -1.929
  -1.674  -3.015  -0.856  -0.742  -1.597  -1.317
  -1.704  -3.531   4.344  -1.500  -2.459   4.423  -1.151  -2.154   5.326  -2.370
  -1.946   4.044  -0.461  -2.068   3.417  -0.356  -0.917   3.001   0.364  -3.041
   2.990   0.261  -4.012   3.365   1.417  -2.741   1.972   1.822  -1.732   2.040
   2.573  -3.738   2.162   2.242  -4.640   1.661   3.041  -3.739   3.185   3.482
  -3.486   1.605   0.989  -2.735   0.450   1.819  -2.812  -0.404  -0.345  -2.715
   0.182  -0.884  -2.669   1.065  -0.846  -2.562  -1.158  -0.578  -3.365  -1.846
  -1.916  -2.440  -1.136  -0.369  -1.690  -1.613
  -1.369  -3.634   4.581  -1.548  -2.605   4.342  -1.389  -2.116   5.331  -2.624
  -2.482   3.973  -0.655  -2.058   3.281  -0.824  -0.954   2.818   0.404  -2.795
   2.992   0.499  -3.719   3.416   1.323  -2.444   1.922   1.793  -1.495   2.132
   2.522  -3.440   1.935   2.196  -4.331   1.340   2.867  -3.701   2.933   3.376
  -3.166   1.317   0.799  -2.385   0.472   1.524  -2.054  -0.490  -0.517  -2.625
   0.259  -0.973  -2.990   1.065  -1.250  -2.561  -1.048  -0.668  -2.750  -1.906
  -2.061  -3.328  -1.095  -1.644  -1.563  -1.151
