default_name                                                                    
  -3.603  -1.026   0.911  -3.123  -0.306   0.274  -3.641   0.616   0.100  -2.861
  -0.742  -0.714  -1.766   0.076   0.800  -1.522   1.271   1.071  -0.925  -0.926
   1.034  -1.259  -1.811   0.927   0.399  -0.764   1.280   0.544   0.109   1.898
   0.915  -1.943   2.099   1.945  -1.803   2.425   0.810  -2.929   1.539   0.257
  -1.996   3.041   1.236  -0.486   0.007   2.472  -0.447   0.046   0.591  -0.287
  -1.108  -0.360  -0.580  -1.150   1.217   0.125  -2.357   2.231  -0.325  -2.472
   0.566  -0.099  -3.145   1.358   1.232  -2.333
  -3.669  -1.021   1.102  -3.298  -0.370   0.248  -3.992   0.492   0.053  -3.167
  -1.035  -0.614  -1.889   0.153   0.589  -1.624   1.348   0.410  -1.009  -0.808
   0.964  -1.407  -1.751   0.958   0.398  -0.623   1.229   0.468   0.342   1.757
   0.905  -1.782   2.220   1.964  -1.544   2.355   0.790  -2.786   1.755   0.426
  -1.722   3.159   1.355  -0.476  -0.024   2.555  -0.246   0.178   0.772  -0.647
  -1.327  -0.202  -1.012  -1.251   1.285   0.064  -2.515   2.356   0.429  -2.366
   1.265  -0.616  -3.386   0.584   0.860  -2.737
  -3.494  -1.167   1.211  -3.133  -0.360   0.519  -3.743   0.466   0.660  -3.158
  -0.863  -0.482  -1.759  -0.016   0.772  -1.400   1.111   0.881  -0.934  -1.021
   0.875  -1.256  -1.971   0.674   0.495  -0.976   1.113   0.507  -0.184   1.919
   0.958  -2.338   1.626   2.039  -2.454   1.659   0.625  -3.147   0.995   0.518
  -2.476   2.673   1.303  -0.465  -0.002   2.438   0.014   0.187   0.864  -0.672
  -1.260  -0.110  -0.869  -1.547   1.552  -0.247  -2.456   2.421   0.364  -2.255
   1.844  -1.142  -3.015   0.883   0.314  -3.133
  -3.429   0.971  -0.171  -3.100   0.030   0.141  -3.125  -0.679  -0.740  -3.863
  -0.235   0.903  -1.766   0.230   0.704  -1.388   1.330   0.961  -1.046  -0.890
   0.837  -1.609  -1.747   0.752   0.354  -1.032   1.247   0.459  -0.481   2.171
   0.536  -2.456   1.697   1.558  -2.590   2.010   0.331  -3.211   0.940  -0.133
  -2.681   2.615   1.377  -0.662   0.184   2.489  -0.214   0.458   0.979  -0.846
  -1.079  -0.004  -1.043  -1.085   1.588  -0.413  -2.384   2.498   0.113  -2.153
   1.829  -1.297  -2.949   0.947   0.161  -2.922
  -3.467   1.061  -0.025  -3.084   0.110   0.354  -3.232  -0.763  -0.321  -3.438
  -0.133   1.330  -1.556   0.247   0.651  -1.034   1.355   0.765  -0.966  -0.960
   0.539  -1.476  -1.786   0.370   0.417  -1.094   1.063   0.469  -0.513   1.952
   0.723  -2.556   1.423   1.589  -2.639   2.010   0.890  -3.200   0.518  -0.240
  -2.947   1.964   1.552  -0.552   0.176   2.692  -0.320   0.624   1.268  -0.510
  -1.166   0.310  -0.729  -1.459   2.219  -0.359  -2.325   3.066   0.245  -2.058
   2.605  -1.378  -2.516   1.865  -0.036  -3.211
  -3.645   0.835   1.116  -3.105   0.061   0.607  -3.111   0.279  -0.430  -3.710
  -0.844   0.808  -1.661   0.111   0.998  -1.096   1.198   1.088  -0.916  -1.016
   0.922  -1.342  -1.858   0.515   0.562  -1.097   1.189   0.663  -0.367   2.019
   0.995  -2.541   1.554   1.937  -2.559   2.034   1.043  -3.205   0.677   0.298
  -3.131   2.201   1.538  -0.660   0.125   2.568  -0.134   0.500   1.289  -0.927
  -1.172   0.301  -1.008  -1.382   2.155  -0.631  -2.308   2.543   0.390  -2.404
   3.078  -1.281  -2.285   1.603  -0.939  -3.238
  -3.652  -0.574   0.580  -3.122   0.281   0.195  -3.636   1.225   0.189  -3.033
   0.072  -0.818  -1.675   0.343   0.773  -1.180   1.398   1.035  -1.016  -0.772
   0.752  -1.531  -1.490   0.344   0.384  -0.879   1.215   0.426  -0.071   2.030
   0.524  -2.324   1.722   1.594  -2.586   1.933   0.322  -2.979   0.869  -0.211
  -2.648   2.446   1.466  -0.585   0.127   2.663  -0.774   0.422   0.993  -0.230
  -1.073   0.016   0.110  -1.121   1.745  -0.374  -2.259   2.606   0.361  -2.340
   2.246  -1.348  -2.276   0.962  -0.288  -3.070
  -3.422   0.276  -0.291  -3.133   0.565   0.767  -3.462  -0.221   1.346  -3.502
   1.447   1.267  -1.644   0.504   0.916  -1.034   1.475   1.231  -0.987  -0.675
   0.826  -1.505  -1.564   0.633   0.354  -0.913   1.239   0.694  -0.085   1.831
   0.476  -2.203   2.000   1.504  -2.188   2.498   0.279  -3.158   1.444  -0.204
  -2.166   2.861   1.393  -0.961   0.089   2.618  -1.233   0.176   0.874  -0.538
  -1.106  -0.048  -0.262  -1.252   1.727  -0.493  -2.381   1.482   0.454  -2.904
   2.800  -0.708  -2.319   1.388  -1.206  -3.078
  -3.516   0.246  -0.020  -3.449   0.220   1.085  -3.836  -0.623   1.709  -3.867
   1.099   1.490  -2.020   0.382   1.346  -1.554   1.533   1.539  -1.262  -0.698
   1.312  -1.747  -1.586   1.153   0.188  -0.739   1.363   0.436   0.116   2.085
   0.467  -1.997   2.222   1.531  -1.937   2.538   0.337  -2.868   1.554  -0.157
  -1.991   3.089   1.180  -0.584   0.242   2.362  -0.531   0.464   0.601  -0.437
  -0.965  -0.416  -0.336  -0.905   1.190  -0.582  -2.239   1.081   0.306  -2.964
   2.330  -0.634  -2.231   0.864  -1.497  -2.722
  -4.050  -0.480   0.458  -3.497  -0.201   1.328  -3.736  -0.934   2.051  -3.953
   0.688   1.640  -2.092   0.059   1.170  -1.739   1.193   0.972  -1.280  -0.958
   1.399  -1.709  -1.820   1.684   0.130  -0.893   1.554   0.216  -0.172   2.294
   0.632  -2.308   2.136   1.539  -2.104   2.617   0.835  -2.861   1.248  -0.101
  -2.817   2.804   0.991  -0.401   0.290   2.185  -0.051   0.473   0.518  -0.411
  -0.865  -0.400  -0.758  -0.963   1.146   0.053  -2.075   2.213   0.379  -1.899
   1.256  -0.647  -2.905   0.549   0.899  -2.364
  -3.975  -0.778   0.527  -3.489  -0.330   1.469  -3.414  -1.166   2.190  -4.180
   0.486   1.733  -2.102   0.108   1.150  -1.923   1.322   0.985  -1.218  -0.857
   1.183  -1.602  -1.790   1.376   0.252  -0.667   1.393   0.369   0.288   1.996
   0.901  -1.773   2.222   1.948  -1.979   2.112   0.411  -2.719   2.064   0.551
  -1.564   3.222   1.020  -0.432   0.155   2.194  -0.295   0.152   0.325  -0.289
  -0.982  -0.643  -0.072  -0.803   0.769   0.023  -2.333   1.848   0.316  -2.404
   0.756  -0.884  -2.909   0.097   0.856  -2.718
  -3.913  -0.531   0.428  -3.509  -0.412   1.372  -3.692  -1.355   1.925  -4.248
   0.291   1.742  -2.089   0.052   1.195  -1.872   1.220   0.960  -1.177  -0.872
   1.211  -1.463  -1.787   1.298   0.309  -0.606   1.308   0.357   0.398   1.796
   0.836  -1.596   2.288   1.843  -1.176   2.620   1.012  -2.563   1.845   0.212
  -1.703   3.212   1.079  -0.396  -0.029   2.328  -0.339  -0.026   0.381  -0.078
  -1.153  -0.635  -0.091  -1.127   1.046   0.069  -2.429   2.031  -0.379  -2.208
   0.652  -0.536  -3.202   1.239   1.131  -2.704
  -3.830  -1.256   0.826  -3.558  -0.325   1.321  -3.643  -0.541   2.427  -4.231
   0.465   1.235  -2.130   0.146   1.020  -1.972   1.174   0.341  -1.119  -0.690
   1.377  -1.407  -1.650   1.455   0.321  -0.404   1.376   0.320   0.591   1.740
   1.047  -1.277   2.464   1.825  -0.685   3.092   1.506  -2.100   1.890   0.348
  -1.695   3.168   1.029  -0.392   0.002   2.270  -0.391  -0.035   0.253  -0.458
  -1.086  -0.721  -0.645  -1.056   0.718  -0.103  -2.463   1.484  -0.777  -2.721
  -0.156  -0.130  -3.114   1.038   0.986  -2.497
  -3.475  -1.602   0.572  -3.569  -0.504   0.832  -4.182  -0.525   1.763  -4.159
   0.010   0.138  -2.142   0.070   0.950  -2.023   1.255   0.685  -1.166  -0.743
   1.393  -1.382  -1.680   1.628   0.197  -0.329   1.604   0.175   0.679   1.988
   0.830  -1.092   2.790   1.926  -1.252   2.791   0.508  -2.130   2.845   0.580
  -0.661   3.765   1.128  -0.305   0.265   2.287  -0.667   0.206   0.370  -0.124
  -0.899  -0.496   0.338  -0.683   0.875   0.030  -2.208   1.934   0.207  -2.225
   0.561  -0.775  -2.848   0.445   0.961  -2.611
  -3.454  -1.638   0.210  -3.546  -0.701   0.778  -3.917  -0.943   1.833  -4.283
  -0.059   0.255  -2.211   0.048   1.075  -2.035   1.204   0.746  -1.231  -0.686
   1.629  -1.406  -1.652   1.929   0.182  -0.361   1.778   0.387   0.638   2.172
   0.725  -1.388   2.771   1.808  -1.288   2.800   0.438  -2.325   2.348   0.411
  -1.211   3.739   0.925  -0.410   0.423   2.140  -0.286   0.495   0.273  -0.529
  -0.749  -0.718  -0.690  -0.765   0.997  -0.350  -2.015   2.024  -0.672  -1.863
   0.618  -1.077  -2.773   1.134   0.627  -2.369
  -4.041  -0.908   1.875  -3.659  -0.321   0.932  -4.299   0.463   0.574  -3.505
  -1.063   0.111  -2.385   0.309   1.353  -2.212   1.547   1.205  -1.454  -0.585
   1.723  -1.703  -1.603   1.771   0.042  -0.269   1.873  -0.080   0.737   2.303
   0.656  -1.160   2.966   1.743  -0.927   2.887   0.457  -2.210   2.715   0.410
  -0.837   3.979   0.865  -0.212   0.563   1.993   0.273   0.524   0.410  -0.807
  -0.518  -0.553  -1.152  -0.440   1.070  -1.036  -1.818   1.372  -2.086  -1.859
   0.228  -1.018  -2.493   1.905  -0.337  -1.883
  -3.829  -1.444   2.032  -3.761  -0.705   1.227  -4.618  -0.021   1.116  -3.710
  -1.373   0.326  -2.517   0.103   1.408  -2.550   1.381   1.307  -1.391  -0.590
   1.584  -1.449  -1.556   1.696  -0.072  -0.024   1.838  -0.253   0.958   2.255
   0.591  -1.021   2.919   1.465  -0.551   3.327   0.991  -1.894   2.432  -0.119
  -1.273   3.720   0.834   0.011   0.573   2.009   0.337   0.737   0.423  -0.494
  -0.595  -0.514  -0.744  -0.695   1.272  -0.675  -1.774   2.362  -1.018  -1.505
   0.728  -1.377  -2.492   1.454   0.279  -2.189
  -3.928  -1.920   1.492  -3.905  -0.944   1.069  -4.640  -0.360   1.667  -4.079
  -0.916  -0.022  -2.587  -0.243   1.357  -2.538   1.005   1.230  -1.516  -0.936
   1.673  -1.720  -1.969   1.760  -0.057  -0.334   1.636  -0.229   0.669   2.057
   0.727  -1.277   2.661   1.722  -0.880   2.906   0.651  -2.321   2.402   0.190
  -1.208   3.608   0.679  -0.203   0.336   1.726   0.431   0.253   0.035  -0.664
  -0.771  -0.879  -1.157  -0.755   0.445  -0.506  -2.189   1.523  -0.227  -2.263
   0.130  -1.449  -2.706  -0.186   0.284  -2.606
  -4.112  -1.464   2.049  -4.094  -0.716   1.263  -4.896   0.099   1.274  -4.288
  -1.320   0.424  -2.720  -0.065   1.131  -2.661   1.149   0.970  -1.608  -0.817
   1.351  -1.702  -1.851   1.534  -0.235  -0.331   1.473  -0.390   0.580   2.050
   0.669  -1.337   2.227   1.635  -0.915   2.425   0.778  -2.303   1.645   0.194
  -1.570   3.220   0.354  -0.002   0.076   1.376   0.648  -0.022  -0.244  -0.642
  -0.968  -1.037  -1.294  -0.901   0.285  -0.481  -2.288   1.377  -0.819  -2.406
  -0.340  -0.930  -2.990   0.230   0.603  -2.455
  -5.104  -0.592   1.153  -4.153  -1.142   0.751  -4.138  -1.386  -0.324  -4.052
  -2.097   1.231  -2.879  -0.341   1.015  -2.895   0.890   0.852  -1.795  -1.051
   1.305  -1.920  -1.933   1.702  -0.476  -0.446   1.498  -0.499   0.452   2.108
   0.433  -1.405   2.239   1.468  -1.287   1.945   0.135  -2.401   2.111   0.390
  -1.261   3.330   0.167   0.034   0.158   1.054   0.874   0.301  -0.247  -0.547
  -0.978  -0.934  -1.222  -0.795   0.145  -0.083  -2.375   1.221  -0.115  -2.441
  -0.172  -0.674  -3.187  -0.192   0.994  -2.344
  -5.063   0.005   0.885  -4.224  -0.646   0.611  -4.449  -1.128  -0.369  -4.135
  -1.356   1.402  -2.891   0.110   0.671  -2.751   1.158   0.030  -1.952  -0.443
   1.433  -2.200  -1.353   1.864  -0.570  -0.002   1.629  -0.667   1.000   2.052
   0.070  -0.939   2.651   1.030  -0.486   2.904   0.155  -1.864   2.104  -0.631
  -1.188   3.472   0.179   0.142   0.353   1.247   0.760   0.305  -0.313  -0.558
  -0.716  -1.009  -1.229  -0.549   0.420  -0.571  -1.997   0.850   0.423  -2.114
   1.276  -1.321  -1.895  -0.212  -0.699  -2.827
  -4.904   0.656   0.022  -4.346  -0.157   0.460  -4.213  -0.982  -0.223  -4.816
  -0.408   1.396  -2.962   0.405   0.700  -2.674   1.447   0.143  -2.111  -0.441
   1.295  -2.417  -1.343   1.579  -0.684  -0.046   1.592  -0.694   0.869   2.183
  -0.089  -1.080   2.630   0.930  -1.096   2.843  -0.357  -2.088   2.249  -0.652
  -0.894   3.557   0.167   0.192   0.348   1.140   0.943   0.521  -0.094  -0.447
  -0.763  -0.823  -1.226  -0.739   0.748  -0.364  -1.939   0.650   0.615  -2.335
   1.821  -0.475  -1.583   0.513  -1.104  -2.708
  -5.032   0.418  -0.365  -4.611   0.220   0.633  -4.847  -0.901   0.703  -5.076
   0.794   1.509  -3.077   0.509   0.496  -2.673   1.550  -0.063  -2.263  -0.407
   1.011  -2.755  -1.142   1.451  -0.855  -0.206   1.434  -0.689   0.646   2.090
  -0.446  -1.609   1.980   0.571  -1.665   2.200  -0.782  -2.491   1.449  -0.946
  -1.728   2.914  -0.027   0.079   0.181   1.059   0.674   0.207  -0.430  -0.346
  -1.050  -1.393  -0.421  -1.125   0.455  -0.272  -2.278   0.194   0.653  -2.743
   1.478  -0.309  -1.939   0.291  -1.128  -2.928
  -4.944   0.807  -0.533  -4.482   0.301   0.276  -4.443  -0.767  -0.035  -5.124
   0.299   1.210  -3.126   0.759   0.592  -2.808   1.899   0.244  -2.345  -0.115
   1.169  -2.800  -0.920   1.600  -0.847   0.000   1.441  -0.824   0.952   1.863
  -0.557  -1.054   2.486   0.275  -0.647   3.045  -0.353  -2.060   2.048  -1.488
  -1.145   3.052   0.133  -0.024   0.248   1.277   0.434   0.243  -0.397  -0.565
  -0.838  -1.342  -0.959  -0.813   0.384  -1.075  -1.959   1.249  -0.444  -2.054
   0.800  -2.018  -1.632  -0.097  -1.120  -2.985
  -4.674  -0.454  -0.376  -4.655   0.392   0.277  -5.060   0.032   1.179  -5.274
   1.268  -0.119  -3.254   0.845   0.609  -2.983   2.054   0.610  -2.445  -0.110
   0.928  -2.875  -0.999   1.089  -1.105   0.082   1.372  -0.976   1.073   1.797
  -0.840  -0.998   2.448   0.139  -0.827   2.872  -0.931  -1.984   2.032  -1.649
  -0.941   3.238  -0.005  -0.099   0.188   1.221   0.224   0.293  -0.464  -0.733
  -0.925  -1.460  -1.024  -0.737   0.143  -1.010  -2.245   1.207  -0.842  -1.985
  -0.081  -2.028  -2.646  -0.067  -0.172  -2.899
  -4.679   0.572  -0.877  -4.624   0.875   0.184  -5.216   0.151   0.859  -5.261
   1.757   0.189  -3.328   1.240   0.707  -3.117   2.417   0.974  -2.458   0.242
   0.923  -2.797  -0.666   0.594  -1.054   0.420   1.483  -0.885   1.432   1.844
  -0.874  -0.444   2.724   0.032  -0.309   3.159  -1.027  -1.510   2.404  -1.499
  -0.013   3.624   0.001   0.161   0.308   1.128   0.745   0.331  -0.362  -0.687
  -0.638  -1.346  -1.094  -0.473   0.435  -1.063  -1.841   1.456  -0.721  -1.650
   0.445  -2.088  -2.073   0.019  -0.478  -2.752
  -5.052   0.425  -0.230  -4.773   1.355   0.225  -5.196   1.234   1.147  -5.107
   2.229  -0.239  -3.302   1.353   0.535  -2.663   2.412   0.462  -2.692   0.222
   0.890  -3.290  -0.533   1.146  -1.257   0.150   1.408  -0.946   1.160   1.677
  -1.184  -0.677   2.798  -0.511  -0.235   3.600  -0.871  -1.722   2.544  -2.183
  -0.746   3.218  -0.174  -0.326   0.446   1.043  -0.165   0.696  -0.543  -0.777
  -0.821  -1.456  -0.715  -1.068   0.409  -1.126  -1.931   1.347  -0.709  -1.675
   0.631  -2.184  -2.054  -0.080  -0.889  -2.868
  -4.701  -0.131   0.681  -4.562   0.894   0.697  -5.047   1.391   1.408  -4.774
   1.438  -0.218  -3.094   1.040   0.975  -2.654   2.265   1.030  -2.377  -0.060
   1.389  -2.795  -0.952   1.597  -0.921   0.002   1.724  -0.600   1.062   1.933
  -0.735  -0.657   3.037  -1.449  -0.193   3.774   0.281  -0.666   3.426  -0.952
  -1.707   2.734  -0.025  -0.408   0.617   1.208  -0.519   0.805  -0.615  -0.857
  -0.495  -1.640  -0.652  -0.528  -0.005  -1.064  -1.850   1.025  -0.834  -1.949
   0.052  -2.125  -2.098  -0.622  -0.495  -2.569
  -4.955   0.255   1.192  -4.632   1.274   1.098  -5.027   2.011   1.889  -4.990
   1.767   0.185  -3.088   1.215   1.058  -2.363   2.037   0.584  -2.584   0.102
   1.588  -3.192  -0.457   2.177  -1.214  -0.104   1.849  -0.756   0.825   2.208
  -0.992  -1.172   2.964  -1.538  -0.898   3.902   0.063  -1.238   3.374  -1.313
  -2.186   2.687  -0.298  -0.457   0.617   0.909  -0.269   0.808  -0.830  -0.722
  -0.658  -1.846  -0.701  -0.747  -0.133  -0.971  -1.948   0.980  -1.114  -1.664
  -0.616  -1.819  -2.535  -0.228   0.095  -2.356
  -4.654   0.819   0.400  -4.398   1.801   0.599  -4.952   1.973   1.548  -4.720
   2.597  -0.003  -2.877   1.811   0.946  -2.105   2.608   0.330  -2.378   0.752
   1.637  -3.067   0.077   1.918  -1.002   0.385   1.903  -0.569   1.279   2.273
  -0.915  -0.792   2.912  -1.386  -0.589   3.957   0.056  -1.037   3.114  -1.500
  -1.682   2.591  -0.164  -0.021   0.617   1.009  -0.398   0.826  -0.818  -0.050
  -0.533  -1.848   0.111  -0.476  -0.291  -0.747  -1.695   0.150  -1.746  -1.368
  -1.169  -1.047  -2.251   0.377  -0.139  -2.396
  -4.183   0.413   0.392  -3.957   1.443   0.801  -4.473   1.684   1.690  -4.335
   2.144  -0.002  -2.479   1.539   0.990  -1.950   2.560   0.586  -1.959   0.491
   1.585  -2.476  -0.216   2.097  -0.538   0.202   1.684  -0.195   1.165   2.053
  -0.301  -0.765   2.874  -0.762  -0.339   3.813   0.787  -0.847   2.943  -0.791
  -1.720   2.653   0.235  -0.083   0.412   1.466  -0.113   0.286  -0.440  -0.269
  -0.761  -1.443  -0.176  -0.737   0.136  -0.320  -2.082   0.891  -1.055  -2.140
  -0.633  -0.710  -2.778   0.564   0.566  -2.363
  -3.508   1.359   3.172  -3.329   1.705   2.119  -3.619   2.754   2.072  -3.933
   1.131   1.368  -1.867   1.510   1.687  -1.166   2.528   1.421  -1.422   0.294
   1.667  -2.042  -0.537   1.834   0.037   0.078   1.608   0.676   0.970   1.917
   0.253  -1.053   2.752  -0.171  -0.709   3.694   1.274  -1.252   2.943  -0.098
  -1.996   2.468   0.431  -0.239   0.188   1.635  -0.553   0.005  -0.493  -0.389
  -0.749  -1.486  -0.223  -0.548  -0.133  -0.595  -2.104   0.725  -1.336  -2.083
  -0.927  -1.070  -2.675   0.266   0.308  -2.562
  -3.799   1.438   3.157  -3.669   1.796   2.114  -3.912   2.861   2.024  -4.409
   1.184   1.476  -2.226   1.620   1.643  -1.830   2.189   0.603  -1.359   0.896
   2.359  -1.661   0.531   3.244   0.132   0.636   2.183   0.685   1.567   2.524
   0.419  -0.382   3.269   0.156   0.187   4.141   1.493  -0.721   3.369   0.035
  -1.392   2.996   0.481   0.243   0.763   1.544   0.585   0.316  -0.398  -0.465
   0.028  -1.288  -0.670   0.507  -0.435  -0.486  -1.387  -0.887  -1.382  -1.552
  -0.956   0.296  -1.911   0.604  -0.728  -1.691
  -3.483   1.601   3.414  -3.419   1.925   2.395  -3.603   3.063   2.275  -4.077
   1.431   1.683  -1.952   1.566   1.905  -1.358   2.364   1.211  -1.296   0.525
   2.383  -1.826  -0.029   3.020   0.163   0.234   2.262   0.800   0.965   2.576
   0.390  -0.917   3.183   0.800  -0.620   4.121   1.111  -1.593   2.795  -0.602
  -1.511   3.282   0.626  -0.087   0.848   1.741   0.301   0.494  -0.301  -0.512
  -0.045  -1.215  -0.778   0.243  -0.031  -0.597  -1.494  -0.802  -0.983  -1.982
   0.197   0.419  -1.929   0.946  -1.127  -1.609
  -3.322   1.518   3.637  -3.564   1.696   2.632  -3.709   2.703   2.482  -4.302
   0.920   2.308  -2.285   1.548   1.917  -1.959   2.301   0.974  -1.640   0.431
   2.335  -2.034  -0.122   3.016  -0.176   0.391   2.356   0.060   1.390   2.765
   0.101  -0.799   3.196   0.033  -0.497   4.279   1.152  -1.163   2.927  -0.600
  -1.534   2.993   0.520   0.305   1.031   1.790   0.210   0.973  -0.188  -0.068
  -0.063  -1.198  -0.112   0.029   0.259  -0.311  -1.353  -0.527  -0.818  -1.888
   0.611   0.623  -1.817   1.088  -1.083  -1.366
  -4.117   0.868   3.179  -3.852   1.527   2.281  -4.129   2.560   2.510  -4.507
   1.152   1.404  -2.379   1.249   1.872  -1.766   2.090   1.221  -1.733   0.091
   2.090  -2.362  -0.578   2.413  -0.302  -0.254   2.016   0.291   0.323   2.756
  -0.176  -1.639   2.481  -0.465  -1.785   3.492   0.880  -1.858   2.451  -0.808
  -2.378   1.907   0.321  -0.257   0.592   1.626  -0.353   0.529  -0.399   0.095
  -0.480  -1.411   0.386  -0.227   0.045   0.046  -1.903   0.139  -0.931  -2.304
  -0.822   0.429  -2.449   0.905   0.710  -1.957
  -4.379   1.659   2.557  -3.966   1.232   1.630  -4.339   1.818   0.708  -4.342
   0.245   1.581  -2.405   1.270   1.780  -1.650   2.225   1.493  -1.915   0.037
   2.096  -2.434  -0.767   2.387  -0.476  -0.215   2.214   0.043   0.679   2.605
  -0.172  -1.304   3.192  -0.659  -0.960   4.123   0.955  -1.403   3.270  -0.677
  -2.054   2.725   0.182  -0.487   0.819   1.401  -0.745   0.741  -0.638  -0.375
  -0.257  -1.514   0.018  -0.145  -0.270  -0.446  -1.641   0.499  -1.216  -1.759
  -1.216  -0.567  -2.254   0.138   0.562  -1.866
  -3.795   2.669   2.526  -3.647   1.784   2.039  -3.946   1.903   1.042  -4.185
   1.030   2.580  -2.131   1.467   1.959  -1.403   2.380   1.556  -1.759   0.252
   2.363  -2.438  -0.481   2.574  -0.333  -0.246   2.269   0.174   0.518   2.900
  -0.184  -1.624   3.082  -1.215  -1.797   3.578   0.718  -1.412   3.730  -0.186
  -2.483   2.404   0.258  -0.431   0.888   1.481  -0.606   0.655  -0.622  -0.220
  -0.126  -1.518   0.256   0.173  -0.177  -0.112  -1.552  -0.757  -0.826  -2.165
  -0.221   0.889  -1.965   0.851  -0.303  -1.652
  -3.744   3.028   1.638  -3.429   2.311   2.412  -4.164   1.479   2.465  -3.219
   2.809   3.378  -1.979   1.715   2.086  -1.155   2.329   1.366  -1.795   0.485
   2.598  -2.542   0.064   3.107  -0.650  -0.328   2.485   0.054   0.228   3.221
  -0.794  -1.720   3.263  -0.867  -1.434   4.320   0.100  -2.475   3.117  -1.594
  -2.355   2.883   0.249  -0.371   1.135   1.418  -0.725   1.196  -0.316  -0.084
  -0.028  -1.300   0.161   0.077   0.254  -0.127  -1.290   0.945   0.678  -1.345
   0.758  -1.092  -1.534  -0.539   0.048  -2.083
  -4.411   2.036   2.050  -3.481   2.466   1.615  -3.344   3.571   1.832  -3.481
   2.358   0.543  -2.181   1.875   2.070  -1.187   2.558   1.956  -2.155   0.640
   2.454  -3.150   0.280   2.521  -1.045  -0.204   2.763  -0.434   0.409   3.504
  -1.420  -1.368   3.585  -1.748  -1.124   4.568  -0.506  -1.947   3.738  -2.212
  -1.930   3.009  -0.128  -0.570   1.558   0.992  -0.945   1.880  -0.483  -0.308
   0.316  -1.407   0.039   0.135   0.362  -0.677  -0.885   1.185   0.010  -0.893
   0.866  -1.627  -0.616  -0.215  -0.947  -1.840
  -3.774   2.696   2.336  -3.211   2.527   1.480  -2.812   3.451   1.043  -3.791
   1.795   0.883  -1.974   1.807   1.997  -0.950   2.492   1.999  -2.075   0.589
   2.403  -3.019   0.138   2.364  -1.014  -0.313   2.824  -0.296   0.090   3.613
  -1.708  -1.479   3.391  -2.221  -1.192   4.305  -0.941  -2.170   3.731  -2.383
  -1.907   2.721  -0.097  -0.649   1.583   1.040  -1.002   1.815  -0.464  -0.310
   0.284  -1.378   0.161   0.123   0.326  -0.796  -0.787   1.307  -0.758  -0.658
   0.080  -1.874  -1.002  -0.003  -0.271  -1.749
  -3.447   3.278   2.392  -3.148   2.504   1.705  -2.862   2.982   0.725  -3.999
   1.796   1.704  -1.947   2.001   2.360  -0.926   2.642   2.157  -2.084   0.742
   2.837  -3.026   0.332   2.828  -0.926  -0.190   3.217  -0.304   0.315   4.111
  -1.573  -1.435   3.876  -2.118  -1.092   4.750  -0.853  -2.161   4.238  -2.298
  -1.904   3.177  -0.009  -0.808   2.074   1.156  -1.283   2.309  -0.587  -0.661
   0.846  -1.476  -0.236   0.871   0.081  -0.904  -0.512   0.829  -1.745  -0.407
  -0.730  -1.201  -1.290   0.644   0.038  -0.822
  -4.302   2.441   2.841  -3.675   2.546   1.921  -3.539   3.463   1.482  -4.245
   1.953   1.187  -2.272   1.989   2.242  -1.346   2.719   2.390  -2.318   0.699
   2.452  -3.262   0.218   2.364  -1.221  -0.108   3.063  -0.804   0.534   3.837
  -1.881  -1.255   3.713  -2.593  -0.913   4.477  -1.214  -1.868   4.354  -2.319
  -1.753   2.909  -0.162  -0.622   2.063   0.930  -1.004   2.457  -0.495  -0.590
   0.791  -1.421  -0.252   0.601   0.320  -1.082  -0.346   1.238  -1.412   0.088
  -0.209  -1.871  -0.836   0.598  -0.240  -1.071
  -4.430   1.380   1.177  -3.915   2.139   1.774  -4.542   2.418   2.613  -3.584
   2.982   1.195  -2.680   1.530   2.302  -1.650   2.165   2.096  -2.700   0.247
   2.760  -3.572  -0.233   2.738  -1.558  -0.525   3.395  -1.112   0.193   4.068
  -2.166  -1.746   4.147  -2.886  -1.347   4.895  -1.318  -2.264   4.531  -2.768
  -2.233   3.377  -0.377  -0.901   2.470   0.779  -1.134   2.898  -0.596  -0.809
   1.173  -1.395  -0.294   0.890   0.508  -1.216   0.251   1.554  -0.853   0.480
   0.766  -2.267   0.345   0.194  -1.124  -0.762
  -4.830   1.884   2.385  -3.929   2.398   2.042  -3.909   3.296   2.724  -3.991
   2.707   1.040  -2.721   1.457   2.102  -1.646   1.992   1.786  -2.872   0.287
   2.625  -3.850  -0.113   2.731  -1.715  -0.396   3.188  -1.413   0.178   4.077
  -2.298  -1.752   3.644  -3.216  -1.684   4.188  -1.525  -2.130   4.396  -2.404
  -2.403   2.654  -0.434  -0.724   2.351   0.653  -0.980   2.923  -0.589  -0.921
   1.091  -1.487  -1.071   0.642   0.544  -0.945   0.129   1.065   0.042   0.122
   1.260  -1.711   0.300   0.130  -0.917  -0.874
  -4.959   1.265   2.081  -4.232   1.988   1.697  -4.399   2.907   2.284  -4.467
   1.954   0.652  -2.855   1.345   1.949  -1.749   1.955   1.829  -2.846   0.051
   2.262  -3.712  -0.423   2.188  -1.738  -0.532   3.016  -1.646   0.249   3.943
  -2.237  -1.936   3.549  -3.142  -1.755   4.151  -1.504  -2.317   4.167  -2.320
  -2.728   2.830  -0.464  -0.796   2.175   0.705  -0.699   2.624  -0.544  -1.114
   0.894  -1.472  -1.347   0.545   0.519  -1.511  -0.064   1.064  -0.620  -0.480
   1.193  -2.269   0.282  -0.156  -1.939  -0.823
  -5.116   1.205   1.518  -4.251   1.750   1.025  -4.289   2.845   0.925  -4.213
   1.237   0.069  -3.046   1.303   1.812  -2.111   2.101   1.946  -3.014   0.056
   2.334  -3.823  -0.556   2.208  -1.882  -0.573   3.006  -1.470  -0.023   3.892
  -2.330  -1.963   3.564  -3.232  -1.862   4.064  -1.587  -2.293   4.315  -2.264
  -2.710   2.817  -0.628  -0.845   2.146   0.463  -1.087   2.683  -0.819  -0.712
   0.859  -1.758  -0.651   0.500   0.145  -0.964  -0.227   0.690  -0.035  -0.277
   0.764  -1.861   0.064  -0.275  -1.378  -1.185
  -5.070   0.846   1.456  -4.263   1.520   1.317  -4.514   2.600   1.205  -3.974
   1.348   0.253  -3.082   1.097   2.225  -2.084   1.812   2.391  -3.164  -0.126
   2.818  -3.941  -0.695   2.741  -1.928  -0.764   3.398  -1.519  -0.028   4.110
  -2.385  -2.011   4.197  -3.370  -1.840   4.693  -1.596  -2.228   4.949  -2.452
  -2.837   3.473  -0.700  -1.071   2.450   0.442  -1.241   2.829  -0.990  -1.029
   1.111  -1.960  -0.891   0.921  -0.118  -1.305  -0.004   0.924  -1.349   0.286
  -0.383  -2.353  -0.306  -0.187  -0.608  -0.819
  -4.801   1.812   2.422  -4.011   1.645   1.695  -3.721   2.621   1.386  -4.350
   1.003   0.877  -2.817   1.034   2.429  -1.802   1.701   2.673  -3.081  -0.234
   2.814  -3.882  -0.798   2.620  -2.097  -0.989   3.529  -1.705  -0.362   4.305
  -2.744  -2.237   4.254  -3.566  -1.843   4.930  -2.004  -2.712   4.913  -3.043
  -2.905   3.501  -0.872  -1.441   2.599   0.063  -1.986   3.099  -0.929  -1.212
   1.252  -1.807  -1.044   0.796   0.255  -1.215   0.320  -0.100  -0.966  -0.698
   1.132  -0.582   0.591   0.759  -2.228   0.254
  -4.903   1.204   1.364  -4.077   1.841   1.442  -4.381   2.759   2.029  -3.567
   1.993   0.467  -3.035   1.137   2.260  -1.947   1.734   2.435  -3.262  -0.128
   2.654  -4.205  -0.442   2.593  -2.215  -0.961   3.346  -1.610  -0.228   4.015
  -2.899  -1.906   4.415  -3.691  -1.406   4.946  -2.141  -2.280   5.086  -3.357
  -2.746   3.948  -1.178  -1.586   2.374  -0.291  -2.287   2.827  -1.179  -1.138
   1.145  -2.064  -0.734   0.851  -0.094  -1.417   0.211   0.230  -0.575  -0.408
   0.746  -1.780   0.825  -0.414  -2.147  -0.553
  -3.306   2.139   0.573  -3.836   1.598   1.374  -4.580   0.893   0.969  -4.358
   2.365   1.931  -2.827   0.947   2.259  -1.986   1.595   2.827  -2.888  -0.395
   2.437  -3.729  -0.847   2.109  -1.986  -1.270   3.150  -1.548  -0.672   3.967
  -2.836  -2.440   3.774  -3.568  -1.996   4.413  -2.189  -3.089   4.408  -3.471
  -2.944   3.067  -0.850  -1.822   2.268  -0.047  -2.639   2.668  -0.926  -1.495
   1.005  -1.688  -0.894   0.742   0.193  -1.727   0.074   1.139  -1.667   0.590
   0.089  -2.596  -0.550   0.121  -1.033  -0.761
  -4.375   1.229   0.461  -3.896   1.621   1.386  -4.736   1.574   2.061  -3.557
   2.606   1.205  -2.752   0.773   1.839  -1.623   1.223   1.766  -3.018  -0.463
   2.181  -3.917  -0.803   2.273  -2.018  -1.254   2.835  -1.531  -0.661   3.607
  -2.667  -2.352   3.608  -3.637  -2.108   3.874  -2.079  -2.552   4.517  -2.772
  -3.276   3.017  -0.880  -1.825   1.956  -0.007  -2.570   2.473  -0.896  -1.570
   0.704  -1.727  -1.057   0.334   0.209  -1.915  -0.144   1.014  -1.242   0.079
   0.400  -2.950   0.140  -0.149  -1.828  -1.137
  -4.118   1.393   0.474  -3.956   1.517   1.523  -4.757   1.165   2.063  -3.808
   2.637   1.711  -2.685   0.796   1.914  -1.687   1.479   2.090  -2.820  -0.487
   2.312  -3.604  -1.012   1.966  -1.890  -1.290   3.079  -1.472  -0.609   3.860
  -2.678  -2.487   3.598  -3.624  -2.093   4.054  -2.174  -2.810   4.457  -2.769
  -3.281   2.904  -0.719  -1.831   2.206   0.327  -2.235   2.726  -0.889  -1.981
   0.846  -1.804  -1.728   0.434   0.152  -2.521  -0.033   1.198  -2.482   0.424
  -0.079  -3.548  -0.144   0.087  -1.805  -0.908
  -4.336   0.869   0.556  -3.786   1.522   1.199  -4.503   2.084   1.832  -3.354
   2.287   0.517  -2.722   0.691   1.928  -1.684   1.250   2.206  -2.971  -0.604
   2.290  -3.900  -0.982   2.120  -2.009  -1.419   3.036  -1.702  -0.907   3.927
  -2.670  -2.692   3.622  -3.523  -2.461   4.147  -1.978  -3.201   4.354  -2.730
  -3.436   2.823  -0.673  -1.712   2.358   0.377  -1.779   3.045  -0.661  -1.858
   1.031  -1.567  -1.579   0.541   0.591  -2.301   0.358   1.054  -3.056   0.972
   0.463  -2.681  -0.632   1.224  -1.445   0.334
  -4.303   1.434   0.615  -3.758   1.810   1.471  -4.381   1.761   2.326  -3.354
   2.855   1.354  -2.654   0.914   1.853  -1.496   1.357   1.674  -2.913  -0.293
   2.469  -3.920  -0.475   2.528  -1.985  -1.162   3.217  -1.649  -0.691   4.105
  -2.822  -2.375   3.678  -3.765  -2.122   4.207  -2.188  -2.947   4.354  -3.150
  -2.982   2.785  -0.708  -1.623   2.363   0.323  -1.907   2.929  -0.892  -1.728
   1.052  -1.807  -1.439   0.709   0.109  -1.847   0.014   0.842  -2.548   0.263
  -0.419  -2.019  -0.892   0.616  -0.919  -0.214
  -4.311   1.169   0.825  -3.629   1.788   1.449  -4.076   2.228   2.302  -3.198
   2.654   0.929  -2.470   1.020   1.997  -1.329   1.514   1.860  -2.781  -0.074
   2.662  -3.716  -0.350   2.892  -1.794  -0.826   3.407  -1.372  -0.240   4.226
  -2.551  -2.022   4.090  -3.606  -1.755   4.235  -2.128  -2.391   5.020  -2.543
  -2.893   3.433  -0.620  -1.375   2.591   0.330  -1.793   3.204  -0.663  -1.347
   1.268  -1.510  -1.093   0.817   0.381  -1.773   0.323   1.118  -2.397   0.781
  -0.096  -2.238  -0.553   0.897  -0.896  -0.108
  -3.714   1.795   0.435  -3.529   2.088   1.478  -4.514   2.052   1.985  -3.146
   3.110   1.369  -2.411   1.274   2.157  -1.274   1.739   2.287  -2.702   0.067
   2.725  -3.632  -0.249   2.749  -1.818  -0.834   3.446  -1.407  -0.217   4.230
  -2.725  -2.009   3.937  -3.619  -1.544   4.462  -2.101  -2.653   4.649  -3.055
  -2.579   3.056  -0.544  -1.368   2.717   0.448  -1.736   3.382  -0.468  -1.339
   1.401  -1.359  -1.169   0.923   0.588  -2.109   0.654   1.024  -2.883   1.350
   0.208  -2.442  -0.303   1.427  -1.534   0.373
  -3.768   1.317   0.939  -3.035   1.868   1.412  -3.429   2.626   2.131  -2.461
   2.338   0.642  -2.196   1.093   2.386  -1.245   1.637   2.949  -2.619  -0.196
   2.706  -3.527  -0.535   2.344  -1.753  -1.133   3.504  -1.046  -0.541   4.134
  -2.640  -1.959   4.384  -2.907  -1.432   5.301  -2.132  -2.791   4.767  -3.568
  -2.233   3.905  -0.619  -1.834   2.614   0.149  -2.678   3.106  -0.449  -1.521
   1.344  -1.229  -0.993   0.905   0.571  -1.940   0.444   0.997  -2.994   0.588
   0.289  -1.880  -0.581   1.463  -1.280   0.526
  -4.095   1.790   1.500  -3.043   2.073   1.442  -2.909   3.107   1.711  -2.537
   1.964   0.449  -2.276   1.278   2.505  -1.266   1.756   3.035  -2.616   0.016
   2.655  -3.410  -0.314   2.133  -1.893  -0.892   3.537  -1.554  -0.394   4.401
  -2.912  -1.919   4.014  -3.603  -1.390   4.703  -2.352  -2.579   4.627  -3.412
  -2.442   3.223  -0.704  -1.589   2.839  -0.049  -2.359   3.503  -0.419  -1.390
   1.521  -1.053  -0.850   0.954   0.795  -1.976   0.800   0.511  -2.921   0.360
   1.154  -1.287   0.048   1.645  -2.244   1.366
  -4.018   1.477   1.279  -3.036   1.832   1.353  -3.221   2.812   1.739  -2.518
   1.765   0.364  -2.264   0.986   2.305  -1.258   1.454   2.800  -2.801  -0.244
   2.521  -3.630  -0.618   2.022  -2.122  -1.265   3.326  -1.820  -0.774   4.230
  -3.168  -2.271   3.766  -3.907  -1.663   4.336  -2.776  -2.956   4.552  -3.702
  -2.899   2.922  -0.797  -1.788   2.727   0.059  -2.347   3.453  -0.545  -1.515
   1.430  -1.311  -1.080   0.910   0.638  -1.826   0.647   0.418  -1.690  -0.388
   1.445  -1.200   0.925   0.915  -2.858   0.796
