default_name                                                                    
  -0.802   0.625   3.474  -1.181   0.754   2.490  -1.307   1.791   2.295  -2.197
   0.346   2.284  -0.277   0.252   1.495  -0.343  -0.912   1.069   0.795   1.046
   1.293   0.612   1.971   1.661   2.002   0.767   0.555   2.550   1.721   0.488
   2.879  -0.261   1.357   3.873  -0.346   0.891   2.506  -1.254   1.185   2.926
  -0.043   2.399   1.741   0.317  -0.912   2.496  -0.501  -1.428   0.615   0.703
  -1.556   0.022   1.415  -1.103   0.151   0.237  -2.867   1.015  -0.086  -3.479
  -0.590  -0.564  -2.669  -0.314   0.999  -3.505
  -0.913   0.838   3.343  -1.192   0.629   2.271  -1.387   1.647   1.902  -2.142
   0.049   2.143  -0.060  -0.048   1.505  -0.208  -1.188   1.058   0.956   0.768
   1.172   0.914   1.674   1.635   2.151   0.551   0.342   2.739   1.482   0.286
   3.078  -0.372   1.266   4.009  -0.646   0.808   2.692  -1.383   1.494   3.307
   0.179   2.236   1.949   0.135  -1.140   2.876  -0.504  -1.644   0.850   0.540
  -1.818   0.252   1.249  -1.359   0.301  -0.127  -2.984   0.088  -1.197  -2.765
  -0.690   0.193  -3.294   1.018  -0.108  -3.791
  -0.483   0.934   3.369  -1.018   0.890   2.368  -1.499   1.763   2.051  -1.744
   0.218   2.615  -0.067   0.277   1.390  -0.369  -0.771   0.865   1.038   1.058
   1.064   1.115   1.965   1.390   2.168   0.667   0.190   2.716   1.566  -0.036
   3.164  -0.293   0.967   4.040  -0.530   0.408   2.735  -1.229   1.346   3.572
   0.222   1.822   1.809   0.046  -1.186   2.586  -0.629  -1.864   0.629   0.188
  -1.687  -0.031   0.356  -0.991   0.163  -0.316  -3.007   0.024  -1.329  -3.019
  -0.750   0.155  -3.290   0.894  -0.083  -3.816
  -0.125   1.376   3.542  -0.673   0.894   2.699  -1.351   1.603   2.237  -1.267
   0.056   3.170   0.168   0.244   1.588  -0.089  -0.880   1.109   1.226   0.931
   1.161   1.393   1.772   1.684   2.253   0.544   0.244   2.779   1.488   0.082
   3.154  -0.472   0.944   3.977  -0.777   0.246   2.614  -1.314   1.292   3.598
   0.039   1.768   1.799   0.096  -1.180   2.548  -0.622  -1.871   0.589   0.417
  -1.708  -0.047   0.930  -1.158   0.051  -0.135  -2.918   0.347  -1.151  -3.175
  -1.084  -0.229  -2.889   0.343   0.486  -3.833
  -0.146   1.523   3.051  -0.859   0.918   2.602  -1.703   1.453   2.133  -1.224
   0.222   3.374  -0.078   0.224   1.478  -0.288  -0.878   1.043   0.967   0.960
   1.100   0.855   1.889   1.472   2.089   0.671   0.239   2.747   1.602   0.157
   2.934  -0.406   0.887   3.887  -0.682   0.371   2.382  -1.275   0.912   3.200
  -0.099   1.925   1.635   0.210  -1.248   2.365  -0.567  -1.855   0.475   0.606
  -1.755  -0.143   1.009  -1.085  -0.062   0.193  -3.045   0.228  -0.810  -3.301
  -1.163   0.239  -2.934   0.312   0.986  -3.785
  -0.715   1.605   3.065  -1.227   0.886   2.386  -1.954   1.493   1.826  -1.679
   0.062   3.020  -0.175   0.203   1.466  -0.540  -0.956   1.118   0.935   0.919
   1.065   1.019   1.876   1.449   2.010   0.462   0.243   2.725   1.287   0.159
   2.719  -0.738   0.979   3.739  -1.135   0.550   2.017  -1.572   0.806   2.698
  -0.427   2.033   1.678   0.088  -1.184   2.433  -0.606  -1.853   0.506   0.507
  -1.645  -0.193   1.069  -1.126   0.011   0.376  -3.073  -0.356  -0.606  -3.122
  -0.833   0.958  -3.193   0.716   0.554  -3.856
  -0.629   0.399   3.601  -1.016   0.338   2.551  -1.493   1.241   2.291  -1.757
  -0.445   2.525   0.054  -0.143   1.574  -0.190  -1.182   0.903   1.139   0.695
   1.487   1.228   1.408   2.154   2.148   0.606   0.374   2.814   1.471   0.335
   3.097  -0.500   0.941   4.004  -0.548   0.297   2.494  -1.417   0.820   3.465
  -0.266   1.957   1.777   0.364  -1.090   2.321  -0.413  -1.821   0.798   1.090
  -1.616   0.322   1.647  -0.946   0.206   1.113  -3.018  -0.881   1.305  -2.984
   0.730   1.912  -3.606   0.301   0.216  -3.491
  -0.658  -0.367   3.369  -1.028   0.255   2.533  -1.055   1.338   2.675  -2.070
  -0.037   2.290  -0.003  -0.154   1.443  -0.149  -1.272   0.878   1.112   0.627
   1.408   1.173   1.322   2.108   2.325   0.490   0.472   2.662   1.497   0.417
   3.427  -0.380   1.128   4.377  -0.154   0.629   3.235  -1.491   0.996   3.368
  -0.010   2.169   1.862   0.205  -0.978   2.375  -0.616  -1.730   0.790   0.933
  -1.458   0.412   1.601  -0.817   0.394   0.912  -2.889  -0.640   0.692  -2.931
   0.566   1.894  -3.314   0.966   0.164  -3.448
  -0.307  -0.519   3.350  -0.724  -0.068   2.503  -0.709   0.978   2.690  -1.667
  -0.455   2.465   0.216  -0.286   1.349  -0.082  -1.183   0.511   1.301   0.497
   1.235   1.421   1.146   2.030   2.401   0.482   0.266   2.939   1.410   0.411
   3.462  -0.688   0.371   4.496  -0.509  -0.036   3.054  -1.659   0.085   3.686
  -0.724   1.433   1.959   0.568  -1.214   2.795   0.320  -2.167   0.733   0.871
  -1.596   0.102   0.905  -0.828   0.199   1.302  -2.918   0.710   0.805  -3.696
  -0.807   0.956  -3.085   0.299   2.424  -3.093
  -0.379  -1.193   3.050  -0.223  -0.235   2.615   0.395   0.360   3.224  -1.148
   0.327   2.377   0.532  -0.281   1.273   0.250  -1.216   0.546   1.323   0.764
   1.029   1.391   1.316   1.832   2.399   0.885   0.065   2.892   1.812   0.209
   3.517  -0.260   0.300   4.305  -0.309  -0.438   3.022  -1.168   0.300   3.801
  -0.257   1.340   1.954   0.874  -1.391   2.756   0.588  -2.259   0.665   1.227
  -1.676   0.158   1.406  -0.865   0.034   1.387  -2.998   0.846   1.401  -3.706
  -0.631   0.583  -3.297  -0.506   2.281  -3.155
  -1.689  -0.445   2.129  -0.708   0.010   2.329  -0.249  -0.604   3.038  -0.713
   0.944   2.904   0.254   0.007   1.131   0.173  -0.958   0.390   1.185   0.970
   1.046   1.116   1.677   1.771   2.135   1.037  -0.048   2.431   2.106  -0.016
   3.430   0.291   0.302   4.244   0.534  -0.390   3.211  -0.768   0.212   3.853
   0.517   1.341   1.595   0.861  -1.528   2.289   0.561  -2.510   0.252   0.982
  -1.703  -0.254   1.062  -0.838  -0.465   1.004  -2.944  -0.115   1.839  -3.551
  -0.259   0.067  -3.561  -1.553   1.100  -2.893
  -0.379  -0.280   3.302  -0.927   0.129   2.395  -1.438   1.111   2.450  -1.792
  -0.546   2.229   0.157   0.178   1.246   0.323  -0.774   0.496   0.887   1.244
   1.144   0.629   2.041   1.653   1.956   1.306   0.104   2.349   2.323  -0.052
   3.139   0.465   0.534   3.977   0.758   0.015   2.949  -0.617   0.449   3.556
   0.564   1.492   1.452   0.859  -1.373   2.219   0.274  -2.102   0.171   1.081
  -1.793  -0.131   1.851  -1.137  -0.530   0.641  -2.967  -1.615   0.710  -2.870
  -0.167   1.214  -3.836  -0.108  -0.316  -3.307
  -1.092   1.374   3.127  -1.206   0.523   2.379  -2.132   0.567   1.820  -1.301
  -0.382   3.038  -0.091   0.338   1.373  -0.082  -0.684   0.734   0.880   1.309
   1.302   0.959   1.962   2.077   1.743   1.527   0.155   1.951   2.637   0.100
   3.080   0.948   0.511   3.813   1.321  -0.248   3.102  -0.138   0.653   3.400
   1.547   1.385   1.260   1.189  -1.343   2.072   0.591  -2.103  -0.005   1.371
  -1.762  -0.572   1.840  -1.062  -0.609   0.849  -3.006  -1.102   1.675  -3.420
   0.140   0.385  -3.711  -1.341   0.112  -2.720
  -0.300   1.444   3.456  -0.844   0.984   2.590  -1.670   1.644   2.230  -1.373
   0.071   2.919   0.076   0.620   1.412  -0.030  -0.486   0.927   0.981   1.538
   1.038   0.899   2.452   1.459   1.935   1.548  -0.052   2.569   2.406  -0.142
   3.045   0.532   0.439   3.877   0.614  -0.311   2.716  -0.540   0.460   3.386
   0.584   1.461   1.253   1.326  -1.376   1.891   0.915  -2.330  -0.039   1.675
  -1.506  -0.321   2.149  -0.676  -0.985   1.326  -2.542  -2.037   1.732  -2.405
  -0.549   1.633  -3.461  -1.164   0.205  -2.588
  -0.366   0.823   4.072  -1.072   0.858   3.224  -1.569   1.809   3.077  -1.914
   0.086   3.331  -0.333   0.674   1.827  -0.781  -0.162   1.074   0.594   1.606
   1.475   0.725   2.409   2.093   1.501   1.844   0.347   1.680   2.939   0.286
   2.921   1.251   0.576   3.719   1.876  -0.008   2.953   0.160   0.469   3.123
   1.313   1.662   1.208   1.460  -1.173   2.051   1.215  -2.060  -0.109   1.544
  -1.475  -0.708   1.803  -0.762  -0.625   1.492  -2.877  -1.534   0.885  -2.861
  -0.968   2.569  -3.143   0.033   0.951  -3.584
  -0.224   1.320   3.994  -0.937   1.285   3.132  -1.619   2.126   2.967  -1.566
   0.378   3.343  -0.205   0.920   1.920  -0.372  -0.190   1.371   0.661   1.791
   1.636   0.705   2.506   2.356   1.685   1.724   0.616   2.021   2.802   0.798
   2.764   0.705   0.955   3.664   0.864   0.405   2.436  -0.245   0.581   2.963
   0.607   2.027   1.214   1.604  -0.907   2.074   1.631  -1.810  -0.055   1.514
  -1.290  -0.702   1.280  -0.563  -0.469   1.335  -2.714   0.331   1.174  -3.433
  -1.259   0.630  -2.921  -0.777   2.303  -3.054
  -0.021   1.226   3.935  -0.611   1.400   3.037  -1.058   2.398   3.059  -1.460
   0.722   3.089   0.099   1.116   1.789  -0.309   0.105   1.219   1.154   1.897
   1.541   1.262   2.774   1.976   2.103   1.602   0.475   2.813   2.370   0.522
   2.910   0.306   0.865   3.828   0.087   0.325   2.270  -0.551   0.860   3.299
   0.508   1.905   1.472   1.647  -0.982   2.033   1.034  -1.891   0.391   2.418
  -1.200  -0.123   2.761  -0.371  -0.307   2.641  -2.407  -0.393   1.783  -3.000
  -1.278   2.991  -2.153   0.183   3.457  -2.970
  -1.097   1.613   3.270  -0.213   2.134   3.096   0.399   1.907   3.990  -0.420
   3.180   2.940   0.534   1.507   1.925   0.067   0.514   1.358   1.627   2.065
   1.388   1.930   2.849   1.861   2.528   1.616   0.171   3.409   2.353   0.148
   3.020   0.179   0.417   3.554  -0.146  -0.428   2.156  -0.464   0.414   3.581
   0.096   1.306   1.690   1.748  -1.134   2.005   1.079  -2.146   0.533   2.471
  -1.144   0.273   2.905  -0.303  -0.259   2.636  -2.340  -1.234   2.102  -2.216
  -0.593   3.605  -2.404   0.225   2.258  -3.240
  -0.963   1.730   3.353   0.074   1.952   3.109   0.787   1.699   3.952   0.054
   3.064   3.090   0.533   1.417   1.757   0.084   0.352   1.362   1.477   2.249
   1.223   1.868   2.890   1.841   2.228   1.891   0.026   3.016   2.598   0.001
   3.034   0.632   0.355   3.808   0.357  -0.352   2.350  -0.157   0.467   3.513
   0.811   1.364   1.474   1.936  -1.338   2.138   1.478  -2.350   0.230   2.523
  -1.470  -0.199   3.022  -0.641  -0.628   2.414  -2.651  -1.623   2.856  -2.613
  -0.136   3.033  -3.365  -0.734   1.408  -3.005
  -0.403   1.295   3.679   0.049   2.099   3.168   0.729   2.597   3.856  -0.758
   2.888   3.007   0.572   1.625   1.822   0.272   0.535   1.343   1.443   2.409
   1.257   1.558   3.308   1.650   2.194   2.169   0.044   2.913   2.897  -0.052
   2.911   0.772   0.206   3.917   0.814  -0.188   2.291   0.023  -0.146   2.931
   0.657   1.281   1.469   2.146  -1.304   2.201   1.974  -2.284   0.186   2.510
  -1.503  -0.496   2.625  -0.742  -0.422   2.576  -2.808  -1.365   2.111  -2.691
  -0.505   3.653  -3.108   0.129   1.988  -3.470
  -0.900   1.408   2.925  -0.002   1.849   2.965   0.541   1.439   3.825  -0.127
   2.881   3.208   0.680   1.514   1.730   0.414   0.475   1.102   1.539   2.410
   1.287   1.627   3.296   1.816   2.441   2.334   0.114   2.971   3.294   0.273
   3.579   1.333   0.418   4.430   1.647  -0.170   3.369   0.297   0.064   3.905
   1.277   1.418   1.883   2.413  -1.317   2.613   2.037  -2.273   0.566   2.825
  -1.490   0.195   3.409  -0.765   0.075   2.841  -2.905  -0.974   2.897  -3.017
   0.610   3.695  -3.413   0.461   1.964  -3.439
  -1.669   1.907   2.097  -0.681   2.086   2.405  -0.572   1.375   3.252  -0.670
   3.139   2.707   0.341   1.544   1.449   0.253   0.526   0.756   1.357   2.337
   1.361   1.175   3.048   2.065   2.489   2.332   0.467   3.084   3.216   0.630
   3.483   1.244   0.835   4.279   1.275   0.122   2.991   0.218   0.790   3.928
   1.422   1.769   2.118   2.292  -1.083   2.972   1.803  -1.837   0.979   2.837
  -1.522   0.227   3.130  -0.942   0.720   2.960  -2.908  -0.323   2.767  -2.887
   0.905   3.969  -3.426   1.158   2.133  -3.453
  -1.233   2.539   2.751  -0.361   2.038   2.977  -0.692   1.184   3.515   0.258
   2.760   3.617   0.331   1.689   1.676   0.036   0.854   0.827   1.432   2.416
   1.454   1.507   3.252   2.042   2.577   2.395   0.408   3.033   3.405   0.343
   3.723   1.531   1.030   4.486   1.313   0.311   3.350   0.563   1.387   4.140
   2.113   1.846   2.124   2.226  -1.099   3.033   2.228  -1.925   0.877   2.355
  -1.401   0.193   2.587  -0.639   0.244   2.219  -2.692  -0.495   3.015  -2.715
   0.959   2.274  -3.497  -0.373   1.345  -2.679
  -1.272   2.491   2.678  -0.719   1.556   2.676  -1.317   0.686   2.800  -0.269
   1.617   3.730   0.294   1.465   1.464   0.414   0.492   0.769   1.122   2.527
   1.276   0.841   3.401   1.728   2.320   2.605   0.454   2.677   3.545   0.679
   3.394   1.493   0.979   4.311   1.592   0.278   3.012   0.557   0.895   3.532
   1.572   2.076   2.150   2.519  -1.054   3.195   2.477  -1.707   0.894   2.535
  -1.538   0.114   2.650  -0.851   0.575   2.799  -2.895   1.073   3.714  -3.205
   0.888   2.039  -3.596  -0.438   2.907  -3.032
  -1.212   1.523   2.960  -0.465   0.743   2.724  -1.200  -0.092   2.585   0.245
   0.629   3.576   0.284   1.047   1.426  -0.117   0.491   0.426   1.215   1.922
   1.547   1.254   2.300   2.503   2.241   2.350   0.618   2.495   3.464   0.976
   3.522   1.560   0.744   4.214   1.641  -0.031   3.220   0.520   0.825   3.888
   1.953   1.647   1.870   2.754  -0.823   2.793   3.024  -1.673   0.599   2.639
  -1.195  -0.039   2.332  -0.528   0.146   2.777  -2.551   0.252   3.885  -2.786
   0.669   2.274  -3.301  -0.895   2.510  -2.655
  -0.803   1.730   2.921  -0.373   0.745   2.646  -1.239   0.164   2.229   0.023
   0.278   3.479   0.582   0.781   1.507   0.391   0.061   0.510   1.519   1.730
   1.611   1.362   2.446   2.300   2.423   2.109   0.502   3.042   2.933   0.814
   3.528   1.071   0.340   4.232   1.243  -0.555   3.174   0.034   0.286   4.208
   0.971   1.201   1.803   2.786  -0.793   2.623   3.084  -1.684   0.504   2.689
  -1.076   0.000   2.258  -0.314  -0.215   3.366  -2.157   0.577   3.769  -2.898
  -0.907   2.727  -2.694  -0.791   4.189  -1.641
  -1.306   1.431   2.247  -0.696   0.572   2.445  -1.258  -0.218   2.294  -0.334
   0.522   3.423   0.411   0.555   1.488   0.317  -0.304   0.524   1.324   1.537
   1.700   1.183   2.056   2.503   2.494   1.900   0.758   3.029   2.594   1.413
   3.540   0.807   0.500   4.573   1.198   0.274   3.264   0.192  -0.330   3.605
   0.169   1.303   1.956   2.622  -0.448   2.760   3.008  -1.294   0.629   2.918
  -0.582  -0.030   2.362  -0.089   0.201   3.630  -1.767   0.692   3.336  -2.641
  -0.920   3.593  -1.765   0.582   4.685  -1.619
  -0.889   2.117   2.937  -0.637   1.047   3.032  -1.413   0.327   2.762  -0.211
   0.908   4.027   0.481   0.809   2.043   0.313  -0.143   1.277   1.547   1.595
   2.000   1.628   2.307   2.733   2.433   1.810   0.952   3.010   2.580   1.442
   3.359   0.650   0.939   4.074   0.764   0.167   2.779  -0.237   0.814   3.873
   0.631   1.885   2.011   2.504  -0.443   2.908   3.059  -1.086   0.681   2.505
  -0.760   0.137   2.186   0.056   0.126   3.115  -1.963  -0.494   2.379  -2.416
  -0.394   3.934  -1.745   0.932   3.431  -2.550
  -1.839   1.684   2.766  -1.117   0.978   3.102  -1.479  -0.022   3.374  -0.599
   1.269   3.902  -0.101   0.708   1.948  -0.154  -0.321   1.275   0.904   1.636
   1.937   0.886   2.459   2.560   1.977   1.744   0.998   2.562   2.631   1.263
   2.893   0.437   1.167   3.836   0.453   0.598   2.347  -0.437   0.774   3.110
   0.137   2.185   1.801   2.014  -0.473   2.765   2.000  -1.245   0.588   2.508
  -0.892  -0.146   2.222  -0.217   0.200   2.614  -2.368  -0.740   3.060  -2.495
   0.981   3.051  -2.881   0.165   1.641  -2.799
  -1.008   1.689   2.745  -0.746   0.726   2.779  -1.600   0.037   2.645  -0.302
   0.498   3.808   0.330   0.472   1.760   0.157  -0.380   0.930   1.310   1.444
   1.691   1.345   2.098   2.462   2.318   1.537   0.606   2.758   2.502   0.878
   3.401   0.435   0.710   4.146   0.672  -0.142   3.046  -0.606   0.675   4.011
   0.649   1.575   1.831   1.660  -0.808   2.414   1.208  -1.799   0.896   2.604
  -0.790   0.782   3.023   0.076   0.223   3.029  -2.092  -0.635   3.662  -1.752
   0.990   3.700  -2.578  -0.185   2.161  -2.711
  -0.816   2.286   2.370  -0.311   1.415   2.822  -1.172   0.726   3.112   0.189
   1.742   3.667   0.617   0.786   1.795   0.251  -0.213   1.177   1.641   1.582
   1.478   1.880   2.251   2.192   2.528   1.454   0.277   3.312   2.266   0.501
   3.404   0.185   0.333   4.161  -0.029  -0.503   2.694  -0.666   0.438   4.019
   0.386   1.253   1.889   1.655  -1.086   2.412   1.257  -2.135   0.744   2.228
  -1.179   0.285   2.350  -0.319   0.084   2.633  -2.390  -1.037   2.705  -2.161
   0.419   3.550  -2.811   0.045   1.789  -3.172
   0.610   1.874   3.668   0.012   1.550   2.865  -0.542   2.356   2.504  -0.662
   0.683   3.201   0.860   1.216   1.665   0.474   0.276   0.927   1.922   1.936
   1.308   2.085   2.556   2.109   2.873   1.474   0.320   3.754   2.074   0.220
   3.608   0.077   0.697   4.162  -0.265  -0.160   2.792  -0.635   0.977   4.311
   0.427   1.416   2.238   1.584  -1.063   2.631   0.857  -1.938   1.140   2.324
  -1.173   0.852   2.790  -0.314   0.281   2.477  -2.359   0.468   3.579  -2.696
   0.643   1.819  -3.120  -0.679   2.053  -2.152
   1.026   1.082   3.839   0.395   1.545   3.073   0.483   2.634   3.176  -0.603
   1.199   3.170   1.076   1.252   1.738   0.662   0.290   1.080   2.095   2.034
   1.366   2.150   2.940   1.904   3.007   1.712   0.223   3.746   2.552   0.284
   3.833   0.375   0.421   4.462   0.156  -0.404   3.234  -0.479   0.626   4.422
   0.522   1.293   2.540   1.902  -1.215   3.186   1.451  -2.197   1.314   2.564
  -1.218   0.908   2.577  -0.263   0.832   3.447  -2.273  -0.097   3.818  -1.836
   1.694   4.110  -2.525   0.530   2.837  -3.132
   0.821   0.646   3.730   0.429   1.464   3.093   0.699   2.400   3.394  -0.679
   1.164   3.046   1.110   1.244   1.762   0.546   0.571   0.879   2.305   1.839
   1.603   2.610   2.360   2.426   3.105   1.676   0.343   3.928   2.382   0.391
   3.711   0.258   0.357   4.783   0.193   0.071   3.017  -0.304  -0.351   3.539
  -0.128   1.474   2.432   2.059  -0.994   2.628   1.497  -2.077   1.354   2.881
  -0.843   0.973   3.115   0.054   0.544   3.473  -1.857   0.806   3.111  -2.863
  -0.504   3.049  -1.753   0.597   4.505  -1.729
   0.958   1.979   4.271   0.290   2.066   3.398   0.102   3.089   3.251  -0.666
   1.481   3.373   0.884   1.408   2.133   0.251   0.721   1.359   2.201   1.725
   1.961   2.580   2.372   2.509   2.994   1.281   0.889   3.872   1.974   0.943
   3.493  -0.217   1.157   4.197  -0.479   0.403   2.759  -1.065   1.150   4.047
  -0.265   2.159   2.538   1.632  -0.513   2.703   0.790  -1.388   2.019   2.897
  -0.683   1.825   3.554   0.059   1.949   3.546  -2.008   2.922   3.887  -2.347
   1.666   2.758  -2.674   1.169   4.343  -2.009
   0.109   1.357   3.826   0.603   2.240   3.275   1.543   2.611   3.827  -0.043
   3.041   3.111   1.065   1.754   1.955   0.298   1.482   1.017   2.401   1.542
   1.876   2.838   1.743   2.760   3.257   1.137   0.755   4.114   1.741   0.966
   3.639  -0.319   1.079   4.534  -0.623   0.464   2.771  -0.953   0.931   4.179
  -0.397   2.039   2.702   1.601  -0.670   2.818   0.869  -1.596   2.114   2.813
  -0.797   2.018   3.273   0.050   1.297   3.208  -2.016   1.798   3.019  -2.996
   0.390   2.554  -2.137   0.830   4.244  -1.846
   0.865   1.331   4.459   0.664   2.031   3.593   1.097   3.039   3.800  -0.470
   2.097   3.560   1.198   1.532   2.260   0.386   1.156   1.447   2.533   1.702
   2.126   2.952   2.199   2.919   3.401   1.538   0.924   4.197   2.205   0.740
   4.117   0.328   1.333   4.619  -0.088   0.408   3.448  -0.514   1.582   4.850
   0.524   2.092   2.647   1.416  -0.489   2.854   0.495  -1.387   1.830   2.483
  -0.826   1.607   3.209  -0.167   1.277   2.707  -2.109   2.030   3.172  -2.770
   0.801   1.829  -2.578   0.443   3.360  -1.896
   1.201   1.698   4.223   0.611   1.913   3.387   0.729   2.987   3.343  -0.419
   1.723   3.480   1.081   1.446   1.965   0.535   0.472   1.331   2.177   2.048
   1.639   2.490   2.814   2.194   3.071   1.685   0.548   3.484   2.619   0.380
   4.078   0.671   1.026   4.826   0.299   0.301   3.552  -0.224   1.417   4.525
   1.285   1.843   2.435   1.305  -0.665   2.643   0.215  -1.157   1.658   2.248
  -1.255   1.553   3.061  -0.629   0.920   2.119  -2.575   0.169   3.069  -2.725
   1.727   2.169  -3.390   0.536   1.023  -2.632
   0.819   2.201   4.114   0.182   2.350   3.213   0.111   3.407   2.989  -0.836
   2.043   3.416   0.750   1.527   2.049   0.295   0.453   1.793   1.911   2.038
   1.567   2.119   2.968   1.971   2.784   1.480   0.482   3.455   2.325   0.331
   3.654   0.256   0.863   4.402   0.132   0.173   3.127  -0.636   0.841   3.922
   0.514   1.837   1.953   1.441  -0.822   1.959   0.454  -1.570   1.496   2.634
  -1.345   1.789   3.327  -0.692   0.752   2.766  -2.635   1.088   3.630  -3.078
   0.842   1.866  -3.257  -0.345   2.938  -2.463
   0.622   2.452   4.221   0.235   2.617   3.172   0.461   3.672   2.916  -0.761
   2.450   3.202   0.905   1.759   2.259   0.315   0.659   2.021   2.019   2.280
   1.622   2.456   3.088   1.956   2.841   1.458   0.615   3.800   1.970   0.466
   3.239   0.125   1.317   4.001  -0.239   0.638   2.420  -0.568   1.281   3.793
   0.357   2.331   2.057   1.556  -0.683   1.789   0.481  -1.298   1.740   2.851
  -1.044   2.245   3.560  -0.313   0.931   3.228  -2.109   0.838   4.364  -2.149
   1.324   2.904  -3.114  -0.065   2.913  -1.845
   0.571   2.469   4.274   0.251   2.642   3.270   0.146   3.754   2.988  -0.774
   2.247   3.298   1.004   1.776   2.219   0.419   0.810   1.770   2.161   2.218
   1.836   2.379   3.081   2.338   2.970   1.767   0.741   3.582   2.636   0.427
   4.091   0.712   1.072   4.457   0.372   0.083   3.562  -0.165   1.450   4.902
   1.142   1.654   2.265   1.516  -0.527   1.961   0.369  -1.016   1.740   2.704
  -0.946   1.989   3.539  -0.441   1.138   2.957  -2.218   0.965   4.033  -2.428
   1.688   2.538  -3.062   0.145   2.438  -2.271
   0.833   1.907   4.386   0.313   2.454   3.605   0.430   3.474   3.755  -0.728
   2.248   3.549   0.927   1.954   2.264   0.308   1.066   1.727   2.095   2.373
   1.806   2.466   3.285   2.056   2.777   1.725   0.647   3.651   2.219   0.356
   3.416   0.434   1.205   4.123   0.068   0.536   2.606  -0.235   1.372   3.934
   0.454   2.213   1.956   1.697  -0.643   1.701   0.682  -1.197   1.623   2.996
  -0.974   1.921   3.786  -0.368   0.732   3.270  -2.115   1.334   3.930  -2.847
   0.504   2.381  -2.578  -0.177   3.873  -1.940
   1.422   2.129   4.607   0.633   2.396   3.940   0.551   3.406   3.733  -0.365
   2.033   4.315   0.865   1.784   2.545   0.016   0.965   2.054   2.022   2.086
   2.086   2.439   2.926   2.569   2.769   1.568   0.967   3.684   2.181   0.941
   3.196   0.126   1.407   4.018  -0.123   0.730   2.281  -0.528   1.152   3.589
   0.168   2.396   1.835   1.630  -0.369   1.904   0.728  -1.223   1.155   2.723
  -0.670   1.138   3.404   0.088   0.550   2.857  -1.871   1.210   3.207  -2.733
   0.013   2.059  -2.301  -0.180   3.657  -1.668
   0.761   1.537   4.954   0.611   2.186   4.110   1.174   3.055   4.189  -0.451
   2.494   3.889   1.028   1.532   2.800   0.177   1.060   2.078   2.290   1.692
   2.419   2.864   2.217   3.038   2.852   1.218   1.145   3.786   1.638   1.061
   3.315  -0.253   1.289   3.811  -0.606   0.428   2.371  -0.868   1.443   3.840
  -0.440   2.256   1.831   1.400  -0.060   1.655   0.489  -0.907   1.192   2.586
  -0.117   1.431   3.267   0.553   0.011   2.819  -0.859  -0.167   3.893  -0.484
   0.087   2.847  -1.941  -0.703   1.951  -0.692
   1.442   2.431   5.128   0.874   2.733   4.231   1.257   3.684   3.829  -0.244
   2.739   4.389   1.087   1.781   3.054   0.180   1.123   2.643   2.336   1.765
   2.431   2.970   2.453   2.784   2.634   1.051   1.213   3.587   1.485   0.834
   3.076  -0.405   1.420   3.334  -0.888   0.429   2.230  -0.958   1.892   3.868
  -0.568   2.052   1.591   1.231   0.110   1.035   0.241  -0.356   1.182   2.431
  -0.209   1.765   3.155   0.076   0.246   2.795  -1.306  -0.727   2.555  -0.933
   0.266   3.846  -1.471   0.461   2.308  -2.296
   1.886   2.171   4.852   0.993   2.542   4.217   1.073   3.580   3.923   0.038
   2.413   4.787   0.984   1.774   2.957  -0.013   1.193   2.551   2.198   1.774
   2.322   2.862   2.514   2.726   2.611   0.944   1.228   3.558   1.310   0.787
   2.946  -0.413   1.928   3.391  -1.154   1.332   1.928  -0.842   2.149   3.526
  -0.274   2.779   1.698   0.872  -0.032   1.495  -0.241  -0.475   1.061   1.994
  -0.409   1.213   2.743   0.195  -0.037   2.056  -1.377  -0.287   3.006  -1.767
   0.323   1.599  -2.292  -1.019   1.788  -0.975
   1.493   2.800   4.699   0.658   2.828   3.966   0.642   3.846   3.510  -0.312
   2.658   4.489   0.852   1.796   2.849  -0.001   1.013   2.492   2.080   1.755
   2.342   2.684   2.476   2.691   2.443   0.832   1.272   3.334   1.244   0.894
   2.828  -0.448   1.999   2.905  -1.249   1.191   2.128  -0.831   2.855   3.868
  -0.286   2.396   1.489   0.731   0.026   1.398  -0.361  -0.595   0.905   1.883
  -0.409   1.036   2.667   0.227   0.384   2.042  -1.738   0.435   3.049  -2.167
   0.832   1.314  -2.361  -0.658   1.766  -1.803
   1.921   3.397   4.685   1.014   3.030   4.228   0.497   3.902   3.709   0.307
   2.695   4.955   1.259   1.863   3.244   0.435   0.899   3.100   2.335   1.956
   2.544   2.981   2.692   2.747   2.859   1.026   1.425   3.746   1.499   1.060
   3.394  -0.296   2.120   3.928  -0.958   1.433   2.582  -0.870   2.630   4.011
  -0.007   3.006   2.014   0.824   0.149   1.979  -0.309  -0.386   1.350   1.908
  -0.361   1.456   2.793   0.146   0.526   1.794  -1.610   1.054   2.286  -2.416
   0.343   0.771  -1.890  -0.499   2.262  -1.565
   2.023   3.134   4.772   1.043   2.996   4.251   0.720   3.900   3.822   0.353
   2.584   4.995   1.331   1.997   3.097   0.381   1.298   2.718   2.602   2.003
   2.586   3.244   2.728   2.890   3.123   0.938   1.659   4.123   1.194   1.320
   3.397  -0.382   2.460   4.129  -0.948   1.838   2.523  -0.959   2.613   3.943
  -0.034   3.322   2.086   0.821   0.463   1.772  -0.218  -0.053   1.549   1.954
  -0.034   1.793   2.745   0.510   0.537   2.022  -1.117   0.792   2.615  -1.987
   0.283   1.063  -1.477  -0.350   2.442  -0.641
   1.827   3.178   5.229   1.230   3.254   4.297   1.501   4.151   3.676   0.166
   3.351   4.596   1.424   1.998   3.504   0.483   1.231   3.333   2.645   1.929
   2.826   3.302   2.611   3.135   2.979   1.006   1.651   3.845   1.429   1.172
   3.500  -0.315   2.249   3.872  -0.986   1.507   2.631  -0.835   2.705   4.316
  -0.240   2.974   1.919   0.883   0.509   1.663  -0.265   0.042   1.244   2.000
   0.179   1.370   2.793   0.751   0.257   2.012  -0.944   0.686   1.548  -1.834
  -0.544   1.297  -0.855  -0.191   2.971  -1.080
   2.327   4.215   4.262   1.388   3.821   3.922   0.940   4.428   3.150   0.711
   3.734   4.777   1.572   2.397   3.392   0.719   1.523   3.463   2.720   2.149
   2.673   3.195   2.982   2.538   3.043   1.031   1.767   3.911   1.277   1.187
   3.466  -0.200   2.603   3.520  -1.169   2.035   2.640  -0.416   3.357   4.363
   0.000   3.199   1.994   0.718   0.666   1.807  -0.450   0.279   1.277   1.788
   0.185   1.758   2.648   0.393   0.146   1.692  -0.746   0.526   1.341  -1.751
  -0.633   1.081  -0.381  -0.194   2.725  -0.982
   2.242   3.252   5.218   1.576   3.418   4.387   1.695   4.370   3.886   0.560
   3.523   4.717   1.601   2.214   3.434   0.705   1.415   3.460   2.593   2.131
   2.562   3.161   2.937   2.468   2.836   1.006   1.603   3.500   1.465   0.940
   3.487  -0.264   2.338   3.716  -0.970   1.589   2.747  -0.670   2.986   4.423
   0.022   2.865   1.611   0.685   0.735   1.208  -0.466   0.516   0.938   1.701
   0.193   1.364   2.606   0.418  -0.209   1.695  -0.685  -0.490   0.722  -1.199
  -1.051   2.188  -0.083   0.067   2.400  -1.578
   2.653   3.120   5.153   1.711   3.189   4.497   1.728   4.100   3.918   0.850
   3.108   5.149   1.716   2.005   3.548   0.956   1.024   3.729   2.664   2.015
   2.624   3.265   2.848   2.646   2.843   1.030   1.539   3.415   1.568   0.795
   3.585  -0.226   1.951   3.954  -0.823   1.075   3.019  -0.870   2.567   4.472
   0.163   2.464   1.583   0.700   0.685   1.249  -0.388   0.165   0.914   1.799
   0.356   1.373   2.673   0.531  -0.354   1.734  -0.422  -1.219   1.230   0.085
  -0.701   2.764  -0.676  -0.215   1.187  -1.357
   1.009   3.994   3.886   1.394   3.096   4.443   0.852   2.773   5.297   2.402
   3.226   4.840   1.499   1.878   3.540   0.581   1.048   3.623   2.510   1.801
   2.720   3.119   2.545   2.916   2.774   0.824   1.729   3.566   1.354   1.099
   3.384  -0.498   2.298   3.888  -1.038   1.557   2.526  -1.102   2.612   4.191
  -0.266   3.031   1.591   0.536   0.713   1.643  -0.550   0.077   0.646   1.479
   0.467   0.596   2.211   1.236  -0.241   1.526  -0.712  -0.456   2.582  -1.005
   0.174   0.989  -1.577  -1.214   1.099  -0.415
   2.024   4.000   3.828   1.874   3.095   4.373   0.906   3.166   4.824   2.685
   2.914   5.138   1.835   1.877   3.515   1.026   0.995   3.788   2.677   1.808
   2.465   3.441   2.506   2.451   2.742   0.734   1.484   3.375   1.171   0.791
   3.454  -0.516   2.074   3.788  -1.202   1.247   2.659  -1.014   2.673   4.266
  -0.302   2.812   1.385   0.508   0.661   1.140  -0.508   0.011   0.510   1.549
   0.579   0.847   2.382   1.115  -0.755   1.615  -0.207  -1.469   2.259   0.329
  -0.496   1.984  -1.207  -1.212   0.584  -0.175
   2.008   3.853   3.915   1.627   2.935   4.438   0.586   3.053   4.651   2.251
   2.646   5.320   1.655   1.780   3.536   0.898   0.846   3.745   2.545   1.879
   2.549   3.128   2.676   2.519   2.776   0.810   1.548   3.460   1.244   0.849
   3.491  -0.342   2.169   3.886  -0.916   1.359   2.863  -0.946   2.859   4.263
   0.017   2.813   1.544   0.502   0.735   1.334  -0.595   0.190   0.691   1.443
   0.602   0.977   2.283   1.117  -0.696   1.369   0.185  -1.307   2.170   0.681
  -0.753   1.562  -0.871  -1.144   0.360   0.495
   2.848   3.786   4.070   2.240   2.931   4.454   1.319   3.261   4.941   2.768
   2.390   5.302   1.895   1.896   3.438   0.888   1.213   3.550   2.850   1.748
   2.482   3.660   2.279   2.551   2.816   0.799   1.336   3.222   1.397   0.528
   3.765  -0.347   1.699   3.848  -0.981   0.877   3.330  -0.828   2.579   4.704
   0.087   1.953   1.492   0.404   0.639   1.308  -0.646  -0.010   0.556   1.367
   0.594   0.853   2.268   0.875  -0.836   1.151   0.166  -1.263   2.131   0.035
  -0.975   0.608  -0.837  -1.402   0.748   0.946
   3.112   2.656   4.835   2.066   2.505   4.518   1.550   3.442   4.174   1.598
   2.135   5.459   2.003   1.452   3.459   1.154   0.520   3.543   2.801   1.704
   2.418   3.339   2.589   2.461   2.956   0.851   1.223   3.470   1.550   0.498
   3.961  -0.273   1.567   4.179  -0.698   0.549   3.444  -1.035   2.203   4.875
   0.122   2.069   1.596   0.442   0.623   1.407  -0.721   0.239   0.654   1.343
   0.571   0.952   2.279   0.788  -0.706   1.125   0.131  -0.945   2.085  -0.344
  -0.764   0.310  -0.587  -1.409   0.920   0.914
   2.733   1.966   5.661   2.329   2.466   4.799   3.076   3.260   4.523   1.396
   2.930   4.954   2.145   1.434   3.728   1.322   0.470   3.847   2.975   1.654
   2.685   3.665   2.401   2.837   3.126   0.684   1.590   3.809   1.117   0.807
   3.855  -0.505   2.207   4.685  -0.126   2.856   4.096  -1.230   1.431   3.158
  -1.015   2.830   1.726   0.448   0.905   1.443  -0.662   0.463   0.845   1.430
   0.864   1.218   2.287   1.240  -0.553   1.280   0.480  -0.996   2.226   0.105
  -0.715   0.603  -0.323  -1.175   0.942   1.329
   2.012   3.230   5.025   2.922   2.889   4.556   3.886   2.948   5.062   2.855
   3.617   3.738   2.671   1.521   3.926   1.921   0.668   4.488   3.275   1.264
   2.743   3.855   1.991   2.343   3.026   0.235   1.738   3.550   0.636   0.854
   3.702  -1.069   2.113   4.743  -0.828   2.479   3.643  -1.733   1.277   3.020
  -1.483   2.904   1.565   0.077   1.368   1.120  -1.021   1.051   0.769   1.139
   1.444   1.162   2.017   1.754  -0.603   1.113   1.015  -0.943   2.144   0.736
  -0.679   0.572   0.068  -1.189   0.706   1.820
