default_name                                                                    
   22  0.3977500E+03
  -2.7597137   4.9949232  -3.7087796  -2.3779271   4.5387061  -2.7836848
  -3.0880006   4.8492377  -2.0789606  -1.4419379   4.9867376  -2.6315322
  -2.1909363   3.0080349  -2.8875800  -1.0442309   2.6128761  -2.9462375
  -3.2489416   2.2263322  -2.8256146  -4.1008077   2.6707653  -2.7581068
  -3.3000976   0.7900778  -2.6934086  -4.1279704   0.6199505  -2.0761802
  -3.5820726   0.1374122  -4.0523907  -3.9511896  -0.8605246  -3.9302809
  -2.7014807   0.1147149  -4.6559123  -4.3212219   0.8006106  -4.5324414
  -2.1118951   0.2007238  -1.8298232  -2.0589860   0.2157227  -0.5969332
  -1.0410043  -0.3096892  -2.4871506  -1.1620042  -0.2879484  -3.4807681
   0.2556624  -0.7063242  -1.9730094   0.9164723  -1.1591535  -2.6701274
   0.8439120   0.1393658  -1.5613112   0.1356133  -1.3823699  -1.1091694
   0.2654589  -0.4542346  -0.4662528  -0.0128266  -0.0659805   0.0287044
   0.9010300   0.4839844   0.1823246  -0.0031682   0.2983826   0.0402552
  -0.0023457   0.0411322  -0.0767823   0.0028627   0.1518784  -0.3025628
  -0.2019007  -0.0171696   0.4196609   0.4532032   0.7436981   1.0903585
   0.0313757  -0.1787669  -0.2316538  -0.4094303  -1.2228232   0.0279020
   0.3378370   0.2550584   0.0685462   1.5936888   0.4784366  -0.3561066
   1.2772505   0.1730062   0.8125624  -0.4352957  -0.2661990   0.9644477
  -0.0445085   0.0943784   0.2137571   0.2901918  -0.0016523  -0.1697566
  -0.0702143  -0.1864068   0.2395939   0.0742110   0.4050939   0.9445967
  -0.2955044   0.1391206  -0.0991042  -0.1990197  -0.6646865   0.0275538
  -0.0982949  -0.3022035  -0.0048174  -0.8328227   0.0528354   0.1019372
