default_name                                                                    
   22  0.3977500E+03
  -1.8633549  -5.7002167   0.2863261  -2.5229619  -4.9440738   0.7700293
  -2.9378084  -5.2668782   1.7552554  -3.3501789  -4.6593496   0.1123527
  -1.6253626  -3.6936701   0.8605729  -1.7327849  -2.9919144   1.8806811
  -0.7127853  -3.4924953  -0.1234803  -0.4852363  -4.2249390  -0.8274103
   0.3304517  -2.4476152  -0.0462641   0.4906847  -1.9778226   0.9181279
   1.6259734  -2.9320301  -0.6129959   1.4479180  -3.4326446  -1.5657864
   2.1807135  -3.5931286  -0.0030338   2.3026725  -2.0681057  -0.7742598
  -0.1380011  -1.2141161  -0.8028146   0.3896980  -0.1102370  -0.4885074
  -1.2074529  -1.3031846  -1.6219409  -1.5894100  -2.1749949  -1.7829454
  -1.9488640  -0.0022457  -1.9918422  -1.4716830   0.5492820  -2.8169097
  -2.9906141  -0.2375951  -2.4306585  -2.0604317   0.6536798  -1.2168625
  -0.4571313   0.8448184   0.7988074  -0.1585309   0.4775112  -0.5337228
  -0.6816031   0.6699175   0.0269708   0.8611340  -0.0562567   0.4624340
  -0.1153667  -0.2001796   0.2159477  -0.0904070   0.0524977  -0.0839031
   0.1060797   0.4798885   0.0107910  -1.1217150   0.9578593  -0.4789141
  -0.2010712   0.2535678  -0.1703307   0.5029668   0.6056524   0.6565315
  -0.0901115   0.1253509   0.1889026   0.7175127   0.9514145   0.0672486
  -1.1263446   0.0569564   0.1654278   0.6995264   0.7704615   1.4655618
   0.0134804  -0.0966805   0.2660188  -0.0745275  -0.1071282   0.1703157
  -0.0273793   0.0317690  -0.1900362   0.5695039   0.2288079  -0.2653200
  -0.1635410  -0.0171442   0.3307579   0.8058761   1.5551335   0.2049971
  -1.0814473  -0.5905510  -1.5690575   0.1330067   0.3157048   0.6776704
