default_name                                                                    
  -4.107  -0.223   0.415  -3.641  -0.087  -0.569  -3.701   0.860  -1.152  -4.103
  -0.781  -1.227  -2.250  -0.508  -0.544  -1.896  -1.642  -0.836  -1.437   0.445
  -0.081  -1.888   1.381  -0.008  -0.106   0.247   0.469   0.222   1.338   0.508
  -0.193  -0.192   1.996   0.814  -0.118   2.314  -0.583  -1.224   2.185  -0.716
   0.536   2.638   0.984  -0.341  -0.508   1.934  -1.104  -0.152   0.925   0.087
  -1.778   0.153   0.691  -1.983   1.814  -0.105  -2.909   2.761   0.207  -2.657
   1.897  -1.168  -3.105   1.505   0.370  -3.869
  -4.056   0.509  -0.448  -3.334   0.240  -1.175  -3.119   1.079  -1.838  -3.796
  -0.559  -1.834  -2.039  -0.193  -0.575  -1.690  -1.334  -0.602  -1.280   0.793
  -0.043  -1.619   1.785   0.085   0.053   0.652   0.543   0.448   1.648   0.692
  -0.135  -0.005   1.944   0.731  -0.256   2.366  -0.652  -0.962   1.836  -0.681
   0.613   2.686   1.152  -0.037  -0.362   2.153  -0.684   0.033   1.146   0.338
  -1.694   0.405   0.968  -2.023   2.062  -0.181  -2.743   3.117  -0.041  -2.376
   1.804  -1.212  -2.950   1.999   0.405  -3.689
  -3.930   0.683  -0.665  -3.325   0.010  -1.345  -3.063   0.478  -2.321  -3.911
  -0.931  -1.468  -1.972  -0.367  -0.671  -1.582  -1.511  -0.687  -1.325   0.596
  -0.010  -1.761   1.523  -0.033  -0.087   0.399   0.611   0.106   1.373   1.018
  -0.160  -0.496   1.871   0.637  -0.304   2.645  -0.033  -1.535   1.437  -1.181
  -0.381   2.290   1.158   0.123  -0.247   2.175  -0.442   0.270   1.094   0.338
  -1.626   0.332   0.930  -1.950   2.082  -0.173  -2.582   2.650   0.695  -3.006
   2.694  -0.943  -2.239   1.525  -0.640  -3.423
  -3.780  -0.226  -1.742  -3.075   0.628  -1.592  -3.429   1.491  -1.018  -2.728
   1.084  -2.547  -1.797   0.076  -1.036  -1.618  -1.109  -1.176  -1.058   0.850
  -0.208  -1.290   1.825  -0.250   0.164   0.421   0.522   0.395   1.330   1.091
  -0.180  -0.712   1.498   0.548  -0.663   2.258  -0.137  -1.696   1.003  -1.163
  -0.534   1.826   1.388   0.097  -0.372   2.409  -0.253   0.189   1.204   0.110
  -1.680   0.300   0.372  -2.062   2.157  -0.256  -2.616   3.164   0.122  -2.272
   2.159  -1.336  -2.605   1.925   0.136  -3.620
  -2.742   1.830  -2.608  -2.953   0.868  -2.080  -3.358   0.173  -2.854  -3.499
   1.005  -1.132  -1.712   0.212  -1.605  -1.656  -1.017  -1.707  -0.900   1.042
  -0.851  -1.156   2.020  -0.892   0.275   0.725   0.029   0.567   1.692   0.543
  -0.207  -0.103   1.175   0.679  -0.189   1.805  -0.522  -1.081   0.862  -1.046
   0.435   1.647   1.472   0.164  -0.738   2.534  -0.190  -0.137   1.482   0.197
  -2.092   0.767   0.667  -2.634   2.296  -0.647  -2.949   3.202  -0.079  -3.199
   2.687  -1.567  -2.438   1.739  -0.866  -3.830
  -2.318   1.017  -3.290  -2.783   0.685  -2.380  -3.523  -0.123  -2.620  -3.225
   1.536  -1.936  -1.621   0.120  -1.547  -1.193  -1.023  -1.743  -0.998   0.928
  -0.662  -1.470   1.818  -0.585   0.265   0.751   0.082   0.507   1.658   0.558
   0.027  -0.301   1.188   0.789  -0.324   2.020  -0.002  -1.351   0.847  -0.957
  -0.308   1.600   1.464   0.273  -0.823   2.505  -0.125  -0.390   1.385   0.359
  -2.187   0.584   0.911  -2.534   2.367  -0.184  -3.084   3.025   0.625  -3.423
   2.928  -1.017  -2.692   1.874  -0.695  -3.890
  -2.816   1.475  -2.694  -2.945   0.656  -1.976  -3.281  -0.222  -2.466  -3.689
   0.975  -1.277  -1.613   0.270  -1.356  -1.264  -0.925  -1.522  -0.953   1.225
  -0.799  -1.427   2.162  -0.693   0.341   1.085  -0.246   0.681   2.067   0.058
   0.156   0.420   1.107   1.093   0.495   1.675  -0.194  -0.604   1.075  -0.618
   0.994   1.680   1.388   0.481  -1.244   2.477   0.162  -0.728   1.106   0.221
  -2.547   0.164   0.418  -2.852   2.128  -0.187  -3.535   3.009   0.245  -3.447
   2.042  -1.218  -3.796   1.797   0.313  -4.452
  -3.424   0.546  -0.763  -2.964   0.292  -1.686  -2.897   1.152  -2.327  -3.463
  -0.400  -2.336  -1.534  -0.063  -1.302  -1.004  -1.079  -1.703  -0.889   0.920
  -0.684  -1.474   1.665  -0.412   0.423   1.000  -0.275   0.712   2.032  -0.147
   0.447   0.291   1.098  -0.377   0.682   1.693   1.293   0.505   1.739   0.252
  -0.815   1.006   1.507   0.429  -1.273   2.391  -0.293  -0.852   1.398   0.685
  -2.594   0.581   1.290  -2.784   1.975  -0.164  -3.696   2.283   0.323  -4.509
   2.813  -0.810  -3.387   1.195  -0.765  -4.156
  -3.365   0.479  -0.613  -3.012   0.521  -1.615  -3.215   1.492  -2.067  -3.564
  -0.170  -2.224  -1.550   0.124  -1.551  -1.259  -1.065  -1.602  -0.743   1.106
  -1.188  -1.145   2.040  -1.082   0.579   0.847  -0.390   0.924   1.851  -0.201
   0.562   0.091   0.968  -0.171   0.498   1.731   1.484   0.279   1.451   0.434
  -1.003   0.873   1.683   0.374  -1.298   2.665  -0.175  -0.803   1.579   0.317
  -2.609   0.681   0.699  -2.850   2.378  -0.489  -3.576   1.688  -0.732  -4.375
   3.151   0.125  -4.010   2.623  -1.462  -3.004
  -3.447   0.185  -0.954  -2.825   0.244  -1.839  -2.903   1.175  -2.375  -3.303
  -0.439  -2.485  -1.403  -0.001  -1.440  -0.878  -1.120  -1.557  -0.619   1.038
  -1.208  -1.080   1.928  -1.126   0.782   0.972  -0.744   1.093   2.039  -0.756
   0.798   0.407   0.670   0.008   0.853   1.334   1.772   0.545   1.163   0.577
  -0.639   0.653   1.740   0.304  -1.797   2.906   0.081  -1.432   1.405   0.194
  -3.061   0.425   0.340  -3.375   2.407  -0.290  -4.032   1.827  -0.665  -4.880
   3.101   0.463  -4.341   3.036  -1.096  -3.627
  -3.368   0.809  -1.286  -2.783   0.259  -1.940  -2.754   0.762  -2.928  -3.322
  -0.692  -1.993  -1.342  -0.041  -1.536  -0.972  -1.170  -1.644  -0.639   1.004
  -1.042  -1.122   1.915  -1.092   0.754   0.953  -0.571   1.032   2.000  -0.522
   0.819   0.440   0.864   0.008   0.865   1.509   1.727   0.800   1.361   0.622
  -0.647   0.918   1.826   0.328  -1.505   2.941   0.041  -1.015   1.557   0.129
  -2.773   0.636   0.287  -3.101   2.488  -0.517  -3.711   2.020  -0.682  -4.701
   3.394  -0.020  -4.028   2.890  -1.491  -3.315
  -3.327   0.738  -1.651  -3.031  -0.278  -1.362  -3.405  -0.968  -2.259  -3.361
  -0.571  -0.389  -1.480  -0.361  -1.371  -0.955  -1.317  -2.006  -0.868   0.532
  -0.616  -1.438   1.149  -0.080   0.532   0.359  -0.160   0.840   1.370   0.091
   0.552  -0.504   1.191  -0.074  -0.194   1.944   1.593  -0.483   1.563   0.455
  -1.490   0.893   1.727   0.078  -1.202   2.573  -0.727  -0.894   1.649   0.534
  -2.461   0.764   1.028  -2.740   2.289  -0.248  -3.546   2.119   0.254  -4.502
   3.347  -0.355  -3.332   1.803  -1.223  -3.633
  -2.412   1.115  -2.899  -2.655   0.465  -2.135  -3.516  -0.122  -2.428  -3.084
   1.135  -1.392  -1.490  -0.220  -1.425  -1.247  -1.427  -1.741  -0.729   0.538
  -0.624  -1.044   1.532  -0.430   0.648   0.236  -0.012   1.035   1.157   0.389
   0.608  -0.723   1.204   0.039  -0.322   2.020   1.558  -0.861   1.677   0.290
  -1.695   0.727   1.647  -0.234  -1.084   2.475  -1.141  -0.980   1.521   0.273
  -2.306   0.949   1.087  -2.338   2.300   0.096  -3.528   1.920   0.492  -4.445
   3.232   0.583  -3.343   2.548  -0.990  -3.743
  -2.234   1.667  -2.780  -2.614   0.690  -2.522  -2.857   0.189  -3.435  -3.501
   0.669  -1.872  -1.447  -0.037  -1.819  -1.116  -1.210  -2.102  -0.827   0.541
  -0.720  -1.155   1.330  -0.433   0.491   0.040  -0.234   0.887   0.744   0.361
   0.335  -1.071   0.782  -0.591  -0.948   1.392   1.210  -1.078   1.414   0.533
  -1.982   0.243   1.672  -0.170  -1.166   2.522  -0.978  -0.953   1.757   0.576
  -2.246   0.962   1.185  -2.499   2.669   0.249  -3.374   2.395   0.909  -4.216
   3.703   0.446  -3.064   2.605  -0.786  -3.774
  -2.032   1.338  -3.520  -2.520   0.851  -2.704  -3.445   0.368  -3.004  -2.712
   1.743  -2.078  -1.657  -0.173  -1.909  -1.581  -1.326  -2.272  -0.949   0.445
  -0.982  -1.164   1.381  -0.852   0.200   0.023  -0.205   0.310   0.932   0.456
  -0.131  -1.190   0.687  -1.142  -1.189   1.145   0.567  -1.257   1.507   0.015
  -2.128   0.108   1.497  -0.127  -1.053   2.461  -0.724  -0.594   1.599   0.584
  -2.157   0.801   1.194  -2.296   2.465   0.262  -3.237   3.382  -0.349  -2.894
   1.902  -0.348  -4.024   2.899   1.128  -3.784
  -2.374   1.292  -3.068  -2.688   0.551  -2.360  -3.332  -0.229  -2.821  -3.217
   0.913  -1.503  -1.412  -0.062  -1.790  -1.120  -1.220  -2.088  -0.848   0.685
  -0.816  -1.312   1.605  -0.538   0.309   0.272  -0.060   0.626   1.190   0.476
  -0.070  -0.779   0.931  -1.051  -0.565   1.348   0.583  -0.746   1.858  -0.066
  -1.744   0.420   1.577  -0.063  -0.897   2.385  -0.922  -0.548   1.669   0.598
  -2.061   0.895   1.265  -2.258   2.717   0.543  -3.139   3.049  -0.454  -3.381
   2.428   0.998  -4.120   3.569   1.072  -2.802
  -3.291   0.100  -3.109  -2.814   0.515  -2.198  -3.546   0.459  -1.394  -2.585
   1.569  -2.420  -1.551  -0.276  -1.821  -1.227  -1.403  -2.319  -0.907   0.262
  -0.815  -1.278   1.121  -0.529   0.402  -0.025  -0.251   0.791   0.711   0.425
   0.322  -1.279   0.684  -0.335  -0.948   1.504   1.341  -1.581   1.149  -0.138
  -2.129   0.104   1.670  -0.049  -1.144   2.645  -0.752  -0.801   1.619   0.581
  -2.289   0.767   1.055  -2.475   2.627   0.421  -3.409   3.658   0.936  -3.137
   2.832  -0.701  -3.388   2.214   0.646  -4.428
  -2.846   0.836  -2.747  -3.047   0.108  -1.914  -3.777  -0.555  -2.418  -3.435
   0.653  -1.063  -1.680  -0.503  -1.679  -1.268  -1.424  -2.385  -0.984   0.121
  -0.648  -1.467   0.789  -0.121   0.309  -0.407  -0.182   0.557   0.363   0.554
   0.115  -1.760   0.573  -0.808  -1.725   1.175   0.888  -1.889   1.320   0.065
  -2.650  -0.002   1.541  -0.270  -1.137   2.542  -0.922  -0.885   1.342   0.585
  -2.169   0.552   1.194  -2.186   2.179   0.532  -3.307   2.771  -0.405  -3.232
   1.560   0.398  -4.217   2.884   1.426  -3.397
  -3.344   0.525  -3.093  -3.241   0.140  -2.063  -3.937  -0.689  -1.898  -3.677
   0.769  -1.300  -1.834  -0.435  -1.793  -1.508  -1.343  -2.550  -1.101   0.016
  -0.698  -1.470   0.808  -0.336   0.168  -0.603  -0.198   0.356   0.068   0.673
  -0.063  -2.074   0.255  -0.944  -2.283   0.851   0.811  -2.431   0.672  -0.238
  -2.653  -0.678   1.429  -0.386  -1.115   2.540  -0.907  -0.745   1.387   0.507
  -2.115   0.665   1.164  -2.260   2.441   0.535  -3.105   3.015  -0.397  -3.272
   2.068   1.034  -4.003   3.212   1.201  -2.824
  -3.542  -0.744  -2.753  -3.126  -0.150  -1.973  -3.436  -0.299  -0.967  -3.353
   0.881  -2.185  -1.610  -0.481  -2.004  -1.077  -0.878  -3.025  -1.032  -0.388
  -0.818  -1.739  -0.212  -0.131   0.360  -0.734  -0.355   0.410  -0.154   0.641
   0.406  -2.197  -0.110  -0.318  -2.319   0.723   1.315  -2.584   0.184  -0.070
  -2.716  -0.951   1.513  -0.213  -1.213   2.649  -0.797  -1.168   1.288   0.825
  -2.097   0.376   1.146  -2.133   2.331   1.328  -2.913   3.140   0.569  -3.106
   1.946   1.618  -3.868   2.863   2.137  -2.339
  -3.212  -0.465  -3.489  -3.149  -0.350  -2.435  -3.681  -1.141  -1.963  -3.484
   0.635  -2.039  -1.675  -0.402  -2.137  -0.926  -0.709  -3.005  -1.317  -0.053
  -0.939  -2.080   0.488  -0.439  -0.071  -0.400  -0.337   0.054   0.313   0.513
  -0.129  -1.808   0.275  -1.131  -1.895   0.796   0.594  -1.939   1.003   0.112
  -2.745  -0.270   1.243  -0.099  -1.094   2.299  -0.758  -1.012   1.188   0.928
  -1.932   0.253   1.281  -2.070   2.253   1.306  -2.930   3.201   0.729  -2.711
   2.070   1.241  -3.967   2.535   2.277  -2.701
  -3.152  -0.777  -4.016  -2.952  -0.566  -2.996  -3.629  -1.178  -2.395  -3.396
   0.388  -2.739  -1.546  -0.816  -2.543  -0.651  -1.379  -3.179  -1.403  -0.419
  -1.320  -2.270  -0.211  -0.865  -0.274  -0.618  -0.468  -0.265   0.194   0.288
  -0.499  -1.977   0.292  -1.593  -2.040   0.509   0.116  -2.179   1.116  -0.215
  -2.827  -0.410   1.126  -0.430  -1.091   2.113  -1.231  -0.806   1.312   0.708
  -1.901   0.491   1.274  -1.948   2.449   1.264  -2.730   3.342   1.059  -2.104
   2.600   0.573  -3.665   2.212   2.324  -2.909
  -2.767   0.328  -3.779  -2.792  -0.707  -3.357  -2.968  -1.459  -4.092  -3.595
  -0.740  -2.658  -1.470  -1.035  -2.664  -0.709  -1.935  -3.072  -1.248  -0.366
  -1.539  -1.805   0.432  -1.295  -0.132  -0.636  -0.485  -0.333   0.015   0.332
  -0.324  -2.103  -0.001  -1.367  -2.380   0.372   0.394  -2.104   0.779  -0.130
  -2.901  -0.786   1.312  -0.290  -0.987   2.358  -0.702  -0.500   1.305   0.606
  -2.027   0.376   0.801  -2.386   2.534   1.095  -2.717   3.194   1.566  -1.939
   3.112   0.264  -3.001   2.372   1.744  -3.629
  -3.224  -0.764  -3.002  -2.406  -1.351  -3.426  -2.123  -0.955  -4.372  -2.801
  -2.348  -3.465  -1.264  -1.274  -2.561  -0.259  -1.936  -2.841  -1.253  -0.423
  -1.505  -2.071   0.098  -1.398  -0.313  -0.380  -0.405  -0.517   0.554   0.074
  -0.559  -1.509   0.630  -1.607  -1.649   0.919  -0.049  -1.210   1.529  -0.188
  -2.493   0.280   1.070  -0.282  -0.881   2.013  -0.880  -0.371   1.254   0.433
  -2.036   0.394   0.723  -2.411   2.405   0.689  -2.800   3.257   0.149  -2.434
   2.237   0.224  -3.741   2.622   1.828  -2.893
  -3.117  -1.992  -3.066  -2.431  -1.094  -3.449  -2.819  -0.052  -3.231  -2.254
  -1.216  -4.564  -1.105  -1.266  -2.751  -0.261  -1.978  -3.187  -1.117  -0.723
  -1.486  -1.977  -0.432  -1.126   0.055  -0.715  -0.467  -0.430   0.041   0.172
  -0.014  -1.991   0.356  -0.375  -2.817  -0.228  -0.750  -1.926   1.219   0.959
  -2.124   0.797   1.414  -0.188  -0.943   2.384  -0.397  -0.312   1.404   0.382
  -2.132   0.473   0.553  -2.509   2.548   0.836  -2.933   3.283   0.067  -2.705
   2.319   0.689  -4.019   2.984   1.856  -2.659
  -3.058  -1.203  -2.946  -2.373  -1.799  -3.515  -2.104  -1.246  -4.423  -2.873
  -2.740  -3.819  -1.109  -1.917  -2.647  -0.149  -2.615  -3.022  -1.091  -1.171
  -1.516  -1.925  -0.693  -1.237   0.026  -1.050  -0.563  -0.295  -0.252   0.209
   0.267  -2.337   0.213  -0.632  -2.709   0.633   1.158  -2.191   0.864   0.699
  -3.077  -0.429   1.369  -0.360  -1.189   2.446  -0.466  -0.739   1.280   0.352
  -2.289   0.442   0.211  -2.762   2.257   1.147  -2.976   3.177   0.601  -2.799
   2.196   1.156  -4.070   2.281   2.201  -2.580
  -2.485  -0.953  -4.312  -2.500  -1.797  -3.567  -2.688  -2.784  -3.978  -3.184
  -1.471  -2.823  -1.252  -1.913  -2.736  -0.319  -2.539  -3.182  -1.133  -1.211
  -1.517  -1.993  -0.734  -1.224   0.042  -1.178  -0.616  -0.102  -0.471   0.279
   0.321  -2.506   0.067  -0.561  -2.845   0.601   1.182  -2.422   0.687   0.703
  -3.238  -0.665   1.259  -0.576  -1.379   2.272  -0.478  -0.760   1.192   0.069
  -2.519   0.293   0.029  -3.026   2.298   0.799  -3.162   3.175   0.145  -3.111
   2.031   1.059  -4.183   2.465   1.719  -2.507
  -3.033  -0.530  -3.111  -2.618  -1.562  -3.121  -2.747  -1.996  -4.100  -3.138
  -2.245  -2.483  -1.136  -1.640  -2.703  -0.216  -2.037  -3.501  -0.986  -1.090
  -1.496  -1.777  -0.552  -1.172   0.189  -1.132  -0.649  -0.052  -0.746   0.334
   0.546  -2.643  -0.278  -0.373  -3.314  -0.431   1.074  -2.723   0.669   1.270
  -2.925  -1.125   1.469  -0.300  -1.130   2.553  -0.612  -0.712   1.156   0.724
  -1.957   0.196   0.862  -2.237   1.988   1.521  -2.962   2.435   2.488  -2.633
   2.857   0.892  -3.173   1.364   1.706  -3.873
  -3.108  -2.176  -2.583  -2.283  -2.060  -3.251  -2.478  -1.034  -3.772  -2.267
  -2.954  -3.966  -1.040  -1.920  -2.470  -0.002  -2.389  -2.973  -0.975  -1.118
  -1.402  -1.718  -0.835  -0.814   0.180  -0.908  -0.596   0.074  -0.055   0.114
   0.323  -2.233   0.318  -0.620  -2.617   0.681   0.928  -2.067   1.146   0.565
  -3.026  -0.366   1.475  -0.612  -1.446   2.571  -1.151  -1.365   1.411   0.523
  -2.101   0.515   0.906  -2.069   2.452   1.079  -2.918   2.853   1.868  -2.379
   3.318   0.291  -3.137   2.108   1.540  -3.860
  -3.022  -2.120  -2.101  -2.302  -1.750  -2.843  -2.414  -0.685  -3.119  -2.247
  -2.510  -3.676  -1.003  -1.834  -2.202  -0.098  -2.431  -2.832  -0.826  -1.044
  -1.170  -1.700  -0.690  -0.724   0.473  -0.978  -0.407   0.383  -0.177   0.185
   0.579  -2.123   0.636  -0.370  -2.190   1.255   1.555  -2.169   1.141   0.577
  -3.021   0.057   1.788  -0.676  -1.209   2.898  -1.279  -1.036   1.575   0.272
  -2.138   0.644   0.650  -2.104   2.435   1.158  -2.910   2.855   2.012  -2.254
   3.319   0.504  -3.308   1.866   1.491  -3.800
  -2.937  -0.883  -2.855  -1.924  -1.080  -3.266  -1.514  -0.145  -3.655  -1.936
  -1.772  -4.059  -0.913  -1.555  -2.339  -0.247  -2.558  -2.550  -0.736  -0.707
  -1.308  -1.511  -0.021  -1.068   0.408  -0.750  -0.559   0.645   0.170  -0.023
   0.237  -1.858   0.544  -0.695  -1.710   1.116   1.093  -1.920   1.219   0.335
  -2.873   0.110   1.615  -0.836  -1.458   2.546  -1.613  -1.091   1.661   0.073
  -2.496   0.816   0.658  -2.654   2.857   0.277  -3.331   2.933   1.282  -3.673
   3.787   0.294  -2.781   2.864  -0.436  -4.103
  -3.015  -0.021  -2.964  -2.351  -0.755  -3.412  -1.765  -0.311  -4.168  -2.859
  -1.604  -3.891  -1.320  -1.155  -2.380  -0.625  -2.171  -2.444  -0.858  -0.151
  -1.597  -1.337   0.717  -1.334   0.325  -0.300  -0.722   0.615   0.660  -0.418
  -0.058  -0.921   0.652  -0.653  -0.101   1.193   0.812  -0.954   1.359  -0.676
  -1.822   0.478   1.598  -0.892  -1.292   2.285  -1.675  -0.599   1.900  -0.440
  -2.520   1.145   0.129  -2.959   3.122  -0.604  -3.324   2.853  -0.991  -4.313
   3.741   0.295  -3.338   3.656  -1.439  -2.914
  -2.179   0.216  -3.561  -2.119  -0.862  -3.681  -1.749  -0.977  -4.665  -2.990
  -1.327  -3.555  -1.082  -1.256  -2.680  -1.025  -2.486  -2.341  -0.441  -0.231
  -2.125  -0.667   0.623  -2.577   0.515  -0.407  -1.005   0.909   0.573  -0.946
  -0.252  -0.523   0.386  -0.487   0.474   0.684   0.500  -0.899   1.142  -1.007
  -1.372   0.304   1.664  -1.423  -1.380   2.134  -2.221  -0.534   2.123  -1.322
  -2.661   1.628  -0.643  -3.273   3.470  -1.635  -3.142   3.242  -1.922  -4.181
   4.252  -0.859  -3.121   3.914  -2.510  -2.676
  -2.932  -0.575  -3.704  -2.378  -1.452  -3.826  -1.758  -1.509  -4.732  -3.015
  -2.359  -3.689  -1.385  -1.496  -2.721  -1.032  -2.585  -2.225  -0.836  -0.341
  -2.271  -1.306   0.492  -2.613   0.197  -0.362  -1.168   0.659   0.644  -1.060
  -0.473  -0.585   0.228  -1.211   0.234   0.388   0.251  -0.627   1.039  -0.867
  -1.563   0.234   1.432  -1.254  -1.453   1.894  -1.911  -0.550   1.815  -1.311
  -2.711   1.326  -0.698  -3.404   3.027  -2.150  -3.031   2.961  -2.591  -3.922
   3.854  -1.425  -3.013   3.333  -2.759  -2.179
  -2.846  -2.374  -3.266  -1.912  -2.170  -3.593  -1.982  -1.219  -4.252  -1.571
  -3.051  -4.023  -1.105  -1.854  -2.409  -0.996  -2.665  -1.488  -0.487  -0.686
  -2.369  -0.609  -0.085  -3.136   0.454  -0.350  -1.294   0.764   0.686  -1.560
  -0.228  -0.435   0.108  -1.218   0.041   0.131   0.315   0.242   0.778  -0.137
  -1.366   0.548   1.912  -1.144  -1.511   2.555  -1.651  -0.581   2.534  -1.398
  -2.738   2.075  -0.963  -3.457   3.932  -1.707  -2.961   4.015  -2.244  -3.847
   4.509  -0.730  -2.924   4.457  -2.223  -2.119
  -2.611  -1.820  -3.992  -1.681  -2.418  -3.925  -1.113  -2.202  -4.875  -1.801
  -3.439  -3.832  -0.871  -2.123  -2.642  -0.713  -2.962  -1.720  -0.413  -0.819
  -2.568  -0.502  -0.027  -3.257   0.460  -0.333  -1.464   0.938   0.551  -1.644
  -0.372  -0.080  -0.186  -1.180   0.677  -0.295   0.226   0.268   0.642  -0.823
  -0.985   0.213   1.695  -1.199  -1.120   2.242  -1.301   0.050   2.386  -1.485
  -2.233   1.896  -1.466  -3.164   3.820  -1.410  -2.299   4.103  -0.563  -2.931
   4.233  -1.246  -1.312   4.161  -2.383  -2.839
  -2.170  -1.774  -4.425  -1.583  -2.627  -4.109  -0.837  -2.839  -4.915  -2.168
  -3.461  -4.161  -0.991  -2.340  -2.793  -0.605  -3.296  -2.179  -0.819  -1.026
  -2.450  -1.266  -0.363  -3.062  -0.021  -0.473  -1.339   0.121   0.491  -1.641
  -0.791  -0.302  -0.068  -1.665   0.235  -0.129  -0.355   0.170   0.759  -1.045
  -1.362  -0.053   1.365  -0.962  -1.169   1.852  -0.894  -0.057   2.010  -1.537
  -2.154   1.596  -1.384  -3.101   3.439  -1.854  -2.374   3.666  -2.650  -3.069
   3.959  -0.996  -2.754   3.921  -2.248  -1.452
  -2.562  -2.195  -4.447  -1.792  -2.960  -4.252  -1.190  -2.976  -5.158  -2.253
  -3.934  -4.229  -1.024  -2.630  -2.958  -0.753  -3.407  -2.057  -0.709  -1.302
  -2.924  -0.938  -0.627  -3.646  -0.006  -0.545  -1.869   0.077   0.434  -2.293
  -0.821  -0.590  -0.618  -1.850  -0.195  -0.710  -0.303  -0.040   0.120  -0.869
  -1.617  -0.315   1.508  -1.080  -1.607   1.900  -0.917  -0.441   2.158  -1.804
  -2.522   1.701  -1.844  -3.445   3.419  -2.505  -2.377   3.779  -2.562  -3.375
   4.111  -1.948  -1.822   3.350  -3.565  -2.155
  -2.675  -2.352  -4.154  -1.765  -2.975  -4.180  -1.193  -2.878  -5.078  -2.217
  -3.901  -4.151  -0.856  -2.538  -3.055  -0.532  -3.398  -2.220  -0.533  -1.202
  -3.040  -0.866  -0.608  -3.803   0.303  -0.546  -2.012   0.637   0.295  -2.517
  -0.624  -0.111  -0.837  -1.349   0.486  -1.298  -0.086   0.536  -0.173  -1.008
  -0.889  -0.282   1.496  -1.376  -1.727   1.738  -1.708  -0.544   2.180  -1.845
  -2.742   1.743  -1.550  -3.598   3.609  -2.230  -2.794   4.077  -1.861  -1.893
   3.893  -3.300  -2.930   4.124  -1.637  -3.585
  -2.129  -1.379  -5.124  -1.744  -2.385  -4.955  -1.018  -2.604  -5.696  -2.557
  -3.022  -5.167  -1.304  -2.284  -3.552  -1.329  -3.240  -2.840  -0.711  -1.118
  -3.108  -0.964  -0.249  -3.660  -0.085  -0.922  -1.853   0.334   0.114  -1.811
  -1.059  -0.856  -0.583  -1.818  -0.074  -0.765  -0.398  -0.582   0.265  -1.481
  -1.738  -0.381   0.989  -1.876  -1.516   1.484  -1.946  -0.433   1.650  -2.458
  -2.512   1.169  -2.421  -3.459   3.071  -2.845  -2.539   3.212  -3.919  -2.558
   3.557  -2.502  -3.417   3.609  -2.335  -1.669
  -0.737  -2.781  -5.206  -1.682  -2.868  -4.692  -1.956  -3.897  -4.702  -2.412
  -2.302  -5.204  -1.614  -2.382  -3.327  -1.907  -3.044  -2.320  -0.955  -1.202
  -3.215  -0.743  -0.664  -4.017  -0.237  -0.777  -2.021   0.100   0.205  -2.433
  -1.186  -0.250  -0.991  -1.739   0.616  -1.486  -0.577   0.363  -0.232  -1.884
  -0.921  -0.515   0.814  -1.671  -1.441   1.136  -1.786  -0.242   1.338  -2.510
  -2.354   1.047  -2.210  -3.260   2.451  -3.481  -2.173   2.031  -4.406  -1.662
   2.804  -3.824  -3.104   3.176  -2.960  -1.468
  -1.382  -3.073  -5.379  -2.196  -2.582  -4.707  -3.102  -3.289  -4.709  -2.327
  -1.667  -5.284  -1.507  -2.437  -3.367  -1.868  -3.149  -2.442  -0.626  -1.480
  -3.295  -0.492  -0.927  -4.133  -0.057  -0.946  -2.089   0.805  -0.325  -2.456
  -1.113  -0.105  -1.262  -1.607   0.684  -1.802  -0.490   0.345  -0.480  -1.893
  -0.676  -0.771   0.767  -1.906  -1.273   0.948  -1.775  -0.028   1.346  -2.853
  -1.853   1.067  -2.982  -2.777   2.077  -4.008  -1.261   1.506  -4.463  -0.518
   2.415  -4.643  -2.142   2.897  -3.640  -0.850
  -1.634  -4.073  -4.839  -2.086  -3.158  -4.655  -3.143  -3.330  -4.683  -1.888
  -2.486  -5.327  -1.533  -2.646  -3.297  -1.987  -3.225  -2.322  -0.602  -1.665
  -3.255  -0.259  -1.311  -4.113   0.078  -0.985  -2.134   0.790  -0.396  -2.661
  -0.993  -0.133  -1.491  -1.669   0.434  -2.084  -0.445   0.680  -0.992  -1.514
  -0.708  -0.738   0.809  -1.979  -1.165   0.914  -1.733   0.067   1.344  -3.080
  -1.773   1.107  -3.189  -2.827   2.130  -4.118  -1.094   2.296  -3.852  -0.088
   1.483  -5.023  -1.125   3.168  -4.409  -1.552
  -1.469  -3.578  -5.085  -2.223  -3.335  -4.450  -2.851  -4.221  -4.151  -2.681
  -2.565  -4.849  -1.593  -2.899  -3.147  -1.840  -3.537  -2.048  -0.825  -1.824
  -3.273  -0.537  -1.710  -4.232  -0.124  -1.123  -2.289   0.466  -0.315  -2.840
  -1.145  -0.157  -1.590  -1.819   0.296  -2.314  -0.502   0.656  -1.260  -1.746
  -0.698  -0.867   0.731  -1.952  -1.211   0.871  -1.576  -0.069   1.291  -3.150
  -1.667   1.289  -3.321  -2.628   2.098  -4.102  -0.907   1.438  -4.654  -0.168
   2.466  -4.953  -1.574   2.976  -3.687  -0.331
  -1.155  -4.155  -5.142  -1.976  -3.730  -4.521  -2.641  -4.593  -4.300  -2.506
  -2.881  -4.905  -1.536  -3.139  -3.194  -2.046  -3.534  -2.138  -0.630  -2.112
  -3.206  -0.262  -1.891  -4.098  -0.153  -1.417  -1.996   0.766  -1.071  -2.372
  -1.056  -0.181  -1.588  -1.496   0.206  -2.543  -0.392   0.559  -1.089  -1.836
  -0.434  -0.831   0.383  -2.263  -0.761   0.436  -1.696   0.313   0.855  -3.489
  -0.923   0.949  -3.947  -1.855   1.694  -4.120   0.069   1.255  -5.139   0.195
   2.711  -4.102  -0.238   1.441  -3.687   1.046
  -0.292  -4.215  -4.874  -1.209  -3.720  -4.699  -1.987  -4.407  -4.713  -1.452
  -2.948  -5.356  -1.125  -3.088  -3.396  -1.888  -3.460  -2.503  -0.295  -2.084
  -3.167   0.330  -1.941  -3.958  -0.135  -1.388  -1.913   0.785  -0.797  -2.119
  -1.370  -0.391  -1.655  -1.529   0.268  -2.528  -1.024   0.189  -0.785  -2.203
  -0.959  -1.390   0.438  -2.284  -0.720   0.384  -1.856   0.468   0.799  -3.521
  -0.995   0.616  -3.921  -1.896   1.427  -4.397  -0.058   0.697  -4.565   0.752
   1.621  -5.409  -0.543   2.324  -4.022   0.233
  -0.052  -4.413  -4.884  -1.044  -4.026  -4.714  -1.777  -4.816  -4.607  -1.413
  -3.365  -5.501  -1.152  -3.249  -3.424  -2.042  -3.614  -2.643  -0.424  -2.151
  -3.251   0.155  -1.980  -4.057  -0.267  -1.507  -1.949   0.579  -0.752  -2.015
  -1.493  -0.586  -1.689  -1.965  -0.034  -2.528  -1.169   0.145  -0.902  -2.268
  -1.235  -1.224   0.310  -2.382  -0.780   0.042  -2.275   0.400   1.081  -3.361
  -1.192   1.344  -3.409  -2.189   1.670  -4.415  -0.316   0.757  -4.924   0.121
   2.233  -5.080  -0.947   2.254  -3.959   0.479
  -0.194  -3.952  -5.053  -1.187  -3.918  -4.654  -1.605  -4.972  -4.544  -1.824
  -3.443  -5.374  -1.294  -3.092  -3.417  -2.138  -3.281  -2.490  -0.461  -2.103
  -3.222   0.025  -1.750  -4.011  -0.189  -1.381  -1.970   0.707  -0.797  -2.156
  -1.400  -0.489  -1.570  -1.523   0.273  -2.333  -1.335   0.004  -0.590  -2.265
  -1.061  -1.640   0.228  -2.380  -0.824  -0.271  -2.275   0.278   1.200  -3.238
  -1.125   1.488  -3.356  -2.100   1.557  -4.299  -0.190   0.638  -4.677   0.150
   2.144  -5.122  -0.661   2.081  -3.914   0.651
  -0.559  -4.285  -5.079  -1.598  -4.042  -4.825  -2.196  -4.927  -4.771  -2.058
  -3.310  -5.541  -1.692  -3.326  -3.552  -2.449  -3.738  -2.713  -0.931  -2.261
  -3.427  -0.445  -1.894  -4.279  -0.653  -1.528  -2.225   0.207  -0.951  -2.428
  -1.769  -0.525  -1.832  -1.851   0.234  -2.616  -1.392   0.028  -0.958  -2.738
  -0.970  -1.740  -0.164  -2.356  -0.940  -0.515  -2.107   0.171   0.545  -3.470
  -1.164   0.721  -3.714  -2.155   0.965  -4.396  -0.164   0.189  -5.084   0.178
   1.778  -5.122  -0.466   1.385  -3.815   0.652
  -1.211  -4.054  -5.284  -2.118  -3.900  -4.717  -2.751  -4.754  -4.601  -2.716
  -3.134  -5.209  -1.766  -3.442  -3.335  -2.331  -4.011  -2.419  -1.026  -2.337
  -3.236  -0.684  -1.822  -4.050  -0.804  -1.515  -1.993   0.075  -0.870  -2.137
  -2.131  -0.811  -1.659  -2.719  -0.541  -2.518  -1.848   0.013  -0.964  -2.778
  -1.552  -1.205  -0.401  -2.356  -0.710  -0.615  -2.039   0.484   0.307  -3.449
  -0.955   0.274  -3.783  -1.955   0.899  -4.408   0.002   0.669  -4.082   1.047
   0.500  -5.412   0.016   1.980  -4.385  -0.107
  -1.500  -3.880  -5.646  -2.185  -4.131  -4.820  -2.260  -5.214  -4.893  -3.144
  -3.632  -5.227  -1.919  -3.568  -3.449  -2.318  -4.212  -2.484  -1.270  -2.376
  -3.307  -0.927  -1.950  -4.147  -1.123  -1.550  -2.090  -0.455  -0.747  -2.421
  -2.523  -1.015  -1.752  -3.036  -0.808  -2.644  -2.461  -0.226  -1.016  -3.084
  -1.838  -1.335  -0.284  -2.198  -0.888  -0.126  -1.520   0.136   0.250  -3.402
  -1.115   0.069  -3.881  -2.023   1.136  -4.015  -0.115   0.824  -3.819   0.876
   1.335  -5.019  -0.347   2.114  -3.574  -0.219
  -1.207  -4.302  -5.201  -2.141  -4.317  -4.618  -2.452  -5.388  -4.575  -2.869
  -3.676  -5.125  -1.878  -3.687  -3.301  -2.260  -4.248  -2.291  -1.329  -2.439
  -3.335  -1.010  -2.027  -4.216  -1.087  -1.708  -2.114  -0.437  -0.879  -2.546
  -2.409  -1.045  -1.703  -2.867  -0.502  -2.489  -2.125  -0.314  -0.912  -3.092
  -1.799  -1.262  -0.333  -2.318  -0.888  -0.360  -1.752   0.221   0.331  -3.489
  -1.090   0.372  -3.886  -2.010   1.083  -4.337  -0.127   0.802  -4.228   0.887
   1.215  -5.380  -0.432   2.132  -4.011  -0.198
  -1.308  -4.846  -4.794  -2.253  -4.223  -4.754  -3.089  -4.889  -4.912  -2.339
  -3.453  -5.547  -2.273  -3.609  -3.333  -3.036  -4.029  -2.419  -1.511  -2.495
  -3.135  -0.885  -2.250  -3.887  -1.423  -1.726  -1.899  -0.657  -0.987  -2.184
  -2.652  -0.897  -1.498  -2.895  -0.111  -2.166  -2.461  -0.455  -0.572  -3.475
  -1.563  -1.273  -0.643  -2.378  -0.684  -0.657  -1.844   0.428   0.071  -3.455
  -0.971   0.116  -3.681  -1.958   1.009  -4.032   0.034   0.533  -4.255   1.018
   1.346  -4.987  -0.363   1.788  -3.307   0.305
  -1.181  -4.922  -4.879  -2.130  -4.337  -4.793  -2.964  -4.991  -4.876  -2.265
  -3.694  -5.634  -2.171  -3.614  -3.434  -2.838  -4.079  -2.524  -1.546  -2.497
  -3.262  -1.270  -2.072  -4.173  -1.510  -1.713  -1.972  -0.914  -0.758  -2.176
  -2.884  -1.081  -1.564  -3.277  -0.591  -2.504  -2.803  -0.181  -0.908  -3.646
  -1.799  -1.162  -0.754  -2.324  -0.803  -0.925  -1.847   0.296   0.086  -3.337
  -1.055   0.196  -3.638  -1.961   0.900  -3.976  -0.037   0.511  -4.982   0.262
   2.008  -3.995  -0.307   0.990  -3.385   0.880
  -2.388  -5.288  -4.844  -2.611  -4.216  -4.973  -3.600  -3.923  -5.361  -1.659
  -3.817  -5.391  -2.574  -3.642  -3.504  -3.218  -4.164  -2.608  -1.826  -2.513
  -3.271  -1.198  -2.209  -4.011  -1.808  -1.748  -1.993  -1.092  -0.951  -2.199
  -3.112  -1.079  -1.779  -3.418  -0.492  -2.592  -3.089  -0.345  -0.959  -3.815
  -1.917  -1.510  -1.356  -2.539  -0.767  -1.610  -2.199   0.359  -0.395  -3.449
  -1.042  -0.296  -3.712  -2.026   0.404  -4.204  -0.167  -0.214  -4.755   0.562
   1.048  -4.879  -0.743   1.203  -3.694   0.355
  -1.278  -4.114  -5.402  -2.286  -4.015  -5.138  -2.761  -4.994  -5.426  -2.682
  -3.273  -5.821  -2.582  -3.633  -3.757  -3.091  -4.500  -3.059  -2.186  -2.439
  -3.371  -1.741  -1.875  -4.063  -2.226  -1.767  -2.037  -1.704  -0.834  -2.123
  -3.659  -1.322  -1.707  -4.203  -0.941  -2.579  -3.634  -0.469  -1.046  -4.160
  -2.206  -1.357  -1.469  -2.486  -0.837  -1.861  -2.359   0.303  -0.463  -3.307
  -1.191  -0.010  -3.186  -2.082   0.388  -4.226  -0.292  -0.138  -5.188  -0.160
   1.290  -4.486  -0.789   0.663  -3.656   0.643
  -1.477  -5.146  -4.562  -2.154  -4.315  -4.724  -3.069  -4.607  -5.239  -1.512
  -3.695  -5.313  -2.478  -3.688  -3.445  -3.224  -4.223  -2.608  -1.864  -2.547
  -3.198  -1.335  -2.154  -3.985  -1.956  -1.765  -1.950  -1.174  -1.005  -1.999
  -3.307  -0.993  -1.894  -3.265  -0.340  -2.675  -3.442  -0.457  -0.959  -4.096
  -1.747  -2.057  -1.472  -2.658  -0.710  -1.976  -2.418   0.439  -0.445  -3.506
  -0.974  -0.067  -3.633  -1.943   0.328  -4.154   0.072   0.886  -4.956  -0.349
   1.055  -3.507   0.566  -0.328  -4.516   0.837
  -0.976  -4.587  -4.671  -2.000  -4.036  -4.810  -2.616  -4.952  -4.919  -2.060
  -3.292  -5.656  -2.256  -3.380  -3.474  -3.140  -3.866  -2.778  -1.506  -2.329
  -3.127  -0.864  -1.935  -3.821  -1.557  -1.700  -1.806  -0.812  -0.890  -1.753
  -2.912  -0.938  -1.824  -3.129  -0.297  -2.703  -2.938  -0.253  -1.041  -3.753
  -1.701  -1.712  -1.186  -2.559  -0.563  -1.509  -2.194   0.584  -0.638  -3.776
  -0.748  -0.586  -4.115  -1.677  -0.038  -4.688   0.224   0.808  -5.331  -0.097
   0.332  -4.117   1.080  -0.871  -5.336   0.668
  -0.733  -4.488  -4.752  -1.752  -4.156  -4.784  -2.356  -4.934  -5.042  -1.769
  -3.339  -5.528  -2.132  -3.548  -3.446  -2.913  -4.107  -2.664  -1.349  -2.506
  -3.112  -0.959  -2.113  -3.967  -1.414  -1.758  -1.813  -0.636  -0.976  -1.838
  -2.682  -0.953  -1.731  -2.595  -0.040  -2.379  -2.753  -0.424  -0.749  -3.479
  -1.583  -2.077  -1.034  -2.636  -0.536  -1.227  -2.223   0.633  -0.487  -3.819
  -0.782  -0.416  -4.007  -1.768   0.276  -4.706   0.121   1.315  -4.349   0.171
  -0.068  -4.691   1.164   0.174  -5.796  -0.151
  -0.923  -5.044  -4.850  -1.847  -4.316  -4.906  -2.695  -4.844  -5.256  -1.647
  -3.460  -5.579  -2.122  -3.645  -3.579  -2.977  -4.091  -2.845  -1.322  -2.578
  -3.192  -0.567  -2.366  -3.754  -1.326  -1.919  -1.865  -0.430  -1.343  -1.717
  -2.547  -0.911  -1.670  -2.849  -0.473  -2.667  -2.347  -0.112  -1.007  -3.438
  -1.448  -1.234  -1.048  -2.897  -0.675  -1.099  -2.443   0.526  -0.743  -4.209
  -0.995  -0.764  -4.472  -1.951  -0.404  -5.185  -0.073   0.625  -5.228   0.188
  -0.841  -5.043   0.846  -0.813  -6.159  -0.430
