default_name                                                                    
  -3.620   2.146   1.948  -2.744   1.716   2.509  -2.926   1.005   3.331  -2.239
   2.593   2.882  -1.894   1.065   1.437  -2.409   0.871   0.334  -0.621   0.652
   1.761  -0.421   0.866   2.772   0.354  -0.245   1.240   1.268   0.051   1.771
   0.038  -1.689   1.693   0.928  -2.309   1.448  -0.823  -2.092   1.130  -0.166
  -1.794   2.778   0.727  -0.092  -0.256   1.920  -0.311  -0.606  -0.165   0.278
  -1.212  -1.086   0.525  -0.871   0.006   0.155  -2.626   0.593   0.999  -2.964
   0.518  -0.814  -2.848  -0.968   0.188  -3.075
  -3.043   2.514   1.360  -2.626   1.733   2.032  -3.464   1.217   2.433  -2.118
   2.163   2.924  -1.798   0.721   1.277  -2.235   0.121   0.314  -0.521   0.678
   1.582  -0.265   1.123   2.443   0.524  -0.318   1.123   1.509  -0.158   1.526
   0.079  -1.742   1.650   0.518  -2.501   0.998  -0.988  -1.907   1.606   0.341
  -1.910   2.742   0.868  -0.188  -0.429   2.083  -0.022  -0.764  -0.064  -0.223
  -1.394  -1.012  -0.391  -1.089   0.064  -0.306  -2.890   0.779   0.376  -3.161
   0.282  -1.268  -3.128  -0.857  -0.067  -3.343
  -1.080   2.671   2.415  -1.918   1.935   2.149  -2.839   2.369   1.746  -2.227
   1.376   3.016  -1.481   0.871   1.266  -2.280   0.365   0.457  -0.280   0.417
   1.588   0.338   1.038   2.195   0.448  -0.713   0.927   1.461  -0.758   1.366
  -0.204  -2.034   1.316   0.180  -2.986   0.871  -1.239  -1.930   0.968  -0.314
  -2.119   2.457   0.769  -0.507  -0.613   1.920  -0.689  -0.972  -0.209  -0.336
  -1.455  -1.121  -0.284  -1.055  -0.116  -0.361  -2.930   0.737   0.223  -3.278
  -0.070  -1.346  -3.248  -1.051   0.020  -3.304
  -1.783   2.924   1.626  -2.064   1.973   2.226  -3.133   1.930   2.291  -1.509
   2.163   3.134  -1.567   0.771   1.484  -2.256   0.086   0.770  -0.296   0.443
   1.715   0.199   1.098   2.339   0.505  -0.660   1.159   1.443  -0.670   1.697
  -0.101  -2.044   1.670   0.696  -2.832   1.385  -1.011  -2.266   1.210  -0.111
  -2.005   2.788   0.890  -0.540  -0.305   2.064  -0.760  -0.605  -0.122  -0.237
  -1.248  -1.033  -0.180  -0.806   0.067   0.069  -2.666   1.022  -0.195  -2.982
  -0.677  -0.518  -3.234  -0.104   1.167  -2.799
  -3.638   1.656   1.979  -2.514   1.797   2.170  -2.368   1.741   3.195  -2.273
   2.807   1.942  -1.556   0.831   1.381  -2.116   0.165   0.502  -0.354   0.499
   1.822   0.034   1.106   2.541   0.522  -0.583   1.326   1.429  -0.533   1.914
  -0.024  -1.958   1.750   0.672  -2.730   1.556  -0.967  -2.191   1.389  -0.089
  -1.919   2.822   0.967  -0.629  -0.173   2.187  -0.686  -0.457   0.003  -0.536
  -1.089  -0.950  -0.628  -0.750   0.139   0.049  -2.482   1.119  -0.186  -2.857
  -0.554  -0.386  -3.265   0.250   1.190  -2.578
  -2.644   2.775   1.448  -1.983   2.196   2.186  -2.579   2.124   3.110  -1.009
   2.717   2.341  -1.631   0.847   1.638  -2.351   0.233   0.853  -0.328   0.435
   1.850   0.031   1.015   2.608   0.537  -0.612   1.267   1.550  -0.393   1.682
  -0.015  -1.996   1.803   0.650  -2.793   1.501  -1.004  -2.202   1.439   0.009
  -1.925   2.948   0.807  -0.472  -0.279   1.897  -0.172  -0.663  -0.175  -0.574
  -1.153  -1.092  -0.865  -0.790  -0.035  -0.615  -2.590  -0.095  -1.601  -2.833
  -0.838  -0.031  -2.970   0.858  -0.069  -2.979
  -2.248   3.080   1.930  -2.159   2.178   2.524  -3.123   1.844   2.931  -1.665
   2.370   3.488  -1.546   1.061   1.688  -2.085   0.690   0.630  -0.398   0.445
   2.081  -0.048   0.862   2.976   0.567  -0.518   1.317   1.490  -0.221   1.736
   0.319  -1.947   1.629   1.266  -2.563   1.506  -0.497  -2.226   0.972   0.055
  -2.035   2.685   0.657  -0.258  -0.199   1.728   0.091  -0.654  -0.363  -0.532
  -1.053  -1.311  -0.704  -0.574  -0.319  -0.479  -2.557   0.168  -1.296  -3.061
  -1.253  -0.440  -3.066   0.241   0.437  -2.813
  -2.990   1.707   2.831  -1.878   1.899   2.848  -1.564   1.566   3.807  -1.720
   2.918   2.526  -1.314   1.044   1.770  -2.073   0.957   0.794  -0.168   0.488
   2.073   0.314   0.866   2.837   0.593  -0.397   1.245   1.579  -0.229   1.654
   0.161  -1.795   1.652   0.737  -2.513   0.977  -0.856  -1.899   1.466   0.346
  -1.925   2.743   0.654  -0.302  -0.290   1.719   0.027  -0.875  -0.496  -0.469
  -0.974  -1.367  -0.349  -0.477  -0.556  -0.326  -2.468  -0.819  -1.314  -2.936
  -1.457   0.277  -2.787   0.301   0.118  -2.931
  -2.393   1.912   3.034  -1.367   1.510   3.104  -1.518   0.718   3.814  -0.528
   2.139   3.548  -1.056   0.758   1.831  -1.934   0.703   0.971   0.243   0.498
   1.669   0.810   0.697   2.482   0.867  -0.505   0.782   1.877  -0.533   1.181
   0.330  -1.942   1.159   0.875  -2.794   0.640  -0.679  -2.021   0.851   0.283
  -2.169   2.215   0.902  -0.301  -0.798   1.883   0.170  -1.331  -0.227  -0.663
  -1.380  -1.006  -0.682  -0.675  -0.601  -0.664  -2.797  -0.311  -1.613  -3.166
  -1.706  -0.606  -2.773  -0.320   0.175  -3.434
  -2.652   1.783   2.470  -1.706   1.437   2.883  -1.909   0.731   3.668  -1.114
   2.227   3.293  -1.191   0.613   1.779  -1.902  -0.185   1.181   0.137   0.622
   1.653   0.659   1.261   2.231   1.043  -0.224   0.697   1.982   0.233   0.787
   1.027  -1.637   1.188   1.546  -2.248   0.485  -0.007  -2.097   1.216   1.389
  -1.827   2.177   0.737  -0.012  -0.822   1.449   0.784  -1.446  -0.261  -0.633
  -1.456  -0.811  -1.354  -0.975  -0.749  -0.499  -2.861   0.015  -0.937  -3.560
  -1.666  -1.073  -3.107  -0.902   0.555  -3.223
  -2.167   2.233   2.555  -1.303   1.643   2.888  -1.489   0.962   3.764  -0.461
   2.297   3.191  -0.857   0.741   1.795  -1.730   0.349   1.038   0.419   0.489
   1.640   0.914   0.618   2.466   1.201  -0.249   0.648   2.250  -0.030   0.733
   1.158  -1.754   1.030   1.637  -2.298   0.223   0.097  -2.083   1.167   1.657
  -1.791   2.013   0.842   0.034  -0.842   1.708   0.628  -1.622  -0.394  -0.353
  -1.327  -1.079  -0.623  -0.664  -0.742  -0.702  -2.760   0.124  -0.524  -3.360
  -1.093  -1.781  -2.818  -1.653  -0.112  -3.117
  -1.595   2.040   2.755  -1.450   0.999   2.882  -2.475   0.661   3.099  -0.902
   0.712   3.756  -0.830   0.290   1.678  -1.591  -0.343   0.979   0.439   0.540
   1.366   0.739   1.307   2.030   1.401  -0.105   0.463   2.282   0.507   0.598
   1.697  -1.469   1.026   2.100  -2.088   0.217   0.836  -1.963   1.566   2.525
  -1.347   1.712   1.139  -0.202  -1.030   2.027   0.082  -1.888  -0.054  -0.548
  -1.397  -0.604  -0.794  -0.599  -0.445  -0.858  -2.781   0.338  -1.466  -3.321
  -1.354  -1.412  -2.691  -0.759  -0.033  -3.433
  -0.810   1.483   3.410  -1.438   1.196   2.603  -2.033   2.034   2.130  -2.204
   0.569   3.069  -0.783   0.243   1.602  -1.504  -0.631   1.044   0.518   0.355
   1.224   0.954   1.146   1.701   1.375  -0.537   0.457   2.322  -0.009   0.500
   1.675  -1.820   1.245   2.587  -2.209   0.904   0.882  -2.567   1.049   1.757
  -1.649   2.358   1.056  -0.632  -1.018   1.742   0.031  -1.834   0.133  -1.474
  -1.391  -0.300  -2.113  -0.705  -0.268  -1.586  -2.785  -1.215  -2.151  -2.759
  -0.416  -0.666  -3.280   0.562  -2.093  -3.322
  -1.155   0.947   3.332  -1.691   1.015   2.372  -1.834   2.023   1.995  -2.605
   0.422   2.536  -0.958   0.156   1.461  -1.591  -0.760   0.879   0.296   0.480
   1.252   0.569   1.296   1.731   1.322  -0.266   0.500   2.212   0.401   0.434
   1.924  -1.470   1.284   2.958  -1.520   0.988   1.375  -2.322   0.994   1.744
  -1.254   2.304   1.025  -0.742  -0.902   1.692  -0.304  -1.878   0.068  -1.693
  -1.146  -0.483  -1.957  -0.279  -0.343  -2.148  -2.489  -1.192  -2.847  -2.311
  -0.724  -1.277  -3.056   0.362  -2.744  -3.003
  -0.724   1.675   2.982  -1.540   1.404   2.309  -1.799   2.232   1.650  -2.394
   0.907   2.806  -0.901   0.339   1.402  -1.503  -0.537   0.845   0.409   0.478
   1.221   0.836   1.321   1.556   1.292  -0.406   0.366   2.305  -0.003   0.347
   1.520  -1.736   1.054   2.176  -2.361   0.503   0.527  -2.206   1.420   2.161
  -1.471   1.925   0.867  -0.431  -1.091   1.381   0.404  -1.845   0.080  -1.391
  -1.564  -0.129  -2.131  -0.871  -0.262  -1.615  -3.032  -1.354  -1.909  -3.130
  -0.126  -0.691  -3.539   0.411  -2.347  -3.444
  -0.278   1.418   3.409  -1.131   1.279   2.664  -1.273   2.266   2.170  -2.156
   0.989   3.149  -0.633   0.169   1.611  -1.411  -0.416   0.800   0.582  -0.205
   1.611   1.134   0.099   2.337   1.437  -0.864   0.597   2.473  -0.460   0.567
   1.528  -2.316   1.124   2.338  -2.865   0.660   0.655  -2.983   0.867   1.768
  -2.352   2.200   1.000  -0.688  -0.891   1.382   0.270  -1.573   0.247  -1.713
  -1.362   0.008  -2.363  -0.664  -0.044  -2.052  -2.788  -0.430  -1.115  -3.170
   0.870  -2.432  -3.273  -0.816  -2.809  -2.761
  -0.818   1.258   3.589  -1.084   1.510   2.557  -0.498   2.365   2.291  -2.147
   1.706   2.407  -0.653   0.357   1.658  -1.497  -0.199   0.945   0.596   0.063
   1.619   1.147   0.568   2.348   1.385  -0.852   0.783   2.422  -0.540   0.843
   1.200  -2.274   1.375   1.755  -3.061   0.841   0.186  -2.565   1.591   1.711
  -2.317   2.380   1.079  -0.810  -0.744   1.530   0.198  -1.400   0.357  -1.761
  -1.342   0.023  -2.542  -0.802   0.586  -1.909  -2.763  -0.254  -1.497  -3.347
   1.517  -1.482  -3.123   0.608  -2.990  -3.063
  -2.693   0.598   3.258  -1.784   0.969   2.668  -1.155   1.603   3.256  -2.376
   1.636   1.935  -1.097  -0.144   1.883  -1.663  -0.523   0.864   0.205  -0.359
   2.098   0.648   0.184   2.782   0.963  -1.409   1.465   2.033  -1.302   1.811
   0.505  -2.725   2.073   0.905  -3.632   1.574  -0.535  -2.789   2.197   0.655
  -2.661   3.122   1.029  -1.405  -0.146   1.996  -0.778  -0.540   0.119  -2.001
  -0.926  -0.577  -2.509  -0.407  -0.016  -1.763  -2.376  -0.345  -0.728  -2.499
   0.982  -1.792  -2.785  -0.692  -2.556  -2.834
  -2.285   1.595   2.601  -1.141   1.358   2.774  -0.998   1.176   3.864  -0.465
   2.134   2.444  -1.016   0.027   1.993  -1.806  -0.215   1.008  -0.128  -0.815
   2.445   0.215  -0.554   3.379   0.733  -1.786   1.689   1.845  -1.677   1.823
   0.270  -3.272   2.038   0.739  -3.996   1.347  -0.833  -3.337   2.006   0.659
  -3.434   3.075   0.738  -1.610   0.198   1.652  -0.926  -0.332  -0.266  -2.102
  -0.566  -1.053  -2.550  -0.120  -0.220  -2.140  -2.019  -0.886  -1.474  -2.490
   0.769  -1.954  -2.371  -0.420  -3.133  -2.390
  -1.392   1.505   2.903  -0.926   0.683   3.382  -1.634   0.195   4.144  -0.075
   1.112   3.956  -0.636  -0.323   2.331  -1.150  -0.163   1.192   0.245  -1.300
   2.623   0.745  -1.243   3.512   0.718  -2.406   1.715   1.788  -2.656   2.000
  -0.184  -3.663   1.931  -0.138  -4.322   0.976  -1.240  -3.466   2.212   0.254
  -4.298   2.708   0.927  -2.006   0.193   1.893  -1.218  -0.128   0.031  -2.381
  -0.747  -0.749  -2.892  -0.408  -0.007  -2.115  -2.124  -0.914  -2.519  -2.596
   0.023  -1.017  -2.258   0.805  -2.550  -2.616
  -2.189   0.999   3.506  -1.443   0.200   3.755  -1.680  -0.491   4.571  -0.548
   0.764   4.137  -1.003  -0.531   2.443  -1.493  -0.312   1.354  -0.001  -1.410
   2.650   0.182  -1.674   3.567   0.744  -2.232   1.772   1.696  -2.349   2.178
  -0.012  -3.624   1.666   0.535  -4.446   1.181  -1.063  -3.549   1.247  -0.140
  -3.960   2.647   0.916  -1.863   0.241   2.055  -1.539  -0.125  -0.136  -1.763
  -0.625  -1.059  -1.737  -0.194   0.027  -1.811  -2.088  -0.390  -2.665  -2.527
  -0.330  -0.968  -2.619   1.060  -1.949  -2.387
  -1.005   1.541   3.368  -1.604   0.640   3.493  -2.634   0.810   3.537  -1.437
   0.109   4.427  -1.115  -0.364   2.363  -1.731  -0.543   1.328  -0.062  -1.092
   2.655   0.279  -0.993   3.622   0.677  -2.083   1.869   1.636  -2.178   2.430
  -0.061  -3.365   2.269   0.542  -4.161   2.089  -1.052  -3.391   1.904  -0.200
  -3.496   3.319   1.038  -1.632   0.367   2.186  -1.285   0.059   0.074  -1.755
  -0.537  -0.674  -2.324  -0.285   0.160  -1.243  -1.831  -0.565  -0.475  -1.976
   1.127  -1.212  -2.196  -0.267  -1.966  -2.565
  -1.964   1.522   2.489  -1.702   0.788   3.175  -2.596   0.476   3.760  -0.964
   0.981   3.847  -1.267  -0.397   2.340  -1.936  -0.598   1.328  -0.139  -0.976
   2.688   0.197  -0.561   3.555   0.534  -2.100   2.087   1.495  -2.158   2.687
  -0.124  -3.469   2.392   0.477  -4.252   2.009  -1.001  -3.520   1.885  -0.304
  -3.645   3.458   1.012  -1.937   0.687   2.113  -1.514   0.372   0.125  -2.247
  -0.300  -0.834  -2.620   0.014   0.280  -1.760  -1.635  -0.507  -2.074  -2.406
   0.456  -0.722  -1.578   1.167  -2.273  -2.050
  -1.833   1.459   2.681  -1.174   0.856   3.298  -1.587   0.600   4.242  -0.083
   1.270   3.417  -0.919  -0.454   2.503  -1.747  -0.635   1.599   0.098  -1.309
   2.916   0.615  -1.035   3.669   0.649  -2.436   2.068   1.528  -2.678   2.635
  -0.188  -3.735   2.354   0.322  -4.527   1.923  -1.075  -3.659   1.893  -0.372
  -3.823   3.435   1.181  -2.055   0.599   2.414  -1.787   0.379   0.223  -2.125
  -0.344  -0.708  -2.338  -0.009   0.404  -2.191  -1.767  -0.536  -2.008  -2.271
   0.909  -1.312  -2.126   0.786  -3.102  -2.025
  -1.480   1.469   2.032  -1.339   0.791   2.796  -2.250   0.933   3.275  -0.534
   1.344   3.324  -1.005  -0.691   2.506  -1.634  -1.368   1.672   0.042  -1.204
   3.118   0.493  -0.649   3.827   0.782  -2.336   2.608   1.771  -2.178   3.086
   0.139  -3.692   3.118   0.895  -4.356   3.430  -0.314  -4.335   2.396  -0.514
  -3.556   3.971   1.180  -2.479   1.105   2.302  -2.015   0.856   0.299  -2.879
   0.178  -0.587  -3.281   0.494   0.808  -3.079  -1.198   0.454  -4.051  -1.612
   0.310  -2.272  -1.696   1.846  -2.995  -1.364
  -0.778   1.372   2.470  -1.373   0.705   3.069  -2.331   1.031   3.007  -0.947
   0.726   4.135  -1.268  -0.734   2.556  -1.874  -1.080   1.508  -0.504  -1.551
   3.402  -0.338  -1.163   4.348   0.269  -2.725   3.010   1.178  -2.742   3.678
  -0.546  -3.974   3.386   0.114  -4.803   3.155  -1.501  -3.981   2.981  -0.759
  -3.948   4.518   0.848  -2.618   1.513   2.010  -2.210   1.395   0.133  -2.905
   0.484  -0.848  -2.877   0.630   0.602  -3.213  -0.802   1.375  -4.105  -0.940
  -0.330  -3.488  -1.324   0.974  -2.263  -1.237
  -1.997   1.147   3.517  -2.121   0.916   2.561  -1.547   1.650   2.041  -3.073
   1.072   2.168  -1.561  -0.484   2.137  -1.574  -0.725   0.896  -0.786  -1.154
   3.007  -0.721  -0.613   3.858  -0.098  -2.410   2.682   0.733  -2.342   3.310
  -0.755  -3.674   3.253  -0.042  -4.473   3.400  -1.688  -3.989   2.728  -1.217
  -3.519   4.216   0.651  -2.603   1.350   1.758  -2.054   1.254   0.120  -3.239
   0.304  -0.823  -3.474   0.551   0.770  -3.803  -0.845   1.502  -4.651  -0.606
  -0.018  -4.127  -1.519   1.409  -3.100  -1.306
  -2.330   0.810   3.597  -1.803   0.900   2.649  -0.770   1.290   2.819  -2.280
   1.442   1.824  -1.518  -0.524   2.157  -1.721  -0.681   0.921  -0.817  -1.303
   3.007  -0.908  -1.034   3.942   0.097  -2.479   2.726   0.866  -2.363   3.415
  -0.577  -3.822   2.954   0.294  -4.499   2.895  -1.321  -3.993   2.165  -1.113
  -3.921   3.941   0.870  -2.407   1.387   1.945  -1.702   1.239   0.364  -3.165
   0.337  -0.291  -3.827   0.608   1.077  -3.395  -0.929   2.148  -3.729  -0.718
   0.589  -4.255  -1.545   1.049  -2.568  -1.601
  -2.042   1.156   3.543  -1.580   0.995   2.608  -0.629   1.351   2.764  -2.060
   1.652   1.834  -1.576  -0.478   2.038  -1.867  -0.673   0.843  -1.134  -1.360
   3.019  -1.410  -1.174   4.020  -0.242  -2.476   2.637   0.610  -2.460   3.386
  -0.924  -3.785   2.844  -0.345  -4.596   2.357  -1.893  -3.680   2.315  -1.122
  -4.130   3.841   0.378  -2.359   1.266   1.477  -1.774   1.213  -0.064  -3.001
   0.154  -1.070  -3.232   0.052   0.921  -3.397  -0.786   1.864  -3.458  -0.287
   0.757  -4.379  -1.102   1.082  -2.757  -1.687
  -1.817   0.714   3.551  -2.180   0.592   2.624  -1.960   1.526   2.127  -3.217
   0.483   2.838  -1.481  -0.565   2.080  -1.730  -0.884   0.883  -0.830  -1.289
   2.954  -0.652  -0.866   3.870  -0.203  -2.533   2.717   0.544  -2.784   3.488
  -1.251  -3.654   2.792  -0.946  -4.578   2.327  -2.102  -3.291   2.200  -1.596
  -3.889   3.841   0.666  -2.551   1.417   1.433  -1.549   1.332   0.462  -3.494
   0.562   0.080  -4.309   0.829   1.054  -3.387  -0.770   1.947  -3.955  -0.816
   0.399  -3.988  -1.375   1.198  -2.338  -1.094
  -2.196   1.711   2.297  -2.848   0.832   2.123  -3.548   1.140   1.336  -3.246
   0.536   3.072  -1.970  -0.351   1.675  -1.765  -0.402   0.426  -1.474  -1.120
   2.633  -1.704  -0.921   3.680  -0.460  -2.187   2.631   0.118  -1.946   3.572
  -1.067  -3.508   3.052  -0.270  -4.241   2.982  -1.921  -3.753   2.290  -1.358
  -3.466   4.048   0.440  -2.175   1.364   1.323  -1.322   1.269   0.109  -3.020
   0.378  -0.601  -3.680   0.581   1.040  -3.547  -0.634   0.633  -4.209  -1.373
   1.667  -2.692  -1.094   1.732  -4.244  -0.131
  -1.493   1.697   1.663  -2.420   1.174   1.758  -2.789   1.674   0.889  -2.831
   1.487   2.744  -2.045  -0.320   1.572  -2.156  -0.752   0.368  -1.791  -1.134
   2.642  -1.791  -0.790   3.623  -0.893  -2.307   2.513  -0.318  -2.158   3.494
  -1.648  -3.625   2.772  -1.029  -4.423   2.364  -2.523  -3.655   2.115  -1.888
  -3.770   3.760   0.138  -2.236   1.394   0.969  -1.299   1.345   0.078  -3.087
   0.328  -0.703  -3.733   0.395   0.788  -3.014  -0.945   1.124  -4.013  -1.238
  -0.022  -2.656  -1.779   1.702  -2.294  -0.918
  -0.824   1.329   1.746  -1.856   1.286   1.407  -1.978   1.895   0.510  -2.584
   1.596   2.165  -2.090  -0.051   1.003  -2.360  -0.255  -0.194  -2.012  -1.023
   1.988  -1.579  -0.640   2.821  -1.382  -2.356   1.858  -1.076  -2.451   2.840
  -2.401  -3.498   1.691  -1.993  -4.345   2.199  -2.620  -3.749   0.597  -3.296
  -3.266   2.282  -0.167  -2.343   0.902   0.794  -1.655   1.239  -0.330  -3.108
  -0.217  -1.167  -3.645  -0.240   0.602  -3.357  -1.323   1.446  -4.086  -1.115
   0.120  -3.647  -2.224   1.095  -2.403  -1.455
  -0.706   0.761   1.865  -1.432   1.232   1.169  -0.893   1.781   0.430  -2.156
   1.860   1.642  -2.139   0.057   0.571  -2.758   0.196  -0.469  -2.461  -0.846
   1.423  -2.466  -0.592   2.415  -2.026  -2.252   1.274  -1.861  -2.625   2.297
  -3.216  -3.041   0.670  -3.075  -4.101   0.772  -3.215  -2.960  -0.384  -4.091
  -2.745   1.157  -0.549  -2.346   0.754   0.348  -1.816   1.382  -0.353  -2.804
  -0.474  -1.132  -3.249  -1.040   0.945  -2.738  -1.162   1.700  -3.389  -0.691
   0.685  -2.989  -2.180   1.293  -1.705  -1.071
  -2.484   1.687   2.019  -1.641   1.226   1.401  -1.023   0.731   2.114  -1.266
   1.993   0.743  -2.010   0.155   0.515  -1.902   0.261  -0.754  -2.490  -0.939
   1.113  -2.686  -0.937   2.149  -2.188  -2.258   0.587  -2.262  -2.999   1.328
  -3.174  -2.647  -0.479  -2.874  -3.695  -0.713  -3.000  -1.926  -1.257  -4.074
  -2.558   0.060  -0.623  -2.331   0.167   0.153  -1.986   1.061  -0.202  -2.938
  -0.927  -0.887  -3.146  -1.678   1.217  -3.152  -1.173   1.363  -4.071  -0.568
   1.394  -3.462  -2.264   1.920  -2.411  -0.778
  -2.687   2.181   1.833  -1.770   1.955   1.231  -0.904   1.682   1.900  -1.494
   2.731   0.617  -2.057   0.691   0.445  -2.018   0.722  -0.784  -2.428  -0.430
   1.066  -2.607  -0.593   2.075  -2.188  -1.727   0.441  -2.394  -2.537   1.236
  -3.185  -1.998  -0.694  -3.162  -3.086  -1.043  -3.002  -1.257  -1.425  -4.219
  -1.967  -0.200  -0.613  -1.803   0.129   0.235  -1.373   0.935  -0.331  -2.519
  -0.967  -1.176  -2.876  -1.536   1.017  -2.657  -1.530   1.022  -3.288  -2.431
   1.432  -1.669  -1.639   1.537  -3.154  -0.533
  -3.187   2.549   1.000  -2.101   2.474   0.853  -1.646   2.588   1.856  -1.952
   3.210   0.089  -1.754   1.082   0.245  -1.164   1.017  -0.904  -2.428   0.032
   0.785  -2.683   0.228   1.728  -2.260  -1.446   0.465  -2.230  -1.914   1.422
  -3.485  -1.841  -0.320  -3.549  -2.923  -0.525  -3.654  -1.246  -1.149  -4.370
  -1.532   0.224  -0.760  -1.833  -0.038   0.173  -1.780   0.795  -0.680  -2.006
  -1.359  -1.433  -2.143  -1.991   0.703  -2.063  -1.981   0.549  -2.380  -3.063
   1.189  -1.182  -2.111   1.335  -2.896  -1.549
  -2.879   3.073   1.037  -1.931   2.564   0.995  -1.529   2.478   1.956  -1.353
   3.298   0.433  -1.848   1.202   0.236  -1.309   1.190  -0.892  -2.440   0.151
   0.776  -3.082   0.358   1.591  -2.246  -1.223   0.392  -2.237  -1.810   1.282
  -3.451  -1.697  -0.464  -3.328  -2.741  -0.803  -3.781  -1.036  -1.240  -4.391
  -1.896   0.193  -0.831  -1.432  -0.294   0.128  -1.239   0.372  -0.835  -1.900
  -1.507  -1.745  -1.752  -1.975   0.317  -2.423  -2.328  -0.044  -3.223  -2.972
   0.494  -1.659  -3.108   1.254  -2.739  -1.779
  -2.847   2.964   0.176  -1.980   2.538   0.609  -2.025   2.575   1.743  -1.176
   3.202   0.323  -1.922   1.178   0.015  -1.648   1.058  -1.125  -2.505   0.227
   0.731  -2.684   0.463   1.710  -2.325  -1.274   0.500  -2.261  -1.733   1.513
  -3.526  -1.760  -0.257  -3.435  -2.882  -0.347  -3.473  -1.332  -1.262  -4.402
  -1.395   0.222  -1.061  -1.704  -0.167  -0.074  -1.820   0.591  -1.031  -1.799
  -1.499  -1.760  -1.116  -1.892  -0.181  -2.478  -2.370  -0.573  -3.386  -2.846
   0.124  -1.743  -3.158   0.834  -2.803  -2.005
  -3.446   2.535   1.256  -3.041   2.650   0.262  -2.211   3.229   0.258  -3.885
   3.182  -0.216  -2.624   1.286  -0.345  -1.939   1.131  -1.371  -2.914   0.231
   0.357  -3.316   0.484   1.239  -2.687  -1.168  -0.003  -2.812  -1.709   0.991
  -3.899  -1.794  -0.812  -3.674  -2.850  -1.002  -3.874  -1.392  -1.712  -4.720
  -1.571  -0.188  -1.293  -1.545  -0.583  -0.333  -1.472   0.163  -1.233  -2.186
  -1.768  -2.080  -2.306  -2.230   0.053  -2.663  -2.392   0.756  -2.992  -1.607
  -0.234  -3.433  -3.077   0.492  -1.831  -2.934
  -3.234   2.441   0.750  -2.738   2.618  -0.218  -1.774   3.068   0.205  -3.003
   3.350  -0.943  -2.430   1.169  -0.676  -1.631   0.893  -1.596  -2.724   0.246
   0.217  -2.929   0.538   1.155  -2.588  -1.263   0.079  -2.516  -1.689   1.107
  -3.889  -1.935  -0.444  -3.576  -2.941  -0.675  -4.211  -1.450  -1.383  -4.598
  -1.984   0.395  -1.328  -1.684  -0.735  -0.267  -1.377  -0.226  -1.371  -2.096
  -1.957  -2.187  -2.034  -2.459  -0.262  -2.646  -2.762   0.515  -1.990  -3.116
   0.212  -3.321  -2.045  -0.623  -3.017  -3.736
  -2.738   3.367  -1.021  -2.384   2.767  -0.212  -3.115   2.742   0.642  -1.486
   3.215   0.046  -2.211   1.300  -0.677  -1.650   1.045  -1.761  -2.913   0.374
  -0.024  -3.320   0.625   0.788  -2.796  -1.067  -0.157  -3.048  -1.527   0.786
  -3.983  -1.616  -0.994  -4.159  -2.615  -0.777  -3.838  -1.445  -2.078  -4.827
  -1.128  -0.552  -1.422  -1.482  -0.611  -0.366  -1.296   0.098  -1.410  -2.191
  -1.766  -2.258  -2.374  -2.298  -0.110  -2.254  -2.529  -0.222  -1.802  -3.471
   0.579  -1.577  -2.048   0.216  -3.326  -2.708
  -2.346   3.585  -0.526  -3.137   2.878  -0.601  -3.695   3.267  -1.450  -3.732
   2.767   0.285  -2.589   1.508  -0.907  -1.523   1.402  -1.579  -3.317   0.458
  -0.409  -4.226   0.685  -0.020  -3.012  -1.036  -0.398  -3.347  -1.440   0.560
  -3.979  -1.755  -1.345  -3.529  -2.730  -1.422  -3.827  -1.379  -2.426  -5.089
  -1.717  -1.050  -1.458  -1.272  -0.593  -0.682  -1.273   0.344  -1.095  -1.567
  -1.842  -1.930  -1.620  -2.449   0.115  -2.310  -2.241   0.867  -1.549  -2.390
   0.482  -2.944  -1.509   0.053  -2.808  -3.230
  -2.530   4.189  -1.210  -2.878   3.325  -0.579  -3.962   3.183  -0.751  -2.858
   3.641   0.541  -2.296   2.032  -0.957  -1.399   1.854  -1.756  -2.957   0.963
  -0.445  -3.741   1.150   0.204  -2.681  -0.478  -0.608  -2.915  -0.949   0.269
  -3.551  -1.193  -1.598  -3.309  -2.253  -1.819  -3.480  -0.712  -2.579  -4.583
  -1.023  -1.443  -1.206  -0.976  -0.590  -0.540  -0.895   0.423  -0.824  -1.682
  -1.722  -1.358  -1.532  -2.487   0.459  -2.453  -1.865   1.135  -2.318  -1.044
   0.404  -3.532  -1.894   0.930  -2.173  -2.826
  -1.576   3.952  -0.939  -2.432   3.408  -0.602  -3.307   3.609  -1.188  -2.434
   3.551   0.458  -2.025   1.931  -0.797  -0.976   1.682  -1.379  -2.899   1.057
  -0.309  -3.708   1.461   0.071  -2.831  -0.447  -0.503  -3.241  -1.025   0.331
  -3.675  -0.884  -1.680  -3.696  -2.008  -1.657  -3.365  -0.477  -2.624  -4.686
  -0.582  -1.413  -1.415  -1.063  -0.455  -0.433  -0.954   0.321  -1.152  -1.815
  -1.473  -1.862  -1.853  -2.114  -0.276  -3.004  -1.580   0.779  -2.665  -1.515
  -0.619  -3.667  -0.791  -0.338  -3.463  -2.547
  -2.374   4.151  -1.935  -2.847   3.543  -1.236  -3.889   3.525  -1.457  -2.786
   4.063  -0.259  -2.453   2.112  -1.014  -1.602   1.650  -1.842  -2.958   1.364
  -0.083  -3.593   1.828   0.475  -2.818  -0.165   0.070  -3.039  -0.442   1.127
  -3.950  -0.816  -0.769  -4.200  -1.845  -0.438  -3.612  -0.728  -1.787  -4.942
  -0.258  -0.610  -1.308  -0.720  -0.230  -0.389  -0.460   0.519  -1.174  -1.649
  -1.211  -2.039  -1.920  -1.600  -0.035  -2.566  -1.463   0.666  -1.953  -1.980
   0.385  -2.941  -0.462  -0.196  -3.381  -2.064
  -3.253   3.194  -2.983  -3.147   3.210  -1.889  -4.095   3.353  -1.352  -2.302
   3.938  -1.560  -2.572   1.874  -1.568  -1.522   1.518  -2.168  -3.302   1.216
  -0.663  -4.125   1.698  -0.329  -3.170  -0.211  -0.456  -3.376  -0.428   0.587
  -4.163  -1.029  -1.243  -4.107  -2.060  -0.917  -3.801  -1.050  -2.260  -5.156
  -0.579  -1.034  -1.681  -0.702  -0.427  -0.960  -0.280   0.536  -1.268  -1.578
  -1.355  -1.929  -1.646  -2.109  -0.253  -2.585  -1.238   0.743  -2.097  -1.196
  -0.229  -3.106  -0.222  -0.408  -3.336  -2.006
  -2.913   3.414  -3.505  -3.279   3.308  -2.522  -4.424   3.110  -2.518  -3.040
   4.230  -1.996  -2.633   2.080  -1.815  -1.390   1.930  -1.974  -3.476   1.222
  -1.192  -4.336   1.581  -0.902  -3.178  -0.117  -0.710  -3.614  -0.208   0.284
  -3.905  -1.209  -1.584  -3.885  -2.171  -1.064  -3.546  -1.161  -2.600  -4.976
  -0.963  -1.555  -1.697  -0.454  -0.387  -1.174  -0.106   0.664  -0.991  -1.285
  -1.258  -1.466  -1.639  -2.097   0.327  -1.847  -1.131   0.830  -1.198  -0.320
   0.391  -2.731  -0.523   0.936  -1.787  -2.054
  -2.626   3.807  -3.236  -2.973   3.430  -2.328  -4.090   3.320  -2.359  -2.754
   4.153  -1.572  -2.322   2.156  -2.008  -1.101   2.080  -1.980  -3.168   1.238
  -1.564  -4.129   1.544  -1.491  -2.943  -0.123  -1.064  -3.614  -0.263  -0.185
  -3.559  -1.159  -2.059  -3.623  -2.113  -1.508  -2.910  -1.257  -2.928  -4.525
  -0.898  -2.356  -1.529  -0.498  -0.543  -1.319  -0.391   0.670  -0.718  -1.083
  -1.410  -1.034  -1.220  -2.361   0.617  -1.645  -1.037   0.381  -2.520  -0.451
   1.209  -1.907  -1.970   1.255  -1.023  -0.359
  -2.659   4.143  -0.931  -2.974   3.776  -1.965  -2.384   4.469  -2.701  -4.086
   3.801  -1.998  -2.481   2.365  -2.067  -1.286   2.139  -2.202  -3.372   1.331
  -1.805  -4.392   1.652  -1.702  -3.076  -0.087  -1.478  -3.597  -0.125  -0.504
  -3.858  -1.009  -2.445  -3.936  -2.009  -2.081  -3.453  -0.969  -3.417  -4.875
  -0.620  -2.603  -1.638  -0.617  -1.171  -1.223  -0.540  -0.014  -0.971  -1.003
  -2.273  -1.466  -0.957  -3.141   0.161  -1.987  -2.200  -0.006  -2.900  -2.672
   0.989  -1.463  -2.506   0.381  -2.291  -1.185
  -1.750   4.364  -1.847  -2.672   3.778  -1.979  -3.262   4.093  -2.867  -3.257
   3.882  -1.099  -2.249   2.386  -2.101  -1.056   2.067  -2.179  -3.224   1.517
  -1.761  -4.120   1.937  -1.671  -3.170   0.035  -1.674  -3.796  -0.346  -0.806
  -3.888  -0.557  -2.952  -4.056  -1.611  -2.777  -3.105  -0.457  -3.720  -4.762
  -0.011  -3.317  -1.827  -0.635  -1.299  -1.614  -0.703  -0.148  -0.942  -1.070
  -2.220  -1.326  -1.173  -3.181   0.459  -1.472  -1.999   0.647  -2.447  -2.444
   1.171  -0.761  -2.361   0.557  -1.567  -0.913
  -1.939   4.313  -3.172  -2.745   3.747  -2.752  -3.673   3.767  -3.267  -3.046
   4.118  -1.804  -2.205   2.297  -2.547  -0.999   2.115  -2.525  -3.227   1.469
  -2.191  -4.162   1.884  -2.265  -3.114  -0.013  -1.900  -3.724  -0.157  -0.982
  -3.808  -0.767  -3.041  -3.998  -1.800  -2.713  -3.275  -0.658  -3.957  -4.781
  -0.304  -3.175  -1.765  -0.504  -1.395  -1.427  -0.343  -0.222  -0.968  -1.146
  -2.291  -1.361  -1.271  -3.208   0.169  -1.958  -2.000   0.452  -2.527  -2.979
   0.923  -1.228  -1.822   0.003  -2.634  -1.151
  -1.663   4.654  -3.370  -2.561   3.989  -3.117  -3.397   4.114  -3.743  -2.956
   4.373  -2.156  -2.144   2.505  -2.882  -1.017   2.158  -3.150  -3.131   1.724
  -2.428  -4.005   2.218  -2.248  -3.216   0.354  -2.069  -3.899   0.259  -1.227
  -3.948  -0.480  -3.126  -4.299  -1.397  -2.709  -3.354  -0.532  -4.073  -4.739
   0.076  -3.385  -1.843  -0.083  -1.587  -1.404   0.435  -0.557  -1.154  -1.019
  -2.307  -1.588  -1.386  -3.095   0.173  -1.411  -1.873   0.622  -2.034  -2.616
   0.824  -0.586  -1.816   0.211  -1.816  -0.840
  -1.880   4.515  -3.776  -2.628   4.135  -3.082  -3.592   4.197  -3.430  -2.543
   4.825  -2.226  -2.280   2.667  -2.841  -1.125   2.354  -2.997  -3.363   1.853
  -2.666  -4.250   2.255  -2.474  -3.268   0.437  -2.285  -3.995   0.261  -1.469
  -3.956  -0.375  -3.424  -4.082  -1.424  -3.073  -3.374  -0.403  -4.415  -4.978
   0.067  -3.675  -1.885  -0.117  -1.788  -1.428   0.089  -0.647  -1.169  -0.755
  -2.665  -1.554  -0.863  -3.571   0.253  -1.192  -2.411   0.472  -1.925  -3.231
   0.996  -0.424  -2.617   0.468  -1.574  -1.467
  -2.469   4.572  -4.072  -2.551   4.372  -3.068  -3.481   4.677  -2.586  -1.730
   4.968  -2.585  -2.275   2.924  -2.966  -1.125   2.446  -3.057  -3.338   2.133
  -2.702  -4.218   2.623  -2.688  -3.326   0.681  -2.439  -4.137   0.528  -1.693
  -3.819  -0.116  -3.706  -3.772  -1.138  -3.709  -3.378   0.311  -4.619  -4.848
   0.043  -3.738  -2.019   0.117  -1.787  -1.826   0.216  -0.582  -1.119  -0.467
  -2.639  -1.323  -0.520  -3.642   0.095  -1.154  -2.207   0.332  -2.020  -2.832
   0.847  -0.436  -2.246  -0.005  -1.520  -1.140
  -2.147   4.840  -3.853  -2.353   4.399  -2.866  -3.356   4.620  -2.791  -1.809
   4.841  -2.077  -2.022   2.903  -3.007  -0.839   2.519  -3.042  -3.090   2.107
  -3.013  -4.007   2.556  -3.122  -3.258   0.665  -2.593  -4.076   0.753  -1.888
  -3.795  -0.194  -3.755  -3.456  -1.248  -3.626  -3.653   0.285  -4.743  -4.866
  -0.228  -3.721  -2.059   0.142  -1.793  -1.966   0.358  -0.619  -1.058  -0.454
  -2.530  -1.206  -0.581  -3.526   0.238  -0.792  -1.917   0.816  -1.592  -2.378
   0.814   0.089  -1.925  -0.003  -1.124  -0.921
  -2.139   5.229  -4.044  -2.847   4.376  -3.858  -3.455   4.266  -4.807  -3.505
   4.662  -3.065  -2.275   3.028  -3.508  -1.028   2.747  -3.600  -3.186   2.100
  -3.304  -4.152   2.411  -3.191  -3.054   0.665  -2.873  -3.811   0.576  -2.100
  -3.552  -0.150  -4.060  -3.574  -1.149  -3.913  -2.917   0.085  -4.935  -4.558
   0.071  -4.318  -1.833   0.207  -2.162  -1.676   0.551  -0.974  -0.912  -0.522
  -2.826  -0.995  -0.563  -3.827   0.197  -1.273  -2.234   1.077  -1.463  -2.955
   0.536  -0.871  -1.276  -0.069  -2.309  -2.107
  -2.031   5.039  -4.543  -2.738   4.520  -3.931  -3.767   4.691  -4.261  -2.574
   4.973  -2.901  -2.407   3.028  -3.853  -1.242   2.734  -3.963  -3.378   2.163
  -3.506  -4.292   2.544  -3.352  -3.215   0.696  -3.127  -3.938   0.513  -2.334
  -3.528  -0.196  -4.289  -3.393  -1.245  -3.973  -2.815  -0.100  -5.064  -4.498
   0.024  -4.738  -1.822   0.247  -2.430  -1.562   0.559  -1.261  -0.919  -0.457
  -3.111  -1.057  -0.444  -4.118   0.266  -1.078  -2.612   0.927  -0.251  -2.452
   0.014  -1.525  -1.675   0.627  -1.826  -3.289
  -1.498   4.609  -4.667  -2.408   4.085  -4.360  -2.946   3.898  -5.280  -3.062
   4.709  -3.679  -1.978   2.728  -3.825  -0.821   2.322  -3.617  -3.056   1.926
  -3.653  -3.973   2.305  -3.814  -3.010   0.551  -3.191  -3.672   0.533  -2.336
  -3.651  -0.338  -4.315  -3.563  -1.447  -4.026  -3.223  -0.114  -5.330  -4.687
  -0.019  -4.498  -1.823  -0.077  -2.507  -1.579   0.247  -1.314  -1.216  -1.148
  -3.105  -1.482  -1.424  -4.062  -0.036  -1.758  -2.523   0.862  -1.256  -2.768
  -0.042  -1.733  -1.459   0.008  -2.761  -2.765
  -1.481   4.716  -4.716  -2.326   4.032  -4.590  -3.109   4.054  -5.366  -2.951
   4.409  -3.779  -1.840   2.623  -4.072  -0.658   2.354  -3.852  -2.844   1.828
  -3.752  -3.765   2.261  -3.936  -2.862   0.384  -3.409  -3.718   0.245  -2.702
  -3.268  -0.339  -4.673  -3.623  -1.332  -4.366  -2.356  -0.375  -5.308  -4.036
   0.189  -5.223  -1.667  -0.245  -2.716  -1.585  -0.178  -1.457  -0.780  -0.983
  -3.487  -0.925  -1.035  -4.445   0.077  -2.058  -2.926   1.132  -1.842  -3.050
  -0.144  -2.202  -1.895  -0.190  -2.984  -3.353
