default_name                                                                    
  -4.766  -2.133   1.514  -3.876  -2.003   2.080  -3.892  -2.577   3.059  -3.743
  -0.919   2.409  -2.718  -2.400   1.241  -2.963  -2.672   0.110  -1.470  -2.334
   1.749  -1.390  -2.143   2.755  -0.274  -2.654   1.148   0.516  -2.166   1.802
  -0.135  -4.239   1.161   0.977  -4.355   1.064  -0.746  -4.688   0.396  -0.492
  -4.566   2.177   0.062  -1.980  -0.212   0.790  -2.410  -1.095  -0.437  -0.756
  -0.316  -0.877  -0.535   0.572  -0.498   0.223  -1.397   0.474   0.495  -1.643
  -1.018  -0.224  -2.236  -1.062   1.201  -1.197
  -4.837  -2.278   1.755  -3.932  -1.891   2.265  -3.916  -2.374   3.225  -4.106
  -0.794   2.330  -2.724  -2.227   1.357  -2.850  -2.830   0.243  -1.544  -2.006
   1.913  -1.641  -1.475   2.818  -0.224  -2.290   1.380   0.556  -1.838   1.952
  -0.087  -3.791   1.464   0.914  -4.111   1.216  -0.633  -4.311   0.692  -0.249
  -4.239   2.467  -0.062  -1.726  -0.036   0.627  -2.331  -0.787  -0.650  -0.605
  -0.390  -1.207  -0.060   0.211  -0.448  -0.007  -1.738   0.579   0.347  -1.742
  -0.540  -0.652  -2.578  -1.134   0.794  -1.925
  -5.110  -2.099   1.349  -4.299  -2.123   2.040  -4.445  -2.898   2.838  -4.156
  -1.132   2.538  -3.056  -2.527   1.332  -3.149  -3.009   0.218  -1.926  -2.246
   1.967  -1.986  -1.993   2.960  -0.552  -2.434   1.455   0.050  -1.931   2.200
  -0.225  -3.919   1.609   0.822  -3.962   1.624  -0.572  -4.460   0.706  -0.650
  -4.304   2.584   0.014  -1.807   0.180   1.094  -2.165  -0.404  -0.724  -0.821
  -0.342  -1.642  -0.762   0.056  -0.423   0.012  -1.466   0.450  -0.382  -2.023
  -1.231   0.009  -2.157  -0.306   0.983  -1.102
  -4.890  -2.745   1.884  -4.277  -1.915   2.204  -4.017  -2.087   3.268  -4.875
  -1.006   1.978  -3.027  -1.845   1.330  -3.115  -2.061   0.159  -1.846  -1.824
   1.997  -2.045  -1.585   2.982  -0.561  -2.160   1.565   0.083  -1.622   2.247
  -0.346  -3.635   1.863   0.594  -3.725   1.531  -1.016  -4.327   1.428  -0.383
  -3.764   2.965  -0.190  -1.632   0.138   0.632  -2.306  -0.597  -0.661  -0.384
  -0.221  -1.268   0.114   0.493  -0.400   0.257  -1.479   0.602  -0.013  -1.883
  -1.135  -0.118  -2.220  -0.384   1.248  -1.351
  -5.089  -1.800   1.261  -4.383  -1.636   2.099  -4.495  -2.246   2.992  -4.330
  -0.567   2.333  -3.037  -2.057   1.555  -3.119  -2.936   0.644  -1.891  -1.567
   2.027  -1.920  -1.092   2.928  -0.539  -1.819   1.494   0.069  -1.180   2.142
   0.059  -3.232   1.836   0.785  -3.497   1.131  -0.601  -4.023   1.705   0.558
  -3.278   2.866  -0.226  -1.246   0.038   0.380  -1.948  -0.843  -0.784  -0.070
  -0.301  -1.237   0.556   0.416  -0.471   0.512  -1.554   0.520   0.279  -1.839
  -1.159   0.089  -2.343  -0.640   1.572  -1.451
  -4.970  -1.992   1.377  -4.265  -1.712   2.156  -4.276  -2.333   3.008  -4.310
  -0.584   2.335  -2.881  -1.911   1.524  -2.836  -2.665   0.556  -1.857  -1.298
   2.092  -2.150  -0.617   2.774  -0.451  -1.404   1.754  -0.143  -0.583   2.397
   0.327  -2.630   2.177   1.389  -2.466   2.055  -0.142  -3.437   1.568   0.198
  -2.915   3.174  -0.256  -1.129   0.161   0.584  -1.770  -0.465  -1.049  -0.142
  -0.314  -1.594   0.426   0.288  -1.077   0.244  -1.728  -1.122  -0.629  -2.373
  -2.055   0.843  -2.030  -0.308   0.911  -1.962
  -4.982  -2.318   1.891  -4.298  -1.724   2.532  -4.203  -2.119   3.561  -4.600
  -0.746   2.426  -2.970  -1.897   1.862  -2.992  -2.673   0.834  -1.938  -1.179
   2.225  -2.063  -0.655   3.064  -0.565  -1.262   1.665   0.088  -0.442   2.118
  -0.047  -2.687   1.972   1.001  -2.756   1.592  -0.730  -3.438   1.543  -0.088
  -2.810   3.037  -0.456  -0.988   0.110   0.504  -1.446  -0.515  -1.448  -0.269
  -0.453  -2.156  -0.013   0.177  -1.309   0.408  -1.722  -2.170   0.374  -2.369
  -1.161   1.462  -1.642  -0.453   0.015  -2.156
  -5.094  -2.037   2.238  -4.126  -1.706   2.542  -3.823  -2.244   3.352  -4.351
  -0.600   2.756  -2.874  -1.805   1.661  -2.944  -2.452   0.661  -1.751  -1.226
   2.109  -1.889  -0.782   3.073  -0.424  -1.303   1.608   0.025  -0.583   2.243
  -0.099  -2.759   1.829   0.905  -2.940   1.482  -0.672  -3.396   1.212  -0.152
  -3.187   2.819  -0.259  -0.753   0.142   0.804  -0.956  -0.453  -1.289  -0.090
  -0.411  -2.158  -0.061   0.094  -1.179   0.597  -1.648  -1.319   1.725  -1.486
  -0.274   0.357  -2.180  -1.945   0.273  -2.313
  -5.072  -2.148   2.246  -4.229  -1.985   2.871  -4.385  -2.934   3.397  -4.345
  -1.004   3.495  -2.956  -2.009   1.994  -2.923  -2.538   0.861  -1.801  -1.436
   2.503  -1.902  -0.841   3.277  -0.460  -1.481   1.882   0.061  -0.718   2.522
   0.163  -2.855   2.057   1.293  -2.682   2.239   0.116  -3.349   1.134  -0.256
  -3.585   2.793  -0.398  -0.801   0.416   0.736  -0.704  -0.154  -1.471  -0.098
  -0.049  -2.269  -0.055   0.567  -1.538   0.734  -1.239  -0.917   1.628  -1.131
  -0.963   0.236  -2.049  -2.517   1.049  -1.565
  -4.941  -2.042   2.410  -3.890  -2.216   2.789  -3.919  -3.305   2.993  -3.598
  -1.735   3.675  -2.881  -1.836   1.736  -2.854  -2.258   0.586  -1.862  -1.102
   2.144  -1.846  -0.790   3.071  -0.515  -1.068   1.416   0.107  -0.369   1.970
   0.247  -2.402   1.717   1.295  -2.236   1.405  -0.186  -3.170   1.115   0.354
  -2.629   2.778  -0.351  -0.627  -0.040   0.748  -0.778  -0.630  -1.339  -0.014
  -0.623  -2.273  -0.043  -0.203  -1.231   0.915  -1.810  -1.688   1.795  -1.510
  -0.200   1.183  -1.960  -1.733   0.660  -2.715
  -5.085  -1.985   2.267  -4.060  -1.966   2.760  -4.006  -3.014   3.167  -4.056
  -1.226   3.550  -2.906  -1.707   1.912  -2.916  -2.226   0.778  -1.947  -0.892
   2.332  -2.140  -0.330   3.128  -0.614  -0.814   1.835  -0.075  -0.093   2.447
   0.154  -2.072   2.157   1.256  -1.887   2.134  -0.122  -2.928   1.582  -0.033
  -2.329   3.135  -0.502  -0.420   0.279   0.560  -0.517  -0.240  -1.493   0.162
  -0.375  -2.371   0.333   0.110  -1.355   0.791  -1.602  -1.140   1.858  -1.477
  -0.613   0.331  -2.357  -2.238   0.672  -2.214
  -4.711  -1.283   3.311  -4.170  -2.130   2.932  -4.953  -2.617   2.338  -3.748
  -2.758   3.657  -3.033  -1.710   2.041  -2.914  -2.304   0.934  -2.095  -0.816
   2.449  -2.374  -0.301   3.235  -0.713  -0.546   1.859  -0.606   0.557   1.810
   0.309  -1.237   2.744   1.239  -0.864   2.497   0.326  -2.287   2.520   0.103
  -0.952   3.721  -0.662  -0.709   0.338   0.204  -1.323  -0.211  -1.545   0.020
  -0.381  -2.171   0.605   0.185  -1.458   0.399  -1.726  -0.478   0.208  -2.114
  -2.230  -0.128  -2.274  -1.593   1.467  -1.640
  -4.641  -1.095   2.689  -4.061  -1.975   2.647  -4.745  -2.581   2.051  -3.738
  -2.391   3.622  -2.797  -1.708   1.821  -2.496  -2.478   0.935  -1.989  -0.778
   2.247  -2.444  -0.161   2.848  -0.617  -0.557   1.715  -0.407   0.496   1.923
   0.496  -1.255   2.491   1.384  -0.871   1.983   0.649  -2.354   2.405   0.459
  -0.893   3.604  -0.517  -0.568   0.207   0.324  -1.361  -0.337  -1.403   0.111
  -0.631  -2.151   0.626  -0.164  -1.591  -0.059  -2.054  -1.351   0.818  -2.589
  -1.031  -0.860  -2.388  -2.615  -0.429  -2.144
  -4.650  -0.167   1.942  -4.466  -1.212   2.078  -5.155  -1.819   1.556  -4.564
  -1.259   3.141  -3.061  -1.607   1.534  -2.785  -2.585   0.894  -2.148  -0.663
   1.795  -2.532   0.168   2.107  -0.769  -0.612   1.548  -0.398   0.435   1.702
  -0.035  -1.428   2.617   1.035  -1.209   2.567  -0.153  -2.532   2.488  -0.334
  -1.184   3.584  -0.419  -0.914   0.068   0.609  -1.583  -0.281  -1.125  -0.163
  -0.777  -1.960   0.261  -0.407  -0.963  -0.185  -2.200  -0.305  -1.009  -2.525
  -1.963  -0.471  -2.663  -0.612   0.869  -2.449
  -4.319  -0.924   3.365  -4.355  -1.367   2.349  -4.794  -0.588   1.679  -4.970
  -2.270   2.402  -2.994  -1.802   1.944  -2.901  -2.976   1.713  -1.998  -0.894
   2.092  -2.260  -0.041   2.570  -0.606  -0.951   1.745  -0.181   0.076   1.937
   0.217  -1.859   2.687   1.254  -1.819   2.491  -0.224  -2.854   2.633  -0.012
  -1.564   3.715  -0.267  -1.154   0.236   0.842  -1.612   0.078  -1.232  -1.021
  -0.672  -2.173  -0.641  -0.395  -1.133  -1.425  -2.068  -0.484  -2.318  -2.086
  -2.073  -1.546  -2.523  -0.490  -0.546  -2.565
  -4.379  -2.416   3.418  -3.956  -1.468   3.034  -3.573  -1.051   3.992  -4.559
  -0.701   2.588  -2.845  -1.725   2.002  -2.963  -2.713   1.319  -1.901  -0.752
   1.848  -2.125   0.133   2.280  -0.481  -1.005   1.518   0.073  -0.108   1.742
   0.124  -2.094   2.546   1.206  -2.109   2.504  -0.191  -3.097   2.283  -0.230
  -1.914   3.596  -0.154  -1.433   0.019   1.011  -1.503  -0.288  -1.120  -1.619
  -0.915  -2.076  -1.618  -0.511  -1.043  -1.993  -2.321  -0.555  -2.920  -2.509
  -2.038  -2.329  -2.527  -0.659  -1.220  -2.943
  -4.904  -2.272   2.634  -4.225  -1.408   2.543  -3.922  -0.943   3.483  -4.859
  -0.759   1.929  -3.029  -1.772   1.751  -3.077  -2.927   1.228  -2.102  -0.815
   1.592  -2.312   0.110   1.995  -0.683  -0.946   1.166  -0.465   0.105   0.986
   0.188  -1.544   2.236   1.172  -0.998   2.157   0.356  -2.692   2.230  -0.337
  -1.313   3.196  -0.444  -1.674  -0.233   0.599  -2.280  -0.492  -1.406  -1.500
  -1.184  -2.233  -1.032  -0.869  -1.551  -2.003  -2.558  -0.957  -2.925  -2.579
  -2.543  -2.222  -2.956  -1.189  -1.372  -3.332
  -5.129  -2.496   2.244  -4.379  -1.902   2.795  -4.264  -2.213   3.827  -4.531
  -0.822   2.758  -3.006  -2.157   2.035  -2.663  -3.343   1.699  -2.243  -1.047
   2.004  -2.658  -0.253   2.368  -0.851  -1.004   1.542  -0.697   0.097   1.442
   0.179  -1.598   2.505   1.156  -1.237   2.203   0.132  -2.732   2.476   0.039
  -1.313   3.469  -0.593  -1.589   0.135   0.532  -1.992  -0.205  -1.563  -1.458
  -0.768  -2.396  -1.033  -0.436  -1.550  -2.001  -2.106  -1.696  -3.105  -2.056
  -2.559  -1.673  -2.601  -0.661  -1.644  -2.639
  -4.674  -2.750   3.480  -4.472  -1.951   2.756  -4.649  -0.990   3.338  -5.250
  -1.897   1.941  -3.054  -1.973   2.217  -2.503  -2.981   1.803  -2.438  -0.816
   2.015  -2.950   0.035   2.244  -1.059  -0.554   1.643  -1.047   0.480   1.717
  -0.014  -0.915   2.793   0.959  -0.641   2.481  -0.144  -2.024   3.070  -0.308
  -0.297   3.616  -0.646  -1.096   0.206   0.440  -1.486  -0.201  -1.640  -1.051
  -0.637  -2.557  -0.712  -0.317  -1.574  -1.415  -2.035  -1.552  -2.521  -2.049
  -2.460  -1.184  -2.573  -0.835  -0.906  -2.619
  -4.794  -1.852   3.587  -4.704  -2.117   2.511  -5.085  -1.248   1.962  -5.382
  -2.926   2.160  -3.203  -2.223   2.202  -2.704  -3.334   1.836  -2.486  -1.089
   2.214  -2.801  -0.291   2.764  -1.053  -1.024   1.851  -0.723  -0.033   2.071
  -0.270  -1.922   2.880   0.747  -1.809   2.566  -0.415  -3.010   2.793  -0.474
  -1.600   3.889  -0.847  -1.222   0.394   0.266  -1.545  -0.030  -1.904  -1.163
  -0.433  -2.822  -0.982  -0.050  -1.859  -1.642  -1.850  -1.409  -2.615  -1.944
  -2.838  -1.722  -2.349  -1.308  -0.927  -2.459
  -4.651  -2.832   3.700  -4.454  -2.748   2.657  -4.922  -1.837   2.290  -4.850
  -3.517   2.080  -2.954  -2.685   2.389  -2.376  -3.643   1.942  -2.472  -1.390
   2.555  -3.123  -0.642   2.858  -1.206  -0.878   2.031  -1.381   0.246   2.007
  -0.016  -1.144   2.991   0.897  -0.642   2.752   0.306  -2.133   2.761  -0.201
  -0.934   4.022  -0.910  -1.288   0.559   0.164  -1.737   0.224  -1.990  -1.235
  -0.246  -2.782  -0.801   0.260  -2.246  -1.922  -1.408  -2.590  -2.921  -1.188
  -2.910  -1.421  -2.123  -1.307  -1.930  -2.016
  -4.393  -2.577   4.000  -4.275  -2.927   2.976  -5.040  -2.337   2.366  -4.547
  -3.961   2.894  -2.871  -2.718   2.586  -2.097  -3.564   2.201  -2.439  -1.469
   2.762  -2.911  -0.846   3.466  -1.345  -0.818   2.123  -1.486   0.232   2.262
  -0.193  -1.037   3.117   0.649  -0.303   2.952   0.251  -2.040   2.829  -0.561
  -1.101   4.167  -0.937  -1.256   0.707   0.213  -1.688   0.509  -1.893  -1.376
  -0.211  -2.733  -0.866  -0.019  -1.696  -1.893  -1.604  -2.156  -2.844  -1.819
  -2.302  -1.097  -2.107  -0.620  -1.695  -1.866
  -3.884  -4.041   4.138  -3.984  -3.538   3.138  -4.754  -2.786   3.307  -4.376
  -4.216   2.394  -2.587  -2.969   2.832  -1.763  -3.799   2.459  -2.434  -1.677
   2.871  -3.269  -1.103   2.944  -1.146  -1.021   2.324  -1.306   0.011   2.300
   0.062  -1.118   3.353   0.930  -0.725   2.833   0.234  -2.202   3.657  -0.151
  -0.524   4.146  -0.832  -1.630   0.822   0.312  -1.834   0.409  -1.862  -1.779
  -0.019  -2.761  -1.429   0.253  -1.799  -2.013  -1.480  -2.661  -2.399  -1.860
  -1.353  -1.189  -1.972  -1.063  -2.707  -1.730
  -4.612  -3.472   1.730  -4.118  -3.761   2.694  -3.954  -4.847   2.798  -4.647
  -3.254   3.561  -2.717  -3.301   2.657  -1.758  -4.067   2.371  -2.627  -1.973
   2.852  -3.424  -1.467   3.065  -1.516  -1.184   2.465  -1.847  -0.090   2.468
  -0.375  -1.225   3.557   0.197  -0.294   3.462   0.274  -2.066   3.544  -0.867
  -1.242   4.567  -0.951  -1.351   0.979   0.241  -1.476   0.728  -1.847  -1.504
   0.010  -2.803  -1.626   0.345  -1.559  -1.090  -1.384  -2.085  -1.763  -2.124
  -1.953  -0.147  -1.767  -0.594  -0.925  -1.770
  -4.647  -3.979   1.626  -4.209  -3.894   2.615  -4.055  -4.891   3.130  -4.761
  -3.291   3.318  -2.873  -3.318   2.481  -2.002  -3.990   1.915  -2.736  -2.016
   2.585  -3.462  -1.409   2.929  -1.473  -1.252   2.288  -1.807  -0.238   2.299
  -0.495  -1.419   3.538   0.319  -0.832   3.205  -0.178  -2.436   3.766  -0.903
  -0.997   4.452  -0.821  -1.310   0.888   0.340  -0.921   0.879  -1.543  -1.636
  -0.206  -2.524  -1.820  -0.075  -0.936  -1.797  -1.534  -1.186  -2.767  -1.745
  -1.247  -1.179  -2.341   0.100  -1.998  -1.376
  -5.296  -3.390   2.312  -4.388  -3.984   2.556  -4.452  -4.883   2.044  -4.501
  -4.147   3.671  -3.090  -3.344   2.315  -2.112  -4.033   2.080  -3.100  -2.017
   2.603  -3.908  -1.638   2.930  -1.860  -1.137   2.419  -2.341  -0.148   2.434
  -1.088  -1.301   3.718  -0.273  -0.614   3.755  -0.742  -2.319   3.921  -1.678
  -0.959   4.520  -1.110  -1.382   1.097   0.159  -1.199   1.072  -1.838  -1.699
   0.045  -2.825  -1.737   0.173  -1.318  -2.345  -1.180  -1.649  -1.861  -2.058
  -0.220  -2.391  -1.294  -1.603  -3.424  -1.160
  -5.491  -2.679   2.340  -4.816  -3.392   2.867  -5.095  -4.398   2.622  -4.935
  -3.142   3.937  -3.395  -3.164   2.485  -2.729  -4.079   2.035  -2.949  -1.898
   2.709  -3.640  -1.302   2.996  -1.598  -1.329   2.497  -1.751  -0.285   2.422
  -0.702  -1.540   3.734   0.343  -1.348   3.487  -0.706  -2.554   4.091  -1.081
  -0.971   4.570  -0.865  -1.723   1.187   0.373  -1.978   1.084  -1.671  -1.851
   0.027  -2.664  -1.687   0.295  -1.220  -2.470  -1.113  -2.052  -2.723  -1.775
  -0.671  -1.587  -1.552  -0.573  -3.335  -0.913
  -5.347  -2.925   2.335  -4.651  -3.537   2.848  -4.982  -4.548   2.664  -4.860
  -3.390   3.873  -3.327  -3.050   2.473  -2.573  -3.876   1.930  -3.022  -1.833
   2.774  -3.809  -1.241   3.197  -1.663  -1.368   2.677  -1.601  -0.274   2.647
  -0.979  -1.575   4.047  -0.148  -0.892   4.182  -0.826  -2.588   4.505  -1.767
  -1.279   4.693  -0.824  -1.773   1.375   0.340  -1.992   1.437  -1.529  -1.865
   0.287  -2.510  -1.459   0.392  -0.968  -2.011  -1.061  -1.792  -1.826  -1.787
  -0.006  -1.496  -1.272  -0.716  -3.036  -1.346
  -5.639  -3.378   2.225  -5.006  -3.835   3.005  -5.120  -4.835   2.733  -5.319
  -3.578   4.060  -3.594  -3.448   2.744  -2.755  -4.164   2.296  -3.347  -2.087
   2.845  -4.075  -1.550   3.186  -1.990  -1.551   2.713  -2.059  -0.537   2.568
  -1.284  -1.548   4.112  -0.213  -1.145   4.236  -1.195  -2.596   4.547  -1.888
  -0.969   4.708  -1.134  -2.119   1.473  -0.025  -2.686   1.581  -1.701  -1.962
   0.293  -2.451  -1.326   0.179  -1.128  -2.475  -0.941  -1.073  -1.597  -1.632
  -0.059  -2.778  -0.680  -1.651  -3.448  -1.197
  -5.128  -3.772   1.428  -5.123  -4.005   2.524  -5.154  -5.061   2.742  -5.762
  -3.488   3.215  -3.675  -3.501   2.854  -2.714  -4.248   3.031  -3.512  -2.199
   2.908  -4.328  -1.653   2.639  -2.138  -1.555   2.761  -2.316  -0.522   2.587
  -1.372  -1.401   4.096  -0.407  -0.838   4.113  -1.170  -2.380   4.547  -1.943
  -0.905   4.821  -1.292  -2.018   1.622  -0.072  -2.042   1.789  -1.883  -2.200
   0.486  -2.864  -2.012   0.486  -1.234  -2.719  -0.682  -1.058  -1.832  -1.335
  -0.271  -3.268  -0.532  -1.858  -3.406  -1.263
  -5.667  -3.208   2.060  -5.037  -3.715   2.747  -5.177  -4.760   2.487  -5.200
  -3.621   3.763  -3.659  -3.329   2.789  -2.793  -4.133   2.906  -3.550  -2.019
   2.817  -4.352  -1.403   2.613  -2.158  -1.381   3.154  -2.383  -0.330   2.802
  -1.905  -1.501   4.635  -1.110  -0.788   4.936  -1.618  -2.508   4.903  -2.875
  -1.276   5.074  -1.093  -1.833   2.060   0.135  -1.858   2.301  -1.598  -2.033
   0.870  -2.568  -1.857   0.776  -0.866  -2.225  -0.415  -1.287  -1.440  -1.175
   0.270  -2.158  -0.365  -1.249  -3.204  -0.627
  -5.934  -3.449   2.514  -5.220  -3.193   3.302  -5.132  -4.046   3.934  -5.709
  -2.382   3.876  -3.757  -2.942   2.788  -3.007  -3.854   2.480  -3.417  -1.660
   2.860  -4.099  -0.968   2.689  -2.110  -1.082   2.854  -2.279  -0.038   2.687
  -1.593  -1.096   4.265  -0.761  -0.399   4.269  -1.182  -2.056   4.811  -2.374
  -0.682   4.876  -1.180  -1.432   1.746   0.016  -1.349   1.929  -1.649  -2.017
   0.740  -2.534  -2.353   0.802  -0.873  -2.328  -0.540  -0.562  -1.447  -1.069
   0.026  -2.990  -0.333  -1.598  -2.781  -1.172
  -5.732  -3.999   2.910  -5.423  -2.965   3.038  -5.681  -2.672   4.033  -6.066
  -2.453   2.412  -3.982  -2.818   2.725  -3.335  -3.659   2.174  -3.551  -1.595
   3.126  -4.228  -1.027   3.702  -2.095  -1.003   3.228  -2.258   0.099   3.220
  -1.625  -1.289   4.722  -0.670  -0.755   4.920  -1.585  -2.317   5.069  -2.488
  -1.187   5.426  -1.073  -1.271   2.010   0.158  -1.180   2.131  -1.696  -1.562
   0.794  -2.700  -1.476   0.883  -0.967  -1.592  -0.522  -0.380  -0.801  -0.879
  -0.428  -2.555  -0.429  -1.662  -1.677  -1.345
  -5.656  -3.996   3.046  -5.523  -2.929   2.840  -6.046  -2.273   3.553  -5.874
  -2.817   1.818  -4.005  -2.747   3.061  -3.339  -3.706   3.416  -3.611  -1.472
   2.883  -4.322  -0.777   2.890  -2.203  -1.117   3.217  -2.093  -0.012   3.190
  -1.653  -1.664   4.634  -2.320  -1.366   5.482  -0.673  -1.234   4.750  -1.417
  -2.785   4.665  -1.287  -1.563   2.137  -0.034  -1.685   2.229  -1.879  -1.636
   0.915  -2.907  -1.489   0.835  -1.440  -2.224  -0.308  -0.588  -1.596  -0.665
  -1.076  -3.305  -0.088  -2.275  -2.384  -0.989
  -5.978  -2.008   3.823  -5.478  -2.731   3.175  -5.664  -2.385   2.134  -5.647
  -3.802   3.250  -3.955  -2.700   3.410  -3.241  -3.739   3.526  -3.503  -1.416
   3.353  -4.232  -0.806   3.279  -2.057  -1.078   3.301  -2.141  -0.049   2.855
  -1.548  -0.722   4.679  -1.407  -1.408   5.509  -1.944   0.325   4.908  -0.545
  -0.418   4.589  -0.990  -1.742   2.293   0.127  -1.914   2.612  -1.463  -1.978
   1.071  -2.485  -1.973   0.982  -0.652  -2.231  -0.042   0.295  -1.828  -0.039
  -0.520  -3.338  -0.033  -0.979  -1.785  -1.049
  -6.004  -2.727   4.493  -5.504  -2.783   3.479  -5.736  -2.032   2.708  -5.860
  -3.794   3.112  -4.062  -2.733   3.600  -3.467  -3.736   3.773  -3.531  -1.531
   3.350  -4.090  -0.841   2.869  -2.065  -1.183   3.416  -2.131  -0.111   3.211
  -1.582  -1.373   4.886  -1.459  -2.311   5.257  -2.383  -0.919   5.422  -0.614
  -0.961   5.073  -1.158  -1.641   2.287   0.013  -1.720   2.527  -1.604  -2.136
   1.139  -2.559  -1.986   0.992  -0.799  -2.649  -0.002  -0.213  -1.828  -0.425
  -0.085  -3.337   0.436  -1.460  -3.193  -0.698
  -5.745  -1.865   3.423  -5.259  -2.844   3.512  -5.609  -3.395   2.651  -5.393
  -3.172   4.566  -3.718  -2.653   3.253  -2.978  -3.539   3.677  -3.309  -1.352
   3.102  -3.967  -0.615   3.133  -1.928  -0.860   3.418  -1.860   0.218   3.276
  -1.485  -1.194   4.818  -1.181  -2.194   4.871  -2.405  -1.082   5.363  -0.885
  -0.384   5.200  -0.884  -1.455   2.419   0.350  -1.543   2.584  -1.435  -1.909
   1.272  -2.397  -1.854   1.214  -0.667  -2.673   0.235  -0.483  -1.945  -0.520
   0.226  -3.166   0.733  -1.106  -3.610  -0.217
  -5.468  -2.020   3.661  -4.996  -3.020   3.802  -5.281  -3.638   3.016  -5.186
  -3.504   4.784  -3.463  -2.899   3.701  -2.700  -3.808   3.819  -3.021  -1.666
   3.372  -3.607  -0.919   2.972  -1.661  -1.177   3.361  -1.725  -0.141   3.159
  -1.139  -1.360   4.827  -0.878  -2.345   4.984  -1.827  -0.964   5.593  -0.345
  -0.709   4.927  -0.647  -1.676   2.331   0.612  -1.596   2.509  -1.202  -2.021
   1.140  -2.184  -2.218   1.051  -0.351  -2.421   0.045   0.606  -1.816   0.212
  -0.277  -3.468  -0.091  -0.955  -2.126  -0.853
  -5.075  -2.412   4.606  -4.775  -3.039   3.691  -5.236  -2.568   2.860  -4.955
  -4.099   3.899  -3.302  -2.805   3.492  -2.499  -3.726   3.521  -2.913  -1.489
   3.650  -3.453  -0.671   3.837  -1.548  -1.069   3.508  -1.639  -0.020   3.445
  -0.789  -1.273   4.889  -0.749  -2.367   5.096  -1.435  -0.664   5.573   0.207
  -0.898   4.856  -0.716  -1.515   2.209   0.505  -1.573   2.290  -1.283  -1.799
   1.089  -2.353  -1.822   1.159  -0.711  -2.243  -0.078  -1.057  -1.541  -0.827
   0.350  -2.217   0.065  -1.040  -3.299  -0.365
  -5.303  -3.199   4.414  -4.916  -3.185   3.396  -5.438  -2.423   2.822  -5.111
  -4.143   2.915  -3.492  -2.817   3.607  -2.584  -3.695   3.512  -3.205  -1.567
   3.813  -4.045  -0.996   4.047  -1.884  -0.879   3.631  -2.153   0.184   3.572
  -1.044  -0.913   4.884  -0.492  -1.793   4.834  -1.670  -1.281   5.685  -0.538
  -0.086   5.206  -1.069  -1.165   2.259   0.067  -0.762   2.235  -1.710  -1.756
   1.234  -2.630  -2.118   1.462  -1.118  -2.147  -0.106  -0.842  -1.320  -0.766
  -0.239  -2.725   0.166  -1.745  -2.726  -0.734
  -5.202  -2.731   4.149  -4.732  -2.978   3.212  -5.151  -2.216   2.483  -5.075
  -3.983   2.857  -3.234  -2.772   3.237  -2.394  -3.614   2.813  -2.969  -1.504
   3.617  -3.573  -1.048   4.244  -1.670  -0.795   3.476  -1.818   0.288   3.740
  -0.742  -1.351   4.553  -0.203  -2.230   4.224  -1.143  -1.482   5.558  -0.078
  -0.450   4.817  -1.106  -0.789   1.955   0.059  -0.482   1.745  -1.839  -1.338
   0.931  -2.709  -1.702   1.246  -1.361  -1.690  -0.380  -1.874  -1.006  -1.110
  -0.331  -1.699  -0.405  -1.842  -2.637  -0.570
  -5.547  -2.631   4.216  -5.034  -3.510   3.715  -5.581  -3.705   2.730  -4.922
  -4.328   4.373  -3.749  -3.089   3.243  -3.065  -3.874   2.615  -3.381  -1.794
   3.596  -4.078  -1.178   4.043  -1.980  -1.286   3.533  -1.925  -0.307   4.002
  -1.182  -2.218   4.459  -1.102  -3.256   4.189  -1.694  -2.201   5.421  -0.254
  -1.784   4.843  -1.324  -0.993   2.213  -0.213  -0.400   2.218  -1.870  -1.469
   1.077  -2.823  -1.871   1.204  -1.247  -1.503  -0.200  -0.381  -0.823  -0.279
  -0.758  -2.520  -0.429  -2.064  -1.490  -0.942
  -5.558  -3.351   4.509  -5.293  -3.782   3.568  -6.080  -3.566   2.780  -5.174
  -4.796   3.657  -3.993  -3.304   3.221  -3.022  -4.035   2.842  -3.658  -2.025
   3.414  -4.391  -1.427   3.746  -2.290  -1.321   3.428  -2.509  -0.293   3.737
  -1.404  -1.878   4.577  -0.963  -2.813   4.223  -1.958  -1.824   5.545  -0.593
  -1.137   4.738  -1.547  -1.182   2.107  -0.321  -0.840   2.094  -2.144  -1.404
   0.941  -3.067  -1.862   0.980  -1.467  -1.223  -0.320  -0.576  -1.800  -0.342
  -2.144  -1.680  -1.048  -1.174  -0.156  -0.530
  -4.997  -4.131   4.617  -4.729  -3.886   3.573  -5.414  -3.224   3.095  -4.703
  -4.832   3.016  -3.428  -3.221   3.429  -2.476  -3.912   3.020  -3.302  -1.911
   3.655  -4.154  -1.383   4.027  -2.068  -1.086   3.503  -2.286  -0.029   3.602
  -1.091  -1.349   4.675  -0.438  -2.191   4.590  -1.546  -1.588   5.613  -0.417
  -0.430   4.812  -1.390  -1.028   2.140  -0.377  -0.422   1.979  -1.922  -1.705
   1.121  -2.506  -2.469   1.506  -1.510  -1.774  -0.282  -0.422  -1.768  -0.307
  -1.760  -2.672  -0.758  -2.073  -1.052  -0.922
  -5.825  -3.399   3.008  -5.040  -3.839   3.638  -4.984  -4.921   3.574  -5.347
  -3.652   4.567  -3.628  -3.232   3.403  -2.693  -3.929   3.174  -3.414  -1.869
   3.607  -4.142  -1.246   3.730  -2.109  -1.163   3.564  -2.448  -0.171   3.756
  -1.174  -1.626   4.730  -0.642  -2.507   4.385  -1.829  -1.990   5.584  -0.432
  -0.839   5.010  -1.486  -1.244   2.183  -0.370  -0.721   1.909  -2.145  -1.863
   1.195  -3.093  -2.000   1.446  -1.752  -2.267  -0.136  -0.814  -2.721  -0.096
  -2.554  -2.950  -0.511  -1.724  -1.383  -0.846
  -5.894  -2.840   3.272  -5.134  -3.515   3.796  -5.210  -4.553   3.396  -5.424
  -3.276   4.768  -3.725  -3.161   3.653  -2.976  -4.096   3.335  -3.413  -1.851
   3.829  -4.114  -1.270   4.269  -2.170  -1.239   3.504  -2.426  -0.235   3.392
  -1.259  -1.502   4.696  -0.798  -2.515   4.672  -1.807  -1.213   5.621  -0.405
  -0.832   4.824  -1.432  -1.572   2.120  -0.211  -1.652   2.109  -2.254  -1.739
   0.995  -3.269  -1.714   1.199  -1.844  -2.071  -0.430  -2.300  -2.985  -0.877
  -2.059  -1.251  -1.044  -0.785  -2.149  -0.402
  -5.936  -3.170   2.835  -5.374  -3.135   3.805  -5.302  -4.153   4.330  -5.844
  -2.399   4.460  -3.940  -2.740   3.478  -3.143  -3.641   3.273  -3.674  -1.420
   3.460  -4.376  -0.673   3.715  -2.326  -0.940   3.266  -2.357   0.103   3.065
  -1.445  -1.292   4.456  -1.350  -2.404   4.589  -1.792  -0.949   5.413  -0.453
  -0.913   4.371  -1.663  -1.459   1.953  -0.466  -1.468   1.615  -2.565  -1.716
   0.978  -3.466  -1.409   1.285  -2.375  -2.166  -0.388  -3.331  -2.442  -0.851
  -1.787  -1.544  -1.019  -1.937  -3.153  -0.484
  -5.741  -2.120   4.061  -5.155  -2.937   4.279  -5.500  -3.933   3.853  -5.202
  -3.044   5.403  -3.679  -2.712   3.946  -2.965  -3.631   3.517  -3.325  -1.441
   3.915  -3.985  -0.857   4.432  -2.012  -0.998   3.533  -2.142   0.073   3.411
  -1.065  -1.208   4.694  -0.828  -2.272   4.849  -1.425  -0.740   5.562  -0.070
  -0.689   4.466  -1.452  -1.437   2.137  -0.221  -1.476   1.946  -2.298  -1.862
   1.129  -3.260  -1.718   1.355  -1.847  -2.016  -0.221  -2.743  -2.167  -0.917
  -1.294  -1.092  -0.555  -1.021  -2.745  -0.250
  -5.427  -3.970   3.668  -5.210  -2.967   4.210  -5.325  -3.157   5.259  -5.941
  -2.157   4.006  -3.769  -2.581   4.015  -2.971  -3.507   3.900  -3.479  -1.325
   3.874  -4.173  -0.615   3.994  -2.139  -0.829   3.530  -2.284   0.292   3.502
  -1.205  -1.155   4.707  -0.672  -2.104   4.752  -1.706  -1.001   5.695  -0.425
  -0.323   4.731  -1.613  -1.357   2.173  -0.386  -1.509   1.985  -2.484  -1.637
   1.176  -3.477  -1.746   1.443  -2.073  -1.964  -0.127  -2.592  -1.244  -0.808
  -0.989  -1.873  -0.349  -2.385  -2.998  -0.437
  -5.399  -3.894   3.619  -5.170  -3.101   4.352  -5.305  -3.433   5.410  -5.839
  -2.275   4.090  -3.692  -2.734   4.083  -2.862  -3.657   3.780  -3.400  -1.448
   4.018  -4.082  -0.800   4.277  -2.184  -0.806   3.496  -2.490   0.187   3.185
  -1.014  -0.597   4.594  -0.751  -1.600   4.938  -1.459  -0.037   5.450  -0.168
  -0.036   4.195  -1.665  -1.474   2.212  -0.485  -1.653   2.025  -2.641  -1.930
   1.369  -3.567  -1.753   1.648  -2.440  -2.516   0.003  -2.202  -1.630  -0.627
  -1.631  -3.288  -0.044  -3.428  -2.951  -0.305
  -5.541  -3.941   3.952  -5.240  -2.990   4.239  -5.549  -2.935   5.267  -5.756
  -2.190   3.630  -3.743  -2.935   4.112  -3.084  -3.986   4.052  -3.307  -1.687
   3.947  -4.056  -1.005   4.143  -1.963  -1.220   3.471  -2.244  -0.198   3.213
  -1.111  -1.000   4.715  -0.608  -1.904   5.013  -1.777  -0.534   5.462  -0.502
  -0.154   4.609  -1.483  -1.877   2.200  -0.311  -2.266   2.119  -2.336  -2.043
   1.141  -3.340  -1.833   1.257  -1.938  -2.397  -0.274  -1.314  -1.638  -0.667
  -1.337  -3.300  -0.286  -2.774  -2.596  -0.961
  -5.113  -4.550   5.065  -5.192  -3.754   4.305  -5.719  -2.892   4.804  -5.694
  -4.121   3.462  -3.826  -3.245   3.873  -2.918  -4.025   3.736  -3.636  -1.914
   3.737  -4.438  -1.369   3.965  -2.355  -1.215   3.527  -2.668  -0.174   3.403
  -1.511  -1.311   4.798  -1.664  -2.251   5.361  -1.842  -0.481   5.511  -0.527
  -1.055   4.711  -1.633  -1.597   2.221  -0.398  -1.584   2.126  -2.422  -1.880
   1.183  -3.376  -1.759   1.353  -2.085  -2.345  -0.165  -1.314  -1.767  -0.611
  -1.714  -3.397  -0.112  -3.023  -2.303  -0.764
  -5.683  -4.693   4.375  -5.652  -3.662   3.992  -6.061  -2.959   4.761  -6.436
  -3.551   3.315  -4.169  -3.275   3.660  -3.304  -4.109   3.324  -3.916  -1.985
   3.802  -4.688  -1.374   4.149  -2.534  -1.379   3.803  -2.767  -0.249   3.731
  -1.842  -1.747   5.096  -1.679  -2.826   5.145  -2.299  -1.390   6.010  -0.882
  -1.323   5.095  -1.742  -1.601   2.464  -0.486  -1.694   2.403  -2.463  -1.828
   1.372  -3.448  -1.895   1.401  -1.916  -2.430   0.109  -1.155  -1.765  -0.291
  -1.575  -3.452   0.341  -2.693  -2.512  -0.628
  -5.105  -5.010   4.901  -5.436  -4.095   4.421  -6.109  -3.676   5.105  -5.963
  -4.403   3.552  -4.129  -3.444   3.986  -3.162  -4.160   3.736  -4.012  -2.099
   4.093  -4.779  -1.568   4.489  -2.754  -1.408   3.752  -3.020  -0.342   3.552
  -1.893  -1.333   5.014  -1.661  -2.350   5.401  -2.512  -0.895   5.796  -0.974
  -0.871   4.790  -1.970  -1.843   2.476  -0.795  -1.555   2.391  -2.609  -2.370
   1.443  -3.621  -2.383   1.515  -1.973  -3.050   0.266  -0.879  -2.969   0.249
  -2.332  -4.049   0.302  -2.336  -2.472  -0.551
  -5.570  -5.124   4.315  -5.565  -4.005   4.316  -5.878  -3.576   5.279  -6.271
  -3.644   3.553  -4.206  -3.520   4.026  -3.273  -4.317   4.099  -4.071  -2.201
   3.782  -4.939  -1.710   4.029  -2.784  -1.436   3.554  -3.039  -0.358   3.554
  -1.863  -1.649   4.796  -1.386  -2.628   4.769  -2.303  -1.456   5.773  -1.051
  -0.933   4.787  -1.960  -1.649   2.280  -0.766  -1.321   2.231  -2.468  -2.383
   1.333  -3.453  -2.560   1.533  -1.840  -2.802   0.077  -1.108  -2.096  -0.292
  -1.396  -3.785   0.261  -2.626  -2.926  -0.632
