default_name                                                                    
  -1.177   1.670   1.475  -1.449   0.648   1.299  -1.744   0.499   0.269  -2.257
   0.445   2.011  -0.243  -0.183   1.540  -0.426  -1.279   2.016   0.842   0.376
   1.027   0.759   1.304   0.715   2.146  -0.309   0.847   2.851   0.442   0.341
   2.852  -0.586   2.168   3.794  -1.118   1.904   2.135  -1.206   2.760   3.107
   0.369   2.598   2.169  -1.513  -0.110   3.150  -2.216  -0.312   1.077  -1.817
  -0.782   0.171  -1.457  -0.426   1.026  -2.630  -1.984   0.102  -2.531  -2.578
   1.887  -2.533  -2.616   1.080  -3.672  -1.710
  -1.115   1.839   0.803  -1.324   0.765   1.194  -1.808   0.180   0.416  -1.984
   0.768   2.087  -0.018   0.004   1.533  -0.094  -1.021   2.180   1.160   0.371
   0.968   1.248   1.218   0.529   2.355  -0.473   1.076   3.064   0.094   0.525
   2.801  -0.493   2.621   3.840  -0.780   2.731   2.234  -1.285   3.109   2.725
   0.496   3.074   2.314  -1.783   0.321   3.327  -2.385   0.309   1.215  -2.044
  -0.467   0.322  -1.641  -0.142   1.139  -3.076  -1.486   0.128  -3.136  -1.819
   1.754  -2.922  -2.347   1.332  -3.971  -0.951
  -0.146   2.296   1.187  -0.796   1.423   1.242  -1.194   1.209   0.193  -1.598
   1.636   1.903  -0.007   0.202   1.665  -0.520  -0.831   2.107   1.283   0.267
   1.461   1.746   1.225   1.092   2.335  -0.804   1.528   3.181  -0.314   1.072
   2.583  -1.058   3.018   3.523  -1.620   3.154   1.837  -1.632   3.497   2.642
  -0.130   3.550   2.193  -2.030   0.571   3.200  -2.737   0.355   1.061  -2.132
  -0.134   0.196  -1.829   0.371   0.924  -3.046  -1.291  -0.064  -3.299  -1.552
   1.333  -2.574  -2.184   1.370  -4.038  -1.074
  -0.070   2.697   1.335  -0.529   1.744   1.139  -0.801   1.708   0.136  -1.487
   1.880   1.778   0.210   0.511   1.597  -0.455  -0.463   1.924   1.546   0.477
   1.558   1.961   1.317   1.349   2.471  -0.635   1.936   3.409  -0.195   1.853
   2.360  -1.051   3.430   3.142  -1.789   3.541   1.367  -1.472   3.678   2.611
  -0.307   4.169   2.535  -1.845   0.888   3.428  -2.716   0.872   1.461  -2.035
   0.113   0.711  -1.348   0.240   1.261  -3.232  -0.716   0.191  -3.608  -0.673
   1.479  -2.993  -1.740   1.978  -4.011  -0.544
  -0.131   2.175   1.471  -0.628   1.367   0.873  -0.251   1.549  -0.132  -1.740
   1.320   0.975   0.084   0.120   1.344  -0.559  -0.966   1.556   1.433   0.249
   1.338   1.835   1.151   1.188   2.482  -0.706   1.656   3.400  -0.188   1.670
   2.411  -0.974   3.172   3.221  -1.620   3.461   1.458  -1.576   3.402   2.428
  -0.156   3.836   2.619  -1.975   0.786   3.559  -2.768   1.006   1.555  -2.204
  -0.036   0.907  -1.405  -0.109   1.266  -3.565  -0.618   0.498  -4.007   0.037
   0.794  -3.548  -1.598   2.138  -4.238  -0.690
  -0.893   1.853   1.218  -0.856   0.933   0.641  -0.657   1.206  -0.356  -1.866
   0.558   0.496   0.039  -0.119   1.221  -0.421  -1.197   1.534   1.388   0.155
   1.261   1.750   1.014   0.902   2.565  -0.751   1.549   3.481  -0.244   1.360
   2.551  -1.028   3.037   3.028  -1.976   3.231   1.505  -1.054   3.236   3.055
  -0.163   3.489   2.667  -2.066   0.667   3.621  -2.751   0.709   1.639  -2.296
  -0.153   0.846  -1.669  -0.064   1.519  -3.324  -1.159   1.388  -4.318  -0.725
   0.651  -3.143  -1.776   2.353  -3.394  -1.806
  -0.303   1.744   0.461  -0.704   1.026   1.216  -1.748   0.662   0.874  -0.815
   1.435   2.185   0.174  -0.134   1.471  -0.338  -1.204   1.649   1.471   0.141
   1.593   1.833   1.069   1.744   2.505  -0.943   1.771   3.442  -0.441   1.421
   2.676  -1.164   3.224   3.685  -1.451   3.405   2.061  -2.000   3.521   2.357
  -0.365   3.866   2.574  -2.215   0.832   3.411  -3.109   1.097   1.644  -2.478
  -0.148   0.952  -1.745  -0.208   1.909  -3.111  -1.378   2.243  -4.131  -1.176
   1.036  -3.269  -2.037   2.703  -2.576  -1.751
  -0.432   1.369   0.610  -0.428   0.979   1.576  -1.468   0.803   1.806   0.045
   1.784   2.204   0.326  -0.289   1.652  -0.359  -1.279   1.776   1.630  -0.234
   1.769   2.093   0.663   1.737   2.493  -1.424   1.954   3.519  -1.134   1.813
   2.418  -1.833   3.420   3.038  -2.705   3.693   1.386  -2.089   3.684   2.668
  -1.061   4.142   2.338  -2.688   1.032   3.240  -3.508   1.096   1.349  -2.805
   0.152   0.573  -2.156   0.288   1.149  -3.658  -1.035   0.752  -4.628  -0.804
   0.265  -3.441  -1.685   2.035  -3.828  -1.693
   0.598   1.831   1.693  -0.193   1.141   1.967  -0.996   1.038   1.141  -0.676
   1.422   2.876   0.365  -0.268   2.059  -0.442  -1.168   1.988   1.716  -0.499
   2.152   2.262   0.343   2.135   2.496  -1.756   2.388   3.605  -1.559   2.330
   2.451  -2.061   3.935   3.288  -2.571   4.371   1.614  -2.701   4.198   2.362
  -1.198   4.536   2.351  -2.865   1.327   3.298  -3.630   1.196   1.262  -2.984
   0.649   0.540  -2.377   0.976   1.133  -3.710  -0.549   0.339  -4.587  -0.411
   0.788  -3.083  -1.372   2.119  -3.988  -0.692
   0.431   1.733   1.613  -0.291   0.900   1.751  -0.914   0.801   0.876  -0.951
   1.202   2.554   0.338  -0.417   2.177  -0.335  -1.401   2.302   1.638  -0.314
   2.321   1.970   0.602   2.162   2.642  -1.471   2.559   3.613  -1.059   2.468
   2.575  -1.885   4.078   3.515  -2.408   4.292   1.715  -2.447   4.280   2.635
  -1.001   4.653   2.674  -2.601   1.456   3.655  -3.387   1.374   1.556  -2.834
   0.762   0.781  -2.216   0.880   1.589  -3.763  -0.378   1.574  -4.803  -0.074
   0.676  -3.592  -0.999   2.514  -3.645  -0.954
   0.242   1.275   0.657  -0.198   0.836   1.530  -1.208   0.512   1.200  -0.295
   1.524   2.386   0.487  -0.387   2.054  -0.179  -1.371   2.414   1.806  -0.244
   2.055   2.109   0.547   1.628   2.781  -1.272   2.284   3.795  -0.864   2.317
   2.498  -1.926   3.630   3.330  -2.557   3.879   1.631  -2.585   3.631   2.296
  -1.179   4.406   2.932  -2.346   1.118   3.898  -3.081   1.063   1.893  -2.536
   0.356   1.035  -2.072   0.680   1.567  -3.778  -0.336   1.634  -4.687   0.364
   0.482  -3.628  -0.515   2.139  -3.947  -1.258
   0.440   1.786   2.538   0.170   1.178   1.689   0.640   1.626   0.866  -0.897
   1.286   1.479   0.796  -0.153   1.988   0.134  -1.190   1.865   2.119  -0.072
   2.090   2.594   0.786   2.252   2.984  -1.221   2.350   3.937  -0.664   2.390
   2.631  -1.954   3.657   3.469  -2.612   3.951   1.765  -2.600   3.293   2.114
  -1.418   4.486   3.171  -2.333   1.221   4.229  -3.016   1.272   2.234  -2.356
   0.213   1.519  -1.758   0.316   2.110  -3.508  -0.772   3.042  -3.913  -1.038
   1.382  -4.172  -0.399   1.837  -3.127  -1.779
  -0.825   1.240   2.237   0.014   1.139   1.662   0.697   1.947   1.941  -0.173
   1.214   0.609   0.528  -0.239   1.830  -0.178  -1.251   1.553   1.806  -0.321
   2.244   2.257   0.605   2.417   2.639  -1.435   2.600   3.595  -1.052   2.632
   2.442  -1.896   4.072   2.987  -2.866   4.223   1.458  -2.266   4.376   2.736
  -1.151   4.837   2.617  -2.702   1.697   3.440  -3.572   2.004   1.851  -2.802
   0.564   0.995  -2.308   0.658   2.085  -3.845  -0.473   2.971  -4.380  -0.218
   1.207  -4.454  -0.535   2.266  -3.496  -1.530
   0.561   1.772   2.284   0.379   0.933   1.563   0.925   1.029   0.645  -0.616
   0.864   1.240   0.750  -0.405   2.263  -0.106  -1.255   2.496   2.046  -0.617
   2.459   2.710   0.155   2.339   2.755  -1.805   2.897   3.850  -1.708   2.666
   2.478  -1.981   4.334   3.492  -2.026   4.707   1.991  -2.908   4.587   2.009
  -1.114   4.736   2.558  -3.128   2.051   3.379  -4.064   2.153   1.637  -3.101
   1.050   1.031  -2.291   0.955   1.958  -3.972  -0.101   1.674  -5.002   0.044
   1.399  -3.573  -0.975   3.001  -3.857  -0.203
   0.636   1.897   2.310   0.564   1.246   1.504   1.276   1.609   0.647  -0.504
   1.091   1.265   1.041  -0.060   2.093   0.184  -0.901   2.359   2.355  -0.309
   2.206   2.931   0.548   2.151   2.972  -1.570   2.828   4.035  -1.538   2.958
   2.587  -1.519   4.272   2.706  -0.503   4.668   3.164  -2.292   4.806   1.586
  -1.881   4.376   2.648  -2.957   2.203   3.414  -3.826   2.541   1.615  -3.131
   1.358   0.834  -2.557   1.388   1.638  -4.307   0.417   2.153  -5.263   0.704
   0.709  -4.458  -0.157   2.262  -3.950  -0.390
   1.544   2.056   2.829   1.533   1.387   1.951   2.368   1.727   1.308   0.510
   1.687   1.483   1.515  -0.128   2.260   0.444  -0.784   2.364   2.680  -0.630
   2.610   3.485   0.050   2.761   3.010  -1.978   3.089   4.096  -1.968   3.294
   2.466  -1.983   4.552   2.621  -0.987   4.871   2.973  -2.747   5.160   1.385
  -2.167   4.489   2.671  -3.277   2.271   3.314  -4.286   2.535   1.645  -3.295
   1.381   1.111  -2.435   1.258   1.119  -4.495   0.684   1.970  -5.205   0.458
   0.484  -4.964   1.467   0.717  -4.222  -0.294
   1.837   2.155   2.102   1.602   1.352   1.383   2.376   1.393   0.694   0.609
   1.524   0.867   1.666   0.067   2.120   0.480  -0.312   2.285   2.776  -0.545
   2.446   3.561   0.037   2.160   2.977  -1.829   3.107   4.048  -2.011   3.070
   2.587  -1.697   4.577   2.584  -0.620   4.890   3.311  -2.322   5.130   1.592
  -2.153   4.698   2.473  -3.095   2.387   3.301  -3.983   2.238   1.179  -3.131
   2.017   0.604  -2.277   2.224   0.637  -4.114   1.107   1.263  -4.423   0.268
   0.327  -5.031   1.599  -0.172  -3.708   0.538
   1.380   2.048   2.348   1.582   1.351   1.533   2.630   1.605   1.235   0.837
   1.474   0.735   1.418   0.041   2.217   0.342  -0.499   2.208   2.598  -0.437
   2.617   3.313   0.213   2.341   2.869  -1.761   3.263   3.933  -1.810   3.502
   2.051  -1.918   4.520   2.100  -0.988   5.124   2.315  -2.898   4.939   1.082
  -2.041   4.163   2.771  -2.920   2.199   3.755  -3.619   1.950   1.565  -3.151
   1.655   0.826  -2.537   1.863   1.104  -4.514   1.388   0.384  -4.478   0.583
   1.852  -5.313   1.235   0.443  -5.032   2.184
   0.693   1.970   2.043   1.392   1.315   1.462   2.304   1.842   1.564   1.120
   1.266   0.408   1.439  -0.037   2.059   0.436  -0.720   2.126   2.617  -0.391
   2.589   3.344   0.283   2.568   3.004  -1.582   3.294   3.984  -1.439   3.660
   2.164  -1.608   4.613   2.234  -0.678   5.120   2.518  -2.419   5.261   1.060
  -1.650   4.410   2.924  -2.945   2.605   3.952  -3.681   2.564   1.711  -3.268
   2.001   1.002  -2.545   1.885   1.276  -4.641   1.742   1.426  -4.802   0.706
   1.849  -5.289   2.300   0.249  -4.719   2.152
   0.573   1.453   0.758   1.469   1.323   1.396   1.515   2.211   2.034   2.392
   1.128   0.826   1.314  -0.004   2.128   0.340  -0.757   2.125   2.465  -0.398
   2.758   3.185   0.189   2.563   2.977  -1.696   3.321   4.105  -1.625   3.367
   2.317  -1.967   4.671   1.253  -1.838   4.784   2.774  -1.310   5.448   2.451
  -2.895   5.090   2.886  -2.958   2.443   3.837  -3.691   2.347   1.746  -3.170
   1.882   1.112  -2.418   1.948   1.524  -4.365   1.048   1.039  -4.059   0.087
   2.479  -4.902   0.851   0.826  -5.061   1.722
   0.277   1.492   1.524   1.244   1.319   1.968   1.339   1.975   2.766   2.014
   1.440   1.228   1.337  -0.132   2.437   0.375  -0.876   2.456   2.558  -0.521
   2.939   3.279   0.150   2.858   2.868  -1.861   3.422   3.947  -1.973   3.597
   2.261  -2.317   4.766   1.206  -2.464   4.713   2.376  -1.586   5.550   2.762
  -3.226   5.042   2.686  -3.018   2.370   3.540  -3.909   2.295   1.585  -3.103
   1.608   1.006  -2.362   1.909   1.012  -4.153   0.708   0.030  -4.009   0.223
   1.769  -4.479  -0.090   0.825  -5.052   1.314
  -0.387   1.036   1.776   0.722   1.061   1.940   0.983   1.870   2.675   1.168
   1.099   0.916   1.062  -0.268   2.599   0.128  -0.977   2.888   2.411  -0.542
   2.909   3.058   0.186   2.806   2.965  -1.735   3.486   4.045  -1.595   3.654
   2.378  -1.769   4.934   1.302  -1.656   4.917   2.762  -0.810   5.443   2.748
  -2.661   5.406   2.821  -2.965   2.567   3.753  -3.835   2.505   1.648  -3.198
   1.964   0.922  -2.571   2.204   1.173  -4.262   0.975   0.185  -4.722   1.276
   1.001  -3.760   0.046   2.047  -4.964   0.867
   0.100   1.054   1.862   1.122   0.960   2.321   1.065   1.602   3.181   1.861
   1.361   1.621   1.343  -0.491   2.619   0.415  -1.275   2.788   2.598  -0.820
   2.792   3.314  -0.210   2.498   3.126  -2.098   3.308   4.202  -2.029   3.344
   2.689  -2.284   4.774   1.677  -2.123   4.999   3.248  -1.615   5.409   3.003
  -3.324   5.166   2.927  -3.377   2.477   3.799  -4.187   2.348   1.794  -3.525
   1.891   1.182  -2.811   2.244   1.422  -4.356   0.845   0.371  -4.178   0.523
   2.223  -4.223   0.094   1.445  -5.459   1.184
   0.290   1.668   1.592   0.826   1.341   2.431   0.422   1.912   3.287   1.815
   1.759   2.069   0.841  -0.183   2.554   0.032  -0.825   1.912   1.910  -0.724
   3.241   2.420  -0.019   3.685   2.440  -2.087   3.469   3.452  -1.918   3.812
   1.823  -2.637   4.744   0.795  -2.426   4.746   2.004  -1.922   5.525   2.060
  -3.726   4.899   2.433  -3.193   2.392   3.345  -4.050   2.414   1.491  -3.238
   1.411   0.897  -2.390   1.218   1.355  -4.320   0.407   0.549  -4.149  -0.268
   2.325  -4.485  -0.147   1.126  -5.230   0.858
   0.895   1.628   1.688   0.353   1.354   2.526  -0.678   1.598   2.470   0.731
   1.806   3.467   0.459  -0.140   2.600  -0.385  -0.903   2.079   1.603  -0.490
   3.163   2.314   0.195   3.185   2.174  -1.779   3.563   3.112  -1.697   4.111
   1.310  -2.437   4.773   1.085  -1.570   5.453   1.888  -3.107   5.328   0.435
  -2.953   4.424   2.414  -2.827   2.394   3.328  -3.592   2.511   1.477  -3.036
   1.498   0.657  -2.511   1.609   1.484  -4.312   0.625   1.088  -5.153   1.134
   1.011  -4.157  -0.346   2.497  -4.770   0.474
   0.131   1.738   1.595  -0.275   1.289   2.520  -1.330   1.359   2.583   0.132
   1.823   3.351   0.138  -0.146   2.646  -0.719  -0.937   2.354   1.399  -0.261
   3.118   1.865   0.541   3.436   2.016  -1.510   3.532   2.987  -1.186   3.827
   1.298  -1.923   4.813   1.273  -1.183   5.535   1.609  -2.917   5.262   0.219
  -2.026   4.527   2.334  -2.710   2.480   3.562  -3.076   2.370   1.397  -3.112
   1.646   0.511  -2.648   1.729   1.567  -4.204   0.629   1.721  -5.215   0.989
   0.862  -4.206  -0.048   2.467  -3.981  -0.107
  -0.877   1.654   1.748   0.154   1.469   2.131   0.421   2.182   2.990   0.852
   1.789   1.385   0.403   0.035   2.634  -0.469  -0.822   2.661   1.647  -0.200
   3.024   2.282   0.621   2.974   2.373  -1.346   3.541   3.372  -0.934   3.558
   1.900  -1.665   4.970   2.014  -0.791   5.702   2.527  -2.351   5.425   0.930
  -2.052   4.995   2.483  -2.524   2.586   3.608  -3.099   2.461   1.396  -2.868
   1.919   0.655  -2.252   1.947   1.309  -3.935   0.869   0.425  -3.666   0.287
   2.133  -3.858   0.205   1.253  -4.964   1.275
  -0.505   1.596   0.996   0.444   1.554   1.436   0.596   2.364   2.259   1.209
   1.807   0.682   0.702   0.267   2.233  -0.252  -0.446   2.531   1.990   0.096
   2.530   2.603   0.819   2.112   2.734  -1.102   3.194   3.809  -0.992   3.217
   2.247  -1.355   4.695   2.636  -0.554   5.422   2.656  -2.364   5.006   1.192
  -1.430   4.875   2.695  -2.425   2.383   3.576  -3.260   2.592   1.657  -2.712
   1.531   0.862  -2.066   1.539   1.612  -3.851   0.591   2.282  -3.587  -0.193
   2.053  -4.754   1.027   0.585  -4.060   0.155
  -0.210   1.879   2.373   0.644   1.590   1.852   1.391   2.370   1.872   0.267
   1.464   0.843   1.012   0.256   2.421   0.167  -0.589   2.395   2.248   0.092
   2.869   2.838   0.934   2.797   2.912  -1.115   3.515   3.923  -0.884   3.763
   2.381  -1.336   4.934   2.921  -2.198   5.429   1.270  -1.635   4.909   2.433
  -0.552   5.661   2.944  -2.372   2.575   4.023  -2.873   2.321   1.741  -2.788
   2.005   0.919  -2.305   2.332   1.672  -3.695   0.845   1.380  -3.114  -0.044
   2.622  -4.120   0.665   0.953  -4.471   1.102
   0.361   2.008   3.191   0.489   1.387   2.271   1.193   2.083   1.862  -0.456
   1.200   1.673   0.982   0.059   2.495   0.172  -0.876   2.611   2.282  -0.083
   2.886   2.865   0.769   2.964   3.034  -1.370   3.159   4.077  -1.004   3.358
   2.686  -1.983   4.548   3.607  -2.470   4.877   1.754  -2.636   4.643   2.723
  -1.227   5.445   2.992  -2.488   2.154   4.074  -2.904   1.678   1.833  -2.852
   1.675   0.979  -2.511   2.212   1.509  -3.703   0.480   0.749  -3.359  -0.158
   2.397  -3.579  -0.190   1.538  -4.700   0.668
   0.675   2.287   2.399   0.843   1.475   1.673   1.663   1.743   0.887  -0.085
   1.324   1.116   1.345   0.232   2.495   0.421  -0.507   2.919   2.640   0.067
   2.738   3.334   0.767   2.553   3.223  -1.238   3.101   4.316  -1.015   3.079
   2.858  -1.739   4.484   3.317  -2.735   4.607   1.807  -1.953   4.568   3.167
  -1.120   5.289   3.084  -2.324   2.035   4.091  -2.865   1.503   1.861  -2.770
   1.650   1.166  -2.283   2.119   1.615  -3.773   0.655   2.027  -3.404  -0.260
   2.045  -4.730   1.053   0.556  -4.025   0.551
   1.958   2.038   1.309   1.066   1.578   1.762   0.332   1.416   0.947   0.546
   2.236   2.408   1.431   0.349   2.489   0.679  -0.642   2.598   2.727   0.240
   2.756   3.307   0.995   2.484   3.418  -1.056   3.034   4.481  -0.900   2.988
   3.040  -1.619   4.347   3.668  -2.552   4.491   2.027  -1.900   4.423   3.233
  -1.080   5.297   3.268  -2.172   1.887   4.284  -2.635   1.433   2.079  -2.613
   1.527   1.204  -2.173   1.837   2.021  -3.792   0.756   2.788  -3.573  -0.022
   2.394  -4.611   1.422   1.157  -4.111   0.253
   0.390   1.401   0.332   0.948   1.596   1.236   0.366   2.293   1.872   1.893
   2.109   0.971   1.384   0.400   2.071   0.423  -0.301   2.487   2.689   0.225
   2.286   3.262   0.955   1.951   3.383  -1.079   2.516   4.450  -0.903   2.722
   2.882  -1.738   3.776   3.256  -2.698   3.935   1.821  -1.731   3.715   3.299
  -1.206   4.705   3.307  -2.043   1.278   4.433  -2.470   0.901   2.210  -2.642
   0.972   1.440  -2.324   1.483   2.119  -4.004   0.507   2.535  -4.876   1.031
   1.042  -4.350   0.554   2.471  -3.928  -0.554
  -0.631   1.225   1.695   0.459   1.497   1.594   0.775   2.046   2.470   0.721
   1.904   0.689   1.200   0.215   2.026   0.558  -0.859   1.958   2.530   0.386
   2.267   3.002   1.290   2.557   3.427  -0.710   2.640   4.396  -0.312   2.617
   3.140  -1.208   4.087   3.818  -2.054   4.243   2.091  -1.539   3.987   2.992
  -0.389   4.742   3.584  -1.892   1.610   4.593  -2.093   0.936   2.556  -2.770
   1.479   1.767  -2.726   2.129   2.389  -3.865   0.559   2.884  -4.827   0.858
   1.350  -4.117   0.508   2.716  -3.488  -0.459
  -0.211   1.375   1.259   0.851   1.558   1.376   1.054   2.485   1.899   1.418
   1.741   0.459   1.320   0.380   2.116   0.549  -0.481   2.517   2.627   0.240
   2.294   3.186   1.032   2.084   3.469  -0.957   2.701   4.562  -0.540   2.897
   2.942  -1.413   4.133   3.706  -1.903   4.716   1.993  -1.843   4.224   2.725
  -0.410   4.614   3.618  -2.110   1.713   4.707  -2.459   1.276   2.519  -2.739
   1.419   1.659  -2.380   1.918   2.311  -3.903   0.421   3.204  -4.521   0.291
   1.532  -4.659   0.557   2.008  -3.443  -0.454
  -0.024   1.639   1.399   1.091   1.630   1.564   1.377   2.456   2.171   1.320
   1.683   0.562   1.304   0.259   2.156   0.383  -0.594   2.362   2.516   0.077
   2.658   3.065   0.893   2.616   3.172  -1.186   3.044   4.189  -0.814   3.042
   2.803  -1.434   4.493   3.518  -2.156   4.901   1.731  -1.849   4.261   2.908
  -0.570   5.058   3.262  -2.390   2.139   4.323  -3.015   2.008   2.107  -2.928
   1.743   1.185  -2.451   1.913   2.070  -4.005   0.753   2.557  -3.667  -0.198
   2.598  -4.817   1.056   0.970  -4.102   0.490
  -0.079   1.141   1.622   1.034   1.341   1.439   1.541   2.347   1.859   0.996
   1.368   0.366   1.517   0.024   1.980   0.733  -0.887   2.254   2.809  -0.052
   2.308   3.368   0.783   1.995   3.620  -1.112   2.842   4.667  -0.855   2.679
   3.382  -1.109   4.369   3.788  -2.010   4.868   2.352  -1.167   4.561   3.729
  -0.135   4.807   3.622  -2.513   2.177   4.639  -2.914   1.861   2.444  -3.057
   1.986   1.680  -2.502   2.150   2.227  -4.169   1.224   3.140  -4.548   0.758
   1.770  -4.936   1.891   1.641  -4.043   0.304
   0.321   1.950   1.768   1.288   1.708   2.080   1.467   2.291   3.006   1.912
   1.937   1.185   1.617   0.342   2.589   0.719  -0.454   2.740   2.887   0.100
   2.778   3.515   0.816   2.589   3.547  -1.072   3.410   4.560  -0.830   3.460
   3.094  -1.270   4.833   3.156  -2.358   5.127   1.976  -0.953   4.916   3.580
  -0.481   5.503   3.381  -2.260   2.518   4.356  -2.694   1.913   2.174  -2.835
   2.384   1.518  -2.357   2.968   1.999  -4.253   1.902   2.970  -4.761   1.804
   1.438  -4.822   2.619   1.548  -4.269   0.883
   0.250   1.303   0.719   0.716   1.518   1.663   0.007   2.032   2.299   1.489
   2.227   1.306   1.261   0.299   2.436   0.461  -0.390   3.135   2.607   0.229
   2.478   3.211   0.930   2.049   3.352  -0.980   2.986   4.362  -0.747   2.705
   3.418  -0.974   4.535   4.381  -1.164   4.815   2.636  -1.470   5.013   3.246
   0.014   5.002   3.007  -2.375   2.439   3.939  -3.096   2.035   1.777  -2.923
   2.389   1.124  -2.303   2.815   1.309  -4.359   2.320   1.608  -4.842   3.234
   0.148  -4.455   2.398   1.904  -4.809   1.518
   0.079   1.452   1.085   0.928   1.697   1.764   0.508   2.230   2.580   1.750
   2.177   1.290   1.442   0.302   2.174   0.586  -0.470   2.604   2.759   0.045
   2.207   3.341   0.801   1.878   3.459  -1.154   2.859   4.546  -1.213   2.559
   3.493  -0.769   4.384   4.100  -1.541   4.878   2.502  -0.688   4.789   3.890
   0.256   4.633   2.994  -2.525   2.392   3.829  -3.079   1.645   1.769  -3.021
   2.640   1.085  -2.391   3.112   1.236  -4.342   2.209   2.029  -5.074   1.932
   0.647  -4.675   3.087   0.619  -4.277   1.343
   0.049   1.380   0.983   0.928   1.630   1.496   0.746   2.411   2.291   1.629
   1.961   0.765   1.471   0.387   2.156   0.727  -0.473   2.655   2.801   0.164
   2.121   3.364   1.007   1.982   3.589  -1.039   2.413   4.407  -1.067   1.711
   3.979  -0.919   3.889   4.490  -1.848   4.064   3.138  -0.958   4.541   4.623
  -0.126   4.084   3.154  -2.524   2.065   3.751  -3.233   1.233   2.101  -3.019
   2.717   1.529  -2.271   3.049   1.544  -4.254   2.324   2.140  -5.077   2.850
   0.487  -4.403   2.579   1.660  -4.394   1.265
   0.425   1.606   1.809   1.430   1.458   1.466   2.096   2.279   1.894   1.294
   1.354   0.449   1.876   0.137   2.083   1.068  -0.542   2.744   3.178  -0.144
   2.038   3.771   0.365   1.442   3.742  -1.284   2.791   4.792  -1.176   2.534
   3.689  -0.995   4.332   4.177  -1.763   4.933   2.715  -1.085   4.766   4.003
   0.066   4.401   3.259  -2.751   2.486   4.112  -3.457   1.960   2.079  -3.230
   2.777   1.435  -2.528   3.090   1.562  -4.534   2.388   2.211  -5.269   3.020
   0.488  -4.585   2.714   1.822  -4.784   1.368
   0.716   1.089   0.728   1.886   0.948   0.772   2.326   1.931   1.010   2.204
   0.666  -0.187   2.079  -0.074   1.917   1.112  -0.548   2.485   3.342  -0.563
   2.172   4.168  -0.076   1.729   3.660  -1.714   3.111   4.704  -1.986   3.069
   3.362  -1.191   4.490   3.861  -1.881   5.211   2.301  -1.163   4.691   3.861
  -0.169   4.541   3.041  -3.157   2.677   3.786  -3.840   2.013   1.762  -3.611
   2.823   0.983  -3.045   3.207   1.141  -4.763   2.128   1.964  -5.424   1.809
   0.509  -5.283   2.841   0.614  -4.410   1.284
   1.068   1.298   0.840   1.909   0.653   0.601   2.835   1.279   0.634   1.824
   0.185  -0.315   1.976  -0.419   1.648   0.859  -0.782   2.186   3.174  -0.798
   2.075   4.128  -0.410   1.762   3.430  -1.893   3.019   4.567  -2.001   3.142
   2.999  -1.360   4.371   3.047  -2.093   5.136   1.957  -0.950   4.378   3.671
  -0.584   4.672   2.970  -3.338   2.746   3.795  -4.210   2.800   1.690  -3.618
   2.353   1.050  -2.775   2.336   1.311  -4.892   1.812   2.019  -5.124   1.056
   1.189  -5.578   2.632   0.217  -4.758   1.474
   1.389   1.087   0.706   2.377   0.631   0.693   3.213   1.245   0.988   2.710
   0.282  -0.286   2.230  -0.588   1.625   1.059  -0.921   1.857   3.413  -1.107
   2.027   4.224  -0.813   1.458   3.681  -1.896   3.181   4.807  -1.942   3.146
   3.312  -1.299   4.529   3.902  -1.835   5.215   2.288  -1.512   4.678   3.496
  -0.196   4.579   3.316  -3.364   3.103   4.157  -4.239   2.939   1.979  -3.586
   3.121   1.300  -2.830   3.369   1.458  -4.755   2.433   1.915  -4.774   1.439
   1.624  -5.603   3.121   0.423  -4.513   2.229
   1.174   1.076   0.139   2.235   0.868   0.428   2.623   1.812   0.886   2.893
   0.432  -0.382   2.137  -0.147   1.522   1.006  -0.522   1.883   3.300  -0.432
   2.071   4.120   0.046   1.638   3.549  -1.371   3.234   4.646  -1.463   3.345
   3.201  -0.688   4.595   3.525  -1.252   5.401   2.094  -0.510   4.648   3.659
   0.259   4.637   3.196  -2.894   3.176   4.045  -3.859   3.310   1.863  -3.070
   3.102   1.295  -2.161   3.045   1.190  -4.399   3.093   0.768  -4.461   2.101
   1.929  -5.153   3.195   0.557  -4.493   4.018
   1.194   1.361   0.596   2.007   0.595   0.737   2.967   1.124   0.721   1.942
  -0.109  -0.107   2.000  -0.131   2.076   0.932  -0.590   2.450   3.193  -0.264
   2.681   3.973   0.136   2.143   3.425  -1.189   3.815   4.490  -1.157   4.119
   2.739  -0.515   5.012   2.821  -1.171   5.858   1.623  -0.451   4.989   3.222
   0.475   5.162   3.172  -2.663   3.496   4.091  -3.453   3.393   1.983  -3.204
   3.558   1.246  -2.631   3.936   1.572  -4.656   3.417   1.920  -5.197   2.589
   1.809  -5.191   4.347   0.481  -4.668   3.422
   1.107   0.778   0.611   2.044   0.695   1.101   2.465   1.603   1.627   2.734
   0.424   0.307   1.935  -0.334   2.152   0.857  -0.830   2.430   3.072  -0.631
   2.802   3.777  -0.004   2.476   3.357  -1.432   3.981   4.443  -1.389   4.099
   2.738  -0.742   5.256   3.170  -1.115   6.188   1.598  -0.915   5.307   2.931
   0.306   5.192   3.038  -2.934   3.911   3.923  -3.797   3.681   1.755  -3.255
   3.804   1.074  -2.465   3.631   1.228  -4.673   3.736   1.852  -5.270   3.045
   1.228  -5.079   4.755   0.172  -4.681   3.298
   1.131   1.421   1.591   1.908   0.730   1.379   2.843   1.259   1.137   1.558
   0.289   0.508   2.047  -0.211   2.513   1.022  -0.553   3.143   3.316  -0.504
   2.841   4.079  -0.031   2.286   3.791  -1.370   4.010   4.925  -1.344   4.200
   3.248  -0.811   5.328   3.964  -1.117   6.054   2.223  -1.001   5.670   3.416
   0.285   5.340   3.333  -2.840   3.958   4.151  -3.785   3.932   2.038  -3.108
   4.065   1.452  -2.270   4.170   1.404  -4.427   3.840   1.964  -5.008   3.091
   1.512  -5.044   4.755   0.357  -4.338   3.548
   0.699   1.196   1.626   1.596   0.587   1.390   2.372   1.326   1.460   1.660
   0.175   0.310   1.776  -0.558   2.398   0.840  -0.991   3.065   3.012  -0.962
   2.562   3.649  -0.829   1.747   3.555  -1.671   3.787   4.625  -1.610   3.743
   3.157  -0.893   5.015   3.694  -1.331   5.787   2.097  -1.014   5.212   3.268
   0.162   4.863   3.283  -3.216   3.891   4.260  -3.958   3.857   2.038  -3.580
   4.096   1.336  -2.889   4.287   1.631  -4.981   4.376   1.282  -5.475   3.477
   2.531  -5.456   4.776   0.891  -5.042   5.195
   0.284   0.501   1.572   1.388   0.310   1.648   1.799   1.342   1.916   1.761
   0.036   0.704   1.790  -0.731   2.669   0.871  -1.364   3.186   3.091  -0.868
   2.935   3.730  -0.305   2.381   3.733  -1.810   3.905   4.789  -1.718   3.685
   3.625  -1.314   5.352   4.126  -2.010   6.031   2.687  -1.320   5.758   4.036
  -0.314   5.372   3.373  -3.351   3.821   4.259  -4.175   3.554   2.150  -3.706
   4.224   1.459  -3.044   4.104   1.675  -4.978   4.745   2.092  -5.761   4.098
   2.019  -5.217   5.749   0.594  -5.158   4.612
   0.194  -0.106   1.864   1.259  -0.124   1.685   1.756   0.885   1.880   1.487
  -0.414   0.605   1.915  -1.067   2.662   1.222  -1.614   3.525   3.225  -1.266
   2.618   3.710  -0.879   1.785   4.046  -1.791   3.737   5.094  -1.882   3.451
   4.131  -0.720   4.773   4.841  -1.040   5.601   3.088  -0.547   5.225   4.526
   0.210   4.360   3.755  -3.266   4.160   4.680  -4.092   3.952   2.568  -3.644
   4.682   1.789  -2.967   4.702   2.086  -4.989   4.953   2.497  -5.716   4.221
   2.430  -5.295   5.909   0.937  -5.007   4.868
   0.416  -0.038   1.728   1.486  -0.116   1.686   1.910   0.939   1.646   1.687
  -0.646   0.763   2.068  -0.942   2.833   1.305  -1.280   3.759   3.410  -1.077
   2.909   3.934  -0.518   2.272   4.142  -1.785   4.020   5.161  -1.944   3.629
   4.238  -0.963   5.266   5.034  -1.417   5.937   3.228  -1.026   5.686   4.593
   0.050   5.006   3.734  -3.244   4.283   4.601  -4.082   4.078   2.558  -3.581
   4.797   2.016  -2.709   4.880   2.010  -4.770   5.363   2.700  -5.584   5.440
   1.525  -4.388   6.289   1.168  -5.154   4.702
   0.564  -1.247   1.436   1.442  -0.484   1.618   1.090   0.535   1.622   2.204
  -0.546   0.788   2.046  -0.952   2.874   1.294  -1.017   3.856   3.368  -1.260
   2.822   3.692  -1.075   1.917   4.211  -1.860   3.902   5.205  -1.799   3.431
   4.336  -0.974   5.149   5.009  -1.438   5.883   3.378  -0.894   5.632   4.749
   0.014   4.911   3.953  -3.296   4.220   4.812  -4.100   3.901   2.852  -3.553
   4.936   2.148  -2.849   5.010   2.311  -4.873   5.113   3.138  -5.494   5.446
   1.622  -4.939   5.912   1.869  -5.148   4.161
   1.153  -1.135   0.839   1.379  -0.290   1.487   0.462   0.260   1.709   2.194
   0.299   0.979   1.833  -1.005   2.729   1.008  -1.561   3.494   3.124  -1.057
   2.822   3.564  -0.399   2.225   3.953  -1.688   3.772   5.025  -1.434   3.498
   3.709  -0.897   5.098   4.575  -1.127   5.740   2.832  -1.287   5.651   3.676
   0.212   4.944   3.852  -3.284   4.027   4.849  -4.068   3.840   2.603  -3.716
   4.298   1.956  -2.950   4.357   2.319  -5.027   4.946   3.160  -5.652   4.762
   2.075  -4.943   6.012   1.431  -5.411   4.441
   2.017  -0.885   0.478   1.613  -0.488   1.384   0.516  -0.539   1.386   1.937
   0.565   1.294   2.003  -1.136   2.736   1.138  -1.590   3.504   3.312  -1.193
   2.948   3.927  -0.753   2.252   4.029  -1.587   4.126   5.099  -1.550   3.934
   3.808  -0.666   5.271   4.390  -0.977   6.142   2.790  -0.477   5.540   4.227
   0.349   5.045   3.835  -3.105   4.450   4.719  -3.956   4.232   2.654  -3.468
   5.019   1.990  -2.785   5.034   2.238  -4.872   5.233   2.942  -5.613   4.887
   2.136  -4.947   6.301   1.242  -5.018   4.794
   2.055  -1.134   0.556   1.705  -0.638   1.470   0.618  -0.497   1.375   2.128
   0.368   1.481   2.103  -1.244   2.734   1.262  -1.780   3.485   3.391  -1.187
   3.087   3.922  -0.526   2.535   4.070  -1.761   4.212   5.102  -1.600   3.874
   3.849  -0.901   5.462   4.586  -1.186   6.286   2.838  -0.966   5.838   4.190
   0.186   5.180   3.906  -3.339   4.406   4.896  -4.074   4.281   2.725  -3.743
   4.937   2.056  -3.000   5.010   2.312  -5.057   5.433   1.933  -5.093   6.477
   1.488  -5.399   4.792   3.078  -5.826   5.302
   2.332   0.169   0.892   1.615  -0.115   1.666   0.733  -0.456   1.123   1.378
   0.794   2.240   2.170  -1.177   2.582   1.385  -1.925   3.126   3.465  -0.969
   2.915   3.784  -0.273   2.266   4.215  -1.540   4.056   5.233  -1.471   3.673
   4.140  -0.550   5.262   4.789  -0.759   6.126   3.153  -0.442   5.624   4.450
   0.436   4.861   4.009  -3.049   4.484   4.975  -3.798   4.459   2.795  -3.508
   4.906   1.988  -2.877   4.786   2.531  -4.946   5.130   3.274  -5.617   5.613
   1.597  -5.075   5.677   2.307  -5.495   4.218
   2.332  -0.588   0.758   1.781  -0.182   1.544   0.778  -0.272   1.288   2.016
   0.829   1.610   2.048  -0.957   2.822   1.197  -1.493   3.431   3.314  -1.052
   3.125   3.963  -0.637   2.509   4.052  -1.420   4.305   5.096  -1.460   3.850
   3.824  -0.344   5.406   4.732  -0.191   6.022   2.912  -0.642   5.936   3.607
   0.589   4.863   3.788  -2.885   4.764   4.739  -3.670   4.513   2.593  -3.318
   5.301   1.844  -2.628   5.392   2.372  -4.745   5.630   3.248  -5.322   5.313
   2.004  -4.783   6.716   1.503  -5.245   5.153
   2.770   0.689   1.418   1.889   0.369   1.883   1.013   0.166   1.186   1.557
   1.220   2.516   2.186  -0.902   2.706   1.303  -1.668   2.993   3.487  -1.108
   3.006   3.997  -0.508   2.469   4.163  -1.913   4.035   5.182  -2.087   3.651
   4.441  -0.901   5.168   5.353  -1.192   5.633   3.586  -0.929   5.884   4.511
   0.121   4.831   3.629  -3.244   4.614   4.416  -4.220   4.626   2.353  -3.281
   5.076   1.830  -2.435   5.063   1.684  -4.517   5.376   2.300  -5.160   5.883
   0.809  -4.219   6.018   1.465  -4.924   4.385
