default_name                                                                    
   22  0.3977500E+03
  -1.8512093  -2.1492905  -2.0068680  -2.0503364  -1.0382591  -1.9825447
  -2.9894713  -0.7117205  -1.5096236  -2.1807110  -0.5841868  -2.9669099
  -0.9257474  -0.4110376  -1.1494109  -1.0558966  -0.0775519   0.0220034
   0.2356768  -0.1849762  -1.7326924   0.3270483  -0.5235708  -2.6868149
   1.3877937   0.4604257  -1.0832362   1.1902286   0.5157792   0.0234989
   2.5952793  -0.4094175  -1.3394253   2.4980927  -1.4605126  -1.1495341
   3.4526115   0.0673857  -0.9035390   2.7574463  -0.3709206  -2.3952700
   1.6358941   1.9394088  -1.4804879   2.1298925   2.6785309  -0.6453484
   1.1035023   2.4481831  -2.6127805   0.6207800   1.7120466  -3.1825238
   1.4443221   3.7956290  -3.1930555   2.5450586   4.0260243  -3.0224516
   1.2914356   3.7292277  -4.2603998   0.8537233   4.5452822  -2.7291227
   0.0983992  -0.4043146   0.0872228   0.0874832   0.0399047  -0.0321414
  -1.4227536   0.0006544  -0.5075191   0.4628385  -0.1635408  -0.4081478
  -0.5461163  -0.0244914   0.0342516  -0.1231797  -0.0215178   0.1250262
   0.1837780  -0.3701777   0.0166854  -1.1780012  -0.6963283   0.2763069
   0.0738513   0.1252938  -0.0157359   1.0397876  -0.2096624   1.3804218
  -0.2413417  -0.2359512  -0.0403838   0.0101116  -0.1459070  -1.3718808
   0.0010376  -0.2570958   1.6139776  -0.9087478   0.3281870   0.2865459
   0.1774270  -0.0328639  -0.4589575   0.1360763  -0.3217578  -0.1649695
   0.4533793  -0.0335601   0.2700950  -1.1894048  -0.2198207  -0.6122684
  -0.2952963   0.0689207   0.1242376  -0.7547435   0.1908116   1.5167752
  -1.0251142  -0.9033239  -0.5704317   0.4493273  -1.5685834  -0.0815091
