default_name                                                                    
  -1.798   0.806  -0.626  -2.125   0.086   0.149  -2.828  -0.666  -0.270  -2.438
   0.619   0.978  -0.836  -0.727   0.357  -0.312  -1.397  -0.566  -0.377  -0.646
   1.554  -0.979  -0.018   2.112   0.862  -1.152   2.030   1.070  -0.805   3.021
   0.879  -2.640   2.261   1.705  -2.946   2.909   0.838  -3.205   1.324   0.105
  -2.903   2.911   2.064  -0.435   1.315   3.056  -1.169   1.003   1.859   0.799
   0.777   0.952   1.202   0.869   2.955   1.668   0.197   2.667   2.252  -0.669
   3.526   2.194   0.951   3.653   0.937  -0.223
  -2.382   0.109  -0.500  -2.197  -0.177   0.574  -2.898  -1.023   0.786  -2.270
   0.726   1.254  -0.810  -0.777   0.648  -0.227  -1.164  -0.368  -0.170  -0.742
   1.842  -0.626  -0.107   2.609   1.237  -1.180   2.079   1.369  -0.864   3.137
   1.162  -2.734   1.928   2.106  -3.132   2.199   0.906  -3.136   0.888   0.500
  -3.120   2.710   2.424  -0.538   1.250   3.526  -1.110   1.220   2.276   0.667
   0.742   1.394   1.086   0.734   3.254   1.355  -0.004   2.723   2.095  -0.511
   3.983   1.808   0.623   3.773   0.718  -0.729
  -2.974  -0.823  -0.367  -2.425  -0.180   0.300  -2.901  -0.381   1.244  -2.350
   0.817   0.079  -0.954  -0.611   0.341  -0.360  -0.929  -0.672  -0.287  -0.532
   1.524  -0.830  -0.274   2.331   1.017  -1.152   1.860   1.246  -1.044   2.951
   0.912  -2.683   1.878   1.721  -3.002   2.487   0.997  -3.192   0.963   0.021
  -2.972   2.369   2.240  -0.532   1.103   3.311  -1.141   0.866   2.199   0.767
   0.954   1.353   1.245   1.292   3.318   1.620   0.629   4.166   1.090   0.216
   3.009   2.464  -0.019   3.684   2.117   1.475
  -2.962   0.084  -0.381  -2.155   0.554   0.203  -2.547   0.569   1.222  -1.974
   1.646  -0.005  -0.920  -0.365   0.226  -0.336  -0.616  -0.817  -0.538  -0.680
   1.491  -1.160  -0.439   2.200   0.768  -1.263   1.765   0.921  -1.170   2.793
   0.744  -2.728   1.418   1.635  -3.200   1.764   0.580  -2.796   0.383   0.010
  -3.235   1.935   2.036  -0.625   1.210   3.189  -1.139   1.230   1.932   0.621
   0.710   1.036   1.106   0.698   3.143   1.476   0.553   3.500   1.622   1.632
   3.846   0.833   0.041   3.009   2.342  -0.032
  -2.268   1.006  -0.455  -2.256   0.077   0.203  -3.062  -0.658  -0.115  -2.469
   0.378   1.192  -0.908  -0.559   0.157  -0.412  -0.772  -0.987  -0.414  -0.786
   1.395  -1.022  -0.619   2.205   0.901  -1.323   1.646   1.156  -1.157   2.698
   0.952  -2.831   1.384   1.929  -3.252   1.802   0.865  -3.019   0.382   0.149
  -3.276   1.959   2.133  -0.561   0.937   3.106  -1.167   0.481   2.033   0.768
   0.829   1.139   1.132   1.096   2.988   1.679   0.179   3.864   1.847   0.785
   3.411   1.140  -0.729   2.655   2.610  -0.234
  -2.453   0.320  -0.794  -2.456  -0.317   0.068  -3.099  -1.169  -0.199  -2.967
   0.142   0.925  -1.046  -0.768   0.255  -0.312  -0.892  -0.770  -0.626  -1.084
   1.469  -1.138  -0.953   2.301   0.712  -1.581   1.700   0.810  -1.490   2.772
   0.705  -3.096   1.234   1.730  -3.552   1.362   0.428  -3.216   0.160  -0.049
  -3.643   1.701   1.871  -0.682   1.144   2.976  -1.185   0.849   1.605   0.637
   1.052   0.700   0.992   1.424   2.563   1.675   0.513   3.522   1.483   0.940
   2.782   1.436  -0.550   2.279   2.710   0.523
  -2.931  -0.093  -1.048  -2.791  -0.498   0.000  -3.336  -1.448   0.080  -3.225
   0.155   0.780  -1.262  -0.733   0.091  -0.633  -1.022  -0.983  -0.764  -0.881
   1.330  -1.465  -0.810   2.073   0.665  -1.420   1.582   0.827  -1.204   2.647
   0.678  -3.000   1.487   0.957  -3.315   0.541  -0.161  -3.411   1.946   1.490
  -3.293   2.104   1.802  -0.619   0.871   2.916  -1.135   0.749   1.562   0.563
   0.417   0.624   0.821   0.613   2.452   1.570  -0.153   3.244   1.628   0.582
   2.819   1.208  -1.161   1.998   2.530  -0.198
  -3.169  -0.933  -0.800  -2.762  -0.512   0.099  -3.308  -0.914   0.970  -2.968
   0.549  -0.052  -1.323  -0.924   0.250  -0.644  -1.144  -0.720  -0.794  -1.071
   1.489  -1.279  -0.656   2.252   0.518  -1.523   1.813   0.669  -1.251   2.805
   0.563  -3.036   1.790   0.259  -3.368   0.783  -0.037  -3.483   2.568   1.520
  -3.450   1.909   1.682  -0.873   1.039   2.658  -1.569   0.743   1.606   0.421
   0.654   0.746   0.921   0.921   2.673   1.104  -0.059   3.020   1.880   0.581
   3.405   0.416  -0.372   2.313   1.748  -0.894
  -3.450  -0.601   0.238  -2.703  -0.187  -0.542  -2.665   0.903  -0.727  -2.775
  -0.814  -1.482  -1.281  -0.614  -0.108  -0.451  -0.744  -0.971  -0.958  -0.693
   1.194  -1.655  -0.330   1.891   0.304  -1.145   1.776   0.256  -0.648   2.730
   0.265  -2.645   2.136   0.456  -3.173   1.301  -0.648  -2.938   2.638   1.114
  -2.879   2.820   1.758  -0.730   1.177   2.704  -1.520   1.148   1.668   0.440
   0.498   0.719   0.758   0.255   2.776   1.221  -0.197   3.634   1.409   0.317
   3.071   0.709  -1.089   2.410   2.143  -0.626
  -3.170  -0.056   0.908  -2.485   0.471   0.202  -2.303   1.465   0.615  -2.882
   0.570  -0.875  -1.257  -0.475   0.233  -0.862  -1.052  -0.778  -0.648  -0.621
   1.444  -1.027  -0.078   2.220   0.575  -1.430   1.666   0.761  -1.427   2.733
   0.352  -2.998   1.413   0.372  -3.110   0.359  -0.641  -3.374   1.722   1.127
  -3.637   1.685   1.964  -0.937   1.065   3.005  -1.505   0.885   1.847   0.344
   0.620   0.942   0.847   0.874   2.814   1.172  -0.065   3.786   1.013   0.416
   2.833   0.922  -1.173   2.511   2.253  -0.029
  -3.458  -0.685   0.579  -2.811  -0.071  -0.071  -3.037   1.030   0.258  -3.240
  -0.289  -0.993  -1.452  -0.660   0.043  -0.967  -1.128  -0.988  -0.910  -0.756
   1.216  -1.484  -0.336   1.958   0.420  -1.297   1.659   0.565  -0.956   2.687
   0.439  -2.839   1.655   0.066  -3.275   0.743  -0.202  -3.184   2.429   1.410
  -3.423   1.861   1.609  -0.762   0.847   2.631  -1.442   0.765   1.472   0.444
   0.317   0.631   0.953   0.555   2.739   1.156   0.194   2.618   2.196  -0.059
   3.367   1.093   1.155   3.373   0.784  -0.582
  -3.392  -0.058   0.597  -2.510   0.144  -0.043  -2.197   1.014   0.422  -2.787
   0.356  -1.090  -1.321  -0.792   0.070  -0.802  -1.260  -0.937  -0.998  -1.224
   1.297  -1.408  -0.655   1.980   0.293  -1.864   1.596   0.346  -1.790   2.623
   0.299  -3.352   1.301   0.393  -3.608   0.286  -0.539  -3.872   1.684   1.187
  -3.758   1.820   1.591  -1.166   1.104   2.649  -1.772   0.929   1.410   0.175
   0.884   0.623   0.682   1.128   2.531   0.975   0.328   2.306   2.026   0.319
   3.387   0.882   0.996   2.628   0.720  -0.727
  -3.511  -0.862   0.058  -2.734  -0.543  -0.682  -2.866   0.530  -0.713  -2.937
  -0.950  -1.695  -1.365  -1.035  -0.249  -0.568  -1.301  -1.173  -1.176  -1.191
   1.030  -1.780  -0.744   1.761   0.034  -1.900   1.551   0.061  -1.587   2.581
  -0.179  -3.406   1.506  -0.245  -3.798   0.493  -1.061  -3.693   2.002   0.706
  -3.931   1.804   1.487  -1.250   1.134   2.462  -1.983   0.941   1.597   0.101
   1.031   0.715   0.622   1.018   2.739   0.851   0.533   2.549   1.958   0.735
   3.660   0.482   1.102   2.800   0.556  -0.553
  -3.685  -2.002  -0.251  -3.076  -1.157  -0.666  -3.437  -0.236  -0.143  -3.037
  -1.128  -1.758  -1.665  -1.441  -0.329  -0.901  -1.704  -1.248  -1.422  -1.315
   1.036  -2.231  -1.195   1.639  -0.133  -1.603   1.669  -0.301  -1.248   2.621
   0.122  -3.171   1.790   0.231  -3.494   0.729  -0.697  -3.721   2.270   1.063
  -3.428   2.243   1.059  -0.740   1.235   2.221  -1.170   1.352   0.848   0.440
   0.671  -0.079   0.588   0.420   1.786   1.429   0.160   1.423   2.391   0.273
   2.742   1.435   0.689   1.930   1.384  -0.878
  -3.627  -2.498  -0.100  -3.129  -1.562  -0.271  -3.617  -0.682   0.119  -3.304
  -1.414  -1.300  -1.636  -1.516   0.076  -0.756  -1.703  -0.789  -1.281  -1.320
   1.369  -2.092  -1.301   1.962  -0.011  -1.482   2.091  -0.197  -1.157   3.102
   0.066  -3.013   2.337   0.225  -3.553   1.434  -0.905  -3.393   2.568   0.929
  -3.183   3.008   1.267  -0.750   1.568   2.386  -1.302   1.759   1.040   0.357
   0.864   0.074   0.605   0.937   2.045   1.261   0.377   1.729   1.811  -0.473
   2.263   1.985   1.175   2.952   0.812   0.131
  -3.344  -0.518   0.718  -3.082  -1.257  -0.119  -3.029  -0.845  -1.150  -3.757
  -2.123  -0.058  -1.621  -1.655   0.237  -0.787  -1.880  -0.644  -1.254  -1.580
   1.521  -2.026  -1.293   2.148   0.195  -1.602   2.016   0.139  -1.158   3.060
   0.736  -2.987   2.266   0.876  -3.522   1.305   0.010  -3.521   2.892   1.717
  -2.949   2.653   1.172  -0.653   1.301   2.430  -0.793   1.386   0.669   0.366
   0.544  -0.358   0.317   0.454   1.281   1.288  -0.323   0.515   1.794  -0.943
   1.746   2.159   0.259   2.016   0.758  -0.965
  -3.417  -0.680   0.847  -3.041  -0.998  -0.118  -2.926  -0.077  -0.718  -3.597
  -1.859  -0.624  -1.583  -1.503   0.204  -0.941  -1.959  -0.701  -1.094  -1.355
   1.442  -1.618  -1.003   2.116   0.320  -1.794   1.830   0.505  -1.492   2.858
   0.359  -3.307   1.848   0.260  -3.602   0.806  -0.527  -3.801   2.352   1.311
  -3.660   2.241   1.373  -0.986   0.996   2.346  -1.521   0.586   1.059   0.222
   0.555   0.243   0.631   0.951   1.891   1.153  -0.300   2.013   2.066   0.244
   2.939   0.808  -0.452   1.442   1.294  -1.271
  -3.532  -1.934   0.181  -3.026  -0.930   0.241  -3.412  -0.650   1.179  -3.207
  -0.248  -0.626  -1.598  -1.257   0.355  -0.887  -1.309  -0.687  -1.115  -1.478
   1.588  -1.730  -1.364   2.326   0.295  -1.824   1.985   0.313  -1.438   3.053
   0.575  -3.326   2.081   0.577  -3.730   1.035  -0.182  -3.740   2.808   1.503
  -3.598   2.587   1.391  -1.020   1.239   2.425  -1.511   0.783   1.143   0.249
   0.939   0.330   0.658   1.336   1.913   1.273   0.171   2.085   2.169   0.817
   2.826   0.818  -0.217   1.359   1.537  -0.682
  -3.987  -1.070   0.935  -3.270  -0.504   0.421  -3.210   0.529   0.923  -3.601
  -0.519  -0.639  -1.890  -1.081   0.362  -1.548  -1.586  -0.707  -1.235  -1.086
   1.511  -1.881  -0.664   2.217   0.113  -1.570   1.765   0.287  -1.286   2.754
   0.151  -3.129   1.666   0.113  -3.457   0.699  -0.731  -3.525   2.248   1.063
  -3.543   1.993   1.262  -0.948   1.028   2.152  -1.646   0.505   1.138   0.382
   0.844   0.404   0.939   1.302   2.141   1.124   0.132   2.313   2.173   0.579
   3.122   0.582   0.184   1.801   1.294  -0.886
  -3.526  -0.747   1.356  -2.979  -0.353   0.564  -2.781   0.669   0.755  -3.618
  -0.412  -0.348  -1.662  -1.032   0.411  -1.264  -1.480  -0.678  -0.955  -1.135
   1.530  -1.322  -0.917   2.433   0.389  -1.661   1.507   0.705  -1.485   2.515
   0.234  -3.212   1.336  -0.133  -3.448   0.402  -0.478  -3.627   2.043   1.147
  -3.671   1.577   1.585  -0.919   0.807   2.629  -1.522   0.485   1.410   0.361
   0.594   0.542   0.748   0.822   2.281   1.244  -0.081   2.386   2.182   0.539
   3.267   0.746  -0.230   1.902   1.446  -1.056
  -3.806  -1.574   1.151  -3.229  -0.725   0.811  -3.216   0.048   1.627  -3.508
  -0.229  -0.095  -1.732  -1.081   0.547  -1.402  -1.187  -0.614  -1.027  -1.235
   1.626  -1.495  -0.956   2.470   0.284  -1.750   1.786   0.681  -1.531   2.817
   0.213  -3.244   1.693  -0.237  -3.561   0.713  -0.513  -3.622   2.465   1.151
  -3.783   1.992   1.346  -1.195   0.785   2.180  -1.934   0.247   1.286   0.050
   0.445   0.577   0.615   0.838   2.306   0.879  -0.276   2.105   1.004  -1.320
   2.386   1.779   0.345   3.330   0.510  -0.233
  -3.629  -1.159   1.276  -3.203  -0.516   0.477  -3.211   0.521   0.793  -3.550
  -0.706  -0.527  -1.751  -0.982   0.397  -1.276  -1.353  -0.675  -1.102  -1.108
   1.590  -1.580  -0.680   2.377   0.253  -1.612   1.805   0.566  -1.240   2.773
   0.283  -3.133   1.796   0.104  -3.595   0.740  -0.543  -3.577   2.406   1.221
  -3.509   2.217   1.316  -1.097   0.749   2.130  -1.786   0.134   1.214   0.189
   0.302   0.324   0.651   0.514   2.331   0.899  -0.382   2.184   1.978  -0.429
   3.256   0.822   0.057   2.412   0.541  -1.410
  -3.425  -0.604   1.426  -2.720  -0.237   0.731  -2.364   0.629   1.315  -3.202
   0.124  -0.225  -1.540  -1.147   0.443  -1.329  -1.802  -0.614  -0.783  -1.228
   1.568  -1.069  -0.702   2.362   0.565  -1.824   1.773   0.883  -1.321   2.728
   0.636  -3.282   2.167   0.046  -3.384   3.060   1.642  -3.624   2.363   0.366
  -3.921   1.335   1.694  -1.327   0.780   2.699  -1.981   0.685   1.553  -0.172
   0.174   0.681   0.280   0.271   2.632   0.680  -0.271   2.368   1.686  -0.124
   3.531   0.587   0.286   2.878   0.341  -1.293
  -3.341  -1.506   0.418  -2.524  -1.054  -0.165  -2.425   0.062  -0.134  -2.911
  -1.350  -1.174  -1.229  -1.826   0.232  -0.931  -2.818  -0.462  -0.580  -1.344
   1.262  -1.066  -0.558   1.673   0.728  -1.772   1.874   0.816  -1.283   2.821
   0.789  -3.292   2.101  -0.200  -3.728   2.323   1.501  -3.462   2.930   1.248
  -3.727   1.200   1.908  -1.283   1.003   3.080  -1.815   1.273   1.774  -0.279
   0.154   0.906   0.135   0.062   2.934   0.344  -0.616   3.119  -0.092  -1.620
   2.636   1.422  -0.746   3.832   0.379  -0.049
  -2.770  -1.815  -1.450  -2.400  -1.155  -0.677  -3.047  -1.299   0.176  -2.267
  -0.124  -0.890  -1.026  -1.536  -0.096  -0.385  -2.425  -0.712  -0.632  -0.984
   1.106  -1.291  -0.375   1.553   0.547  -1.413   1.836   0.538  -0.838   2.786
   0.449  -2.954   2.010  -0.488  -3.312   2.527   1.267  -3.298   2.661   0.692
  -3.516   1.071   1.848  -1.032   1.095   2.912  -1.449   1.595   1.778  -0.311
  -0.004   0.899  -0.049  -0.287   2.909  -0.089  -0.871   2.494  -0.036  -1.815
   3.509   0.789  -0.787   3.648  -0.878  -0.681
  -3.345  -1.436   0.070  -2.451  -1.055  -0.400  -2.328   0.026   0.038  -2.587
  -0.998  -1.464  -1.306  -1.832   0.221  -1.062  -2.889  -0.286  -0.663  -1.290
   1.289  -0.947  -0.344   1.561   0.582  -1.889   1.806   0.834  -1.442   2.808
   0.521  -3.380   2.125  -0.198  -3.560   2.952   1.479  -3.725   2.568   0.106
  -4.026   1.371   1.938  -1.491   1.092   3.026  -2.019   1.329   1.651  -0.545
   0.150   0.717  -0.569  -0.043   2.483   0.378  -0.524   2.205   1.444  -0.364
   3.498   0.163  -0.277   2.524   0.078  -1.591
  -2.766  -0.435   0.235  -2.812  -1.474  -0.024  -2.855  -1.718  -1.119  -3.391
  -2.078   0.589  -1.284  -1.850   0.345  -0.558  -2.055  -0.640  -0.923  -1.697
   1.627  -1.637  -1.514   2.310   0.496  -1.900   1.987   0.547  -1.541   2.993
   0.705  -3.469   2.227  -0.029  -3.667   3.008   1.625  -3.719   2.744   0.634
  -3.983   1.310   1.567  -1.230   1.170   2.680  -1.671   1.331   1.315  -0.230
   0.380   0.376   0.059   0.233   2.223   0.427  -0.604   2.772   1.250  -0.170
   2.962  -0.285  -1.028   1.741   0.834  -1.571
  -3.506  -1.337   0.882  -2.982  -1.554  -0.068  -3.055  -0.716  -0.784  -3.456
  -2.404  -0.619  -1.500  -1.913   0.208  -0.853  -2.553  -0.621  -1.060  -1.580
   1.441  -1.623  -0.992   2.082   0.259  -1.802   1.945   0.302  -1.379   2.853
   0.432  -3.309   2.215  -0.616  -3.614   2.503   1.188  -3.407   3.016   0.698
  -3.846   1.317   1.496  -1.213   1.149   2.659  -1.467   1.658   1.284  -0.400
   0.101   0.270  -0.355  -0.045   2.184   0.438  -0.717   2.633   1.200  -0.083
   3.034  -0.280  -1.115   1.722   1.009  -1.507
  -3.925  -2.339   0.249  -3.146  -1.509  -0.022  -3.481  -0.538   0.445  -3.247
  -1.553  -1.153  -1.721  -1.877   0.459  -1.113  -2.568  -0.358  -1.097  -1.175
   1.398  -1.638  -0.554   1.962   0.292  -1.496   1.849   0.723  -0.843   2.645
   0.074  -2.865   2.751  -0.734  -2.679   3.421   1.074  -3.100   3.291  -0.041
  -3.608   1.990   1.305  -1.457   0.730   2.355  -2.126   0.713   1.199  -0.585
  -0.219   0.406  -0.031  -0.095   2.026  -0.402  -1.348   3.036  -0.626  -1.033
   1.885  -0.914  -2.251   1.967   0.661  -1.674
  -3.917  -1.983   0.397  -3.383  -1.573  -0.493  -3.583  -0.561  -0.675  -3.746
  -2.007  -1.360  -1.883  -1.995  -0.127  -1.217  -2.673  -0.909  -1.353  -1.394
   0.970  -1.916  -1.006   1.691   0.031  -1.625   1.404   0.224  -0.897   2.291
   0.184  -2.985   1.987  -0.673  -3.187   2.600   1.199  -3.039   2.414   0.090
  -3.736   1.217   1.146  -1.509   0.371   2.069  -2.322   0.182   1.190  -0.367
  -0.411   0.700   0.457  -0.109   2.274  -0.274  -1.527   3.336  -0.273  -1.281
   2.161  -1.080  -2.300   2.089   0.628  -2.027
  -3.635  -1.480   1.235  -3.345  -1.013   0.266  -3.382   0.082   0.380  -3.977
  -1.240  -0.576  -1.917  -1.487   0.133  -1.511  -2.201  -0.769  -1.190  -1.099
   1.122  -1.562  -0.447   1.829   0.174  -1.485   1.493   0.381  -0.855   2.323
   0.174  -2.904   2.095  -0.561  -2.982   2.812   1.182  -3.120   2.436  -0.104
  -3.682   1.348   1.367  -1.214   0.506   2.402  -1.961   0.591   1.116  -0.568
  -0.672   0.194  -0.090  -0.704   1.998  -0.165  -1.701   2.991   0.102  -1.332
   2.124  -1.112  -2.177   1.688   0.584  -2.457
  -3.729  -1.990   1.028  -3.229  -1.181   0.484  -3.517  -0.171   0.803  -3.638
  -1.261  -0.536  -1.725  -1.471   0.437  -1.255  -2.369  -0.259  -0.978  -0.714
   1.270  -1.533   0.001   1.711   0.440  -0.943   1.712   0.501  -0.104   2.398
   0.551  -2.241   2.380  -0.324  -2.075   3.040   1.446  -2.147   2.990   0.392
  -3.098   1.801   1.548  -0.695   0.626   2.672  -1.191   0.924   1.298  -0.150
  -0.582   0.304  -0.149  -0.765   2.207  -0.237  -1.770   3.272   0.030  -1.506
   2.016  -1.143  -2.323   1.810   0.423  -2.476
  -3.350  -2.355   0.118  -3.018  -1.564   0.698  -3.276  -1.678   1.772  -3.427
  -0.654   0.318  -1.506  -1.526   0.488  -1.136  -1.666  -0.662  -0.744  -1.397
   1.559  -1.231  -1.174   2.418   0.633  -1.750   1.810   0.956  -0.848   2.413
   0.689  -3.016   2.599  -0.200  -2.967   3.232   1.626  -3.028   3.207   0.745
  -3.862   1.879   1.775  -1.560   0.780   2.805  -2.244   0.843   1.590  -0.734
  -0.231   0.723  -0.223  -0.322   2.496  -0.432  -1.319   3.201  -1.201  -1.681
   2.035  -0.106  -2.276   3.255   0.369  -1.041
  -3.123  -1.646   0.459  -2.296  -1.053   0.620  -2.395  -0.442   1.573  -2.128
  -0.322  -0.196  -1.004  -1.798   0.658  -0.581  -2.321  -0.342  -0.453  -1.892
   1.916  -0.803  -1.135   2.515   0.984  -2.233   2.223   1.435  -1.833   3.121
   1.054  -3.818   2.292   0.507  -4.093   3.148   1.973  -4.235   2.539   0.358
  -4.233   1.482   1.961  -1.802   1.067   2.666  -2.648   0.527   1.906  -0.568
   0.684   1.123  -0.104   1.070   2.179  -0.076  -0.640   3.016  -0.614  -1.022
   1.421  -0.443  -1.329   2.410   1.031  -0.699
  -3.338  -2.005   0.827  -2.785  -1.110   1.001  -2.780  -0.834   2.028  -2.996
  -0.138   0.494  -1.336  -1.473   0.623  -1.091  -1.729  -0.558  -0.509  -1.495
   1.647  -0.955  -1.159   2.540   0.735  -2.389   1.704   1.229  -2.099   2.597
   0.306  -3.844   1.788  -0.545  -4.011   2.533   1.150  -4.443   1.968  -0.079
  -4.245   0.738   1.734  -2.125   0.593   2.632  -3.005   0.436   1.678  -1.028
  -0.148   0.852  -0.478  -0.104   2.805  -0.498  -0.941   3.599   0.259  -0.577
   3.417  -1.436  -1.154   2.306  -0.055  -1.824
  -3.491  -1.286   1.275  -2.500  -0.765   0.918  -2.354   0.235   1.267  -2.677
  -0.566  -0.084  -1.266  -1.649   0.913  -1.141  -2.439  -0.027  -0.488  -1.587
   1.965  -0.710  -1.107   2.778   0.800  -2.219   1.843   1.382  -1.880   2.711
   0.682  -3.701   2.199   0.495  -4.287   1.287   0.038  -3.795   3.045   1.659
  -4.114   2.552   1.826  -1.785   0.795   2.775  -2.545   0.489   1.847  -0.577
   0.235   1.119   0.114   0.522   2.674  -0.043  -0.761   3.164   0.788  -0.362
   3.471  -0.769  -1.071   2.156   0.267  -1.662
  -2.757  -2.133   1.962  -2.228  -1.511   1.257  -2.193  -0.486   1.617  -2.875
  -1.374   0.417  -0.823  -1.983   0.816  -0.573  -2.507  -0.262   0.049  -2.052
   1.766  -0.226  -1.428   2.533   1.357  -2.504   1.774   1.654  -2.183   2.772
   1.363  -4.166   1.973   0.909  -4.590   1.090   0.795  -4.405   2.878   2.349
  -4.590   2.138   2.397  -1.937   0.757   3.541  -2.359   0.828   2.026  -0.877
  -0.026   1.109  -0.531   0.184   2.792  -0.113  -0.961   3.327   0.612  -0.342
   3.419  -0.794  -1.627   2.320   0.603  -1.595
  -2.875  -1.960   1.623  -2.215  -1.420   0.889  -2.067  -0.320   1.168  -2.523
  -1.363  -0.242  -0.800  -2.084   0.849  -0.438  -2.642  -0.201   0.013  -2.006
   1.866  -0.328  -1.432   2.622   1.277  -2.417   2.095   1.563  -1.946   3.046
   1.174  -4.002   2.383   1.123  -4.566   1.480   0.187  -4.191   2.818   1.933
  -4.382   3.047   2.250  -1.942   1.008   3.184  -2.671   0.645   2.196  -0.656
   0.761   1.596  -0.070   1.449   2.584  -0.118  -0.558   2.534   0.965  -0.507
   3.565  -0.175  -0.839   1.816  -0.267  -1.334
  -2.759  -2.156   0.915  -1.999  -1.486   0.570  -2.051  -0.607   1.205  -2.164
  -1.101  -0.448  -0.626  -2.101   0.754  -0.047  -2.522  -0.252  -0.008  -1.959
   1.878  -0.495  -1.315   2.493   1.368  -2.227   2.242   1.418  -1.333   2.919
   1.716  -3.446   3.116   1.661  -4.563   2.663   1.219  -3.386   4.081   2.779
  -3.418   3.344   2.334  -1.940   1.051   3.016  -2.856   0.592   2.544  -0.679
   0.760   1.788  -0.094   1.046   3.546  -0.009  -0.178   4.085   0.901   0.190
   4.408  -0.714  -0.287   3.012   0.080  -1.125
  -2.115  -1.014   0.430  -1.730  -1.057   1.434  -2.294  -1.811   2.021  -1.648
  -0.166   1.986  -0.323  -1.556   1.228   0.094  -1.685   0.058   0.449  -1.698
   2.307  -0.077  -1.790   3.177   1.735  -2.305   2.414   2.171  -1.692   3.250
   1.545  -3.781   2.859   1.272  -4.298   1.984   0.810  -3.953   3.565   2.531
  -4.353   3.150   2.713  -2.088   1.193   2.799  -2.990   0.367   3.106  -0.803
   1.053   2.899  -0.088   1.847   3.430  -0.279  -0.274   4.459  -0.672  -0.547
   2.734  -0.644  -1.042   3.385   0.854  -0.178
  -1.543   0.510   1.545  -1.796  -0.557   1.607  -2.653  -0.795   0.909  -2.187
  -0.860   2.518  -0.565  -1.454   1.221  -0.394  -1.949   0.086   0.192  -1.675
   2.256   0.106  -1.051   2.993   1.500  -2.547   2.102   2.141  -2.288   2.896
   1.129  -3.964   2.400   0.779  -4.480   1.526   0.395  -4.075   3.295   2.119
  -4.454   2.691   2.397  -2.241   0.855   2.824  -3.143   0.199   2.747  -0.947
   0.565   2.384  -0.245   1.145   3.511  -0.545  -0.602   3.983   0.375  -0.128
   4.290  -1.212  -0.898   2.926  -0.257  -1.494
  -1.160   0.371   0.159  -1.266  -0.168   1.120  -2.267  -0.232   1.573  -0.695
   0.446   1.789  -0.423  -1.471   1.044  -0.278  -1.986  -0.038   0.117  -1.897
   2.184   0.047  -1.383   3.052   1.241  -2.838   2.236   1.802  -2.714   3.187
   0.673  -4.279   2.243   0.104  -4.548   1.325   0.040  -4.562   3.125   1.466
  -4.953   2.238   2.331  -2.527   1.253   2.809  -3.510   0.654   2.807  -1.295
   1.056   2.495  -0.648   1.697   3.778  -0.903  -0.027   4.154   0.084   0.227
   4.586  -1.658  -0.113   3.272  -0.826  -0.986
  -1.170   0.705   0.475  -0.545   0.522   1.284  -1.067   0.601   2.241   0.229
   1.301   1.130   0.028  -0.897   1.194  -0.166  -1.586   0.122   0.607  -1.476
   2.295   0.698  -0.849   3.122   1.391  -2.706   2.225   1.938  -2.757   3.118
   0.475  -3.934   2.184  -0.179  -3.951   1.334  -0.260  -3.817   2.993   1.121
  -4.843   2.345   2.524  -2.705   1.133   2.873  -3.643   0.442   3.012  -1.476
   0.850   2.874  -0.700   1.455   3.702  -1.133  -0.398   3.904  -0.098  -0.374
   4.645  -1.640  -0.477   3.030  -1.502  -1.255
  -1.036   1.118   1.794  -0.308   0.603   2.361  -0.601   0.358   3.444   0.543
   1.299   2.410   0.263  -0.660   1.677  -0.081  -1.023   0.545   1.040  -1.395
   2.449   1.227  -1.144   3.455   1.701  -2.690   2.137   2.479  -3.117   2.889
   0.634  -3.705   2.176   0.052  -3.436   1.313  -0.082  -3.720   3.056   1.016
  -4.735   2.384   2.579  -2.721   0.836   2.744  -3.698   0.194   3.016  -1.535
   0.475   2.813  -0.794   1.124   3.936  -1.145  -0.575   3.614  -0.278  -1.040
   4.854  -0.899  -0.155   4.065  -2.008  -1.191
  -1.010   0.972   1.917  -0.207   0.564   2.520  -0.801   0.109   3.361   0.405
   1.420   2.740   0.490  -0.561   1.732   0.156  -0.633   0.531   1.279  -1.371
   2.494   1.149  -1.326   3.510   1.954  -2.567   2.082   2.743  -2.866   2.749
   1.041  -3.772   2.221   0.522  -3.832   1.335   0.400  -3.702   3.073   1.538
  -4.783   2.282   2.856  -2.439   0.814   2.770  -3.287  -0.087   3.460  -1.240
   0.549   3.569  -0.592   1.229   4.313  -1.149  -0.688   4.221  -0.151  -1.124
   5.394  -1.371  -0.437   3.993  -1.853  -1.456
  -0.776   0.189   2.762  -0.087   0.633   2.054   0.736   1.139   2.582  -0.449
   1.258   1.302   0.574  -0.598   1.419   0.368  -0.952   0.257   1.382  -1.234
   2.329   1.653  -0.779   3.178   2.136  -2.500   2.035   2.871  -2.482   2.852
   1.110  -3.627   2.119   0.140  -3.466   1.571   0.890  -3.807   3.154   1.472
  -4.525   1.643   3.000  -2.396   0.726   3.181  -3.432   0.057   3.520  -1.211
   0.290   3.156  -0.429   0.753   4.251  -0.979  -0.914   3.928   0.007  -1.314
   5.358  -0.825  -0.658   4.083  -1.783  -1.645
  -1.175  -0.028   2.405  -0.523   0.428   1.667  -0.007   1.262   2.099  -1.082
   0.842   0.802   0.371  -0.678   1.186   0.473  -0.925  -0.003   1.091  -1.292
   2.165   1.255  -0.842   3.100   1.989  -2.466   1.896   2.340  -2.755   2.918
   1.066  -3.731   1.820   0.328  -3.548   1.029   0.391  -3.964   2.658   1.673
  -4.621   1.528   3.037  -2.352   0.834   3.389  -3.392   0.325   3.335  -1.098
   0.462   2.731  -0.390   0.889   4.084  -0.762  -0.775   4.419   0.283  -0.709
   4.897  -1.420  -0.989   3.458  -0.914  -1.639
  -1.542  -0.326   2.125  -0.665   0.139   1.677  -0.182   0.660   2.501  -0.920
   0.869   0.894   0.316  -0.873   1.078   0.448  -0.953  -0.136   1.104  -1.600
   1.966   1.114  -1.466   2.997   2.016  -2.693   1.563   2.596  -2.970   2.461
   1.282  -4.046   1.165   0.865  -3.906   0.142   0.520  -4.294   1.911   1.927
  -4.903   1.201   3.070  -2.344   0.505   3.532  -3.196  -0.283   3.558  -1.067
   0.526   3.367  -0.551   1.300   4.418  -0.487  -0.496   4.631   0.545  -0.168
   5.185  -1.222  -0.622   3.843  -0.465  -1.471
  -1.413  -0.192   2.158  -0.429   0.101   1.826   0.091   0.594   2.686  -0.626
   0.958   1.177   0.304  -1.014   1.246   0.302  -1.135   0.029   1.058  -1.740
   2.022   1.135  -1.462   3.007   1.943  -2.871   1.551   2.446  -3.179   2.490
   1.079  -4.034   1.094   0.390  -3.697   0.314   0.497  -4.482   1.889   1.673
  -4.926   0.894   3.140  -2.503   0.663   3.777  -3.392   0.080   3.300  -1.173
   0.436   2.630  -0.586   0.870   4.397  -0.509  -0.230   5.397  -0.597   0.319
   4.463  -0.930  -1.211   4.083   0.537  -0.256
  -0.852  -0.347   2.821  -0.288   0.114   2.073   0.555   0.611   2.599  -0.885
   0.791   1.485   0.391  -0.970   1.348   0.238  -1.170   0.119   1.215  -1.664
   2.171   1.096  -1.497   3.151   2.152  -2.717   1.861   2.526  -3.056   2.820
   1.338  -3.915   1.430   1.916  -4.759   1.344   0.892  -3.733   0.435   0.533
  -4.173   2.139   3.362  -2.477   0.869   4.045  -3.474   0.542   3.647  -1.189
   0.492   3.158  -0.428   0.932   4.525  -0.878  -0.641   5.425  -1.471  -0.461
   3.984  -1.066  -1.585   4.936   0.127  -0.674
  -0.605  -0.081   3.434  -0.099   0.327   2.558   0.608   1.107   2.949  -0.880
   0.677   1.933   0.609  -0.768   1.796   0.225  -1.111   0.657   1.647  -1.371
   2.375   1.925  -0.991   3.289   2.445  -2.505   1.842   3.204  -2.736   2.545
   1.576  -3.802   1.888   2.280  -4.642   1.973   1.127  -3.975   0.869   0.738
  -3.900   2.558   3.299  -2.217   0.605   3.750  -3.118  -0.054   3.622  -0.918
   0.347   3.373  -0.263   1.039   4.438  -0.526  -0.817   5.499  -0.611  -0.506
   4.341  -1.227  -1.669   4.240   0.519  -1.080
  -0.605  -0.553   3.591  -0.231  -0.020   2.712   0.456   0.725   3.162  -1.002
   0.482   2.137   0.572  -0.878   1.841   0.397  -0.957   0.615   1.516  -1.579
   2.483   1.575  -1.392   3.461   2.333  -2.584   1.938   3.045  -2.884   2.733
   1.534  -3.861   1.550   2.207  -4.574   1.299   0.990  -3.580   0.656   0.776
  -4.089   2.324   3.323  -2.146   0.804   3.759  -2.995   0.087   3.763  -0.844
   0.715   3.388  -0.201   1.407   4.510  -0.311  -0.421   4.847   0.715  -0.216
   5.494  -0.778  -0.445   3.948  -0.357  -1.324
  -0.677  -0.405   3.298   0.261  -0.031   2.877   1.002   0.248   3.603  -0.044
   0.968   2.455   0.889  -1.048   1.933   0.709  -0.911   0.744   1.736  -1.916
   2.470   1.799  -2.002   3.518   2.474  -2.938   1.670   3.092  -3.499   2.380
   1.480  -3.879   1.034   2.114  -4.552   0.404   0.882  -3.291   0.299   0.869
  -4.297   1.888   3.507  -2.328   0.636   3.880  -3.013  -0.312   4.006  -1.120
   0.867   3.614  -0.654   1.693   4.944  -0.366   0.051   5.931  -0.162   0.454
   5.077  -0.801  -0.899   4.502   0.633   0.020
   1.047   0.099   3.669   0.282  -0.015   2.880   0.189   0.943   2.418  -0.710
  -0.230   3.314   0.760  -1.063   1.901   0.410  -1.124   0.741   1.496  -2.064
   2.545   1.778  -1.860   3.476   2.298  -3.110   1.958   2.841  -3.575   2.794
   1.274  -4.221   1.600   1.919  -5.001   1.224   0.562  -3.763   0.882   0.855
  -4.563   2.521   3.336  -2.567   0.876   3.946  -3.357   0.121   3.564  -1.221
   0.841   2.820  -0.604   1.247   4.632  -0.531   0.140   5.245   0.043   0.820
   5.243  -1.294  -0.322   4.229   0.128  -0.554
   0.610   0.629   3.545  -0.071   0.067   2.946  -0.530   0.680   2.221  -0.936
  -0.359   3.451   0.708  -0.895   2.137   0.549  -0.953   0.916   1.432  -1.812
   2.800   1.412  -1.852   3.802   2.174  -2.941   2.156   2.738  -3.302   2.981
   1.285  -4.108   1.679   1.810  -4.816   1.101   0.532  -3.697   0.958   0.766
  -4.587   2.524   3.272  -2.557   1.090   3.676  -3.364   0.274   3.726  -1.291
   1.037   3.337  -0.618   1.709   4.913  -0.923   0.226   5.865  -1.061   0.771
   4.904  -1.363  -0.798   4.797   0.121  -0.020
   0.960   0.964   2.890   0.152   0.245   2.565  -0.688   0.640   1.974  -0.196
  -0.040   3.534   0.697  -0.965   1.951   0.661  -1.069   0.728   1.355  -1.854
   2.703   1.405  -1.718   3.715   2.134  -2.988   2.187   2.561  -3.430   3.082
   1.103  -4.041   1.681   1.586  -4.850   1.082   0.311  -3.534   1.065   0.631
  -4.444   2.594   3.300  -2.626   1.201   3.674  -3.380   0.336   3.939  -1.437
   1.357   3.614  -0.839   2.153   4.902  -0.784   0.412   5.678  -0.378   0.984
   5.350  -1.506  -0.204   4.404  -0.126  -0.351
   0.711   1.124   2.507   0.033   0.292   2.530  -0.994   0.444   2.169  -0.138
   0.081   3.613   0.671  -0.904   1.898   0.446  -1.182   0.744   1.439  -1.715
   2.690   1.561  -1.458   3.631   2.301  -2.897   2.264   3.039  -2.974   3.134
   1.391  -4.146   2.229   1.890  -5.034   2.477   0.890  -4.197   1.310   0.663
  -4.147   3.011   3.342  -2.605   1.096   3.621  -3.512   0.233   3.770  -1.343
   0.922   3.609  -0.702   1.670   4.855  -0.990   0.031   5.484  -0.346   0.657
   5.398  -1.917  -0.367   4.477  -0.433  -0.792
   0.759   0.764   2.357  -0.116   0.123   2.125  -0.801   0.549   1.357  -0.646
  -0.091   3.026   0.521  -1.149   1.596   0.219  -1.552   0.483   1.501  -1.690
   2.336   1.579  -1.256   3.277   2.237  -2.961   2.094   2.898  -3.067   2.946
   1.345  -4.146   2.168   1.968  -5.010   2.126   0.705  -4.245   1.299   0.823
  -4.219   3.129   3.200  -2.803   0.848   3.348  -3.744   0.053   3.628  -1.590
   0.542   3.395  -0.818   1.194   4.602  -1.180  -0.402   4.732  -0.159  -0.364
   5.608  -1.591  -0.285   4.235  -1.348  -1.419
   1.240   0.783   2.381   0.254   0.331   2.099  -0.334   0.997   1.486  -0.287
   0.090   2.994   0.436  -0.982   1.503   0.173  -1.285   0.355   1.036  -1.800
   2.327   1.278  -1.507   3.258   1.924  -2.912   1.924   2.517  -3.117   2.778
   1.168  -4.166   1.485   1.880  -4.987   1.251   0.654  -3.896   0.537   0.490
  -4.558   2.223   3.092  -2.564   0.907   3.651  -3.520   0.358   3.387  -1.256
   0.719   2.954  -0.569   1.261   4.394  -0.846  -0.274   4.621   0.171  -0.486
   5.298  -1.319   0.068   4.028  -1.271  -1.245
   1.375   1.062   2.486   0.397   0.464   2.343  -0.361   0.992   1.821  -0.077
   0.194   3.271   0.770  -0.711   1.629   0.775  -0.706   0.437   1.309  -1.653
   2.373   1.320  -1.404   3.428   2.076  -2.842   1.950   2.538  -3.247   2.850
   1.030  -3.808   1.407   1.505  -4.735   1.217   0.606  -3.395   0.505   0.322
  -3.878   2.209   3.312  -2.719   1.044   3.810  -3.744   0.533   3.774  -1.488
   0.735   3.178  -0.719   0.966   4.825  -1.152  -0.246   5.456  -0.257   0.087
   5.610  -1.910  -0.253   4.443  -0.953  -1.223
