default_name                                                                    
   22  0.4200000E+03
  -1.4364734   2.2505697   0.3950350  -0.9019724   2.3035543  -0.5556562
  -0.1703134   3.0907339  -0.6375906  -1.6428270   2.5163160  -1.3381933
  -0.2075203   1.0246157  -0.9497644   0.3322721   0.2621902  -0.1142497
  -0.3721264   0.6546926  -2.1921957  -0.9515967   1.3261039  -2.7383301
   0.0668971  -0.6193584  -2.8230829  -0.4802843  -0.7076329  -3.7971882
   1.5676898  -0.6578902  -3.0907700   1.7971409  -1.5494584  -3.6741322
   2.1212638  -0.6905242  -2.2272302   1.8172744   0.1618929  -3.7127258
  -0.5101990  -1.8848528  -2.0906081   0.0359136  -2.9991466  -2.2829072
  -1.6519296  -1.7774098  -1.4068505  -1.9555439  -0.8059803  -1.0897766
  -2.5672281  -2.8746516  -1.2020300  -2.7087003  -3.3799407  -2.1857266
  -2.3373822  -3.3969422  -0.2916407  -3.5610517  -2.4536314  -0.9319462
   0.1944605  -0.0770647  -0.7317093  -0.1330626  -0.1757901   0.0556965
  -1.1149816  -0.7325024   0.2691240  -0.5890514  -0.9490433  -1.2724815
  -0.2526877  -0.2844502   0.5884908   0.0058823   0.1609597   0.2085128
   0.0735233  -0.1203211   0.3199339  -0.5692333  -0.9525198  -0.0397429
  -0.2290621  -0.1034542  -0.0793379  -1.2283330  -0.5237643   0.1782147
  -0.0396640   0.2022628  -0.0549053  -0.2368582   0.3568507   1.3394058
  -0.4515247   0.5627187  -1.3482958   0.7071706   0.2004778  -0.1258284
  -0.3262080  -0.3715729  -0.2643814   0.0866803  -0.1775281   0.5581387
  -0.2279022  -0.0008622   0.1268270  -0.8021537  -0.8294054   1.0901853
   0.3913688  -0.3169064   0.3255338  -0.3948479   0.8648614   0.2429527
   0.8516230   0.3065416   0.6227021   0.6715819  -0.0117464  -0.0019649
