default_name                                                                    
  -3.318  -1.378   0.864  -2.993  -0.668   1.606  -2.813  -1.175   2.489  -3.813
   0.075   1.864  -1.743   0.057   1.130  -1.774   0.641  -0.009  -0.641   0.051
   1.857  -0.666  -0.553   2.677   0.717   0.628   1.668   0.610   1.709   1.800
   1.582   0.092   2.864   2.449   0.708   3.066   2.026  -0.856   2.739   0.806
   0.038   3.727   1.384   0.227   0.323   1.771   1.141  -0.413   1.307  -0.992
  -0.096   0.566  -1.515   0.356   1.960  -1.637  -1.244   2.998  -1.943  -1.004
   1.359  -2.527  -1.618   2.219  -0.924  -1.995
  -2.779  -1.831   1.288  -3.036  -0.802   1.022  -3.461  -0.255   1.830  -3.803
  -0.790   0.244  -1.757  -0.031   0.684  -1.704   0.866  -0.176  -0.801  -0.138
   1.594  -0.963  -0.749   2.363   0.559   0.468   1.501   0.412   1.513   1.683
   1.395   0.003   2.689   2.417   0.429   2.689   1.366  -1.125   2.708   0.935
   0.418   3.585   1.316   0.218   0.177   2.093   1.090  -0.301   1.222  -1.052
  -0.364   0.622  -1.730   0.166   1.898  -1.512  -1.600   2.323  -2.500  -1.375
   1.212  -1.764  -2.410   2.600  -0.737  -2.036
  -2.858  -1.328   2.331  -2.794  -0.783   1.366  -3.564   0.024   1.417  -3.102
  -1.326   0.412  -1.444  -0.070   1.156  -1.471   0.852   0.360  -0.381  -0.456
   1.902  -0.422  -1.227   2.518   0.891   0.216   1.794   0.780   1.260   2.096
   1.830  -0.262   2.977   2.565   0.464   3.271   2.297  -1.125   2.572   1.127
  -0.448   3.892   1.489   0.141   0.417   2.190   1.045  -0.082   1.336  -1.046
  -0.187   0.893  -1.694   0.442   1.785  -1.492  -1.456   2.690  -2.084  -1.375
   0.876  -2.013  -1.833   2.055  -0.644  -2.062
  -2.282  -1.110   2.504  -2.514  -0.576   1.599  -3.433   0.050   1.545  -2.666
  -1.304   0.879  -1.234   0.219   1.336  -1.252   0.902   0.312  -0.166   0.007
   2.077  -0.298  -0.563   2.870   1.175   0.451   1.872   1.246   1.498   1.907
   2.031  -0.141   2.918   3.068   0.285   2.731   2.056  -1.229   2.796   1.721
   0.321   3.901   1.787   0.158   0.461   2.501   0.981  -0.085   1.481  -1.002
  -0.081   0.840  -1.579   0.490   2.076  -1.543  -1.332   3.018  -1.939  -0.983
   1.564  -2.402  -1.800   2.206  -0.834  -2.093
  -2.755  -1.115   2.238  -2.458  -1.006   1.207  -3.262  -0.686   0.578  -2.221
  -1.970   0.850  -1.244  -0.203   1.027  -1.381   0.895   0.383  -0.165  -0.483
   1.753  -0.305  -1.368   2.167   1.087   0.176   1.761   0.848   1.266   1.896
   1.857  -0.251   2.926   2.897   0.041   2.807   1.841  -1.346   2.960   1.547
   0.112   3.837   1.955   0.047   0.433   2.851   0.829   0.132   1.937  -1.144
  -0.169   1.329  -1.801   0.201   2.811  -1.589  -1.231   3.672  -2.018  -0.675
   2.365  -2.269  -1.940   3.233  -0.834  -1.907
  -2.519  -1.102   2.306  -2.506  -0.783   1.286  -3.340  -0.031   1.061  -2.523
  -1.649   0.581  -1.094  -0.099   1.079  -0.940   0.982   0.476  -0.163  -0.509
   1.943  -0.374  -1.307   2.551   1.125   0.224   2.085   0.969   1.318   2.345
   1.867  -0.288   3.348   2.557   0.413   3.842   2.200  -1.336   3.082   1.123
  -0.398   4.127   2.095   0.225   0.865   2.852   1.185   0.707   2.074  -0.806
  -0.005   1.679  -1.687   0.408   3.033  -1.071  -1.053   4.121  -1.093  -0.718
   2.761  -1.976  -1.520   2.818  -0.342  -1.845
  -2.423  -1.516   2.210  -2.391  -1.073   1.210  -3.288  -0.491   1.061  -2.368
  -1.980   0.533  -1.100  -0.208   1.094  -1.039   0.614   0.164  -0.079  -0.503
   1.957  -0.223  -1.306   2.623   1.059   0.248   2.306   0.720   1.250   2.628
   1.638  -0.330   3.525   2.333   0.393   4.044   2.181  -1.183   3.196   0.878
  -0.594   4.239   1.917   0.446   1.114   2.684   1.475   0.981   1.968  -0.522
   0.215   1.425  -1.371   0.506   2.651  -0.505  -1.097   3.580   0.118  -1.087
   2.960  -1.545  -1.385   2.073  -0.134  -1.940
  -2.376  -2.148   1.113  -2.362  -1.262   0.475  -3.318  -0.818   0.306  -2.103
  -1.709  -0.504  -1.286  -0.289   0.906  -1.213   0.773   0.340  -0.468  -0.679
   1.863  -0.624  -1.551   2.315   0.840  -0.118   2.054   0.811   0.869   2.596
   1.516  -1.076   3.135   2.511  -0.730   3.633   1.545  -2.084   2.699   0.854
  -1.046   3.994   1.726   0.246   0.859   2.413   1.312   0.969   1.804  -0.577
  -0.250   1.245  -1.442  -0.317   2.637  -0.257  -1.457   3.720  -0.336  -1.216
   2.170  -0.881  -2.209   2.442   0.765  -1.808
  -2.130  -1.885   0.012  -2.514  -0.886   0.258  -3.141  -0.829   1.118  -2.971
  -0.548  -0.623  -1.354  -0.063   0.600  -1.234   1.018   0.040  -0.525  -0.398
   1.615  -0.921  -0.990   2.291   0.767   0.288   1.941   0.636   1.350   2.258
   1.326  -0.506   3.070   2.027   0.114   3.634   1.852  -1.418   2.771   0.607
  -0.816   3.836   1.811   0.572   0.905   2.740   1.341   1.104   1.895  -0.214
  -0.134   1.252  -0.946  -0.207   3.045  -0.226  -1.021   4.013  -0.349  -0.580
   2.896  -1.021  -1.708   3.013   0.665  -1.626
  -2.240  -1.327  -0.025  -2.448  -0.221   0.290  -3.191  -0.226   1.114  -3.052
   0.234  -0.509  -1.263   0.431   0.755  -1.044   1.605   0.590  -0.373  -0.273
   1.445  -0.529  -1.273   1.593   0.898   0.262   1.850   0.530   1.201   2.308
   1.549  -0.615   2.948   2.636  -0.477   3.109   1.459  -1.716   2.733   1.155
  -0.413   3.867   1.875   0.703   0.716   2.545   1.702   0.887   1.799   0.006
  -0.417   1.207  -0.734  -0.581   2.834   0.022  -1.392   3.800   0.223  -1.060
   2.766  -1.048  -1.829   2.650   0.790  -2.198
  -2.601  -0.867   0.270  -2.453  -0.457   1.218  -2.239  -1.297   1.871  -3.334
   0.100   1.390  -1.242   0.365   1.164  -1.310   1.548   0.770  -0.098  -0.287
   1.451  -0.100  -1.237   1.552   1.165   0.501   1.588   0.925   1.484   1.968
   1.936  -0.206   2.638   2.878   0.292   2.878   2.212  -1.128   2.217   1.478
  -0.413   3.560   2.018   0.860   0.322   2.754   1.836   0.351   1.943   0.002
  -0.750   1.349  -0.829  -0.629   2.488   0.434  -2.011   3.071  -0.358  -2.439
   1.758   0.641  -2.774   3.185   1.250  -1.837
  -2.242  -1.393   0.966  -2.248  -0.326   1.055  -2.775   0.113   1.954  -2.816
   0.036   0.199  -0.868   0.307   0.998  -0.792   1.379   0.436   0.055  -0.121
   1.744  -0.105  -1.055   2.244   1.442   0.462   1.956   1.334   1.385   2.535
   2.207  -0.461   2.961   3.226  -0.048   2.989   2.382  -1.396   2.432   1.685
  -0.518   3.970   2.225   0.677   0.700   3.068   1.547   0.643   2.074  -0.166
  -0.392   1.459  -0.970  -0.270   2.703   0.162  -1.639   3.673   0.628  -1.501
   2.820  -0.721  -2.293   2.033   0.902  -2.166
  -2.191  -1.785   1.315  -2.109  -0.790   1.654  -2.420  -0.734   2.690  -2.849
  -0.209   1.116  -0.847   0.046   1.557  -0.871   1.197   1.073   0.231  -0.407
   2.165   0.129  -1.372   2.534   1.490   0.304   2.322   1.313   1.077   3.039
   2.306  -0.773   3.032   3.322  -0.665   2.651   1.980  -1.727   2.655   2.311
  -0.639   4.120   2.222   0.808   1.005   2.897   1.818   1.065   2.087   0.069
  -0.172   1.450  -0.750  -0.184   2.957   0.396  -1.261   3.755   1.057  -0.994
   3.465  -0.532  -1.621   2.234   0.704  -2.007
  -2.220  -1.190   0.961  -2.255  -0.286   1.516  -2.497  -0.476   2.620  -3.023
   0.300   1.009  -0.915   0.428   1.562  -0.650   1.450   0.909   0.040  -0.264
   2.218  -0.225  -1.171   2.697   1.370   0.280   2.410   1.288   1.177   2.921
   2.153  -0.641   3.353   3.136  -0.108   3.446   2.314  -1.531   2.810   1.602
  -0.949   4.167   2.086   0.667   1.025   2.720   1.690   0.877   1.991  -0.096
   0.020   1.480  -0.939   0.154   2.439   0.135  -1.358   3.463   0.483  -1.404
   2.370  -0.883  -1.804   1.888   0.903  -1.989
  -1.994  -0.678   0.889  -2.325   0.069   1.622  -2.738  -0.426   2.491  -3.137
   0.731   1.204  -1.029   0.764   1.915  -0.871   1.912   1.445  -0.147   0.062
   2.616  -0.362  -0.843   2.989   1.265   0.373   2.691   1.427   1.319   3.259
   1.854  -0.705   3.622   2.909  -0.527   3.829   1.808  -1.616   3.051   1.306
  -0.772   4.600   2.001   0.479   1.275   2.883   1.318   1.060   1.682  -0.425
   0.257   0.984  -1.205   0.377   2.131  -0.397  -1.123   3.202  -0.270  -1.097
   1.875  -1.356  -1.602   1.649   0.525  -1.644
  -2.334  -1.008   1.451  -2.368   0.132   1.307  -3.040   0.590   2.004  -2.800
   0.346   0.334  -0.992   0.710   1.522  -0.770   1.832   1.188  -0.124  -0.005
   2.203  -0.439  -0.960   2.497   1.206   0.451   2.655   1.196   1.477   3.082
   1.498  -0.574   3.716   2.303  -0.229   4.355   1.677  -1.527   3.349   0.680
  -0.587   4.428   2.215   0.508   1.493   3.111   1.351   1.421   1.795  -0.253
   0.466   1.138  -0.970   0.724   2.296  -0.168  -0.880   2.926   0.759  -1.006
   2.928  -1.045  -1.077   1.522   0.022  -1.625
  -2.365  -0.973   0.633  -2.461   0.047   0.998  -3.222   0.098   1.713  -2.725
   0.646   0.122  -1.165   0.594   1.405  -1.058   1.821   1.335  -0.329  -0.135
   2.192  -0.666  -1.023   2.375   1.078   0.145   2.516   1.019   1.054   3.132
   1.818  -0.974   3.413   2.758  -0.656   3.709   1.770  -1.966   2.931   1.335
  -1.121   4.411   1.975   0.745   1.388   2.452   1.926   1.421   2.312   0.012
   0.277   1.891  -0.899   0.316   3.033   0.255  -1.002   3.021   1.305  -1.279
   4.115  -0.032  -0.775   2.627  -0.359  -1.909
  -2.257  -0.144  -0.058  -2.497  -0.057   0.987  -2.805  -1.011   1.458  -3.397
   0.610   0.949  -1.437   0.635   1.736  -1.566   1.832   1.906  -0.446  -0.117
   2.097  -0.600  -1.083   1.965   0.910   0.350   2.649   0.765   1.076   3.439
   1.648  -0.850   3.269   2.079  -0.550   4.271   2.420  -1.288   2.587   0.874
  -1.588   3.572   1.819   0.919   1.508   2.682   1.739   1.807   1.573   0.330
   0.347   0.830  -0.340   0.249   2.293   0.736  -0.857   1.684   0.630  -1.756
   2.586   1.796  -0.872   3.132   0.126  -1.112
  -1.796  -0.809   0.279  -2.136  -0.358   1.174  -2.439  -1.141   1.942  -3.035
   0.281   0.948  -1.065   0.445   1.840  -1.252   1.664   2.090  -0.009  -0.242
   2.271  -0.049  -1.241   2.180   1.236   0.398   2.699   0.911   1.262   3.293
   1.984  -0.532   3.671   2.999  -0.099   3.793   1.999  -1.605   3.463   1.508
  -0.425   4.644   2.232   0.849   1.527   3.063   1.736   1.673   2.106   0.257
   0.344   1.586  -0.690   0.320   2.547   0.822  -0.906   2.187   0.332  -1.694
   2.267   1.843  -1.009   3.631   0.669  -1.107
  -1.937  -0.676   0.465  -2.219  -0.004   1.346  -2.611  -0.574   2.252  -2.952
   0.809   1.014  -0.994   0.669   1.815  -0.843   1.834   1.432  -0.099  -0.037
   2.449  -0.290  -1.004   2.497   1.310   0.369   2.784   1.271   1.221   3.315
   1.965  -0.694   3.710   2.869  -0.215   4.082   2.167  -1.605   3.176   1.243
  -1.073   4.506   2.160   0.741   1.498   2.958   1.710   1.489   1.965   0.018
   0.372   1.201  -0.570   0.282   2.660   0.324  -0.880   2.301   1.265  -1.437
   3.751   0.459  -0.675   2.577  -0.508  -1.500
  -2.204  -1.317   1.380  -2.259  -0.252   1.758  -2.894   0.008   2.643  -2.732
   0.347   0.983  -0.934   0.312   1.961  -0.759   1.502   1.841   0.025  -0.592
   2.440  -0.039  -1.621   2.408   1.254   0.004   2.881   1.033   0.815   3.672
   2.118  -1.012   3.754   2.935  -0.530   4.304   2.477  -1.813   3.117   1.572
  -1.374   4.627   2.091   0.628   1.730   2.744   1.710   1.918   1.973   0.046
   0.530   1.343  -0.718   0.498   2.414   0.674  -0.735   1.672   1.415  -1.063
   3.343   1.236  -0.610   2.462  -0.070  -1.570
  -1.958  -1.767   1.131  -2.237  -0.889   1.801  -2.786  -1.296   2.674  -2.843
  -0.170   1.335  -0.998  -0.084   2.227  -0.900   1.105   2.267   0.097  -0.792
   2.502  -0.045  -1.825   2.323   1.350  -0.160   2.880   1.098   0.752   3.548
   2.340  -1.059   3.648   3.205  -0.361   3.883   2.680  -1.942   3.073   1.796
  -1.337   4.514   2.047   0.633   1.802   2.696   1.685   2.013   1.855   0.269
   0.562   1.292  -0.564   0.425   2.219   1.075  -0.672   1.373   1.250  -1.225
   2.412   2.073  -0.385   3.044   0.702  -1.271
  -2.084  -2.014   2.380  -1.969  -1.296   1.573  -2.852  -0.784   1.325  -1.726
  -1.823   0.614  -0.911  -0.280   2.041  -1.208   0.953   1.873   0.250  -0.798
   2.534   0.385  -1.790   2.667   1.292   0.103   3.001   0.781   0.884   3.474
   2.238  -0.799   3.855   3.004  -0.197   4.278   2.731  -1.533   3.200   1.648
  -1.298   4.613   2.082   0.593   1.801   2.667   1.643   1.970   1.862   0.033
   0.642   1.197  -0.694   0.499   2.386   0.525  -0.649   1.532   1.126  -0.975
   3.235   1.163  -0.596   2.783  -0.250  -1.382
  -1.970  -2.029   2.373  -1.805  -1.322   1.580  -2.723  -0.809   1.270  -1.402
  -1.645   0.674  -1.006  -0.135   2.136  -1.449   0.970   2.141   0.186  -0.547
   2.529   0.399  -1.530   2.633   1.324   0.385   2.806   1.036   1.283   3.258
   2.349  -0.404   3.729   2.847   0.265   4.419   3.031  -1.021   3.119   1.722
  -1.003   4.364   2.118   0.826   1.501   2.911   1.738   1.594   1.898   0.247
   0.339   1.426  -0.603   0.444   2.444   0.748  -0.895   2.522   1.874  -0.957
   3.478   0.376  -0.971   1.790   0.462  -1.676
  -1.858  -1.918   1.333  -2.281  -1.112   1.829  -2.553  -1.355   2.827  -3.154
  -0.815   1.413  -1.155  -0.079   1.881  -1.432   1.088   1.502   0.035  -0.532
   2.267   0.160  -1.507   2.417   1.107   0.346   2.574   0.689   1.334   2.870
   1.855  -0.313   3.722   2.693   0.348   3.931   2.247  -1.308   3.454   1.214
  -0.472   4.520   2.123   0.647   1.450   3.068   1.363   1.643   1.937   0.135
   0.248   1.052  -0.376   0.268   2.692   0.387  -0.971   3.449   1.181  -0.793
   3.147  -0.494  -1.386   2.005   0.659  -1.772
  -2.018  -1.338   0.942  -2.222  -0.989   1.914  -2.083  -1.777   2.782  -3.162
  -0.461   1.841  -1.083  -0.033   1.935  -1.213   1.000   1.362   0.124  -0.329
   2.479   0.153  -1.270   2.897   1.388   0.454   2.538   1.050   1.512   2.799
   2.018  -0.081   3.823   2.810   0.638   4.294   2.489  -1.066   3.574   1.345
  -0.269   4.665   2.340   0.495   1.364   3.422   1.036   1.574   1.968  -0.175
   0.208   1.031  -0.597   0.255   2.954  -0.548  -0.866   3.314   0.383  -1.307
   3.962  -0.817  -0.484   2.523  -1.314  -1.507
  -1.495  -1.613   0.708  -1.919  -1.018   1.545  -2.076  -1.641   2.491  -2.836
  -0.522   1.227  -0.958  -0.012   2.023  -1.023   1.105   1.579   0.083  -0.427
   2.729   0.110  -1.534   3.006   1.364   0.209   2.966   1.137   1.230   3.226
   1.938  -0.610   4.054   2.782  -0.121   4.451   2.311  -1.512   3.658   1.316
  -0.706   4.958   2.336   0.433   1.724   3.557   0.728   1.909   1.777   0.079
   0.551   0.823  -0.138   0.518   2.520   0.003  -0.669   3.026   0.958  -0.803
   3.280  -0.711  -0.570   1.761  -0.421  -1.368
  -2.226  -1.211   0.552  -2.313  -0.691   1.536  -2.408  -1.380   2.353  -3.160
  -0.090   1.372  -0.944  -0.008   1.738  -0.709   1.044   1.147  -0.112  -0.584
   2.616  -0.345  -1.501   2.965   1.014   0.123   3.119   0.681   1.015   3.622
   1.781  -0.751   4.171   2.890  -0.442   4.268   1.586  -1.760   4.020   1.421
  -0.521   5.123   2.046   0.518   2.004   2.952   1.298   2.286   2.059  -0.076
   0.857   1.251  -0.763   0.680   2.946   0.215  -0.224   3.302   1.204  -0.200
   3.738  -0.417   0.001   2.441  -0.036  -1.193
  -2.998  -0.191   1.164  -2.432  -0.323   2.058  -2.421  -1.311   2.487  -2.926
   0.348   2.748  -1.026   0.096   1.915  -0.869   1.117   1.262  -0.151  -0.603
   2.643  -0.492  -1.346   3.212   1.007   0.131   3.204   0.626   1.006   3.712
   1.668  -0.763   4.307   2.602  -0.424   4.668   1.743  -1.773   3.913   1.064
  -0.669   5.262   1.982   0.620   2.110   2.547   1.766   2.292   2.175  -0.063
   1.005   1.999  -1.105   1.066   2.856   0.332  -0.234   2.498   1.210  -0.797
   3.942   0.385  -0.118   2.620  -0.533  -0.955
  -2.222  -1.543   1.310  -2.385  -0.617   1.858  -2.781  -0.926   2.785  -3.220
   0.101   1.504  -1.092   0.150   1.976  -0.901   1.170   1.346  -0.070  -0.283
   2.667  -0.321  -1.069   3.232   1.228   0.305   2.981   1.023   1.302   3.435
   1.970  -0.449   4.056   1.624  -0.133   5.049   3.029  -0.277   3.932   1.779
  -1.465   3.827   2.080   0.768   1.772   2.764   1.792   1.880   2.121   0.164
   0.551   1.575  -0.688   0.309   2.996   0.532  -0.589   3.726   1.132  -0.224
   3.560  -0.265  -1.172   2.332   1.162  -1.252
  -2.739   0.234   0.715  -2.088  -0.332   1.421  -1.767  -1.284   1.092  -2.730
  -0.568   2.183  -0.944   0.572   1.934  -0.989   1.824   1.947   0.177  -0.024
   2.344   0.235  -0.999   2.105   1.482   0.557   2.878   1.264   1.570   3.258
   1.978  -0.511   3.895   1.205  -0.820   4.469   2.710  -0.101   4.604   2.465
  -1.413   3.396   2.468   0.799   1.743   3.300   1.734   1.848   2.457  -0.022
   0.571   1.857  -0.868   0.679   3.642  -0.121  -0.323   3.718  -1.055  -0.918
   3.676   0.861  -0.924   4.460  -0.294   0.341
  -2.956   0.949   2.105  -2.191   0.209   1.972  -2.321  -0.132   0.870  -2.453
  -0.448   2.788  -0.853   0.860   2.186  -0.621   1.984   1.706   0.155   0.142
   2.868  -0.051  -0.801   3.205   1.431   0.676   3.318   1.157   1.732   3.525
   2.048  -0.027   4.532   1.322  -0.103   5.319   2.934   0.604   4.768   2.398
  -0.946   4.176   2.579   0.652   2.117   3.532   1.420   2.052   2.483  -0.153
   1.119   1.738  -0.848   1.209   3.330  -0.444  -0.052   3.135  -1.515  -0.330
   2.837  -0.026  -0.987   4.405  -0.248   0.125
  -2.358   1.050   2.107  -1.703   0.330   1.601  -1.562   0.374   0.574  -1.945
  -0.662   2.034  -0.322   0.867   2.038   0.001   1.983   1.637   0.349   0.180
   2.983  -0.123  -0.661   3.358   1.622   0.584   3.513   1.424   1.531   4.006
   2.033  -0.399   4.627   1.271  -0.249   5.441   3.039  -0.177   5.034   2.009
  -1.391   4.298   2.638   0.714   2.419   3.499   1.594   2.504   2.608  -0.244
   1.531   1.809  -0.872   1.455   3.486  -0.218   0.375   4.385  -0.953   0.561
   2.930  -0.828  -0.430   3.838   0.696  -0.067
  -2.263  -0.173   2.493  -1.875   0.171   1.494  -2.536   0.900   1.015  -1.660
  -0.620   0.852  -0.730   0.977   2.055  -0.613   2.235   1.848   0.160   0.284
   2.705  -0.145  -0.549   3.071   1.420   0.794   3.236   1.269   1.706   3.850
   2.051  -0.350   4.038   1.450  -0.548   5.003   3.028  -0.141   4.448   1.987
  -1.147   3.448   2.372   1.199   2.122   2.928   2.295   2.137   2.602   0.347
   1.195   2.050  -0.532   1.209   3.602   0.490   0.177   4.492   1.035   0.613
   4.012  -0.556  -0.077   3.228   0.950  -0.761
  -2.616   0.057   3.049  -1.923   0.033   2.121  -2.420   0.354   1.205  -1.699
  -1.050   1.887  -0.636   0.861   2.501  -0.714   2.116   2.616   0.430   0.096
   2.859   0.380  -0.929   3.019   1.616   0.669   3.352   1.355   1.449   4.028
   2.391  -0.469   3.971   1.833  -0.846   4.799   3.330  -0.180   4.386   2.460
  -1.249   3.188   2.406   1.447   2.356   2.747   2.640   2.551   2.732   0.903
   1.123   2.537  -0.027   0.858   3.644   1.539   0.145   3.135   2.341  -0.310
   4.467   2.054   0.707   4.094   0.759  -0.474
  -2.181  -0.778   2.078  -1.829   0.100   1.607  -2.567   0.831   1.359  -1.224
  -0.210   0.662  -0.748   0.834   2.490  -1.043   1.911   2.932   0.423   0.158
   2.727   0.462  -0.871   2.590   1.608   0.858   3.268   1.213   1.624   3.998
   2.356  -0.145   4.010   2.168  -0.406   5.014   3.378   0.233   4.123   2.476
  -0.958   3.255   2.363   1.613   2.213   2.764   2.792   2.409   2.405   0.930
   1.034   1.875   0.028   0.892   3.332   1.346  -0.005   3.364   2.505  -0.071
   4.298   0.943   0.122   2.887   1.056  -0.930
  -2.287  -0.762   2.864  -2.024  -0.190   1.931  -2.788   0.458   1.642  -1.594
  -0.914   1.339  -0.917   0.665   2.487  -1.147   1.894   2.601   0.227   0.038
   2.874   0.337  -0.821   2.490   1.397   0.729   3.486   0.919   1.474   4.185
   2.274  -0.288   4.157   1.943  -0.356   5.217   3.345  -0.076   4.126   2.245
  -1.268   3.486   2.143   1.561   2.418   2.542   2.621   2.654   2.178   1.194
   1.122   1.647   0.318   1.090   3.300   1.519   0.143   3.299   2.633  -0.006
   4.300   1.027   0.519   3.007   1.120  -0.798
  -2.081  -0.873   2.332  -1.432  -0.465   1.538  -1.930  -0.126   0.723  -0.791
  -1.230   1.102  -0.708   0.543   2.163  -1.106   1.700   2.139   0.323   0.073
   2.863   0.307  -0.963   2.814   1.397   0.904   3.505   1.075   1.500   4.441
   2.473  -0.043   3.955   2.124  -0.621   4.768   3.400   0.595   4.211   2.855
  -0.634   3.060   2.036   1.683   2.369   2.400   2.864   2.615   2.185   1.134
   1.159   1.914   0.134   1.080   2.916   1.690   0.039   2.592   2.734  -0.110
   3.879   1.790   0.464   2.964   1.126  -0.866
  -2.298  -0.667   2.490  -1.709  -0.412   1.637  -2.386   0.082   0.922  -1.253
  -1.279   1.126  -0.800   0.636   2.190  -0.995   1.849   2.257   0.322   0.222
   2.757   0.610  -0.749   2.707   1.456   1.082   3.266   1.245   1.896   3.907
   2.523   0.305   4.045   1.932  -0.135   4.801   3.193   1.135   4.390   3.187
  -0.353   3.455   2.365   1.837   2.186   2.611   3.051   2.393   2.585   1.413
   0.940   2.098   0.547   0.810   3.266   2.133  -0.223   2.537   2.985  -0.482
   4.263   2.493   0.078   3.432   1.618  -1.125
  -2.166  -0.716   2.877  -1.958  -0.259   1.938  -2.797   0.390   1.697  -1.719
  -0.846   1.130  -0.928   0.837   2.070  -1.114   2.070   1.892   0.286   0.452
   2.418   0.377  -0.536   2.570   1.389   1.261   2.919   0.881   1.850   3.655
   2.318   0.176   3.428   1.869  -0.390   4.234   3.299   0.579   3.721   2.579
  -0.574   2.759   2.124   2.225   1.815   2.865   3.116   2.167   2.191   1.752
   0.597   1.752   0.866   0.452   3.124   2.168  -0.474   3.301   3.280  -0.333
   4.100   1.688  -0.347   2.744   1.849  -1.466
  -1.515  -0.877   1.109  -1.881   0.106   1.037  -2.869   0.215   1.537  -2.100
   0.492   0.055  -0.873   0.914   1.756  -1.098   2.080   2.075   0.382   0.392
   1.888   0.485  -0.538   1.566   1.550   1.167   2.388   1.182   1.725   3.260
   2.605   0.181   2.968   2.194  -0.392   3.824   3.530   0.647   3.254   2.888
  -0.557   2.159   2.163   2.195   1.468   2.581   3.189   2.071   2.149   2.124
   0.130   1.809   1.289  -0.349   2.519   3.184  -0.755   3.282   3.860  -0.230
   2.963   2.908  -1.732   1.675   3.769  -1.152
  -1.733  -0.519   0.658  -2.006   0.444   1.190  -2.905   0.292   1.741  -2.159
   1.082   0.345  -1.016   1.008   2.041  -1.393   1.790   2.866   0.234   0.471
   1.813   0.374  -0.090   0.948   1.420   1.055   2.387   1.147   1.479   3.291
   2.470  -0.045   2.676   1.992  -0.997   2.973   3.173   0.335   3.458   3.128
  -0.122   1.824   2.115   2.233   1.646   2.497   3.130   2.356   2.337   2.365
   0.330   2.381   1.562  -0.295   2.697   3.578  -0.313   3.813   3.642  -0.190
   2.217   3.702  -1.263   2.285   4.498   0.168
  -2.438  -0.532   1.680  -1.963   0.189   1.038  -2.769   0.902   0.624  -1.434
  -0.415   0.273  -0.887   0.987   1.840  -1.132   1.979   2.534   0.283   0.399
   2.117   0.564  -0.436   1.611   1.368   0.962   2.882   0.880   1.505   3.686
   2.241  -0.292   3.246   1.568  -0.894   3.734   3.097  -0.011   3.898   2.593
  -0.803   2.402   1.982   2.055   1.974   2.675   2.853   2.493   1.956   1.986
   0.667   1.549   1.132   0.259   2.117   3.113  -0.291   2.793   3.834   0.072
   2.259   2.582  -1.226   1.125   3.662  -0.405
  -2.132  -0.829   1.717  -2.209   0.292   1.471  -2.847   0.572   2.298  -2.501
   0.523   0.403  -1.002   1.121   1.747  -1.104   2.312   2.115   0.112   0.426
   1.856   0.141  -0.574   1.721   1.292   0.972   2.578   0.890   1.338   3.534
   2.402  -0.077   2.821   2.779  -0.419   1.820   2.140  -1.078   3.211   3.170
   0.484   3.464   1.941   2.179   1.922   2.481   2.975   2.678   1.874   2.276
   0.576   1.476   1.587   0.027   2.259   3.531  -0.084   3.316   3.710   0.187
   2.351   3.406  -1.163   1.653   4.353   0.342
  -2.420  -0.385   0.836  -2.331   0.670   0.735  -3.313   1.125   1.013  -2.173
   0.931  -0.332  -1.231   1.206   1.579  -1.430   2.216   2.296  -0.084   0.435
   1.612   0.021  -0.479   1.163   1.119   0.921   2.279   0.866   0.808   3.339
   2.232  -0.175   2.112   2.528  -0.205   1.060   1.752  -1.147   2.435   3.066
   0.104   2.724   1.572   2.370   1.929   2.162   3.127   2.805   1.465   2.758
   0.642   1.086   2.077   0.027   1.925   3.929  -0.047   1.465   4.766   0.411
   3.009   4.002   0.149   1.738   3.880  -1.059
  -2.257  -0.018   0.243  -2.156   1.062   0.431  -3.120   1.332   0.722  -1.999
   1.564  -0.504  -1.199   1.355   1.503  -1.430   2.321   2.249  -0.048   0.658
   1.464   0.048  -0.131   0.863   1.205   1.017   2.123   1.011   1.028   3.202
   2.015  -0.260   2.116   2.306  -0.486   1.077   1.425  -0.994   2.452   2.957
  -0.273   2.667   1.842   2.303   1.467   2.868   2.752   1.953   1.214   2.943
   0.440   0.456   2.402   0.119   1.786   3.958  -0.478   1.710   5.066  -0.214
   2.830   3.748  -0.593   1.239   3.824  -1.408
  -2.343   1.013  -0.658  -2.599   0.968   0.450  -2.989  -0.097   0.708  -3.340
   1.739   0.740  -1.407   1.276   1.351  -1.386   2.352   2.027  -0.347   0.499
   1.394  -0.426  -0.447   1.060   0.857   0.915   2.001   0.611   1.131   3.046
   1.754  -0.344   2.086   2.081  -0.787   1.136   1.385  -1.144   2.738   2.699
  -0.071   2.578   1.572   2.113   1.384   2.379   2.690   2.032   1.244   2.501
   0.151   0.512   1.983  -0.249   1.668   3.789  -0.427   1.327   4.705   0.129
   2.735   3.796  -0.473   1.243   3.840  -1.442
  -3.192   1.535   0.292  -2.870   0.806   1.039  -2.682  -0.192   0.532  -3.487
   0.780   1.889  -1.499   1.328   1.510  -1.473   2.491   1.863  -0.478   0.470
   1.581  -0.790  -0.466   1.323   0.869   0.672   2.142   0.785   0.840   3.228
   1.578  -0.710   2.019   1.362  -1.061   0.927   1.191  -1.542   2.729   2.588
  -0.583   2.324   1.615   1.806   1.417   2.537   2.321   2.073   1.072   2.454
   0.334   0.261   2.017  -0.003   1.490   3.718  -0.346   0.876   4.544   0.060
   2.456   4.055  -0.049   1.445   3.615  -1.413
  -3.380   1.500   1.683  -2.695   0.943   1.097  -2.922   0.815   0.037  -2.695
  -0.076   1.439  -1.309   1.544   1.375  -1.242   2.769   1.641  -0.357   0.615
   1.472  -0.683  -0.308   1.314   0.959   0.879   2.104   0.735   1.185   3.128
   1.752  -0.404   2.065   1.931  -0.491   1.039   1.339  -1.284   2.541   2.738
  -0.280   2.513   1.720   2.043   1.376   2.593   2.733   1.954   1.319   2.282
   0.060   0.595   1.807  -0.295   1.822   3.447  -0.730   2.232   4.235  -0.076
   2.586   3.076  -1.407   1.006   3.742  -1.313
  -3.246   1.739   1.339  -2.482   1.166   0.931  -2.328   1.566  -0.074  -2.641
   0.044   0.958  -1.233   1.438   1.735  -1.081   2.431   2.368  -0.217   0.623
   1.502  -0.486  -0.258   1.006   1.194   0.872   1.861   1.325   1.275   2.921
   1.956  -0.461   1.926   1.680  -1.162   1.143   1.809  -0.954   2.852   3.015
  -0.319   2.013   1.999   1.921   1.071   2.890   2.589   1.628   1.402   2.285
  -0.080   0.679   1.645  -0.361   1.918   3.316  -0.967   1.432   4.249  -0.664
   2.951   3.391  -0.911   1.644   3.185  -1.998
  -3.222   1.343   1.757  -2.533   0.549   1.571  -2.593   0.096   0.589  -2.650
  -0.167   2.363  -1.160   1.193   1.680  -1.028   2.368   1.987  -0.103   0.465
   1.512  -0.368  -0.487   1.379   1.335   0.707   1.875   1.445   1.049   2.905
   2.097  -0.600   1.874   2.075  -1.008   0.874   1.545  -1.348   2.439   3.116
  -0.443   2.237   2.072   1.780   1.037   3.051   2.412   1.516   1.492   2.221
  -0.115   0.567   1.814  -0.283   1.950   3.309  -1.029   1.065   3.647  -1.638
   2.362   4.155  -0.394   2.625   2.915  -1.748
  -3.532   1.115   1.486  -2.581   0.614   1.252  -2.431   0.531   0.131  -2.645
  -0.439   1.597  -1.296   1.281   1.740  -1.252   2.404   2.235  -0.205   0.506
   1.504  -0.364  -0.358   0.920   1.126   0.838   2.019   0.958   1.094   3.065
   2.011  -0.420   1.910   2.033  -0.861   0.872   1.563  -1.175   2.497   2.999
  -0.218   2.307   1.794   2.019   1.256   2.873   2.464   1.594   1.326   2.416
   0.117   0.425   1.980  -0.052   1.885   3.495  -0.636   1.372   3.469  -1.626
   1.694   4.484  -0.139   2.959   3.480  -0.882
  -3.472   1.711   1.393  -2.711   0.922   1.570  -2.681   0.186   0.700  -2.901
   0.319   2.456  -1.391   1.571   1.857  -1.383   2.724   2.303  -0.354   0.766
   1.633  -0.533  -0.182   1.320   0.952   1.035   2.138   0.918   1.169   3.216
   1.805  -0.282   2.036   1.805  -0.572   1.017   1.311  -1.058   2.664   2.862
  -0.040   2.434   1.763   2.192   1.410   2.633   2.844   2.030   1.354   2.417
   0.160   0.498   1.903   0.001   1.620   3.527  -0.718   0.717   3.771  -1.266
   1.964   4.427  -0.139   2.405   3.369  -1.444
  -3.474   1.844   1.894  -2.700   1.312   1.346  -2.702   1.835   0.359  -2.861
   0.253   1.294  -1.363   1.540   2.056  -1.155   2.553   2.701  -0.410   0.639
   1.772  -0.610  -0.307   1.349   1.053   0.964   1.937   1.186   1.159   2.987
   1.757  -0.362   1.730   1.707  -0.672   0.698   1.281  -1.127   2.391   2.824
  -0.222   1.950   1.713   2.086   1.080   2.773   2.589   1.457   1.163   2.286
  -0.121   0.443   1.728  -0.445   1.553   3.319  -1.047   1.381   2.957  -2.058
   0.851   4.103  -0.928   2.689   3.508  -1.036
  -3.369   1.219   1.785  -2.609   1.031   0.987  -2.733   1.691   0.146  -2.691
   0.006   0.657  -1.273   1.402   1.603  -1.245   2.481   2.228  -0.267   0.600
   1.505  -0.309  -0.334   1.213   1.086   0.949   2.006   0.899   1.325   3.004
   1.973  -0.280   2.015   2.223  -0.528   0.975   1.389  -1.074   2.417   2.930
  -0.198   2.612   1.698   2.040   1.126   2.659   2.704   1.532   1.270   2.251
  -0.158   0.450   1.696  -0.511   2.081   2.886  -1.170   3.068   2.399  -1.338
   1.465   2.959  -2.072   2.387   3.888  -0.959
  -3.169   1.537   0.809  -2.379   0.850   0.700  -2.011   0.743  -0.318  -2.738
  -0.114   1.129  -1.132   1.195   1.442  -1.129   2.167   2.154  -0.139   0.310
   1.346  -0.196  -0.498   0.755   1.147   0.748   1.945   1.001   1.053   2.964
   1.982  -0.593   1.991   2.144  -1.008   1.017   1.387  -1.262   2.582   2.970
  -0.430   2.564   1.739   1.884   1.069   2.433   2.711   1.687   1.408   1.997
  -0.239   0.859   1.216  -0.691   2.295   2.907  -1.048   3.322   2.595  -0.873
   2.050   2.910  -2.075   2.166   3.950  -0.664
  -2.588   1.951   0.370  -2.010   1.057   0.473  -1.642   0.700  -0.469  -2.618
   0.233   0.898  -0.862   1.447   1.380  -0.883   2.517   1.904   0.141   0.610
   1.545   0.176  -0.290   1.066   1.438   1.112   2.011   1.411   1.627   2.988
   2.238  -0.133   2.294   2.561  -0.690   1.359   1.614  -0.726   2.884   3.111
   0.130   2.926   2.140   2.147   1.062   2.916   2.964   1.591   1.794   2.251
  -0.239   1.051   1.689  -0.554   2.432   3.221  -1.211   2.926   4.046  -0.705
   3.156   2.738  -1.949   1.621   3.673  -1.711
  -2.466   1.857   0.219  -1.750   1.046   0.330  -1.426   1.066  -0.725  -2.192
   0.091   0.677  -0.671   1.542   1.291  -0.790   2.593   1.957   0.368   0.710
   1.363   0.238  -0.120   0.835   1.714   0.959   1.912   1.668   1.183   2.962
   2.478  -0.365   1.828   2.545  -0.659   0.779   1.905  -1.086   2.357   3.446
  -0.330   2.327   2.534   2.082   1.162   3.120   2.993   1.798   2.279   2.177
  -0.168   1.669   1.479  -0.674   2.721   3.201  -1.025   3.843   3.281  -1.060
   2.349   3.126  -2.031   2.294   4.127  -0.602
  -2.963   1.811   0.354  -2.193   1.022   0.544  -1.826   0.640  -0.502  -2.556
   0.084   1.066  -0.954   1.617   1.274  -0.941   2.751   1.692   0.014   0.718
   1.476  -0.082  -0.208   1.034   1.322   1.153   2.121   0.992   1.511   3.137
   2.095  -0.110   2.184   2.400  -0.266   1.112   1.615  -0.964   2.653   3.121
   0.111   2.664   2.188   2.306   1.395   2.826   3.146   2.089   2.082   2.418
   0.069   1.470   1.722  -0.401   2.937   3.310  -0.742   3.849   3.472  -0.198
   3.160   2.790  -1.636   2.471   4.251  -0.926
  -3.065   1.149   1.536  -2.239   0.819   0.898  -2.498   1.142  -0.202  -2.120
  -0.269   1.057  -1.006   1.551   1.362  -1.112   2.702   1.828   0.109   0.852
   1.358   0.009  -0.145   1.132   1.354   1.222   2.103   1.148   1.493   3.134
   2.228  -0.004   2.136   2.575  -0.305   1.155   1.823  -0.816   2.760   3.027
   0.178   2.807   2.112   2.382   1.394   2.875   3.147   2.039   1.955   2.450
   0.071   1.407   1.711  -0.431   2.651   3.437  -0.800   2.808   4.419  -0.281
   3.629   3.081  -1.132   2.165   3.609  -1.745
