default_name                                                                    
  -3.680   1.093   0.711  -2.751   1.225   1.265  -2.915   0.967   2.311  -2.434
   2.265   1.197  -1.672   0.326   0.687  -1.923  -0.399  -0.276  -0.468   0.395
   1.269  -0.380   1.038   2.044   0.719  -0.424   0.956   1.504  -0.114   1.649
   0.416  -1.904   1.261   1.336  -2.488   1.207  -0.294  -2.306   0.537   0.001
  -2.001   2.265   1.327  -0.204  -0.455   2.230  -0.942  -0.861   0.860   0.806
  -1.200   0.113   1.359  -0.808   1.330   1.146  -2.539   2.394   1.389  -2.510
   1.174   0.303  -3.214   0.779   2.009  -2.916
  -3.680   1.093   0.711  -2.751   1.225   1.265  -2.915   0.967   2.311  -2.434
   2.265   1.197  -1.672   0.326   0.687  -1.923  -0.399  -0.276  -0.468   0.395
   1.269  -0.380   1.038   2.044   0.719  -0.424   0.956   1.504  -0.114   1.649
   0.416  -1.904   1.261   1.336  -2.488   1.207  -0.294  -2.306   0.537   0.001
  -2.001   2.265   1.327  -0.204  -0.455   2.230  -0.942  -0.861   0.860   0.806
  -1.200   0.113   1.359  -0.808   1.330   1.146  -2.539   2.394   1.389  -2.510
   1.174   0.303  -3.214   0.779   2.009  -2.916
  -3.680   1.093   0.711  -2.751   1.225   1.265  -2.915   0.967   2.311  -2.434
   2.265   1.197  -1.672   0.326   0.687  -1.923  -0.399  -0.276  -0.468   0.395
   1.269  -0.380   1.038   2.044   0.719  -0.424   0.956   1.504  -0.114   1.649
   0.416  -1.904   1.261   1.336  -2.488   1.207  -0.294  -2.306   0.537   0.001
  -2.001   2.265   1.327  -0.204  -0.455   2.230  -0.942  -0.861   0.860   0.806
  -1.200   0.113   1.359  -0.808   1.330   1.146  -2.539   2.394   1.389  -2.510
   1.174   0.303  -3.214   0.779   2.009  -2.916
  -3.680   1.093   0.711  -2.751   1.225   1.265  -2.915   0.967   2.311  -2.434
   2.265   1.197  -1.672   0.326   0.687  -1.923  -0.399  -0.276  -0.468   0.395
   1.269  -0.380   1.038   2.044   0.719  -0.424   0.956   1.504  -0.114   1.649
   0.416  -1.904   1.261   1.336  -2.488   1.207  -0.294  -2.306   0.537   0.001
  -2.001   2.265   1.327  -0.204  -0.455   2.230  -0.942  -0.861   0.860   0.806
  -1.200   0.113   1.359  -0.808   1.330   1.146  -2.539   2.394   1.389  -2.510
   1.174   0.303  -3.214   0.779   2.009  -2.916
  -3.680   1.093   0.711  -2.751   1.225   1.265  -2.915   0.967   2.311  -2.434
   2.265   1.197  -1.672   0.326   0.687  -1.923  -0.399  -0.276  -0.468   0.395
   1.269  -0.380   1.038   2.044   0.719  -0.424   0.956   1.504  -0.114   1.649
   0.416  -1.904   1.261   1.336  -2.488   1.207  -0.294  -2.306   0.537   0.001
  -2.001   2.265   1.327  -0.204  -0.455   2.230  -0.942  -0.861   0.860   0.806
  -1.200   0.113   1.359  -0.808   1.330   1.146  -2.539   2.394   1.389  -2.510
   1.174   0.303  -3.214   0.779   2.009  -2.916
  -3.680   1.093   0.711  -2.751   1.225   1.265  -2.915   0.967   2.311  -2.434
   2.265   1.197  -1.672   0.326   0.687  -1.923  -0.399  -0.276  -0.468   0.395
   1.269  -0.380   1.038   2.044   0.719  -0.424   0.956   1.504  -0.114   1.649
   0.416  -1.904   1.261   1.336  -2.488   1.207  -0.294  -2.306   0.537   0.001
  -2.001   2.265   1.327  -0.204  -0.455   2.230  -0.942  -0.861   0.860   0.806
  -1.200   0.113   1.359  -0.808   1.330   1.146  -2.539   2.394   1.389  -2.510
   1.174   0.303  -3.214   0.779   2.009  -2.916
  -3.680   1.093   0.711  -2.751   1.225   1.265  -2.915   0.967   2.311  -2.434
   2.265   1.197  -1.672   0.326   0.687  -1.923  -0.399  -0.276  -0.468   0.395
   1.269  -0.380   1.038   2.044   0.719  -0.424   0.956   1.504  -0.114   1.649
   0.416  -1.904   1.261   1.336  -2.488   1.207  -0.294  -2.306   0.537   0.001
  -2.001   2.265   1.327  -0.204  -0.455   2.230  -0.942  -0.861   0.860   0.806
  -1.200   0.113   1.359  -0.808   1.330   1.146  -2.539   2.394   1.389  -2.510
   1.174   0.303  -3.214   0.779   2.009  -2.916
  -3.680   1.093   0.711  -2.751   1.225   1.265  -2.915   0.967   2.311  -2.434
   2.265   1.197  -1.672   0.326   0.687  -1.923  -0.399  -0.276  -0.468   0.395
   1.269  -0.380   1.038   2.044   0.719  -0.424   0.956   1.504  -0.114   1.649
   0.416  -1.904   1.261   1.336  -2.488   1.207  -0.294  -2.306   0.537   0.001
  -2.001   2.265   1.327  -0.204  -0.455   2.230  -0.942  -0.861   0.860   0.806
  -1.200   0.113   1.359  -0.808   1.330   1.146  -2.539   2.394   1.389  -2.510
   1.174   0.303  -3.214   0.779   2.009  -2.916
  -3.680   1.093   0.711  -2.751   1.225   1.265  -2.915   0.967   2.311  -2.434
   2.265   1.197  -1.672   0.326   0.687  -1.923  -0.399  -0.276  -0.468   0.395
   1.269  -0.380   1.038   2.044   0.719  -0.424   0.956   1.504  -0.114   1.649
   0.416  -1.904   1.261   1.336  -2.488   1.207  -0.294  -2.306   0.537   0.001
  -2.001   2.265   1.327  -0.204  -0.455   2.230  -0.942  -0.861   0.860   0.806
  -1.200   0.113   1.359  -0.808   1.330   1.146  -2.539   2.394   1.389  -2.510
   1.174   0.303  -3.214   0.779   2.009  -2.916
  -3.680   1.093   0.711  -2.751   1.225   1.265  -2.915   0.967   2.311  -2.434
   2.265   1.197  -1.672   0.326   0.687  -1.923  -0.399  -0.276  -0.468   0.395
   1.269  -0.380   1.038   2.044   0.719  -0.424   0.956   1.504  -0.114   1.649
   0.416  -1.904   1.261   1.336  -2.488   1.207  -0.294  -2.306   0.537   0.001
  -2.001   2.265   1.327  -0.204  -0.455   2.230  -0.942  -0.861   0.860   0.806
  -1.200   0.113   1.359  -0.808   1.330   1.146  -2.539   2.394   1.389  -2.510
   1.174   0.303  -3.214   0.779   2.009  -2.916
  -3.680   1.093   0.711  -2.751   1.225   1.265  -2.915   0.967   2.311  -2.434
   2.265   1.197  -1.672   0.326   0.687  -1.923  -0.399  -0.276  -0.468   0.395
   1.269  -0.380   1.038   2.044   0.719  -0.424   0.956   1.504  -0.114   1.649
   0.416  -1.904   1.261   1.336  -2.488   1.207  -0.294  -2.306   0.537   0.001
  -2.001   2.265   1.327  -0.204  -0.455   2.230  -0.942  -0.861   0.860   0.806
  -1.200   0.113   1.359  -0.808   1.330   1.146  -2.539   2.394   1.389  -2.510
   1.174   0.303  -3.214   0.779   2.009  -2.916
  -3.680   1.093   0.711  -2.751   1.225   1.265  -2.915   0.967   2.311  -2.434
   2.265   1.197  -1.672   0.326   0.687  -1.923  -0.399  -0.276  -0.468   0.395
   1.269  -0.380   1.038   2.044   0.719  -0.424   0.956   1.504  -0.114   1.649
   0.416  -1.904   1.261   1.336  -2.488   1.207  -0.294  -2.306   0.537   0.001
  -2.001   2.265   1.327  -0.204  -0.455   2.230  -0.942  -0.861   0.860   0.806
  -1.200   0.113   1.359  -0.808   1.330   1.146  -2.539   2.394   1.389  -2.510
   1.174   0.303  -3.214   0.779   2.009  -2.916
  -3.680   1.093   0.711  -2.751   1.225   1.265  -2.915   0.967   2.311  -2.434
   2.265   1.197  -1.672   0.326   0.687  -1.923  -0.399  -0.276  -0.468   0.395
   1.269  -0.380   1.038   2.044   0.719  -0.424   0.956   1.504  -0.114   1.649
   0.416  -1.904   1.261   1.336  -2.488   1.207  -0.294  -2.306   0.537   0.001
  -2.001   2.265   1.327  -0.204  -0.455   2.230  -0.942  -0.861   0.860   0.806
  -1.200   0.113   1.359  -0.808   1.330   1.146  -2.539   2.394   1.389  -2.510
   1.174   0.303  -3.214   0.779   2.009  -2.916
  -3.680   1.093   0.711  -2.751   1.225   1.265  -2.915   0.967   2.311  -2.434
   2.265   1.197  -1.672   0.326   0.687  -1.923  -0.399  -0.276  -0.468   0.395
   1.269  -0.380   1.038   2.044   0.719  -0.424   0.956   1.504  -0.114   1.649
   0.416  -1.904   1.261   1.336  -2.488   1.207  -0.294  -2.306   0.537   0.001
  -2.001   2.265   1.327  -0.204  -0.455   2.230  -0.942  -0.861   0.860   0.806
  -1.200   0.113   1.359  -0.808   1.330   1.146  -2.539   2.394   1.389  -2.510
   1.174   0.303  -3.214   0.779   2.009  -2.916
  -3.680   1.093   0.711  -2.751   1.225   1.265  -2.915   0.967   2.311  -2.434
   2.265   1.197  -1.672   0.326   0.687  -1.923  -0.399  -0.276  -0.468   0.395
   1.269  -0.380   1.038   2.044   0.719  -0.424   0.956   1.504  -0.114   1.649
   0.416  -1.904   1.261   1.336  -2.488   1.207  -0.294  -2.306   0.537   0.001
  -2.001   2.265   1.327  -0.204  -0.455   2.230  -0.942  -0.861   0.860   0.806
  -1.200   0.113   1.359  -0.808   1.330   1.146  -2.539   2.394   1.389  -2.510
   1.174   0.303  -3.214   0.779   2.009  -2.916
  -3.680   1.093   0.711  -2.751   1.225   1.265  -2.915   0.967   2.311  -2.434
   2.265   1.197  -1.672   0.326   0.687  -1.923  -0.399  -0.276  -0.468   0.395
   1.269  -0.380   1.038   2.044   0.719  -0.424   0.956   1.504  -0.114   1.649
   0.416  -1.904   1.261   1.336  -2.488   1.207  -0.294  -2.306   0.537   0.001
  -2.001   2.265   1.327  -0.204  -0.455   2.230  -0.942  -0.861   0.860   0.806
  -1.200   0.113   1.359  -0.808   1.330   1.146  -2.539   2.394   1.389  -2.510
   1.174   0.303  -3.214   0.779   2.009  -2.916
  -3.680   1.093   0.711  -2.751   1.225   1.265  -2.915   0.967   2.311  -2.434
   2.265   1.197  -1.672   0.326   0.687  -1.923  -0.399  -0.276  -0.468   0.395
   1.269  -0.380   1.038   2.044   0.719  -0.424   0.956   1.504  -0.114   1.649
   0.416  -1.904   1.261   1.336  -2.488   1.207  -0.294  -2.306   0.537   0.001
  -2.001   2.265   1.327  -0.204  -0.455   2.230  -0.942  -0.861   0.860   0.806
  -1.200   0.113   1.359  -0.808   1.330   1.146  -2.539   2.394   1.389  -2.510
   1.174   0.303  -3.214   0.779   2.009  -2.916
  -3.680   1.093   0.711  -2.751   1.225   1.265  -2.915   0.967   2.311  -2.434
   2.265   1.197  -1.672   0.326   0.687  -1.923  -0.399  -0.276  -0.468   0.395
   1.269  -0.380   1.038   2.044   0.719  -0.424   0.956   1.504  -0.114   1.649
   0.416  -1.904   1.261   1.336  -2.488   1.207  -0.294  -2.306   0.537   0.001
  -2.001   2.265   1.327  -0.204  -0.455   2.230  -0.942  -0.861   0.860   0.806
  -1.200   0.113   1.359  -0.808   1.330   1.146  -2.539   2.394   1.389  -2.510
   1.174   0.303  -3.214   0.779   2.009  -2.916
  -3.680   1.093   0.711  -2.751   1.225   1.265  -2.915   0.967   2.311  -2.434
   2.265   1.197  -1.672   0.326   0.687  -1.923  -0.399  -0.276  -0.468   0.395
   1.269  -0.380   1.038   2.044   0.719  -0.424   0.956   1.504  -0.114   1.649
   0.416  -1.904   1.261   1.336  -2.488   1.207  -0.294  -2.306   0.537   0.001
  -2.001   2.265   1.327  -0.204  -0.455   2.230  -0.942  -0.861   0.860   0.806
  -1.200   0.113   1.359  -0.808   1.330   1.146  -2.539   2.394   1.389  -2.510
   1.174   0.303  -3.214   0.779   2.009  -2.916
  -3.680   1.093   0.711  -2.751   1.225   1.265  -2.915   0.967   2.311  -2.434
   2.265   1.197  -1.672   0.326   0.687  -1.923  -0.399  -0.276  -0.468   0.395
   1.269  -0.380   1.038   2.044   0.719  -0.424   0.956   1.504  -0.114   1.649
   0.416  -1.904   1.261   1.336  -2.488   1.207  -0.294  -2.306   0.537   0.001
  -2.001   2.265   1.327  -0.204  -0.455   2.230  -0.942  -0.861   0.860   0.806
  -1.200   0.113   1.359  -0.808   1.330   1.146  -2.539   2.394   1.389  -2.510
   1.174   0.303  -3.214   0.779   2.009  -2.916
  -3.680   1.093   0.711  -2.751   1.225   1.265  -2.915   0.967   2.311  -2.434
   2.265   1.197  -1.672   0.326   0.687  -1.923  -0.399  -0.276  -0.468   0.395
   1.269  -0.380   1.038   2.044   0.719  -0.424   0.956   1.504  -0.114   1.649
   0.416  -1.904   1.261   1.336  -2.488   1.207  -0.294  -2.306   0.537   0.001
  -2.001   2.265   1.327  -0.204  -0.455   2.230  -0.942  -0.861   0.860   0.806
  -1.200   0.113   1.359  -0.808   1.330   1.146  -2.539   2.394   1.389  -2.510
   1.174   0.303  -3.214   0.779   2.009  -2.916
  -3.680   1.093   0.711  -2.751   1.225   1.265  -2.915   0.967   2.311  -2.434
   2.265   1.197  -1.672   0.326   0.687  -1.923  -0.399  -0.276  -0.468   0.395
   1.269  -0.380   1.038   2.044   0.719  -0.424   0.956   1.504  -0.114   1.649
   0.416  -1.904   1.261   1.336  -2.488   1.207  -0.294  -2.306   0.537   0.001
  -2.001   2.265   1.327  -0.204  -0.455   2.230  -0.942  -0.861   0.860   0.806
  -1.200   0.113   1.359  -0.808   1.330   1.146  -2.539   2.394   1.389  -2.510
   1.174   0.303  -3.214   0.779   2.009  -2.916
  -3.680   1.093   0.711  -2.751   1.225   1.265  -2.915   0.967   2.311  -2.434
   2.265   1.197  -1.672   0.326   0.687  -1.923  -0.399  -0.276  -0.468   0.395
   1.269  -0.380   1.038   2.044   0.719  -0.424   0.956   1.504  -0.114   1.649
   0.416  -1.904   1.261   1.336  -2.488   1.207  -0.294  -2.306   0.537   0.001
  -2.001   2.265   1.327  -0.204  -0.455   2.230  -0.942  -0.861   0.860   0.806
  -1.200   0.113   1.359  -0.808   1.330   1.146  -2.539   2.394   1.389  -2.510
   1.174   0.303  -3.214   0.779   2.009  -2.916
  -3.680   1.093   0.711  -2.751   1.225   1.265  -2.915   0.967   2.311  -2.434
   2.265   1.197  -1.672   0.326   0.687  -1.923  -0.399  -0.276  -0.468   0.395
   1.269  -0.380   1.038   2.044   0.719  -0.424   0.956   1.504  -0.114   1.649
   0.416  -1.904   1.261   1.336  -2.488   1.207  -0.294  -2.306   0.537   0.001
  -2.001   2.265   1.327  -0.204  -0.455   2.230  -0.942  -0.861   0.860   0.806
  -1.200   0.113   1.359  -0.808   1.330   1.146  -2.539   2.394   1.389  -2.510
   1.174   0.303  -3.214   0.779   2.009  -2.916
  -3.680   1.093   0.711  -2.751   1.225   1.265  -2.915   0.967   2.311  -2.434
   2.265   1.197  -1.672   0.326   0.687  -1.923  -0.399  -0.276  -0.468   0.395
   1.269  -0.380   1.038   2.044   0.719  -0.424   0.956   1.504  -0.114   1.649
   0.416  -1.904   1.261   1.336  -2.488   1.207  -0.294  -2.306   0.537   0.001
  -2.001   2.265   1.327  -0.204  -0.455   2.230  -0.942  -0.861   0.860   0.806
  -1.200   0.113   1.359  -0.808   1.330   1.146  -2.539   2.394   1.389  -2.510
   1.174   0.303  -3.214   0.779   2.009  -2.916
  -3.680   1.093   0.711  -2.751   1.225   1.265  -2.915   0.967   2.311  -2.434
   2.265   1.197  -1.672   0.326   0.687  -1.923  -0.399  -0.276  -0.468   0.395
   1.269  -0.380   1.038   2.044   0.719  -0.424   0.956   1.504  -0.114   1.649
   0.416  -1.904   1.261   1.336  -2.488   1.207  -0.294  -2.306   0.537   0.001
  -2.001   2.265   1.327  -0.204  -0.455   2.230  -0.942  -0.861   0.860   0.806
  -1.200   0.113   1.359  -0.808   1.330   1.146  -2.539   2.394   1.389  -2.510
   1.174   0.303  -3.214   0.779   2.009  -2.916
  -3.680   1.093   0.711  -2.751   1.225   1.265  -2.915   0.967   2.311  -2.434
   2.265   1.197  -1.672   0.326   0.687  -1.923  -0.399  -0.276  -0.468   0.395
   1.269  -0.380   1.038   2.044   0.719  -0.424   0.956   1.504  -0.114   1.649
   0.416  -1.904   1.261   1.336  -2.488   1.207  -0.294  -2.306   0.537   0.001
  -2.001   2.265   1.327  -0.204  -0.455   2.230  -0.942  -0.861   0.860   0.806
  -1.200   0.113   1.359  -0.808   1.330   1.146  -2.539   2.394   1.389  -2.510
   1.174   0.303  -3.214   0.779   2.009  -2.916
  -3.680   1.093   0.711  -2.751   1.225   1.265  -2.915   0.967   2.311  -2.434
   2.265   1.197  -1.672   0.326   0.687  -1.923  -0.399  -0.276  -0.468   0.395
   1.269  -0.380   1.038   2.044   0.719  -0.424   0.956   1.504  -0.114   1.649
   0.416  -1.904   1.261   1.336  -2.488   1.207  -0.294  -2.306   0.537   0.001
  -2.001   2.265   1.327  -0.204  -0.455   2.230  -0.942  -0.861   0.860   0.806
  -1.200   0.113   1.359  -0.808   1.330   1.146  -2.539   2.394   1.389  -2.510
   1.174   0.303  -3.214   0.779   2.009  -2.916
  -3.680   1.093   0.711  -2.751   1.225   1.265  -2.915   0.967   2.311  -2.434
   2.265   1.197  -1.672   0.326   0.687  -1.923  -0.399  -0.276  -0.468   0.395
   1.269  -0.380   1.038   2.044   0.719  -0.424   0.956   1.504  -0.114   1.649
   0.416  -1.904   1.261   1.336  -2.488   1.207  -0.294  -2.306   0.537   0.001
  -2.001   2.265   1.327  -0.204  -0.455   2.230  -0.942  -0.861   0.860   0.806
  -1.200   0.113   1.359  -0.808   1.330   1.146  -2.539   2.394   1.389  -2.510
   1.174   0.303  -3.214   0.779   2.009  -2.916
  -3.680   1.093   0.711  -2.751   1.225   1.265  -2.915   0.967   2.311  -2.434
   2.265   1.197  -1.672   0.326   0.687  -1.923  -0.399  -0.276  -0.468   0.395
   1.269  -0.380   1.038   2.044   0.719  -0.424   0.956   1.504  -0.114   1.649
   0.416  -1.904   1.261   1.336  -2.488   1.207  -0.294  -2.306   0.537   0.001
  -2.001   2.265   1.327  -0.204  -0.455   2.230  -0.942  -0.861   0.860   0.806
  -1.200   0.113   1.359  -0.808   1.330   1.146  -2.539   2.394   1.389  -2.510
   1.174   0.303  -3.214   0.779   2.009  -2.916
  -3.680   1.093   0.711  -2.751   1.225   1.265  -2.915   0.967   2.311  -2.434
   2.265   1.197  -1.672   0.326   0.687  -1.923  -0.399  -0.276  -0.468   0.395
   1.269  -0.380   1.038   2.044   0.719  -0.424   0.956   1.504  -0.114   1.649
   0.416  -1.904   1.261   1.336  -2.488   1.207  -0.294  -2.306   0.537   0.001
  -2.001   2.265   1.327  -0.204  -0.455   2.230  -0.942  -0.861   0.860   0.806
  -1.200   0.113   1.359  -0.808   1.330   1.146  -2.539   2.394   1.389  -2.510
   1.174   0.303  -3.214   0.779   2.009  -2.916
  -3.680   1.093   0.711  -2.751   1.225   1.265  -2.915   0.967   2.311  -2.434
   2.265   1.197  -1.672   0.326   0.687  -1.923  -0.399  -0.276  -0.468   0.395
   1.269  -0.380   1.038   2.044   0.719  -0.424   0.956   1.504  -0.114   1.649
   0.416  -1.904   1.261   1.336  -2.488   1.207  -0.294  -2.306   0.537   0.001
  -2.001   2.265   1.327  -0.204  -0.455   2.230  -0.942  -0.861   0.860   0.806
  -1.200   0.113   1.359  -0.808   1.330   1.146  -2.539   2.394   1.389  -2.510
   1.174   0.303  -3.214   0.779   2.009  -2.916
  -3.680   1.093   0.711  -2.751   1.225   1.265  -2.915   0.967   2.311  -2.434
   2.265   1.197  -1.672   0.326   0.687  -1.923  -0.399  -0.276  -0.468   0.395
   1.269  -0.380   1.038   2.044   0.719  -0.424   0.956   1.504  -0.114   1.649
   0.416  -1.904   1.261   1.336  -2.488   1.207  -0.294  -2.306   0.537   0.001
  -2.001   2.265   1.327  -0.204  -0.455   2.230  -0.942  -0.861   0.860   0.806
  -1.200   0.113   1.359  -0.808   1.330   1.146  -2.539   2.394   1.389  -2.510
   1.174   0.303  -3.214   0.779   2.009  -2.916
  -3.680   1.093   0.711  -2.751   1.225   1.265  -2.915   0.967   2.311  -2.434
   2.265   1.197  -1.672   0.326   0.687  -1.923  -0.399  -0.276  -0.468   0.395
   1.269  -0.380   1.038   2.044   0.719  -0.424   0.956   1.504  -0.114   1.649
   0.416  -1.904   1.261   1.336  -2.488   1.207  -0.294  -2.306   0.537   0.001
  -2.001   2.265   1.327  -0.204  -0.455   2.230  -0.942  -0.861   0.860   0.806
  -1.200   0.113   1.359  -0.808   1.330   1.146  -2.539   2.394   1.389  -2.510
   1.174   0.303  -3.214   0.779   2.009  -2.916
  -3.680   1.093   0.711  -2.751   1.225   1.265  -2.915   0.967   2.311  -2.434
   2.265   1.197  -1.672   0.326   0.687  -1.923  -0.399  -0.276  -0.468   0.395
   1.269  -0.380   1.038   2.044   0.719  -0.424   0.956   1.504  -0.114   1.649
   0.416  -1.904   1.261   1.336  -2.488   1.207  -0.294  -2.306   0.537   0.001
  -2.001   2.265   1.327  -0.204  -0.455   2.230  -0.942  -0.861   0.860   0.806
  -1.200   0.113   1.359  -0.808   1.330   1.146  -2.539   2.394   1.389  -2.510
   1.174   0.303  -3.214   0.779   2.009  -2.916
  -3.680   1.093   0.711  -2.751   1.225   1.265  -2.915   0.967   2.311  -2.434
   2.265   1.197  -1.672   0.326   0.687  -1.923  -0.399  -0.276  -0.468   0.395
   1.269  -0.380   1.038   2.044   0.719  -0.424   0.956   1.504  -0.114   1.649
   0.416  -1.904   1.261   1.336  -2.488   1.207  -0.294  -2.306   0.537   0.001
  -2.001   2.265   1.327  -0.204  -0.455   2.230  -0.942  -0.861   0.860   0.806
  -1.200   0.113   1.359  -0.808   1.330   1.146  -2.539   2.394   1.389  -2.510
   1.174   0.303  -3.214   0.779   2.009  -2.916
  -3.680   1.093   0.711  -2.751   1.225   1.265  -2.915   0.967   2.311  -2.434
   2.265   1.197  -1.672   0.326   0.687  -1.923  -0.399  -0.276  -0.468   0.395
   1.269  -0.380   1.038   2.044   0.719  -0.424   0.956   1.504  -0.114   1.649
   0.416  -1.904   1.261   1.336  -2.488   1.207  -0.294  -2.306   0.537   0.001
  -2.001   2.265   1.327  -0.204  -0.455   2.230  -0.942  -0.861   0.860   0.806
  -1.200   0.113   1.359  -0.808   1.330   1.146  -2.539   2.394   1.389  -2.510
   1.174   0.303  -3.214   0.779   2.009  -2.916
  -3.680   1.093   0.711  -2.751   1.225   1.265  -2.915   0.967   2.311  -2.434
   2.265   1.197  -1.672   0.326   0.687  -1.923  -0.399  -0.276  -0.468   0.395
   1.269  -0.380   1.038   2.044   0.719  -0.424   0.956   1.504  -0.114   1.649
   0.416  -1.904   1.261   1.336  -2.488   1.207  -0.294  -2.306   0.537   0.001
  -2.001   2.265   1.327  -0.204  -0.455   2.230  -0.942  -0.861   0.860   0.806
  -1.200   0.113   1.359  -0.808   1.330   1.146  -2.539   2.394   1.389  -2.510
   1.174   0.303  -3.214   0.779   2.009  -2.916
  -3.680   1.093   0.711  -2.751   1.225   1.265  -2.915   0.967   2.311  -2.434
   2.265   1.197  -1.672   0.326   0.687  -1.923  -0.399  -0.276  -0.468   0.395
   1.269  -0.380   1.038   2.044   0.719  -0.424   0.956   1.504  -0.114   1.649
   0.416  -1.904   1.261   1.336  -2.488   1.207  -0.294  -2.306   0.537   0.001
  -2.001   2.265   1.327  -0.204  -0.455   2.230  -0.942  -0.861   0.860   0.806
  -1.200   0.113   1.359  -0.808   1.330   1.146  -2.539   2.394   1.389  -2.510
   1.174   0.303  -3.214   0.779   2.009  -2.916
  -3.680   1.093   0.711  -2.751   1.225   1.265  -2.915   0.967   2.311  -2.434
   2.265   1.197  -1.672   0.326   0.687  -1.923  -0.399  -0.276  -0.468   0.395
   1.269  -0.380   1.038   2.044   0.719  -0.424   0.956   1.504  -0.114   1.649
   0.416  -1.904   1.261   1.336  -2.488   1.207  -0.294  -2.306   0.537   0.001
  -2.001   2.265   1.327  -0.204  -0.455   2.230  -0.942  -0.861   0.860   0.806
  -1.200   0.113   1.359  -0.808   1.330   1.146  -2.539   2.394   1.389  -2.510
   1.174   0.303  -3.214   0.779   2.009  -2.916
  -3.680   1.093   0.711  -2.751   1.225   1.265  -2.915   0.967   2.311  -2.434
   2.265   1.197  -1.672   0.326   0.687  -1.923  -0.399  -0.276  -0.468   0.395
   1.269  -0.380   1.038   2.044   0.719  -0.424   0.956   1.504  -0.114   1.649
   0.416  -1.904   1.261   1.336  -2.488   1.207  -0.294  -2.306   0.537   0.001
  -2.001   2.265   1.327  -0.204  -0.455   2.230  -0.942  -0.861   0.860   0.806
  -1.200   0.113   1.359  -0.808   1.330   1.146  -2.539   2.394   1.389  -2.510
   1.174   0.303  -3.214   0.779   2.009  -2.916
  -3.680   1.093   0.711  -2.751   1.225   1.265  -2.915   0.967   2.311  -2.434
   2.265   1.197  -1.672   0.326   0.687  -1.923  -0.399  -0.276  -0.468   0.395
   1.269  -0.380   1.038   2.044   0.719  -0.424   0.956   1.504  -0.114   1.649
   0.416  -1.904   1.261   1.336  -2.488   1.207  -0.294  -2.306   0.537   0.001
  -2.001   2.265   1.327  -0.204  -0.455   2.230  -0.942  -0.861   0.860   0.806
  -1.200   0.113   1.359  -0.808   1.330   1.146  -2.539   2.394   1.389  -2.510
   1.174   0.303  -3.214   0.779   2.009  -2.916
  -3.680   1.093   0.711  -2.751   1.225   1.265  -2.915   0.967   2.311  -2.434
   2.265   1.197  -1.672   0.326   0.687  -1.923  -0.399  -0.276  -0.468   0.395
   1.269  -0.380   1.038   2.044   0.719  -0.424   0.956   1.504  -0.114   1.649
   0.416  -1.904   1.261   1.336  -2.488   1.207  -0.294  -2.306   0.537   0.001
  -2.001   2.265   1.327  -0.204  -0.455   2.230  -0.942  -0.861   0.860   0.806
  -1.200   0.113   1.359  -0.808   1.330   1.146  -2.539   2.394   1.389  -2.510
   1.174   0.303  -3.214   0.779   2.009  -2.916
  -3.680   1.093   0.711  -2.751   1.225   1.265  -2.915   0.967   2.311  -2.434
   2.265   1.197  -1.672   0.326   0.687  -1.923  -0.399  -0.276  -0.468   0.395
   1.269  -0.380   1.038   2.044   0.719  -0.424   0.956   1.504  -0.114   1.649
   0.416  -1.904   1.261   1.336  -2.488   1.207  -0.294  -2.306   0.537   0.001
  -2.001   2.265   1.327  -0.204  -0.455   2.230  -0.942  -0.861   0.860   0.806
  -1.200   0.113   1.359  -0.808   1.330   1.146  -2.539   2.394   1.389  -2.510
   1.174   0.303  -3.214   0.779   2.009  -2.916
  -3.680   1.093   0.711  -2.751   1.225   1.265  -2.915   0.967   2.311  -2.434
   2.265   1.197  -1.672   0.326   0.687  -1.923  -0.399  -0.276  -0.468   0.395
   1.269  -0.380   1.038   2.044   0.719  -0.424   0.956   1.504  -0.114   1.649
   0.416  -1.904   1.261   1.336  -2.488   1.207  -0.294  -2.306   0.537   0.001
  -2.001   2.265   1.327  -0.204  -0.455   2.230  -0.942  -0.861   0.860   0.806
  -1.200   0.113   1.359  -0.808   1.330   1.146  -2.539   2.394   1.389  -2.510
   1.174   0.303  -3.214   0.779   2.009  -2.916
  -3.680   1.093   0.711  -2.751   1.225   1.265  -2.915   0.967   2.311  -2.434
   2.265   1.197  -1.672   0.326   0.687  -1.923  -0.399  -0.276  -0.468   0.395
   1.269  -0.380   1.038   2.044   0.719  -0.424   0.956   1.504  -0.114   1.649
   0.416  -1.904   1.261   1.336  -2.488   1.207  -0.294  -2.306   0.537   0.001
  -2.001   2.265   1.327  -0.204  -0.455   2.230  -0.942  -0.861   0.860   0.806
  -1.200   0.113   1.359  -0.808   1.330   1.146  -2.539   2.394   1.389  -2.510
   1.174   0.303  -3.214   0.779   2.009  -2.916
  -3.680   1.093   0.711  -2.751   1.225   1.265  -2.915   0.967   2.311  -2.434
   2.265   1.197  -1.672   0.326   0.687  -1.923  -0.399  -0.276  -0.468   0.395
   1.269  -0.380   1.038   2.044   0.719  -0.424   0.956   1.504  -0.114   1.649
   0.416  -1.904   1.261   1.336  -2.488   1.207  -0.294  -2.306   0.537   0.001
  -2.001   2.265   1.327  -0.204  -0.455   2.230  -0.942  -0.861   0.860   0.806
  -1.200   0.113   1.359  -0.808   1.330   1.146  -2.539   2.394   1.389  -2.510
   1.174   0.303  -3.214   0.779   2.009  -2.916
  -3.680   1.093   0.711  -2.751   1.225   1.265  -2.915   0.967   2.311  -2.434
   2.265   1.197  -1.672   0.326   0.687  -1.923  -0.399  -0.276  -0.468   0.395
   1.269  -0.380   1.038   2.044   0.719  -0.424   0.956   1.504  -0.114   1.649
   0.416  -1.904   1.261   1.336  -2.488   1.207  -0.294  -2.306   0.537   0.001
  -2.001   2.265   1.327  -0.204  -0.455   2.230  -0.942  -0.861   0.860   0.806
  -1.200   0.113   1.359  -0.808   1.330   1.146  -2.539   2.394   1.389  -2.510
   1.174   0.303  -3.214   0.779   2.009  -2.916
  -3.680   1.093   0.711  -2.751   1.225   1.265  -2.915   0.967   2.311  -2.434
   2.265   1.197  -1.672   0.326   0.687  -1.923  -0.399  -0.276  -0.468   0.395
   1.269  -0.380   1.038   2.044   0.719  -0.424   0.956   1.504  -0.114   1.649
   0.416  -1.904   1.261   1.336  -2.488   1.207  -0.294  -2.306   0.537   0.001
  -2.001   2.265   1.327  -0.204  -0.455   2.230  -0.942  -0.861   0.860   0.806
  -1.200   0.113   1.359  -0.808   1.330   1.146  -2.539   2.394   1.389  -2.510
   1.174   0.303  -3.214   0.779   2.009  -2.916
  -3.680   1.093   0.711  -2.751   1.225   1.265  -2.915   0.967   2.311  -2.434
   2.265   1.197  -1.672   0.326   0.687  -1.923  -0.399  -0.276  -0.468   0.395
   1.269  -0.380   1.038   2.044   0.719  -0.424   0.956   1.504  -0.114   1.649
   0.416  -1.904   1.261   1.336  -2.488   1.207  -0.294  -2.306   0.537   0.001
  -2.001   2.265   1.327  -0.204  -0.455   2.230  -0.942  -0.861   0.860   0.806
  -1.200   0.113   1.359  -0.808   1.330   1.146  -2.539   2.394   1.389  -2.510
   1.174   0.303  -3.214   0.779   2.009  -2.916
  -3.680   1.093   0.711  -2.751   1.225   1.265  -2.915   0.967   2.311  -2.434
   2.265   1.197  -1.672   0.326   0.687  -1.923  -0.399  -0.276  -0.468   0.395
   1.269  -0.380   1.038   2.044   0.719  -0.424   0.956   1.504  -0.114   1.649
   0.416  -1.904   1.261   1.336  -2.488   1.207  -0.294  -2.306   0.537   0.001
  -2.001   2.265   1.327  -0.204  -0.455   2.230  -0.942  -0.861   0.860   0.806
  -1.200   0.113   1.359  -0.808   1.330   1.146  -2.539   2.394   1.389  -2.510
   1.174   0.303  -3.214   0.779   2.009  -2.916
  -3.680   1.093   0.711  -2.751   1.225   1.265  -2.915   0.967   2.311  -2.434
   2.265   1.197  -1.672   0.326   0.687  -1.923  -0.399  -0.276  -0.468   0.395
   1.269  -0.380   1.038   2.044   0.719  -0.424   0.956   1.504  -0.114   1.649
   0.416  -1.904   1.261   1.336  -2.488   1.207  -0.294  -2.306   0.537   0.001
  -2.001   2.265   1.327  -0.204  -0.455   2.230  -0.942  -0.861   0.860   0.806
  -1.200   0.113   1.359  -0.808   1.330   1.146  -2.539   2.394   1.389  -2.510
   1.174   0.303  -3.214   0.779   2.009  -2.916
  -3.680   1.093   0.711  -2.751   1.225   1.265  -2.915   0.967   2.311  -2.434
   2.265   1.197  -1.672   0.326   0.687  -1.923  -0.399  -0.276  -0.468   0.395
   1.269  -0.380   1.038   2.044   0.719  -0.424   0.956   1.504  -0.114   1.649
   0.416  -1.904   1.261   1.336  -2.488   1.207  -0.294  -2.306   0.537   0.001
  -2.001   2.265   1.327  -0.204  -0.455   2.230  -0.942  -0.861   0.860   0.806
  -1.200   0.113   1.359  -0.808   1.330   1.146  -2.539   2.394   1.389  -2.510
   1.174   0.303  -3.214   0.779   2.009  -2.916
  -3.680   1.093   0.711  -2.751   1.225   1.265  -2.915   0.967   2.311  -2.434
   2.265   1.197  -1.672   0.326   0.687  -1.923  -0.399  -0.276  -0.468   0.395
   1.269  -0.380   1.038   2.044   0.719  -0.424   0.956   1.504  -0.114   1.649
   0.416  -1.904   1.261   1.336  -2.488   1.207  -0.294  -2.306   0.537   0.001
  -2.001   2.265   1.327  -0.204  -0.455   2.230  -0.942  -0.861   0.860   0.806
  -1.200   0.113   1.359  -0.808   1.330   1.146  -2.539   2.394   1.389  -2.510
   1.174   0.303  -3.214   0.779   2.009  -2.916
  -3.680   1.093   0.711  -2.751   1.225   1.265  -2.915   0.967   2.311  -2.434
   2.265   1.197  -1.672   0.326   0.687  -1.923  -0.399  -0.276  -0.468   0.395
   1.269  -0.380   1.038   2.044   0.719  -0.424   0.956   1.504  -0.114   1.649
   0.416  -1.904   1.261   1.336  -2.488   1.207  -0.294  -2.306   0.537   0.001
  -2.001   2.265   1.327  -0.204  -0.455   2.230  -0.942  -0.861   0.860   0.806
  -1.200   0.113   1.359  -0.808   1.330   1.146  -2.539   2.394   1.389  -2.510
   1.174   0.303  -3.214   0.779   2.009  -2.916
