default_name                                                                    
   22  0.4200000E+03
  -4.4777337  -4.3604512   1.0235555  -3.6741315  -4.9973270   1.5132688
  -3.6414056  -5.9933247   1.0544457  -3.8449674  -5.0094483   2.5860705
  -2.3419633  -4.2454497   1.3584106  -2.1911563  -3.0510267   1.5444135
  -1.3586649  -5.0541088   0.8577060  -1.6501762  -6.0129627   0.6813991
   0.0052224  -4.6582124   0.6013140   0.4752395  -4.2930250   1.5432919
   0.7902244  -5.8796431   0.3516201   0.3436828  -6.5033669  -0.4724081
   0.8398481  -6.5291260   1.2270449   1.7528950  -5.6510359   0.0539085
   0.1147994  -3.6826599  -0.5405476   0.7390998  -2.6317795  -0.4497365
  -0.4731093  -3.9530630  -1.6456546  -1.0372404  -4.7605597  -1.6436052
  -0.4076730  -2.9756762  -2.7789317  -1.0717005  -3.2907539  -3.6067238
  -0.7678201  -1.9173555  -2.5052980   0.5664363  -2.9295821  -3.1350963
  -1.0535616   0.4454091  -1.2078001   0.0471962  -0.1668427  -0.1205207
   0.3342159   0.4317345  -0.9361867   0.7136206  -0.1887237   0.8506345
   0.0216275  -0.1753177  -0.0679252   0.0389576  -0.2402259  -0.0139916
   0.1811524  -0.1798729  -0.1193628   0.6688486  -0.3527000  -1.8416181
  -0.2234349   0.2198447   0.1375795   0.5997607   0.5046065   0.0670257
  -0.0589927  -0.0362081   0.2074390   0.2194303   0.1176785   1.3853741
   0.3069140  -0.6427566  -0.0188608   0.0090264  -0.1441334   0.6221722
   0.0019860  -0.0630654   0.2543889   0.0531416  -0.2978659  -0.0276001
  -0.2350058  -0.1173800  -0.1118636  -0.8821925  -0.4884744   1.4777794
  -0.2558785   0.0885849  -0.2049149  -0.0367579  -0.1696859   0.4734884
   0.1757642  -0.4631746  -0.1113839  -0.6073328  -0.2429471  -0.3066372
