default_name                                                                    
  -2.274   1.089   0.008  -1.498   0.940  -0.726  -1.627   1.832  -1.325  -1.751
   0.131  -1.449  -0.198   0.885  -0.068   0.562   1.853  -0.039   0.036  -0.190
   0.627  -0.727  -0.821   0.738   1.180  -0.252   1.612   1.091   0.745   2.034
   0.837  -1.358   2.622   1.626  -1.580   3.377   0.763  -2.299   1.997  -0.175
  -1.183   3.118   2.537  -0.324   0.931   3.488   0.083   1.600   2.733  -0.749
  -0.296   1.936  -1.114  -0.816   3.995  -1.027  -0.908   4.586  -0.353  -0.435
   4.335  -1.997  -0.740   3.918  -0.932  -1.974
  -2.453   0.986  -0.394  -1.581   0.900  -1.046  -1.577   1.612  -1.872  -1.574
  -0.093  -1.477  -0.348   1.096  -0.216   0.111   2.207  -0.053  -0.027   0.116
   0.639  -0.461  -0.788   0.394   1.070   0.137   1.657   1.135   1.151   2.136
   0.767  -0.928   2.693   1.490  -0.838   3.460   0.676  -1.907   2.241  -0.186
  -0.720   3.100   2.550  -0.150   1.154   3.413   0.174   1.942   2.743  -0.507
  -0.143   1.872  -0.628  -0.727   4.058  -0.591  -0.815   4.581   0.377  -0.578
   4.609  -1.407  -0.473   3.895  -0.743  -1.821
  -2.007   0.735  -0.560  -1.225   1.454  -0.894  -1.760   2.319  -1.321  -0.663
   0.955  -1.658  -0.125   1.531   0.217   0.592   2.484   0.196   0.058   0.416
   1.010  -0.559  -0.352   0.907   1.181   0.251   1.918   1.076   1.173   2.555
   0.909  -0.933   2.886   1.704  -0.878   3.614   0.884  -1.894   2.439  -0.082
  -0.878   3.413   2.613   0.093   1.282   3.561   0.462   1.931   2.771  -0.364
   0.012   1.936  -0.544  -0.513   4.099  -0.610  -0.705   4.706   0.258  -0.556
   4.588  -1.513  -0.272   3.981  -0.881  -1.766
  -1.492   0.471  -0.473  -1.084   1.476  -0.614  -1.846   2.198  -0.377  -0.826
   1.496  -1.616   0.041   1.626   0.461   0.676   2.622   0.483   0.369   0.518
   1.134  -0.271  -0.295   0.957   1.499   0.421   2.061   1.689   1.351   2.573
   1.180  -0.729   3.050   2.000  -0.881   3.778   1.180  -1.675   2.493   0.254
  -0.453   3.575   2.807   0.308   1.292   3.754   0.674   1.908   2.851  -0.201
   0.050   1.924  -0.356  -0.446   4.098  -0.747  -0.521   4.182  -0.584  -1.557
   4.876  -0.514   0.135   3.990  -1.832  -0.341
  -0.951   0.650  -1.202  -1.045   1.623  -0.679  -1.990   1.642  -0.061  -0.876
   2.324  -1.457   0.160   1.771   0.302   0.752   2.794   0.334   0.313   0.771
   1.149  -0.378  -0.043   1.131   1.449   0.732   2.115   1.446   1.696   2.554
   1.167  -0.241   3.253   1.796  -0.062   4.111   1.220  -1.280   2.945   0.148
  -0.030   3.518   2.785   0.506   1.373   3.814   0.571   2.035   2.828   0.219
   0.092   2.012   0.377  -0.418   4.026  -0.236  -0.710   4.288   0.538  -1.510
   4.784  -0.556  -0.054   3.807  -1.241  -1.262
  -0.941   0.591  -1.370  -0.994   1.636  -1.130  -2.040   1.880  -0.854  -0.802
   2.201  -2.087   0.027   1.953   0.038   0.664   3.006   0.050   0.126   1.051
   1.027  -0.668   0.436   1.125   1.228   0.967   1.935   1.462   1.914   2.357
   0.889  -0.060   3.049   1.660  -0.111   3.885   0.780  -1.006   2.514  -0.069
   0.113   3.487   2.596   0.526   1.375   3.571   0.648   2.016   2.598  -0.212
   0.280   1.770  -0.504  -0.242   3.858  -0.624  -0.474   3.710  -0.685  -1.503
   4.692   0.147  -0.328   4.071  -1.525   0.105
  -0.478   1.811  -2.229  -1.022   1.964  -1.331  -1.715   1.130  -1.222  -1.531
   2.921  -1.268  -0.112   1.977  -0.192   0.634   2.901  -0.071   0.030   0.896
   0.590  -0.603   0.077   0.497   1.117   0.655   1.611   1.147   1.643   2.044
   0.598  -0.338   2.671   1.184  -0.223   3.534   0.630  -1.350   2.311  -0.384
   0.031   2.978   2.607   0.497   1.229   3.504   0.720   2.131   2.830   0.204
  -0.053   2.117   0.255  -0.728   4.115  -0.164  -0.687   4.096  -0.080  -1.782
   4.791   0.710  -0.507   4.443  -1.134  -0.291
  -1.186   1.096  -1.940  -1.333   1.759  -1.099  -2.183   1.428  -0.548  -1.613
   2.782  -1.498  -0.096   1.789  -0.184   0.516   2.846  -0.014   0.089   0.612
   0.499  -0.307  -0.281   0.220   1.072   0.531   1.641   1.003   1.453   2.261
   0.545  -0.559   2.529   1.053  -0.617   3.523   0.891  -1.486   1.964  -0.511
  -0.383   2.635   2.505   0.349   1.128   3.504   0.434   1.925   2.618   0.076
  -0.142   1.795  -0.420  -0.519   3.785   0.197  -0.900   3.627  -0.095  -1.992
   4.325   1.200  -0.984   4.527  -0.550  -0.616
  -0.229   2.056  -1.969  -0.883   2.106  -1.085  -1.338   1.156  -1.201  -1.583
   2.953  -0.989  -0.053   2.050   0.151   0.482   3.110   0.551   0.119   0.798
   0.652  -0.595   0.127   0.311   1.128   0.455   1.631   1.006   1.177   2.394
   0.674  -0.852   2.305   1.207  -1.019   3.181   0.672  -1.589   1.531  -0.379
  -0.727   2.629   2.574   0.503   1.051   3.567   0.819   1.711   2.738   0.171
  -0.245   1.958  -0.110  -0.853   4.110  -0.012  -0.784   4.029   0.240  -1.804
   4.828   0.653  -0.259   4.390  -1.038  -0.760
  -1.510   1.922  -1.438  -1.281   2.729  -0.665  -2.137   2.779  -0.048  -1.090
   3.649  -1.201  -0.167   2.364   0.229   0.711   3.187   0.404  -0.193   1.116
   0.766  -1.082   0.580   0.554   0.902   0.694   1.646   1.072   1.400   2.496
   0.509  -0.635   2.272   1.277  -0.841   3.092   0.540  -1.493   1.582  -0.480
  -0.566   2.761   2.293   0.515   0.986   3.315   0.685   1.661   2.420   0.229
  -0.313   1.555  -0.203  -0.745   3.722   0.409  -0.982   3.580   0.010  -1.964
   4.000   1.405  -1.074   4.470  -0.222  -0.546
  -2.402   2.258  -0.107  -1.540   2.583  -0.732  -1.539   3.576  -0.961  -1.683
   2.176  -1.669  -0.248   2.158  -0.201   0.713   2.858  -0.269  -0.126   0.973
   0.438  -0.859   0.365   0.700   1.055   0.685   1.294   1.095   1.569   1.956
   0.725  -0.418   2.128   1.552  -0.976   2.555   0.009  -1.079   1.608   0.305
  -0.101   3.054   2.408   0.524   0.599   3.441   0.554   1.277   2.596   0.641
  -0.743   1.734   0.668  -1.278   3.830   0.970  -1.370   4.113   2.083  -1.283
   4.724   0.474  -0.910   3.774   0.608  -2.370
  -1.774   0.974  -1.167  -1.479   2.049  -1.154  -2.239   2.540  -0.655  -1.329
   2.473  -2.154  -0.265   2.146  -0.302   0.200   3.229  -0.227   0.191   1.022
   0.196  -0.319   0.203  -0.104   1.305   0.867   1.062   1.243   1.699   1.765
   1.093  -0.355   1.967   2.017  -0.427   2.477   1.148  -1.289   1.392   0.237
  -0.270   2.698   2.665   0.927   0.426   3.578   1.433   1.104   2.816   0.633
  -0.941   2.043   0.173  -1.440   4.025   0.944  -1.666   3.782   1.783  -2.445
   4.873   1.281  -0.985   4.425   0.098  -2.090
  -2.420   1.376  -0.682  -1.582   1.935  -1.291  -1.845   2.815  -1.898  -1.319
   1.296  -2.151  -0.366   2.315  -0.404  -0.005   3.426  -0.118   0.270   1.239
   0.024  -0.021   0.397  -0.368   1.423   1.182   0.933   1.403   2.160   1.597
   1.387   0.002   1.933   2.366  -0.154   2.399   1.135  -0.877   1.408   0.610
   0.104   2.672   2.825   1.344   0.242   3.757   1.810   0.798   2.957   1.102
  -1.047   2.192   0.728  -1.537   4.177   1.367  -1.831   4.452   2.457  -1.757
   4.950   0.793  -1.345   3.948   1.091  -2.892
  -2.191   1.487  -0.928  -1.391   2.070  -1.364  -1.765   3.010  -1.776  -0.829
   1.557  -2.118  -0.343   2.494  -0.255  -0.087   3.689  -0.096   0.202   1.403
   0.395  -0.082   0.519   0.025   1.410   1.429   1.272   1.332   2.416   1.766
   1.368   0.456   2.393   2.201   0.636   3.030   1.400  -0.567   1.971   0.412
   0.562   2.858   2.722   1.518   0.567   3.855   1.501   1.094   2.761   1.483
  -0.747   1.953   1.507  -1.249   3.994   1.517  -1.583   4.092   2.606  -1.730
   4.857   1.147  -1.052   3.775   1.127  -2.603
  -2.169   1.931  -0.399  -1.277   2.184  -0.989  -1.487   2.804  -1.800  -1.153
   1.194  -1.613  -0.073   2.517  -0.155   0.425   3.617  -0.302   0.350   1.637
   0.703  -0.116   0.743   0.692   1.649   1.574   1.455   1.820   2.491   2.063
   1.638   0.407   2.529   2.565   0.157   3.037   1.253  -0.603   2.086   0.841
   0.713   3.266   2.885   1.521   0.642   3.985   1.507   1.192   2.793   1.387
  -0.746   1.875   1.357  -1.123   3.907   1.287  -1.749   3.813   1.942  -2.617
   4.870   1.456  -1.266   3.816   0.271  -2.171
  -1.710   2.208  -0.586  -0.802   2.639  -1.112  -1.018   3.719  -1.261  -0.564
   2.090  -1.994   0.253   2.723  -0.101   0.952   3.719  -0.095   0.483   1.622
   0.604  -0.161   0.829   0.474   1.625   1.490   1.484   1.648   2.298   2.276
   1.410   0.155   2.223   1.917   0.313   3.229   1.836  -0.737   1.748   0.374
   0.062   2.448   3.026   1.414   0.867   4.080   1.386   1.479   3.021   1.158
  -0.438   2.090   1.047  -0.864   4.146   0.713  -1.258   3.998   1.196  -2.248
   5.047   1.245  -0.883   4.187  -0.354  -1.272
  -1.803   3.348  -0.332  -0.920   3.037  -0.973  -0.779   3.724  -1.804  -1.192
   2.131  -1.576   0.342   2.774  -0.203   1.211   3.713   0.030   0.496   1.528
   0.173  -0.253   0.918   0.055   1.566   1.212   1.181   1.417   1.885   2.038
   1.263  -0.237   1.578   2.160  -0.591   2.146   1.169  -1.006   0.771   0.420
  -0.226   2.274   3.013   1.391   0.694   3.931   1.749   1.488   3.290   0.921
  -0.534   2.548   0.577  -1.064   4.663   0.834  -1.157   4.734   1.678  -1.694
   5.496   0.971  -0.514   4.880  -0.046  -1.801
  -1.108   1.992  -1.242  -0.313   2.679  -1.574  -0.737   3.658  -1.895   0.152
   2.316  -2.461   0.692   2.618  -0.459   1.562   3.458  -0.253   0.707   1.381
   0.173  -0.008   0.714   0.112   1.698   1.154   1.245   1.460   1.988   1.999
   1.386  -0.244   1.911   2.013  -0.495   2.752   1.407  -1.129   1.130   0.398
  -0.273   2.320   3.167   1.233   0.769   3.944   1.937   1.414   3.412   0.513
  -0.296   2.613   0.265  -0.834   4.777   0.309  -0.878   4.972   1.189  -1.430
   5.496   0.451  -0.053   4.876  -0.562  -1.500
  -1.399   3.085  -1.166  -0.381   2.973  -1.560  -0.133   3.923  -2.023  -0.360
   2.164  -2.284   0.709   2.686  -0.488   1.582   3.536  -0.356   0.767   1.460
   0.126   0.070   0.732  -0.045   1.694   1.235   1.221   1.657   2.089   1.812
   1.081   0.174   2.294   1.676   0.149   3.225   1.009  -0.856   1.964   0.087
   0.558   2.492   3.163   1.137   0.761   4.052   1.673   1.446   3.442   0.680
  -0.419   2.648   0.412  -1.041   4.750   0.429  -0.862   4.766  -0.270  -1.664
   5.140   1.416  -1.289   5.339   0.247  -0.037
  -0.966   3.407  -1.251  -0.217   2.598  -1.490   0.231   2.959  -2.413  -0.619
   1.673  -1.741   0.712   2.594  -0.443   1.329   3.573  -0.060   0.763   1.491
   0.291   0.009   0.835   0.100   1.765   1.220   1.388   1.702   2.119   2.089
   1.190  -0.023   2.171   1.606  -0.134   3.169   1.504  -0.946   1.656   0.101
   0.157   2.283   3.217   0.988   1.058   4.068   1.089   1.986   3.568   0.910
  -0.231   2.755   0.982  -0.847   4.856   0.835  -0.754   4.818   0.757  -1.846
   5.368   1.711  -0.482   5.367   0.031  -0.324
  -0.096   4.142  -2.128  -0.365   3.199  -1.569  -0.576   2.369  -2.191  -1.252
   3.415  -1.014   0.683   2.825  -0.600   1.629   3.604  -0.519   0.650   1.610
   0.017  -0.142   1.034  -0.075   1.485   1.133   1.115   1.363   1.755   1.982
   0.815  -0.047   1.792   1.373  -0.251   2.677   0.867  -0.950   1.187  -0.307
   0.128   1.859   3.006   0.994   0.936   3.806   1.243   1.831   3.449   0.658
  -0.304   2.739   0.638  -1.045   4.947   0.571  -0.553   5.183   0.547  -1.615
   5.506   1.341  -0.041   5.386  -0.348  -0.196
  -0.474   4.215  -1.884  -0.582   3.200  -1.640  -0.481   2.537  -2.542  -1.595
   2.953  -1.322   0.511   2.944  -0.754   1.280   3.833  -0.402   0.489   1.683
  -0.174  -0.223   1.078  -0.611   1.293   1.328   1.019   1.209   2.112   1.766
   0.647   0.098   1.679   1.216  -0.286   2.548   0.444  -0.748   0.997  -0.278
   0.272   2.106   2.793   0.848   0.863   3.603   0.865   1.781   3.156   0.513
  -0.364   2.526   0.503  -1.150   4.639   0.300  -0.740   4.617  -0.172  -1.715
   5.074   1.307  -0.808   5.255  -0.483  -0.136
  -0.837   4.453  -1.464  -0.651   3.319  -1.482  -0.560   2.916  -2.550  -1.552
   2.836  -1.037   0.469   2.920  -0.566   1.306   3.738  -0.276   0.672   1.623
  -0.124  -0.035   0.948  -0.334   1.422   1.368   1.148   1.347   2.186   1.887
   0.794   0.244   1.922   1.097   0.195   2.994   1.186  -0.644   1.502  -0.258
   0.285   1.997   2.911   1.086   0.936   3.634   0.998   1.910   3.340   0.870
  -0.275   2.690   1.042  -0.978   4.596   0.289  -0.629   4.735   0.348  -1.707
   5.351   0.875  -0.055   4.766  -0.719  -0.320
  -0.701   4.073  -2.309  -0.655   3.068  -1.904  -0.319   2.370  -2.692  -1.593
   2.656  -1.531   0.407   3.017  -0.785   1.084   4.029  -0.588   0.543   1.846
  -0.001   0.284   0.960  -0.518   1.415   1.884   1.225   1.268   2.912   1.693
   0.639   0.943   2.140   0.906   1.140   3.153   1.029  -0.087   1.961  -0.408
   0.992   2.062   2.926   1.454   1.016   3.564   1.177   2.019   3.347   1.089
  -0.231   2.709   1.287  -1.049   4.644   0.648  -0.467   4.674  -0.371  -0.983
   5.266   1.509  -0.793   5.096   0.440   0.474
  -0.369   4.556  -2.204  -0.500   3.549  -1.834  -0.270   2.835  -2.612  -1.486
   3.309  -1.492   0.500   3.352  -0.676   1.112   4.369  -0.303   0.683   2.127
  -0.153   0.040   1.427  -0.388   1.476   2.034   1.038   1.790   3.045   1.330
   0.673   1.535   2.239   1.297   1.042   3.016  -0.167   0.870   1.885   0.217
   2.387   2.636   2.834   1.465   0.789   3.652   1.395   1.759   3.049   0.988
  -0.449   2.261   1.069  -1.135   4.151   0.078  -0.839   3.887  -0.270  -1.855
   5.136   0.485  -1.072   4.193  -0.827  -0.232
  -0.338   3.779  -2.833  -0.767   3.278  -1.952  -0.635   2.228  -2.240  -1.798
   3.726  -1.910   0.145   3.473  -0.701   0.501   4.538  -0.251   0.497   2.306
  -0.164  -0.035   1.524  -0.458   1.150   2.003   1.161   1.469   2.973   1.477
   0.237   1.397   2.224   0.784   1.197   3.082  -0.225   0.437   1.950  -0.522
   2.111   2.450   2.448   1.175   1.151   3.125   1.105   2.120   2.880   0.647
  -0.023   2.285   0.699  -0.816   4.225   0.128  -0.339   4.766   0.966  -0.696
   4.689   0.026   0.623   4.173  -0.590  -1.175
  -0.746   3.841  -2.527  -1.128   3.325  -1.627  -1.358   2.270  -1.911  -2.042
   3.853  -1.252   0.039   3.277  -0.521   0.656   4.330  -0.332   0.266   2.140
   0.104  -0.419   1.404  -0.224   0.953   1.990   1.292   1.076   2.962   1.711
   0.159   1.110   2.377   0.785   1.037   3.286  -0.231   0.143   2.045  -0.717
   1.698   2.640   2.339   1.379   1.144   3.162   1.445   2.041   2.719   0.806
   0.050   1.891   0.628  -0.518   3.939   0.066  -0.215   4.314   0.300  -1.198
   4.764   0.278   0.402   3.840  -1.074  -0.192
  -0.915   3.762  -2.610  -0.937   2.904  -1.939  -0.288   2.097  -2.366  -1.982
   2.538  -1.646  -0.205   3.210  -0.624   0.225   4.354  -0.364  -0.066   2.114
   0.109  -0.404   1.193  -0.159   0.776   2.066   1.337   0.822   2.988   1.826
   0.201   1.177   2.478   0.827   0.958   3.291  -0.054   0.202   2.205  -0.788
   1.573   2.953   2.143   1.627   0.918   3.078   1.610   1.659   2.400   1.106
  -0.241   1.651   0.758  -0.851   3.630   0.469  -0.641   4.378   1.152  -1.077
   4.090   0.036   0.219   3.437  -0.323  -1.372
  -1.409   3.254  -2.667  -1.351   2.556  -1.812  -0.805   1.693  -2.027  -2.396
   2.220  -1.576  -0.494   2.920  -0.633  -0.011   4.072  -0.667  -0.071   1.950
   0.155  -0.471   1.042  -0.037   0.790   2.140   1.313   0.731   3.196   1.691
   0.351   1.037   2.315   1.102   0.997   3.091   0.370   0.069   1.799  -0.662
   1.155   2.728   2.292   1.782   1.082   3.143   1.970   2.005   2.547   1.115
  -0.090   1.778   1.056  -0.755   3.902   0.646  -0.470   4.671   1.327  -0.060
   3.973  -0.369  -0.043   3.969   0.560  -1.506
  -0.585   4.105  -2.793  -1.088   3.353  -2.080  -0.956   2.429  -2.572  -2.137
   3.381  -1.610  -0.244   3.276  -0.861   0.180   4.296  -0.321   0.028   2.127
  -0.274  -0.242   1.258  -0.769   0.665   1.979   1.048   0.495   2.889   1.671
   0.151   0.742   1.772   0.488   0.884   2.774   0.730  -0.107   1.287  -0.978
   0.790   1.837   2.185   1.848   0.984   2.814   2.238   1.933   2.712   1.265
  -0.051   1.938   1.082  -0.647   4.105   0.828  -0.303   4.835   1.347   0.277
   4.242  -0.287  -0.054   4.394   1.026  -1.331
   1.186   3.741  -2.529   0.185   3.812  -2.076  -0.342   3.010  -2.466  -0.308
   4.704  -2.349   0.282   3.682  -0.588   0.328   4.634   0.169   0.262   2.405
  -0.127   0.124   1.632  -0.795   0.908   1.998   1.046   0.797   2.929   1.595
   0.069   0.932   1.938   0.547   0.785   2.923  -0.368   0.089   1.354  -0.927
   1.370   2.250   2.390   1.764   0.865   3.208   1.892   1.786   2.739   1.153
  -0.301   2.082   1.031  -0.994   4.112   0.820  -0.550   4.717   1.687  -0.390
   4.487   0.042   0.049   4.288   0.587  -1.535
   0.047   3.618  -2.732  -0.591   3.637  -1.931  -1.468   2.988  -1.895  -1.029
   4.587  -1.841   0.136   3.418  -0.686   0.651   4.407  -0.079   0.315   2.186
  -0.192  -0.147   1.468  -0.708   0.873   1.795   1.216   0.594   2.605   1.898
   0.055   0.566   1.662   0.056   0.410   2.753   0.335  -0.331   1.179  -0.945
   0.704   1.402   2.424   1.539   1.208   3.048   1.461   2.253   2.991   1.280
  -0.018   2.434   1.156  -0.857   4.316   1.241  -0.485   4.706   2.240  -0.626
   5.010   0.724   0.062   4.184   0.855  -1.504
   0.353   3.508  -2.764  -0.275   3.988  -2.050  -1.312   3.581  -2.169  -0.278
   4.998  -2.390   0.390   3.650  -0.674   1.150   4.406  -0.140  -0.045   2.451
  -0.124  -0.766   1.897  -0.606   0.357   1.825   1.073   0.283   2.555   1.904
  -0.466   0.583   1.280  -0.041   0.109   2.281  -0.267  -0.191   0.499  -1.414
   0.838   1.231   1.889   1.600   1.073   2.422   1.595   2.259   2.675   1.459
  -0.053   2.161   1.353  -0.868   4.101   1.188  -0.236   4.482   1.775  -1.045
   4.598   1.655   0.620   4.376   0.151  -0.437
  -0.484   2.774  -2.811  -0.841   3.589  -2.142  -1.818   3.462  -1.880  -0.854
   4.634  -2.428  -0.071   3.416  -0.864   0.509   4.396  -0.396   0.055   2.210
  -0.303  -0.582   1.637  -0.754   0.484   1.823   1.014   0.017   2.484   1.658
  -0.204   0.442   1.279  -0.189   0.240   2.355   0.340  -0.322   0.752  -1.282
   0.466   0.949   2.014   1.765   1.287   2.384   1.753   2.413   2.789   1.417
   0.235   2.368   1.153  -0.618   4.082   0.726   0.359   4.885   1.339   0.427
   4.147  -0.100   1.137   4.321   0.379  -0.716
   0.204   2.909  -3.008  -0.612   3.154  -2.369  -1.435   2.433  -2.490  -1.216
   4.034  -2.778  -0.210   3.205  -0.951  -0.111   4.257  -0.456  -0.194   2.076
  -0.236  -0.765   1.371  -0.600   0.218   1.986   1.207  -0.010   2.909   1.741
  -0.501   0.722   1.780  -0.458   0.873   2.855   0.039  -0.159   1.449  -1.544
   0.604   1.629   1.762   1.777   1.402   2.342   1.744   2.479   2.493   1.416
   0.352   1.927   1.538  -0.473   3.872   1.003   0.319   4.514   1.931   0.651
   4.033   0.068   0.824   4.152   0.965  -0.740
  -0.158   3.651  -3.234  -0.822   3.807  -2.296  -1.673   3.104  -2.255  -0.975
   4.843  -2.375  -0.078   3.591  -1.010   0.405   4.524  -0.369  -0.222   2.292
  -0.574  -0.645   1.689  -1.215   0.137   1.895   0.776  -0.187   2.647   1.355
  -0.592   0.530   1.071  -0.019  -0.091   1.811  -0.545  -0.114   0.142  -1.518
   0.780   1.395   1.653   1.796   1.110   2.058   2.248   2.186   2.362   1.182
   0.209   1.784   0.850  -0.592   3.801   0.862   0.263   4.420   1.577  -0.306
   4.181   0.679   1.345   4.036   0.018  -0.349
  -0.692   2.645  -2.905  -0.937   3.585  -2.381  -2.005   3.450  -2.278  -0.306
   4.366  -2.853  -0.265   3.449  -0.993   0.299   4.439  -0.435  -0.328   2.303
  -0.427  -0.795   1.531  -0.910   0.218   2.035   0.945  -0.055   2.942   1.523
  -0.670   0.933   1.585  -0.657   1.126   2.678  -0.307  -0.067   1.622  -1.652
   1.051   1.155   1.644   1.746   1.210   2.157   2.198   2.222   2.407   1.223
   0.219   1.889   0.985  -0.654   3.861   0.678   0.491   4.282   1.216   1.354
   3.851  -0.469   0.772   4.578   0.842  -0.292
   0.172   2.806  -3.475  -0.301   3.448  -2.753  -1.316   3.073  -2.706  -0.142
   4.508  -3.088   0.147   3.219  -1.336   0.942   4.023  -0.918  -0.332   2.223
  -0.597  -1.061   1.593  -0.919   0.045   1.958   0.795  -0.069   2.835   1.401
  -0.847   0.816   1.289  -0.719   0.645   2.244  -0.732  -0.200   0.745  -1.921
   1.058   1.018   1.535   1.546   1.104   1.975   1.536   2.255   2.305   1.139
   0.137   2.007   1.151  -0.821   3.698   0.624   0.485   3.571  -0.056   1.303
   4.118   0.228  -0.283   4.328   1.403   0.905
   0.914   1.727  -2.754   0.479   2.646  -2.591  -0.516   2.442  -2.965   0.895
   3.477  -3.094   0.397   2.864  -1.085   0.642   3.968  -0.650   0.041   1.862
  -0.360  -0.087   1.024  -0.933   0.283   1.711   1.093  -0.100   2.581   1.624
  -0.439   0.524   1.527  -0.455   0.512   2.594   0.093  -0.380   1.099  -1.385
   0.641   0.955   1.879   1.546   1.425   2.214   1.711   2.606   2.769   1.492
   0.461   2.426   1.418  -0.519   4.231   1.358   0.565   4.443   0.712   1.394
   4.831   1.235  -0.361   4.585   2.260   1.065
  -0.376   2.268  -2.881   0.397   3.018  -2.671   0.068   3.987  -2.999   1.333
   2.752  -3.189   0.422   3.064  -1.084   0.424   4.113  -0.422   0.452   1.785
  -0.497   0.513   0.970  -1.036   0.485   1.612   0.988   0.099   2.512   1.495
  -0.303   0.364   1.432  -0.142   0.082   2.473   0.163  -0.517   1.005  -1.391
   0.458   1.234   1.971   1.526   1.419   2.321   1.760   2.552   2.974   1.333
   0.556   2.539   0.860  -0.250   4.440   1.260   0.803   4.641   1.076   1.895
   4.921   0.418   0.390   4.915   2.187   0.426
  -1.147   3.558  -2.490  -0.310   2.794  -2.314   0.448   2.803  -3.098  -0.874
   1.941  -2.371   0.227   2.867  -0.917   0.363   3.970  -0.447   0.436   1.749
  -0.296   0.367   0.909  -0.882   0.667   1.633   1.147   0.177   2.530   1.586
  -0.126   0.407   1.700   0.218   0.051   2.681  -0.009  -0.526   1.144  -1.147
   0.598   1.881   2.152   1.776   1.517   2.507   2.019   2.708   3.010   1.428
   0.542   2.563   1.120  -0.265   4.456   1.654   0.577   4.816   2.359   1.412
   4.893   0.677   0.909   4.968   1.747  -0.355
  -1.116   3.140  -2.593  -0.261   2.587  -2.211   0.511   2.919  -2.854  -0.540
   1.568  -2.502   0.193   2.717  -0.796   0.399   3.833  -0.373   0.308   1.667
   0.048   0.355   0.770  -0.418   0.591   1.670   1.469   0.021   2.475   1.877
   0.442   0.196   1.924   0.788   0.068   2.960   0.959  -0.516   1.272  -0.615
   0.012   1.933   2.129   1.980   1.721   2.395   2.939   2.427   3.050   1.305
   1.012   2.832   0.423   0.589   4.318   1.917   0.694   4.260   2.987   0.513
   4.965   1.863   1.624   4.692   1.474  -0.201
   0.300   3.037  -2.825   0.436   2.151  -2.274   1.459   1.797  -2.443  -0.339
   1.483  -2.726   0.276   2.410  -0.817   0.306   3.544  -0.423   0.330   1.293
  -0.085   0.193   0.422  -0.512   0.604   1.404   1.360   0.041   2.299   1.735
   0.144   0.123   1.988   0.198   0.257   3.156   0.810  -0.707   1.624  -0.897
  -0.136   1.654   2.110   1.681   1.587   2.497   2.356   2.566   3.045   1.212
   0.737   2.656   0.646  -0.018   4.480   1.574   0.688   4.571   2.452   0.127
   4.747   1.824   1.789   5.088   0.790   0.273
   0.509   3.311  -2.752   0.414   2.325  -2.279   1.250   1.709  -2.633  -0.381
   1.641  -2.605   0.543   2.380  -0.782   0.943   3.366  -0.248   0.406   1.263
  -0.091   0.155   0.415  -0.574   0.457   1.256   1.347  -0.158   2.086   1.703
   0.009  -0.123   1.876   0.058  -0.079   3.029   0.650  -0.878   1.402  -1.014
  -0.251   1.524   1.871   1.646   1.783   1.983   2.219   2.952   2.865   1.268
   0.982   2.608   0.831   0.098   4.297   1.533   1.166   4.449   1.441   2.236
   4.874   0.714   0.761   4.626   2.473   0.636
   0.607   3.148  -3.062   0.358   2.213  -2.528   0.724   1.338  -3.046  -0.721
   2.148  -2.601   0.827   2.350  -1.089   1.406   3.362  -0.754   0.562   1.340
  -0.326  -0.075   0.603  -0.721   0.702   1.379   1.111   0.042   2.168   1.487
   0.097  -0.007   1.602   0.094  -0.044   2.708   0.698  -0.758   1.140  -0.925
  -0.107   1.290   2.090   1.572   1.671   2.299   2.177   2.738   3.079   1.176
   0.853   2.710   0.641   0.047   4.474   1.306   1.169   4.626   2.094   1.899
   4.974   0.458   1.706   5.106   1.608   0.298
   1.388   2.736  -3.322   0.487   2.439  -2.789   0.183   1.393  -3.110  -0.435
   2.971  -3.088   0.780   2.574  -1.253   1.001   3.719  -0.827   0.789   1.476
  -0.432   0.567   0.642  -0.888   0.817   1.384   1.060   0.292   2.190   1.617
   0.201  -0.010   1.459   0.315  -0.129   2.482   0.672  -0.754   0.900  -0.882
   0.059   1.213   2.313   1.562   1.580   2.578   1.790   2.767   3.308   1.431
   0.734   3.073   1.448  -0.261   4.745   1.650   1.101   4.813   2.579   1.650
   5.024   0.778   1.664   5.286   1.688   0.226
   1.661   1.839  -3.473   0.737   2.248  -2.959  -0.039   1.467  -3.128   0.319
   3.257  -3.328   0.833   2.342  -1.505   0.930   3.408  -0.891   0.684   1.136
  -0.873   0.480   0.370  -1.424   0.682   1.135   0.628   0.005   1.893   0.921
   0.010  -0.188   1.133  -0.008  -0.195   2.271   0.411  -1.150   0.754  -1.021
  -0.005   0.876   2.049   1.407   1.300   2.002   1.854   2.440   3.161   1.267
   0.685   3.232   0.814  -0.221   4.490   1.400   1.266   4.486   2.285   2.008
   4.831   0.449   1.645   5.208   1.720   0.471
   0.293   2.781  -3.535   0.923   2.028  -2.956   1.877   1.870  -3.394   0.332
   1.046  -3.064   0.920   2.325  -1.434   0.932   3.486  -1.054   0.791   1.212
  -0.676   0.659   0.302  -1.112   0.736   1.230   0.805  -0.007   1.951   0.975
   0.162  -0.109   1.283   0.011  -0.077   2.369   0.828  -0.979   1.082  -0.864
  -0.320   0.823   2.074   1.484   1.518   2.039   2.010   2.645   3.155   1.275
   0.762   2.859   0.908  -0.131   4.472   1.831   0.857   4.452   2.916   0.747
   4.857   1.657   1.805   5.121   1.373   0.125
   0.762   2.541  -3.609   1.455   2.061  -2.944   2.484   2.300  -3.111   1.287
   0.967  -2.968   1.125   2.396  -1.516   1.328   3.514  -1.073   1.023   1.299
  -0.707   1.094   0.409  -1.256   0.916   1.216   0.735   0.150   1.964   1.088
   0.340  -0.153   1.189   0.074  -0.183   2.228   1.087  -0.878   0.921  -0.430
  -0.485   0.535   2.258   1.432   1.368   2.263   1.381   2.606   3.393   1.580
   0.716   3.294   1.819  -0.329   4.684   1.543   1.334   5.461   2.095   0.729
   4.644   2.007   2.341   4.996   0.516   1.312
   1.185   3.062  -3.644   1.812   2.392  -3.068   2.821   2.731  -3.437   1.662
   1.334  -3.347   1.649   2.512  -1.591   1.816   3.606  -1.026   1.407   1.364
  -0.972   1.504   0.534  -1.629   1.358   1.135   0.478   0.815   2.022   0.809
   0.517  -0.102   0.719   0.555  -0.419   1.819   0.846  -0.780  -0.015  -0.492
   0.200   0.423   2.644   1.112   1.325   2.466   1.041   2.549   3.874   1.335
   0.840   3.854   1.619  -0.138   5.120   1.449   1.638   5.492   2.489   1.535
   5.011   1.278   2.709   5.719   0.705   1.171
   2.021   3.521  -3.282   1.534   2.578  -3.037   2.051   1.741  -3.410   0.468
   2.600  -3.381   1.632   2.633  -1.529   1.951   3.700  -0.955   1.478   1.446
  -0.891   1.040   0.692  -1.439   1.455   1.114   0.552   0.840   1.827   1.088
   1.039  -0.315   0.742   1.006  -0.584   1.760   1.666  -0.958   0.147   0.141
  -0.465   0.233   2.893   1.324   1.205   2.988   1.413   2.456   3.906   1.416
   0.344   3.594   1.555  -0.585   5.331   1.417   0.627   5.493   2.185   1.359
   5.617   0.410   1.067   5.791   1.742  -0.355
   1.489   4.004  -3.193   1.367   2.989  -2.904   1.950   2.292  -3.507   0.341
   2.721  -2.884   1.782   2.841  -1.452   2.067   3.785  -0.822   1.707   1.637
  -0.939   1.529   0.878  -1.573   1.719   1.281   0.444   1.096   2.039   0.990
   0.928  -0.146   0.643   1.330  -0.740   1.476   1.160  -0.756  -0.221  -0.108
   0.159   0.585   2.970   1.323   1.219   2.861   1.062   2.383   4.148   1.587
   0.584   4.136   1.695  -0.423   5.413   1.817   1.206   5.190   2.569   2.013
   5.935   0.929   1.516   6.038   2.388   0.496
   3.205   2.759  -3.102   2.133   2.777  -2.871   1.733   1.967  -3.482   1.691
   3.621  -3.412   1.880   2.775  -1.417   2.128   3.761  -0.827   1.489   1.604
  -0.842   1.332   0.863  -1.517   1.440   1.229   0.563   0.969   2.005   1.142
   0.613  -0.080   0.873   0.326  -0.081   1.949   1.301  -0.882   0.635  -0.253
  -0.097   0.206   2.798   1.095   1.228   2.929   0.807   2.420   3.904   1.331
   0.497   3.748   1.563  -0.497   5.212   1.547   0.994   5.412   2.528   1.471
   5.446   0.697   1.579   5.915   1.497   0.107
   1.549   3.532  -3.428   1.025   2.723  -3.014   1.458   1.818  -3.312  -0.060
   2.723  -3.243   1.175   2.707  -1.531   1.496   3.766  -0.927   1.009   1.506
  -0.980   0.803   0.724  -1.523   1.131   1.349   0.559   0.647   2.292   0.881
   0.257   0.106   0.927   0.124   0.118   2.005   0.767  -0.764   0.612  -0.741
   0.096   0.325   2.600   1.358   1.119   2.754   1.502   2.328   3.637   1.274
   0.337   3.429   1.167  -0.623   5.048   1.598   0.779   5.088   2.399   1.466
   5.499   0.807   1.306   5.539   1.896  -0.119
   0.459   3.557  -3.075   0.730   2.532  -2.887   1.525   2.058  -3.591  -0.198
   1.944  -2.943   1.129   2.619  -1.441   1.426   3.661  -0.947   1.168   1.445
  -0.737   1.160   0.654  -1.246   1.426   1.314   0.694   1.071   2.322   1.001
   0.476   0.177   1.170   0.125   0.335   2.186   0.828  -0.866   0.977  -0.410
   0.215   0.544   2.920   1.241   1.138   3.172   1.130   2.318   3.930   1.301
   0.198   3.589   1.303  -0.738   5.366   1.568   0.447   5.467   1.844   1.567
   5.917   0.681   0.107   5.605   2.469  -0.233
