default_name                                                                    
   22  0.4200000E+03
  -5.2691018   0.9367002   3.3965361  -4.3991621   1.4110695   2.9702446
  -3.5745216   1.0126559   3.5535665  -4.4511923   2.4470181   3.3309830
  -4.3592195   1.2764042   1.4295082  -5.4110039   1.5197623   0.8113047
  -3.1629539   0.9494690   0.9089893  -2.4332334   0.7761639   1.5590727
  -2.8810405   0.6272840  -0.4742941  -1.8649925   0.2324228  -0.5790364
  -3.8565024  -0.4745243  -0.9668413  -3.4473623  -0.9190644  -1.9234329
  -4.7905238  -0.0728568  -1.2811056  -4.0335294  -1.2545747  -0.2160290
  -2.9861349   1.8276781  -1.4959718  -2.4238698   1.6927744  -2.5971257
  -3.6504808   2.9581242  -1.2360500  -3.9843070   3.0286530  -0.3203867
  -3.9445782   4.0556401  -2.1529216  -4.5537788   3.6648889  -2.9882040
  -4.4396244   4.8271532  -1.5879102  -3.0778862   4.6470371  -2.5021695
  -1.3948304   1.0042162  -0.1852601   0.0141058  -0.0439453   0.2194396
  -0.3281428  -0.3512955  -0.1125829  -0.4373316  -2.2840561   0.5127543
  -0.2265862  -0.4516983  -0.2336189  -0.1523262  -0.1900790  -0.2589895
   0.2936068  -0.3223342  -0.0726423   0.0900841   0.3758758  -0.8418399
  -0.1537155   0.0861723   0.0430718  -0.5255359  -0.1702979   0.2965363
  -0.0658546  -0.1159042  -0.3571418   0.0985312   1.3208170  -0.4354620
   0.0119924  -0.2991494  -0.4526602  -0.4361115   0.5117716   0.0916905
  -0.0699137  -0.0203026  -0.2154963   0.1623676   0.0369921   0.0153831
  -0.1158478   0.0642613  -0.4327519  -0.1976687  -0.4559847  -0.4024136
  -0.2808268   0.1638845  -0.1662958   0.3196162  -0.0964938  -0.5933985
  -0.3290159   0.1531872  -0.2781188  -0.5086404  -2.0404206  -0.1541948
