default_name                                                                    
  -2.072   1.500  -1.351  -1.589   1.595  -0.394  -2.182   1.364   0.541  -1.131
   2.567  -0.324  -0.382   0.639  -0.493  -0.322  -0.248  -1.429   0.533   0.735
   0.535   0.411   1.553   1.154   1.777  -0.005   0.672   2.367   0.613   1.393
   1.431  -1.360   1.206   2.321  -1.889   1.482   1.048  -1.981   0.389   0.858
  -1.326   2.137   2.618  -0.119  -0.653   3.059  -1.184  -1.031   2.673   0.964
  -1.397   2.130   1.743  -1.033   3.400   1.095  -2.669   4.138   0.273  -2.713
   2.612   1.068  -3.376   3.907   2.042  -2.620
  -2.557   1.165  -1.135  -1.729   1.419  -0.441  -2.088   1.298   0.566  -1.390
   2.465  -0.653  -0.558   0.517  -0.693  -0.520  -0.200  -1.729   0.381   0.668
   0.201   0.214   1.283   0.970   1.620  -0.129   0.329   2.219   0.532   1.005
   1.269  -1.457   1.044   2.158  -2.074   1.167   0.448  -2.010   0.609   0.976
  -1.132   2.070   2.338  -0.183  -1.015   2.755  -1.300  -1.434   2.751   0.909
  -1.657   2.513   1.802  -1.325   3.550   0.852  -2.902   4.529   0.739  -2.620
   3.262  -0.071  -3.401   3.359   1.687  -3.532
  -1.386   2.584  -1.037  -1.812   1.650  -0.794  -2.520   1.449  -1.603  -2.279
   1.620   0.185  -0.683   0.718  -0.893  -0.640  -0.067  -1.843   0.185   0.851
   0.056   0.018   1.532   0.820   1.363  -0.060   0.307   2.049   0.448   1.026
   0.845  -1.353   0.977   1.601  -1.792   1.630   0.445  -2.149   0.218  -0.016
  -1.149   1.688   2.234  -0.370  -0.916   2.762  -1.477  -1.230   2.433   0.690
  -1.710   1.782   1.441  -1.643   3.578   0.862  -2.577   4.504   0.477  -2.184
   3.410   0.323  -3.460   3.756   1.927  -2.853
  -1.955   1.613   0.856  -1.791   1.542  -0.203  -1.871   2.566  -0.624  -2.557
   0.986  -0.728  -0.435   0.905  -0.524  -0.362   0.328  -1.612   0.427   0.870
   0.513   0.192   1.600   1.289   1.622   0.047   0.758   2.174   0.646   1.477
   1.181  -1.171   1.613   2.124  -1.612   1.871   0.594  -1.887   1.005   0.687
  -0.909   2.499   2.518  -0.187  -0.437   3.017  -1.366  -0.741   2.574   0.754
  -1.422   2.091   1.594  -1.179   3.352   0.708  -2.712   3.252  -0.312  -3.190
   2.903   1.400  -3.469   4.436   1.088  -2.704
  -1.642   2.631  -0.891  -1.853   1.725  -0.372  -2.764   1.281  -0.774  -1.951
   1.985   0.699  -0.706   0.766  -0.486  -0.684  -0.134  -1.294   0.268   0.967
   0.455   0.036   1.660   1.159   1.386   0.158   0.777   2.103   0.737   1.296
   0.956  -1.022   1.673   1.803  -1.612   1.937   0.085  -1.587   1.228   0.531
  -0.526   2.552   2.181  -0.301  -0.500   2.785  -1.368  -0.574   2.278   0.663
  -1.455   1.783   1.500  -1.199   2.908   0.506  -2.805   2.611  -0.386  -3.322
   2.773   1.422  -3.413   3.986   0.312  -2.660
  -1.786   2.503  -1.017  -1.906   1.811  -0.210  -2.925   1.305  -0.426  -1.961
   2.355   0.777  -0.694   0.841  -0.179  -0.766  -0.231  -0.787   0.526   1.215
   0.395   0.649   2.180   0.666   1.639   0.316   0.761   2.355   0.929   1.288
   1.237  -0.828   1.745   2.122  -1.207   2.175   0.789  -1.685   1.294   0.546
  -0.387   2.475   2.324  -0.211  -0.520   3.048  -1.229  -0.488   2.237   0.504
  -1.685   1.449   1.214  -1.648   2.727   0.234  -3.042   2.261  -0.604  -3.512
   2.734   1.120  -3.691   3.804  -0.001  -3.010
  -2.445   1.795  -0.731  -1.865   1.728   0.164  -2.578   1.264   0.865  -1.547
   2.733   0.532  -0.803   0.751  -0.107  -1.140  -0.301  -0.712   0.381   1.001
   0.484   0.427   1.938   0.853   1.576   0.119   0.596   2.354   0.770   1.029
   1.378  -0.973   1.715   2.364  -1.282   2.190   0.804  -1.807   1.272   0.908
  -0.681   2.659   2.159  -0.278  -0.781   2.740  -1.349  -0.969   1.858   0.482
  -1.833   1.488   1.371  -1.607   2.098   0.130  -3.205   3.200  -0.165  -3.280
   1.549  -0.802  -3.396   1.849   0.973  -3.897
  -2.827   1.374   0.205  -1.845   1.809   0.576  -1.878   1.942   1.654  -1.528
   2.788   0.035  -0.779   0.820   0.298  -1.039  -0.234  -0.345   0.441   1.244
   0.563   0.593   2.237   0.679   1.659   0.333   0.531   2.493   1.043   0.579
   1.772  -0.484   1.805   2.841  -0.848   1.976   1.319  -1.470   1.678   1.420
   0.115   2.619   1.996  -0.358  -0.862   2.392  -1.525  -0.889   1.664   0.281
  -2.034   1.116   1.139  -1.919   2.246   0.060  -3.358   3.344   0.118  -3.419
   1.957  -0.903  -3.687   1.772   0.870  -4.005
  -2.765   1.633   0.668  -1.669   1.986   0.885  -1.441   2.077   1.940  -1.625
   2.929   0.494  -0.641   0.933   0.396  -0.953  -0.096  -0.180   0.544   1.324
   0.390   0.699   2.244   0.780   1.742   0.517   0.458   2.573   1.212   0.745
   1.543  -0.490   1.737   2.418  -1.135   1.749   0.685  -1.186   1.718   1.591
   0.069   2.593   2.136  -0.186  -0.885   2.565  -1.374  -0.871   1.926   0.498
  -2.058   1.780   1.538  -2.049   1.924  -0.177  -3.301   2.540   0.402  -4.038
   2.205  -1.220  -3.248   0.870  -0.244  -3.687
  -2.661   1.485  -0.141  -1.811   1.848   0.431  -2.088   1.994   1.473  -1.413
   2.748  -0.019  -0.753   0.729   0.445  -1.020  -0.463   0.063   0.523   1.080
   0.773   0.596   1.930   1.243   1.716   0.277   0.595   2.503   1.016   0.592
   1.955  -0.703   1.820   2.817  -1.385   1.856   1.171  -1.379   1.942   1.856
  -0.103   2.781   1.824  -0.449  -0.753   2.566  -1.411  -1.012   1.304   0.257
  -1.815   0.824   1.119  -1.525   1.241  -0.187  -3.262   1.523   0.603  -3.991
   1.869  -1.121  -3.474   0.172  -0.551  -3.368
  -2.783   1.137   0.452  -1.854   1.671   0.327  -1.863   2.476   1.120  -1.797
   2.080  -0.724  -0.749   0.612   0.567  -1.023  -0.641   0.431   0.491   1.106
   0.839   0.773   2.113   0.730   1.681   0.312   0.856   2.512   1.039   0.829
   1.820  -0.575   2.105   0.880  -1.121   2.250   2.054   0.190   2.913   2.621
  -1.338   2.072   1.888  -0.395  -0.471   2.532  -1.494  -0.564   1.338   0.106
  -1.690   0.633   0.796  -1.728   1.492  -0.463  -3.015   2.554  -0.585  -3.234
   1.025  -1.412  -2.926   0.882   0.023  -3.691
  -2.823   0.832   0.175  -1.893   1.297   0.476  -2.113   1.712   1.435  -1.812
   2.104  -0.237  -0.739   0.319   0.487  -0.947  -0.929   0.326   0.377   0.887
   0.730   0.309   1.818   0.789   1.705   0.258   0.629   2.419   1.038   0.647
   1.866  -0.638   1.832   1.060  -1.403   1.919   1.940   0.025   2.627   2.846
  -1.099   1.707   1.918  -0.443  -0.727   2.479  -1.510  -0.855   1.537   0.242
  -1.769   1.155   1.140  -1.579   1.571   0.002  -3.226   2.553  -0.412  -3.415
   0.777  -0.654  -3.678   1.519   0.984  -3.832
  -2.915   0.317   1.284  -2.054   0.888   1.292  -1.797   1.183   2.324  -2.360
   1.793   0.722  -0.914   0.135   0.622  -1.057  -0.974   0.143   0.217   0.797
   0.721   0.093   1.757   1.038   1.559   0.301   0.490   2.164   1.232   0.579
   1.924  -0.687   1.688   1.214  -1.552   1.603   1.567  -0.185   2.519   3.002
  -1.008   1.671   1.829  -0.314  -0.944   2.443  -1.399  -1.035   1.245   0.272
  -2.005   0.787   1.098  -1.811   1.264  -0.233  -3.344   1.850  -1.181  -3.403
   0.306  -0.567  -3.552   1.649   0.543  -4.038
  -2.632  -0.724   1.943  -2.073   0.204   1.676  -1.928   0.843   2.524  -2.585
   0.777   0.906  -0.886  -0.363   1.037  -1.005  -1.489   0.570   0.190   0.403
   1.047   0.098   1.305   1.575   1.522  -0.014   0.584   2.177   0.893   0.632
   2.164  -0.968   1.646   1.799  -2.016   1.347   1.941  -0.622   2.667   3.139
  -0.989   1.579   1.678  -0.560  -0.830   2.542  -1.453  -1.108   1.114   0.186
  -1.741   0.418   0.846  -1.367   1.336   0.075  -3.141   2.407  -0.148  -3.510
   0.766  -0.764  -3.437   0.901   1.021  -3.592
  -3.217  -0.455   0.700  -2.342   0.029   1.152  -2.486   0.099   2.198  -2.458
   1.076   0.899  -1.013  -0.622   0.843  -0.918  -1.831   0.565   0.064   0.139
   1.091  -0.178   1.093   1.259   1.468  -0.214   0.870   2.060   0.703   0.975
   1.983  -1.180   1.984   1.697  -2.140   1.542   1.557  -1.023   3.021   3.070
  -1.123   1.868   1.745  -0.613  -0.616   2.333  -1.721  -0.870   1.336   0.235
  -1.633   0.973   1.038  -1.234   1.282  -0.037  -3.042   1.877   0.641  -3.612
   1.783  -0.940  -3.177   0.260  -0.185  -3.416
  -2.932  -0.479   0.853  -1.992   0.126   0.832  -2.010   0.626   1.820  -2.133
   0.760  -0.093  -0.624  -0.637   0.655  -0.680  -1.766   0.223   0.517   0.003
   1.032   0.382   0.777   1.610   1.931  -0.418   0.964   2.508   0.460   1.300
   2.236  -1.585   1.966   1.626  -2.545   1.737   2.023  -1.334   3.035   3.220
  -1.808   1.898   2.338  -0.738  -0.459   2.905  -1.764  -0.827   1.901   0.181
  -1.413   1.306   0.954  -1.005   2.167   0.044  -2.868   3.180   0.266  -3.092
   1.948  -0.983  -3.158   1.638   0.785  -3.529
  -2.465  -0.048  -0.118  -1.973   0.022   0.830  -2.686  -0.505   1.552  -1.812
   1.161   0.971  -0.636  -0.631   0.627  -0.586  -1.814   0.292   0.440   0.042
   1.092   0.237   0.956   1.524   1.861  -0.311   0.877   2.379   0.644   1.044
   2.302  -1.261   2.078   1.818  -2.252   2.025   2.103  -0.780   3.056   3.342
  -1.382   1.968   2.260  -0.636  -0.565   3.062  -1.529  -0.825   1.590   0.002
  -1.590   0.732   0.542  -1.251   2.077   0.161  -2.988   3.124   0.470  -2.778
   2.091  -0.763  -3.539   1.501   0.893  -3.584
  -2.161   0.323  -0.143  -2.039  -0.148   0.790  -2.903  -0.820   1.015  -2.078
   0.656   1.538  -0.673  -0.807   0.680  -0.617  -1.907   0.101   0.394  -0.252
   1.146   0.330   0.577   1.748   1.802  -0.775   1.130   2.477   0.074   1.422
   2.007  -1.936   2.208   1.234  -2.778   2.087   1.634  -1.566   3.103   3.015
  -2.321   2.126   2.324  -1.154  -0.279   3.185  -1.998  -0.331   1.939  -0.289
  -1.226   1.300   0.440  -0.958   2.506  -0.334  -2.581   3.053   0.609  -2.868
   3.187  -1.221  -2.602   1.668  -0.561  -3.282
  -2.006   0.750   0.029  -1.884  -0.102   0.662  -2.715  -0.792   0.596  -1.901
   0.364   1.647  -0.616  -0.953   0.543  -0.800  -2.097   0.152   0.490  -0.337
   1.011   0.446   0.607   1.464   1.800  -1.007   0.961   2.426  -0.249   1.438
   1.812  -2.205   1.946   1.364  -3.145   1.560   1.353  -1.863   2.843   2.885
  -2.391   2.246   2.357  -1.295  -0.494   3.106  -2.199  -0.758   1.869  -0.464
  -1.411   1.063   0.012  -1.101   2.183  -0.386  -2.821   2.742   0.600  -2.863
   2.791  -1.208  -3.293   1.198  -0.247  -3.348
  -2.522   0.345   0.517  -2.401  -0.782   0.562  -3.126  -1.277  -0.012  -2.686
  -1.007   1.602  -0.920  -1.260   0.179  -0.671  -2.171  -0.683   0.086  -0.479
   0.634  -0.076   0.384   1.170   1.454  -0.991   0.643   2.099  -0.132   0.938
   1.651  -1.946   1.832   0.787  -2.691   1.890   1.696  -1.359   2.633   2.756
  -2.277   1.706   2.038  -1.436  -0.739   2.869  -2.313  -0.936   1.709  -0.701
  -1.823   0.971  -0.055  -1.642   2.135  -0.857  -3.182   2.301   0.135  -3.496
   3.032  -1.453  -3.316   1.284  -1.428  -3.715
  -1.976  -0.831   2.017  -2.176  -1.090   0.996  -2.726  -0.337   0.457  -2.674
  -2.052   0.900  -0.791  -1.339   0.352  -0.633  -2.305  -0.395   0.204  -0.508
   0.649  -0.029   0.489   1.022   1.620  -0.811   0.577   2.081   0.192   0.758
   1.935  -1.592   1.829   1.132  -2.237   2.145   2.147  -0.885   2.644   2.810
  -2.164   1.686   2.208  -1.255  -0.804   2.964  -2.224  -0.889   1.734  -0.717
  -1.966   0.891  -0.190  -1.847   2.379  -0.596  -3.324   3.354  -0.366  -3.102
   2.332  -1.534  -3.884   1.981   0.293  -3.902
  -2.185   0.150   1.317  -2.026  -0.732   0.693  -2.607  -0.699  -0.266  -2.447
  -1.567   1.238  -0.533  -1.015   0.476  -0.370  -2.040  -0.116   0.476  -0.264
   0.975   0.272   0.551   1.552   1.894  -0.631   0.682   2.440   0.257   0.958
   2.233  -1.863   1.521   1.823  -2.800   1.086   1.898  -1.750   2.514   3.299
  -2.164   1.774   2.196  -0.883  -0.819   3.039  -1.767  -1.201   1.510  -0.224
  -1.703   0.928   0.521  -1.447   1.676  -0.504  -3.125   2.499  -1.166  -3.313
   0.848  -0.999  -3.585   1.930   0.414  -3.667
  -1.914   0.149   1.664  -1.873  -0.702   0.982  -2.461  -0.364   0.041  -2.464
  -1.465   1.447  -0.437  -0.984   0.566  -0.179  -2.129   0.155   0.533  -0.109
   0.747   0.170   0.710   1.237   1.895  -0.319   0.450   2.304   0.673   0.396
   2.676  -0.948   1.647   2.035  -1.575   2.177   3.007  -0.104   2.310   3.642
  -1.424   1.381   2.197  -0.900  -0.962   3.081  -1.760  -1.187   1.543  -0.307
  -2.020   1.032   0.497  -1.835   1.633  -0.841  -3.437   2.695  -0.844  -3.731
   1.157  -1.868  -3.308   0.935  -0.212  -4.081
  -1.484   1.076   1.008  -1.740  -0.003   1.178  -2.524  -0.282   0.437  -2.211
  -0.219   2.089  -0.416  -0.869   1.034  -0.455  -2.100   0.912   0.686  -0.174
   1.065   0.502   0.834   1.282   2.071  -0.494   0.786   2.563   0.445   1.074
   2.572  -1.364   1.985   2.189  -2.397   1.783   2.203  -0.918   2.993   3.653
  -1.268   1.958   2.410  -0.818  -0.709   3.343  -1.579  -0.994   1.484  -0.383
  -1.627   0.836   0.076  -1.035   1.555  -0.141  -3.127   1.971   0.890  -3.292
   2.183  -0.841  -3.691   0.501  -0.059  -3.359
  -2.254   1.014   1.156  -1.999   0.079   1.632  -2.735  -0.716   1.633  -1.897
   0.452   2.575  -0.717  -0.455   1.012  -0.742  -1.555   0.525   0.397   0.225
   1.253   0.262   1.104   1.784   1.788  -0.218   1.049   2.409   0.589   1.493
   2.089  -1.511   1.743   1.865  -2.418   1.200   1.612  -1.507   2.721   3.198
  -1.583   2.007   2.165  -0.262  -0.516   3.286  -0.695  -0.951   1.372   0.179
  -1.582   0.606   0.693  -1.255   1.597   0.331  -3.019   1.889   1.349  -3.059
   2.339  -0.398  -3.327   0.711   0.196  -3.595
  -2.075   0.355   2.711  -2.287  -0.071   1.728  -2.677   0.676   1.096  -3.011
  -0.827   1.940  -0.899  -0.585   1.230  -0.851  -1.503   0.439   0.161   0.165
   1.681  -0.051   1.085   2.116   1.512  -0.009   1.239   2.027   0.880   1.377
   2.274  -0.990   2.226   1.737  -1.934   1.988   2.123  -0.602   3.224   3.366
  -1.033   1.803   1.755  -0.111  -0.352   2.666  -0.858  -0.763   1.039   0.699
  -1.115   0.311   1.371  -0.688   1.197   0.812  -2.521   2.256   1.127  -2.796
   1.008  -0.179  -2.910   0.413   1.511  -2.944
  -2.596  -0.432   2.484  -2.498  -0.598   1.469  -2.905   0.200   0.799  -2.900
  -1.462   1.322  -0.958  -0.710   1.216  -0.552  -1.811   0.833  -0.062   0.290
   1.402  -0.350   1.179   1.810   1.378   0.298   1.115   1.709   1.361   1.086
   2.027  -0.193   2.374   1.577  -1.144   2.651   1.781   0.489   3.231   3.120
  -0.267   2.163   1.693  -0.305  -0.296   2.499  -1.168  -0.525   0.870   0.127
  -1.283   0.339   0.913  -0.974   0.869  -0.243  -2.710   1.613   0.495  -3.117
   1.151  -1.301  -2.778  -0.077  -0.022  -3.154
  -2.772   0.445   1.816  -2.430  -0.580   1.732  -3.204  -1.195   1.290  -2.542
  -0.901   2.805  -1.037  -0.702   1.130  -0.679  -1.838   0.911  -0.244   0.384
   1.080  -0.756   1.290   1.201   1.126   0.487   0.751   1.310   1.604   0.743
   2.052  -0.012   1.927   1.973  -1.149   2.074   1.616   0.452   2.761   3.080
   0.281   1.803   1.556  -0.213  -0.579   2.534  -0.933  -0.642   0.786   0.131
  -1.622  -0.077   0.687  -1.443   1.204  -0.090  -3.026   1.206   0.879  -3.474
   2.292  -0.272  -3.004   0.613  -0.795  -3.545
  -2.995   0.421   0.916  -2.507  -0.289   1.509  -3.147  -1.234   1.417  -2.345
  -0.061   2.620  -1.083  -0.620   0.975  -0.759  -1.803   0.785  -0.321   0.464
   0.981  -0.746   1.330   1.206   1.085   0.439   0.695   1.388   1.458   0.633
   1.737  -0.056   1.991   1.444  -1.118   2.145   1.455   0.512   2.983   2.766
  -0.042   1.833   1.654  -0.231  -0.599   2.786  -0.698  -0.666   0.822  -0.262
  -1.683   0.012   0.357  -1.491   1.192  -0.400  -3.111   1.940   0.311  -3.318
   1.606  -1.429  -3.382   0.405  -0.245  -3.786
  -2.334   0.933   1.242  -2.273  -0.176   1.242  -2.817  -0.597   0.413  -2.724
  -0.570   2.142  -0.746  -0.525   1.195  -0.388  -1.713   0.794   0.064   0.512
   1.182  -0.274   1.307   1.673   1.536   0.497   0.812   1.679   1.592   0.874
   2.215  -0.216   2.005   1.965  -1.254   1.916   1.797   0.043   2.946   3.339
  -0.133   1.935   1.988   0.021  -0.523   2.986  -0.580  -0.652   1.277   0.103
  -1.683   0.353   0.470  -1.640   1.682  -0.297  -3.022   2.290   0.460  -3.526
   2.331  -1.175  -3.017   0.909  -0.512  -3.726
  -2.758   0.473   0.138  -2.459  -0.062   1.073  -2.803  -0.996   1.296  -2.555
   0.745   1.843  -0.982  -0.339   0.882  -0.588  -1.441   0.524  -0.115   0.682
   0.898  -0.612   1.499   1.214   1.368   0.724   0.800   1.793   1.742   0.685
   2.027   0.150   2.117   1.724  -0.885   2.357   1.752   0.751   3.055   3.101
   0.129   2.042   1.986   0.137  -0.455   3.052  -0.415  -0.420   1.247   0.114
  -1.637   0.360   0.516  -1.593   1.857  -0.260  -2.924   1.110  -0.307  -3.677
   2.559   0.596  -3.092   2.242  -1.245  -2.646
  -2.902   0.421   0.257  -2.628  -0.177   1.092  -3.049  -1.232   1.113  -2.994
   0.356   2.003  -1.137  -0.252   1.094  -0.632  -1.360   1.083  -0.295   0.879
   1.199  -0.689   1.787   0.977   1.172   0.820   0.974   1.488   1.904   0.770
   2.057   0.598   2.261   2.646  -0.320   2.076   1.395   0.469   3.096   2.723
   1.437   2.467   1.564   0.079  -0.286   2.571  -0.708  -0.160   0.685   0.061
  -1.408  -0.059   0.653  -1.500   0.921  -0.900  -2.469   0.710  -0.575  -3.464
   1.992  -1.193  -2.551   0.288  -1.808  -2.333
  -3.349  -0.646  -0.077  -2.733   0.132   0.322  -3.258   0.260   1.300  -2.800
   1.014  -0.269  -1.177  -0.147   0.467  -0.841  -1.255   0.203  -0.368   0.975
   0.696  -0.812   1.888   0.828   1.022   0.973   0.790   1.374   1.870   0.326
   1.487   0.897   2.280   1.461  -0.105   2.677   0.953   1.580   2.881   2.547
   1.266   2.354   1.761  -0.115  -0.062   2.702  -0.764   0.444   1.179  -0.309
  -1.259   0.487   0.247  -1.725   1.866  -1.162  -2.259   2.067  -0.614  -3.063
   2.855  -1.531  -2.037   1.185  -1.949  -2.593
  -3.168   0.037   1.303  -2.568   0.821   0.859  -2.506   1.741   1.423  -2.785
   0.862  -0.169  -1.199   0.229   0.888  -1.127  -0.952   1.250  -0.189   1.021
   0.594  -0.425   1.994   0.458   1.177   0.656   0.739   1.714   1.537   0.423
   1.486   0.509   2.211   0.971  -0.362   2.568   1.114   1.326   2.871   2.524
   0.340   2.499   1.732  -0.408  -0.144   2.735  -1.111   0.294   1.193  -0.279
  -1.436   0.413   0.378  -1.597   1.550  -1.341  -2.398   2.126  -2.216  -2.111
   0.653  -1.770  -2.928   2.279  -0.901  -3.046
  -3.411  -0.314   1.711  -2.908   0.366   0.915  -2.962   1.447   1.218  -3.394
   0.477  -0.086  -1.459  -0.198   0.791  -1.187  -1.351   1.100  -0.585   0.792
   0.549  -0.893   1.550  -0.060   0.869   0.634   0.577   1.195   1.530   0.078
   1.370   0.807   1.982   1.012  -0.109   2.442   1.093   1.812   2.380   2.378
   0.800   1.906   1.674  -0.545  -0.186   2.477  -1.318   0.371   1.218  -0.767
  -1.466   0.520  -0.079  -1.786   1.743  -1.742  -2.478   1.887  -2.700  -2.094
   0.988  -1.574  -3.221   2.524  -1.329  -3.027
  -3.269  -0.133  -0.245  -2.475   0.561  -0.031  -2.985   1.412   0.596  -2.183
   0.974  -0.991  -1.221   0.007   0.663  -1.077  -1.087   1.151  -0.205   0.882
   0.711  -0.334   1.667   0.123   1.177   0.562   0.914   1.425   1.365   0.152
   1.665   0.814   2.330   1.135   0.279   3.155   1.438   1.849   2.464   2.746
   0.676   2.498   1.721  -0.700   0.265   2.413  -1.473   0.959   1.258  -0.822
  -0.986   0.719  -0.002  -1.211   1.649  -1.752  -2.051   0.958  -2.119  -2.722
   2.568  -1.207  -2.490   2.157  -2.672  -1.509
  -3.023   0.668   0.700  -2.118   0.747   0.169  -1.897   1.822   0.249  -2.234
   0.403  -0.765  -0.928   0.027   0.811  -0.966  -0.954   1.488   0.202   0.680
   0.450   0.080   1.474  -0.153   1.667   0.465   0.676   2.108   1.206   0.030
   1.905   1.018   2.136   1.004   0.938   2.720   2.089   2.103   2.103   2.756
   0.461   2.606   1.875  -1.044   0.337   2.448  -1.744   1.152   1.413  -1.414
  -0.845   0.676  -0.837  -1.263   1.879  -2.542  -1.506   1.134  -3.350  -1.327
   1.721  -2.294  -2.557   2.980  -2.827  -1.467
  -2.727   0.171  -0.459  -1.789   0.755  -0.365  -2.062   1.700   0.121  -1.255
   1.066  -1.218  -0.884   0.120   0.572  -1.242  -0.726   1.453   0.332   0.623
   0.461   0.480   1.306  -0.258   1.687   0.267   1.049   2.606   0.780   0.579
   1.590   0.381   2.535   0.856  -0.356   2.869   1.161   1.430   2.759   2.534
   0.282   2.960   1.957  -1.236   0.595   2.517  -2.039   1.340   1.472  -1.669
  -0.611   0.848  -1.120  -1.116   1.769  -2.938  -1.180   0.942  -3.671  -0.863
   1.817  -2.874  -2.302   2.677  -3.334  -0.736
  -2.945   0.306   0.584  -2.048   0.703   0.294  -1.946   1.810   0.405  -2.212
   0.517  -0.701  -0.778   0.169   0.916  -0.904  -0.736   1.738   0.445   0.652
   0.575   0.478   1.506   0.016   1.786   0.097   0.905   2.433   0.843   0.283
   2.093   0.276   2.421   2.189  -0.682   3.021   1.299   0.756   2.923   2.987
   0.814   2.546   2.149  -1.319   0.308   3.156  -1.983   0.661   1.435  -1.873
  -0.680   0.556  -1.426  -0.837   1.910  -2.929  -1.665   1.106  -3.290  -2.065
   2.497  -2.573  -2.426   2.445  -3.645  -0.996
  -2.432  -0.262   0.959  -1.662   0.492   1.154  -2.097   1.136   1.931  -1.568
   1.104   0.200  -0.455  -0.251   1.478  -0.546  -1.334   1.913   0.661   0.451
   1.323   0.566   1.398   1.011   1.984  -0.093   1.590   2.594   0.710   1.422
   2.141  -0.255   3.186   2.539  -1.216   3.383   1.169  -0.386   3.830   2.860
   0.424   3.572   2.416  -1.219   0.597   3.634  -1.525   0.547   1.484  -1.739
  -0.203   0.572  -1.291  -0.181   1.818  -2.702  -1.255   1.725  -3.658  -0.900
   1.186  -2.529  -2.144   2.831  -2.488  -1.667
  -2.585  -0.407   2.123  -1.813   0.273   1.815  -1.855   1.116   2.508  -2.078
   0.507   0.789  -0.390  -0.335   1.892  -0.403  -1.560   2.028   0.721   0.413
   1.699   0.656   1.267   1.252   2.191  -0.077   1.836   2.842   0.778   1.591
   2.469  -0.464   3.334   1.848  -1.344   3.603   2.194   0.280   3.983   3.564
  -0.676   3.473   2.539  -1.154   0.851   3.775  -1.420   0.800   1.569  -1.696
   0.075   0.694  -1.730   0.456   1.756  -2.491  -1.094   0.874  -2.982  -1.293
   2.084  -1.813  -1.857   2.489  -3.256  -0.838
  -2.449   0.317   1.866  -1.560   0.770   1.518  -1.464   1.764   1.844  -1.612
   0.740   0.398  -0.244   0.036   1.805  -0.283  -0.940   2.527   0.744   0.647
   1.295   0.622   1.532   0.821   2.123   0.219   1.401   2.674   0.934   0.778
   2.732   0.322   2.756   2.361   1.227   3.360   3.782   0.494   2.548   2.620
  -0.519   3.450   2.466  -1.133   0.820   3.562  -1.661   0.994   1.617  -1.696
  -0.052   0.750  -1.409  -0.121   1.947  -2.938  -0.764   1.345  -3.696  -0.397
   1.787  -2.732  -1.846   3.046  -3.151  -0.606
  -1.300   0.923  -0.199  -1.441   0.725   0.908  -2.061  -0.105   1.027  -1.767
   1.633   1.390  -0.168   0.192   1.389  -0.177  -0.777   2.136   0.909   0.721
   0.811   0.929   1.290  -0.024   2.257   0.231   1.025   2.906   0.830   0.390
   2.613   0.556   2.480   2.598   1.693   2.548   3.681   0.432   2.734   1.934
   0.237   3.279   2.655  -1.226   0.572   3.814  -1.584   0.815   1.835  -1.833
  -0.322   0.898  -1.466  -0.176   2.212  -2.997  -1.133   1.376  -3.426  -1.748
   3.038  -2.691  -1.782   2.567  -3.754  -0.454
  -1.205   1.837   0.314  -1.338   1.000   0.879  -2.217   0.468   0.469  -1.668
   1.385   1.824  -0.130   0.060   0.884  -0.146  -1.065   1.372   1.056   0.612
   0.415   1.025   1.503  -0.134   2.422   0.223   0.769   3.075   0.921   0.239
   2.621   0.290   2.380   2.072   1.121   2.751   3.728   0.573   2.497   2.454
  -0.690   2.866   2.935  -1.228   0.269   3.938  -1.770   0.827   2.297  -1.921
  -0.735   1.550  -1.322  -1.088   2.401  -3.305  -1.030   1.545  -3.870  -0.707
   2.426  -3.289  -2.101   3.289  -3.655  -0.478
  -1.057   2.409   0.290  -1.323   1.382   0.531  -1.735   1.040  -0.446  -2.255
   1.427   1.140  -0.299   0.375   0.809  -0.621  -0.780   1.158   0.992   0.882
   0.675   1.078   1.863   0.426   2.276   0.203   0.983   3.093   0.880   0.756
   2.460  -0.045   2.427   1.581  -0.611   2.833   2.491   0.972   2.909   3.306
  -0.708   2.663   2.519  -1.057   0.097   3.623  -1.694   0.198   1.562  -1.495
  -0.769   0.632  -1.025  -0.724   1.640  -2.548  -1.744   0.913  -3.418  -1.553
   1.306  -2.161  -2.765   2.596  -2.955  -1.757
  -1.776   1.772   1.591  -1.750   1.033   0.770  -1.791   1.494  -0.214  -2.573
   0.349   0.954  -0.397   0.301   0.943  -0.520  -0.882   1.342   0.793   0.935
   0.769   0.753   1.915   0.528   2.149   0.317   1.074   2.907   1.170   0.927
   2.242  -0.117   2.570   1.639  -0.995   2.864   2.030   0.733   3.219   3.277
  -0.323   2.893   2.740  -0.681   0.125   3.945  -0.963   0.143   1.893  -1.280
  -0.752   0.904  -1.334  -0.499   2.308  -2.211  -1.842   1.766  -3.210  -1.698
   1.986  -1.758  -2.821   3.357  -2.411  -1.907
  -1.554   2.031   1.119  -1.391   1.009   0.685  -1.353   1.097  -0.328  -2.226
   0.492   1.076  -0.096   0.405   0.993  -0.121  -0.605   1.637   0.980   1.022
   0.546   0.859   1.864  -0.016   2.433   0.625   0.720   2.977   1.443   0.210
   2.960   0.698   2.227   2.365   0.060   2.885   2.888   1.741   2.482   3.957
   0.352   2.363   2.771  -0.674  -0.026   3.858  -1.147   0.329   1.969  -1.193
  -0.972   0.999  -0.901  -1.055   2.356  -2.185  -1.920   2.866  -1.838  -2.792
   3.033  -2.967  -1.569   1.466  -2.670  -2.253
  -1.362   1.728   1.881  -1.551   0.933   1.107  -2.003   1.326   0.187  -2.150
   0.148   1.600  -0.202   0.295   0.906  -0.104  -0.947   1.124   0.827   1.060
   0.629   0.608   2.051   0.466   2.233   0.726   0.620   2.821   1.494   0.128
   2.737   0.763   2.065   2.472  -0.175   2.666   2.244   1.593   2.533   3.793
   0.852   2.213   2.598  -0.563  -0.097   3.535  -1.331   0.183   1.830  -0.985
  -1.074   0.950  -0.510  -1.083   1.924  -2.232  -1.837   1.118  -2.516  -2.440
   2.885  -2.166  -2.342   2.015  -2.903  -1.010
  -1.528   2.270   1.147  -1.603   1.219   0.916  -1.900   1.220  -0.127  -2.365
   0.752   1.568  -0.248   0.416   1.008  -0.263  -0.780   1.209   0.793   1.199
   0.748   0.613   2.116   0.475   2.215   0.713   0.710   2.740   1.390   0.143
   2.877   0.474   2.156   2.341  -0.391   2.531   2.670   1.357   2.718   3.928
   0.438   2.031   2.346  -0.571  -0.126   3.257  -1.364   0.132   1.568  -0.780
  -1.204   0.859  -0.103  -1.346   1.476  -2.022  -2.018   0.796  -2.027  -2.854
   2.405  -2.323  -2.475   1.223  -2.826  -1.275
  -1.461   1.910   1.664  -1.582   1.156   0.905  -1.448   1.687  -0.041  -2.516
   0.587   0.966  -0.375   0.302   1.157  -0.427  -0.908   1.310   0.764   0.997
   0.850   0.708   1.951   0.549   2.087   0.545   0.780   2.697   1.271   0.282
   2.623   0.473   2.229   2.051  -0.236   2.807   2.347   1.398   2.681   3.749
   0.330   2.229   2.384  -0.819  -0.005   3.404  -1.508   0.143   1.490  -1.110
  -0.939   0.752  -0.432  -1.107   1.317  -2.329  -1.741   1.486  -2.086  -2.829
   2.058  -3.001  -1.528   0.284  -2.699  -1.601
  -1.124   2.504   1.421  -1.423   1.515   1.150  -1.912   1.431   0.219  -2.140
   1.051   1.886  -0.118   0.684   1.222  -0.114  -0.417   1.760   0.983   1.143
   0.658   0.918   1.985   0.086   2.318   0.488   0.681   2.946   1.093  -0.012
   2.992   0.687   2.041   2.497  -0.087   2.701   2.776   1.675   2.473   4.010
   0.463   1.996   2.327  -0.958   0.144   3.166  -1.766   0.528   1.420  -1.306
  -0.802   0.718  -0.692  -1.139   1.389  -2.579  -1.411   1.782  -2.527  -2.462
   2.026  -3.254  -0.854   0.312  -2.836  -1.490
  -1.148   2.454   1.083  -1.219   1.418   0.813  -1.394   1.386  -0.267  -2.023
   1.085   1.412  -0.062   0.548   1.144  -0.160  -0.347   1.893   1.073   0.906
   0.542   1.000   1.571  -0.179   2.349   0.161   0.587   3.031   0.624  -0.072
   2.928   0.346   1.941   2.553  -0.381   2.660   2.636   1.240   2.405   3.990
   0.281   2.006   2.331  -1.284   0.055   3.341  -1.955  -0.052   1.152  -1.685
  -0.464   0.346  -1.098  -0.362   0.886  -2.939  -1.146   1.338  -3.030  -2.105
   1.177  -3.682  -0.425  -0.166  -2.973  -1.197
  -0.903   2.461   1.316  -1.059   1.426   1.159  -1.637   1.404   0.233  -1.747
   0.999   1.848   0.183   0.604   1.156   0.227  -0.368   1.906   1.172   1.021
   0.353   0.982   1.767  -0.177   2.423   0.299   0.220   2.842   0.696  -0.724
   3.412   0.632   1.375   2.928   0.738   2.332   3.911   1.628   1.253   4.139
  -0.231   1.516   2.282  -1.199  -0.121   3.248  -1.963   0.119   1.147  -1.595
  -0.689   0.483  -0.861  -1.000   0.860  -2.999  -1.175   1.570  -3.220  -1.984
   0.923  -3.734  -0.340  -0.162  -2.891  -1.628
  -1.354   2.206   0.911  -1.465   1.114   0.870  -1.975   0.687   0.030  -1.994
   0.826   1.764  -0.101   0.514   1.050   0.123  -0.298   1.885   0.876   1.023
   0.303   0.731   1.725  -0.345   2.283   0.382   0.260   2.781   0.990  -0.509
   3.031   0.668   1.596   2.527   0.054   2.373   2.871   1.756   1.774   4.084
   0.466   1.600   2.395  -1.124  -0.175   3.539  -1.652  -0.127   1.386  -1.838
  -0.682   0.447  -1.369  -0.554   1.478  -3.293  -1.004   2.524  -3.536  -1.102
   1.103  -3.942  -0.209   0.881  -3.553  -1.884
  -1.268   2.008   1.561  -1.237   1.150   0.919  -1.342   1.476  -0.057  -2.124
   0.520   1.080   0.035   0.305   0.963   0.090  -0.732   1.645   1.049   0.680
   0.174   0.963   1.511  -0.291   2.413   0.079   0.162   2.970   0.609  -0.655
   3.056   0.352   1.537   2.663  -0.322   2.320   2.807   1.391   1.850   4.115
   0.197   1.389   2.490  -1.409  -0.250   3.542  -2.042  -0.191   1.428  -1.980
  -0.934   0.624  -1.379  -0.980   1.267  -3.439  -1.232   1.855  -3.946  -0.498
   0.223  -3.692  -1.028   1.519  -3.764  -2.293
