default_name                                                                    
  -3.220   1.013   1.074  -2.491   0.211   1.244  -2.864  -0.740   0.816  -2.350
   0.095   2.282  -1.167   0.439   0.632  -0.949   1.481   0.055  -0.231  -0.527
   0.744  -0.553  -1.331   1.096   1.202  -0.395   0.462   1.628   0.430   1.075
   1.866  -1.713   0.842   2.985  -1.643   0.981   1.588  -2.477   0.014   1.613
  -2.102   1.860   1.648  -0.035  -0.951   2.795   0.314  -1.123   0.792  -0.290
  -1.971  -0.178  -0.493  -1.718   1.084   0.170  -3.327   0.297  -0.125  -4.019
   1.099   1.215  -3.382   1.890  -0.363  -3.687
  -3.148  -0.563   0.395  -2.649   0.103   0.978  -2.574  -0.331   1.936  -3.236
   1.040   0.988  -1.230   0.379   0.538  -0.817   1.493   0.196  -0.389  -0.634
   0.624  -0.795  -1.495   0.859   1.040  -0.555   0.233   1.394   0.197   0.855
   1.697  -1.887   0.587   2.723  -1.870   0.335   1.255  -2.748   0.059   1.655
  -1.957   1.674   1.328  -0.166  -1.264   2.431   0.335  -1.499   0.438  -0.357
  -2.190  -0.399  -0.848  -1.908   0.599   0.155  -3.537  -0.219  -0.212  -4.238
   0.370   1.179  -3.592   1.604  -0.054  -4.028
  -2.736  -1.756   1.007  -2.847  -0.635   1.096  -3.041  -0.466   2.117  -3.637
  -0.224   0.555  -1.535   0.064   0.715  -1.438   1.308   0.563  -0.519  -0.769
   0.566  -0.822  -1.708   0.577   0.910  -0.455   0.364   1.235   0.344   1.008
   1.684  -1.829   0.664   2.766  -1.819   0.712   1.429  -2.499  -0.176   1.267
  -2.249   1.561   1.380  -0.065  -1.021   2.573   0.274  -1.248   0.512  -0.189
  -2.019  -0.436  -0.518  -1.819   0.669   0.207  -3.403  -0.224  -0.025  -4.038
   0.920   1.271  -3.300   1.583  -0.260  -3.721
  -3.436  -1.507   0.098  -3.033  -0.919   0.876  -2.888  -1.704   1.696  -3.859
  -0.120   1.081  -1.710  -0.295   0.471  -1.491   0.914   0.262  -0.670  -1.162
   0.452  -1.035  -2.090   0.397   0.778  -0.817   0.384   0.933   0.106   0.966
   1.553  -1.946   1.068   2.635  -1.539   1.088   1.641  -2.826   0.478   1.144
  -2.226   2.025   1.259  -0.367  -1.037   2.492  -0.085  -1.154   0.421  -0.392
  -2.128  -0.590  -0.632  -2.000   0.797  -0.123  -3.541  -0.034  -0.150  -4.231
   1.360   0.837  -3.738   1.544  -0.909  -3.811
  -3.235  -1.666   0.179  -3.026  -0.704   0.829  -3.136  -1.041   1.874  -3.765
  -0.004   0.725  -1.652  -0.193   0.661  -1.382   1.048   0.721  -0.700  -1.183
   0.673  -0.932  -2.141   0.664   0.696  -0.857   0.580   0.885   0.089   1.117
   1.474  -2.004   1.112   2.526  -1.841   0.822   1.177  -2.930   0.644   1.412
  -2.101   2.206   1.257  -0.489  -0.832   2.351   0.043  -0.874   0.505  -0.586
  -1.920  -0.446  -0.840  -1.862   0.854  -0.136  -3.225   0.043  -0.132  -3.977
   1.329   0.831  -3.161   1.691  -0.846  -3.616
  -3.192  -0.516   2.223  -2.795  -0.831   1.259  -3.458  -0.373   0.513  -2.767
  -1.988   1.095  -1.403  -0.373   1.020  -1.121   0.814   1.031  -0.490  -1.295
   0.727  -0.765  -2.322   0.668   0.952  -0.916   0.668   1.270  -0.241   1.488
   1.589  -2.289   0.985   2.711  -2.066   0.952   1.322  -3.068   0.313   1.400
  -2.513   2.017   1.378  -0.394  -0.745   2.531  -0.016  -0.901   0.550  -0.715
  -1.733  -0.414  -0.967  -1.462   0.858  -0.809  -3.124  -0.041  -0.835  -3.782
   1.508  -0.026  -3.536   1.241  -1.836  -3.293
  -3.357   0.077   1.519  -2.691  -0.797   1.182  -3.244  -1.253   0.327  -2.537
  -1.567   1.995  -1.252  -0.387   0.942  -0.881   0.795   0.846  -0.451  -1.459
   0.711  -0.840  -2.370   0.702   0.999  -1.309   0.717   1.212  -0.598   1.512
   1.567  -2.652   1.166   2.637  -2.568   1.159   1.221  -3.355   0.355   1.293
  -2.994   2.151   1.541  -0.776  -0.581   2.491  -0.002  -0.624   0.857  -0.994
  -1.766  -0.027  -1.513  -1.624   0.903  -0.087  -2.974   0.805   1.047  -2.825
   1.841  -0.128  -3.486   0.106  -0.353  -3.649
  -3.230   0.258   1.634  -2.759  -0.567   1.196  -3.048  -0.773   0.194  -2.914
  -1.354   1.902  -1.269  -0.290   1.047  -0.891   0.847   1.017  -0.531  -1.263
   0.602  -0.961  -2.209   0.453   0.893  -1.181   0.456   1.218  -0.570   1.286
   1.486  -2.563   0.656   2.512  -2.612   0.278   0.765  -3.230   0.071   1.538
  -2.743   1.707   1.356  -0.509  -0.811   2.530  -0.143  -0.985   0.488  -0.589
  -1.818  -0.525  -0.861  -1.628   0.866  -0.116  -3.162   1.888   0.152  -3.294
   0.820  -0.894  -3.984   0.227   0.664  -3.633
  -3.057  -0.188   0.016  -2.620  -0.493   0.948  -2.924  -1.546   1.169  -2.909
   0.072   1.842  -1.099  -0.214   0.801  -0.758   0.964   0.780  -0.256  -1.234
   0.703  -0.697  -2.160   0.594   1.263  -1.240   0.635   1.669  -0.839   1.431
   1.544  -2.736   0.679   2.574  -2.960   0.892   1.270  -3.176  -0.271   1.055
  -3.245   1.564   1.734  -0.604  -0.650   2.819   0.029  -0.826   0.865  -0.596
  -1.664  -0.109  -0.882  -1.517   1.173   0.001  -2.972   1.823   0.831  -2.939
   1.659  -0.686  -3.766   0.234   0.387  -3.354
  -3.256   0.766   1.228  -2.668  -0.204   1.292  -3.086  -0.829   0.551  -2.804
  -0.833   2.224  -1.222   0.059   0.859  -0.705   1.197   0.881  -0.486  -1.022
   0.661  -1.012  -1.812   1.033   1.010  -1.208   0.497   1.411  -0.697   1.276
   1.465  -2.681   0.589   2.576  -2.835   0.678   1.007  -3.422  -0.152   0.855
  -2.774   1.511   1.650  -0.578  -0.724   2.851  -0.243  -0.726   0.798  -0.446
  -1.723  -0.137  -0.716  -1.579   1.251  -0.151  -3.163   1.824   0.786  -3.300
   1.986  -0.912  -3.421   0.425  -0.326  -3.993
  -3.061  -1.272   0.760  -2.798  -0.274   0.801  -3.222  -0.029   1.781  -3.185
   0.493   0.018  -1.266  -0.050   0.788  -0.830   0.937   1.241  -0.518  -1.090
   0.386  -0.942  -1.928   0.019   0.926  -1.020   0.393   1.217  -0.463   1.305
   1.440  -2.459   0.738   2.472  -2.473   1.103   1.353  -3.166  -0.148   0.894
  -2.935   1.484   1.650  -0.490  -0.894   2.772   0.008  -0.889   0.979  -0.500
  -2.045   0.058  -0.592  -2.060   1.517  -0.192  -3.326   1.172   0.866  -3.694
   2.602   0.007  -3.162   1.312  -0.951  -4.115
  -2.885  -1.538   0.556  -2.750  -0.439   0.299  -3.330   0.163   0.978  -2.886
  -0.357  -0.735  -1.329  -0.325   0.591  -0.915   0.727   1.006  -0.511  -1.298
   0.297  -0.921  -2.198   0.049   0.950  -1.355   0.318   1.262  -0.903   1.234
   1.502  -2.810   0.330   2.530  -2.831   0.113   0.870  -3.475  -0.324   1.264
  -3.101   1.319   1.697  -0.489  -0.794   2.897  -0.248  -0.817   0.991  -0.204
  -1.904   0.073  -0.603  -1.987   1.406   0.448  -3.219   0.884   1.418  -3.361
   2.436   0.790  -3.128   1.324  -0.364  -3.933
  -3.314  -0.764   0.531  -2.577  -0.162   1.130  -2.467  -0.573   2.236  -3.076
   0.858   1.208  -1.246  -0.157   0.478  -0.823   1.012   0.446  -0.574  -1.289
   0.312  -1.101  -2.164   0.407   0.850  -1.340   0.267   1.285  -1.012   1.182
   1.275  -2.756   0.293   2.408  -2.813   0.243   0.923  -3.348  -0.490   1.075
  -3.060   1.351   1.455  -0.592  -0.990   2.577  -0.180  -0.941   0.700  -0.336
  -2.015  -0.225  -0.820  -2.108   1.082   0.429  -3.198   1.157   1.552  -3.043
   2.069  -0.039  -3.472   0.283   0.306  -3.911
  -3.137  -0.126   0.123  -2.512  -0.510   0.870  -2.592  -1.555   0.738  -2.826
  -0.359   1.940  -1.076  -0.122   0.434  -0.650   1.031   0.346  -0.314  -1.196
   0.188  -0.794  -2.118   0.112   1.208  -1.197   0.081   1.721  -0.678   0.834
   1.791  -2.658   0.169   2.876  -2.556  -0.077   1.323  -3.405  -0.538   1.834
  -3.067   1.217   1.771  -0.412  -1.195   3.002  -0.272  -1.316   0.875  -0.227
  -2.181  -0.057  -0.413  -1.965   1.082   0.272  -3.506   0.953   1.307  -3.460
   2.031  -0.002  -3.894   0.280  -0.155  -4.157
  -2.810  -0.012   1.256  -2.409  -0.733   0.547  -2.909  -0.834  -0.399  -2.326
  -1.658   1.130  -1.075  -0.162   0.231  -0.886   1.087   0.142  -0.160  -1.134
   0.089  -0.571  -2.082   0.105   1.275  -1.002  -0.108   1.676  -0.376   0.650
   1.868  -2.340   0.217   2.952  -2.301   0.411   1.717  -3.109  -0.534   1.420
  -2.755   1.087   1.645  -0.395  -1.485   2.788   0.076  -1.648   0.729  -0.417
  -2.511  -0.229  -0.694  -2.194   0.809   0.283  -3.775   1.110   1.346  -3.657
   1.560  -0.258  -4.343  -0.092   0.301  -4.442
  -3.095   0.557   1.364  -2.620  -0.119   0.643  -3.004  -0.115  -0.471  -2.690
  -1.132   1.028  -1.146   0.079   0.473  -0.630   1.184   0.787  -0.448  -1.060
   0.190  -0.869  -2.027   0.270   1.012  -1.032   0.212   1.288  -0.321   1.009
   1.512  -2.439   0.496   2.612  -2.421   0.397   1.129  -3.135  -0.227   1.392
  -2.745   1.518   1.580  -0.441  -1.146   2.784  -0.085  -1.200   0.744  -0.181
  -2.164  -0.239  -0.425  -2.043   1.097   0.334  -3.445   0.256   0.698  -4.053
   1.749   1.172  -3.288   1.474  -0.528  -3.986
  -2.285  -0.961   1.864  -2.391  -0.618   0.840  -3.039   0.261   0.916  -2.799
  -1.417   0.205  -0.950  -0.347   0.498  -0.546   0.768   0.238  -0.251  -1.461
   0.318  -0.561  -2.450   0.508   1.136  -1.322   0.105   1.517  -0.622   0.883
   1.771  -2.719   0.484   2.774  -2.601   0.390   1.444  -3.525  -0.155   1.419
  -3.122   1.408   1.586  -0.875  -1.308   2.768  -0.871  -1.523   0.691  -0.717
  -2.285  -0.236  -0.572  -2.016   1.008  -0.318  -3.614   0.088  -0.499  -4.221
   1.358   0.667  -3.729   1.846  -0.933  -3.848
  -2.725  -0.575   1.807  -2.670  -0.615   0.727  -3.318  -0.012   0.185  -3.028
  -1.574   0.458  -1.238  -0.286   0.180  -0.814   0.840  -0.029  -0.474  -1.309
   0.040  -1.017  -2.240   0.172   0.998  -1.399  -0.137   1.574  -0.826   0.529
   1.501  -2.873  -0.002   2.619  -2.851   0.185   1.243  -3.490  -0.874   1.218
  -3.317   0.953   1.441  -0.780  -1.486   2.534  -0.140  -1.544   0.473  -0.739
  -2.539  -0.433  -1.254  -2.536   0.969  -0.214  -3.854   1.783   0.516  -3.754
   1.295  -0.937  -4.611   0.203   0.346  -4.360
  -3.186  -0.931   1.294  -2.633  -0.287   0.606  -3.018   0.759   0.527  -2.714
  -0.779  -0.413  -1.145  -0.265   0.822  -0.554   0.779   1.149  -0.482  -1.396
   0.447  -1.207  -2.174   0.199   0.936  -1.529  -0.088   1.451  -1.059   0.677
   1.484  -3.014  -0.116   2.607  -2.891  -0.205   1.036  -3.470  -1.074   1.160
  -3.587   0.769   1.250  -0.792  -1.391   2.343  -0.162  -1.556   0.271  -0.642
  -2.296  -0.574  -1.203  -2.162   0.414   0.071  -3.583   0.515   1.161  -3.311
   1.359  -0.307  -4.128  -0.445  -0.123  -4.294
  -2.673  -1.000   2.241  -2.578  -0.815   1.173  -3.293  -0.100   0.750  -2.780
  -1.782   0.761  -1.084  -0.499   0.981  -0.707   0.695   1.169  -0.300  -1.487
   0.577  -0.620  -2.448   0.470   1.082  -1.112   0.240   1.576  -0.589   1.115
   1.840  -2.380  -0.136   2.833  -2.009  -0.262   1.538  -2.750  -1.048   1.695
  -3.174   0.642   1.231  -0.144  -1.004   2.376   0.258  -1.209   0.289   0.191
  -1.804  -0.626  -0.178  -1.599   0.598   0.682  -3.097   1.583   0.385  -3.370
  -0.043   0.148  -3.818   0.557   1.699  -3.127
  -2.496  -1.732   2.640  -2.461  -1.314   1.642  -3.193  -0.492   1.554  -2.726
  -2.114   1.013  -1.095  -0.815   1.136  -0.661   0.263   1.512  -0.371  -1.619
   0.347  -0.766  -2.445  -0.121   1.062  -1.348   0.047   1.545  -0.957   0.963
   1.673  -2.775  -0.051   2.665  -2.659  -0.408   1.225  -3.417  -0.845   1.588
  -3.333   0.890   1.236  -0.360  -1.162   2.391   0.080  -1.358   0.152  -0.108
  -1.875  -0.781  -0.449  -1.608   0.195   0.688  -3.090   0.754   1.588  -2.780
   0.745   0.108  -3.788  -0.778   0.807  -3.494
  -1.791  -2.556   2.561  -2.141  -1.997   1.712  -3.075  -1.353   1.959  -2.369
  -2.760   0.946  -1.153  -1.087   1.194  -1.282   0.091   1.344  -0.181  -1.615
   0.545  -0.189  -2.634   0.483   1.026  -1.013   0.009   1.516  -0.386   0.823
   2.107  -2.176  -0.191   3.039  -1.949   0.303   2.458  -2.344  -1.246   1.819
  -3.133   0.175   0.947  -0.071  -1.248   1.881   0.755  -1.364  -0.125  -0.033
  -2.050  -0.957  -0.466  -1.639  -0.200   0.711  -3.286  -0.323   1.756  -3.159
   0.648   0.478  -3.952  -1.209   0.496  -3.759
  -1.903  -1.626   2.699  -2.164  -1.469   1.728  -2.990  -0.761   1.609  -2.202
  -2.456   1.240  -0.951  -0.681   1.282  -0.811   0.547   1.410  -0.018  -1.438
   0.769  -0.107  -2.453   0.990   1.241  -1.130   0.199   1.669  -0.527   1.093
   2.024  -2.483  -0.012   3.126  -2.451   0.047   1.885  -3.025  -1.044   1.656
  -3.301   0.648   1.266  -0.132  -0.994   2.202   0.698  -1.103   0.162  -0.161
  -1.792  -0.572  -0.941  -1.434  -0.120   0.670  -2.907  -0.195   1.679  -2.537
   0.774   0.607  -3.526  -1.091   0.567  -3.365
  -2.332  -1.421   3.039  -2.404  -1.181   2.011  -3.280  -0.472   1.713  -2.407
  -2.133   1.392  -1.010  -0.519   1.549  -0.908   0.724   1.685  -0.209  -1.280
   0.831  -0.500  -2.260   0.622   1.093  -0.822   0.266   1.629  -0.305   1.026
   1.905  -2.016  -0.143   2.758  -1.729  -0.727   1.381  -2.744  -0.843   2.035
  -2.562   0.812   0.960   0.104  -0.965   1.919   0.725  -1.388  -0.090  -0.027
  -1.754  -0.706  -0.766  -1.559  -0.222   0.669  -2.977   0.137   1.717  -2.818
   0.468   0.189  -3.707  -1.291   0.484  -3.289
  -1.858  -2.420   1.827  -1.964  -1.291   1.887  -2.147  -1.201   2.943  -2.790
  -1.027   1.294  -0.747  -0.506   1.452  -0.639   0.682   1.746  -0.026  -1.109
   0.548  -0.083  -2.081   0.456   1.236  -0.602   0.059   1.749  -0.115   0.830
   1.969  -1.941  -0.206   2.947  -1.726  -0.694   1.342  -2.475  -0.851   2.182
  -2.516   0.706   1.098   0.180  -1.202   2.015   1.015  -1.461   0.032   0.103
  -1.964  -0.764  -0.384  -1.618  -0.051   0.588  -3.315   0.319   1.572  -3.575
   0.387  -0.026  -4.049  -1.137   0.642  -3.408
  -3.185  -0.991   1.138  -2.477  -1.174   1.902  -2.606  -2.219   2.109  -2.884
  -0.573   2.783  -0.995  -0.834   1.430  -0.483   0.150   1.970  -0.430  -1.491
   0.388  -0.938  -2.278   0.059   0.929  -0.946  -0.182   1.371  -0.147   0.545
   1.824  -2.164  -0.229   2.784  -1.947  -0.574   1.284  -2.935  -0.786   2.158
  -2.453   0.774   0.924  -0.111  -1.452   1.996   0.313  -1.924  -0.327   0.007
  -2.007  -1.060  -0.503  -1.543  -0.530   0.593  -3.396   0.310   0.535  -4.162
  -1.395   0.133  -3.862  -0.596   1.704  -3.373
  -3.086  -0.275   0.769  -2.584  -0.978   1.401  -2.919  -2.018   1.220  -2.803
  -0.807   2.534  -1.134  -0.638   1.175  -0.581   0.108   2.022  -0.483  -1.310
   0.225  -0.880  -1.921  -0.364   0.913  -1.068   0.035   1.408  -0.511   0.924
   1.661  -2.309  -0.199   2.680  -2.021  -0.412   1.289  -2.777  -1.113   1.383
  -3.121   0.618   1.073  -0.031  -1.106   2.129   0.659  -1.227   0.067   0.060
  -2.049  -0.657  -0.627  -2.029   0.177   0.662  -3.343   1.159   0.474  -3.811
  -0.646   0.255  -3.956   0.184   1.730  -3.134
  -2.933  -1.714   0.756  -2.394  -1.419   1.723  -2.431  -2.164   2.423  -2.970
  -0.497   2.221  -1.054  -0.871   1.375  -0.744   0.227   1.908  -0.329  -1.557
   0.474  -0.439  -2.532   0.541   1.045  -1.157   0.198   1.355  -0.551   1.009
   1.802  -2.428   0.004   2.945  -2.207  -0.373   1.460  -3.124  -0.794   1.666
  -2.884   0.979   1.249  -0.217  -1.026   2.345   0.392  -1.087   0.314  -0.107
  -1.938  -0.509  -0.693  -1.885   0.514   0.548  -3.231   1.312   0.026  -3.745
  -0.354   0.384  -3.871   0.912   1.534  -3.022
  -2.704  -2.069   0.089  -2.652  -1.541   1.049  -2.892  -2.194   1.832  -3.285
  -0.676   1.086  -1.249  -1.119   1.198  -0.886  -0.252   1.986  -0.367  -1.850
   0.431  -0.674  -2.586  -0.143   1.079  -1.570   0.340   1.425  -1.122   1.329
   2.000  -2.752   0.061   3.008  -2.462   0.408   1.935  -3.196  -1.021   1.526
  -3.551   0.594   1.310  -0.448  -0.664   2.167   0.454  -0.437   0.474  -0.310
  -1.689  -0.377  -0.874  -1.742   0.582   0.722  -2.724   1.583   1.225  -2.875
   0.352   0.392  -3.705  -0.119   1.571  -2.459
  -2.742  -1.256  -0.448  -2.798  -1.093   0.557  -3.319  -2.113   0.807  -3.410
  -0.226   0.706  -1.368  -0.998   1.187  -0.957  -0.307   2.140  -0.460  -1.672
   0.472  -0.697  -2.501  -0.004   0.981  -1.366   0.489   1.267  -0.983   1.483
   1.770  -2.721   0.127   2.903  -2.618   0.132   1.304  -3.152  -0.882   1.550
  -3.360   0.953   1.260  -0.273  -0.617   2.120   0.535  -0.454   0.441  -0.146
  -1.691  -0.305  -0.847  -1.872   0.738   0.866  -2.795   1.780   0.702  -3.111
   0.222   0.488  -3.597   0.552   1.887  -2.432
  -3.386  -1.293  -0.170  -3.043  -1.339   0.931  -3.055  -2.308   1.309  -3.679
  -0.685   1.446  -1.571  -0.876   0.929  -1.250   0.246   1.462  -0.757  -1.604
   0.142  -1.052  -2.636   0.199   0.588  -1.293   0.288   0.692  -0.991   1.387
   1.552  -2.475   0.077   2.634  -2.309   0.343   1.307  -2.961  -0.843   1.273
  -3.106   0.843   1.095   0.057  -0.416   1.904   0.679   0.249   0.459   0.306
  -1.509  -0.324  -0.305  -1.645   0.863   1.268  -2.597   1.597   0.804  -3.273
   0.116   1.425  -3.291   1.374   2.157  -2.273
  -2.834  -2.331   0.646  -2.910  -1.308   0.546  -3.538  -0.867   1.433  -3.459
  -1.061  -0.376  -1.525  -0.840   0.723  -1.273   0.009   1.540  -0.571  -1.526
   0.120  -0.674  -2.215  -0.660   0.893  -1.304   0.422   1.088  -1.184   1.477
   1.606  -2.556  -0.084   2.632  -2.371   0.131   1.400  -2.730  -1.202   1.249
  -3.353   0.546   1.403   0.059  -0.211   2.089   0.770   0.483   0.847   0.432
  -1.370   0.173  -0.146  -1.820   1.165   1.583  -2.098   2.115   1.315  -2.591
   0.333   1.867  -2.741   1.379   2.372  -1.359
  -3.222  -1.803   1.506  -2.802  -1.236   0.609  -3.362  -0.395   0.321  -2.871
  -1.823  -0.228  -1.438  -0.834   0.863  -1.187   0.059   1.666  -0.476  -1.266
   0.063  -0.495  -2.168  -0.358   0.982  -0.984   0.282   1.246  -0.794   1.273
   1.668  -2.237  -0.116   2.698  -2.163  -0.120   1.519  -2.454  -1.084   1.309
  -2.992   0.506   1.380   0.267  -0.488   2.588   0.724  -0.265   0.587   0.651
  -1.474  -0.314   0.146  -1.432   0.831   1.540  -2.582   1.899   1.632  -2.520
   0.746   1.112  -3.497   0.182   2.420  -2.613
  -3.598  -0.543   1.065  -2.864  -1.325   0.898  -2.927  -1.612  -0.145  -3.100
  -2.079   1.610  -1.533  -0.765   1.127  -1.233  -0.102   2.134  -0.585  -1.231
   0.212  -0.990  -1.800  -0.506   0.865  -1.015   0.164   1.220  -0.867   1.232
   1.521  -2.209  -0.517   2.627  -2.134  -0.683   1.173  -2.149  -1.567   1.018
  -3.169  -0.258   1.365   0.219  -0.540   2.521   0.715  -0.281   0.563   0.651
  -1.554  -0.391   0.336  -1.626   0.796   1.728  -2.609   1.805   2.141  -2.590
   0.538   1.246  -3.605   0.107   2.482  -2.474
  -2.896  -1.263   2.033  -2.291  -1.807   1.366  -2.849  -1.700   0.405  -2.198
  -2.829   1.696  -0.964  -1.157   1.105  -0.625  -0.208   1.790  -0.205  -1.569
   0.085  -0.592  -2.272  -0.474   1.342  -1.304   0.088   1.575  -1.299   1.129
   2.164  -2.380  -0.569   3.221  -2.206  -0.191   2.175  -2.356  -1.702   1.851
  -3.334  -0.195   1.576   0.057  -0.475   2.566   0.654  -0.121   0.793   0.501
  -1.418   0.004  -0.071  -1.731   0.989   1.699  -2.202   1.350   2.532  -1.599
   1.763   1.597  -2.932   0.121   2.062  -2.714
  -2.818  -1.266   1.960  -1.933  -1.872   1.578  -2.216  -2.414   0.780  -1.632
  -2.566   2.411  -0.677  -0.985   1.361  -0.580   0.056   1.977   0.242  -1.454
   0.495   0.028  -2.283  -0.100   1.520  -0.849   0.286   2.017  -0.808   1.266
   2.441  -1.816  -0.649   3.408  -1.304  -0.808   1.949  -1.951  -1.569   2.636
  -2.821  -0.217   1.405   0.525  -0.149   2.133   1.480   0.272   0.545   0.817
  -1.103   0.191  -0.002  -1.525   0.601   1.809  -2.095   1.544   2.404  -2.289
   0.488   1.381  -3.082  -0.148   2.518  -2.048
  -3.008  -1.613   1.298  -2.140  -2.207   1.537  -2.027  -3.101   0.778  -2.080
  -2.547   2.535  -0.852  -1.362   1.385  -0.832  -0.292   1.982   0.169  -1.758
   0.586   0.040  -2.531  -0.068   1.627  -1.220   0.398   2.224  -1.046   1.224
   2.401  -2.160  -0.566   3.004  -1.497  -1.239   1.691  -2.545  -1.239   3.030
  -2.835  -0.032   1.738   0.228  -0.162   2.756   0.852   0.220   0.793   0.662
  -1.047  -0.003  -0.013  -1.255   0.612   2.045  -1.539  -0.145   2.000  -2.322
   0.385   2.741  -0.789   1.605   2.383  -1.872
  -1.692  -2.784   0.917  -1.276  -2.496   1.836  -0.865  -3.402   2.318  -2.087
  -2.091   2.495  -0.250  -1.433   1.677   0.101  -0.547   2.462   0.490  -1.701
   0.582   0.205  -2.418  -0.025   1.822  -1.184   0.328   2.411  -1.274   1.181
   2.352  -1.984  -0.770   3.349  -1.647  -1.096   1.669  -1.821  -1.536   2.334
  -3.018  -0.539   1.759   0.295  -0.111   2.802   0.956   0.072   0.641   0.691
  -0.837  -0.109  -0.025  -1.041   0.655   1.903  -1.588   0.714   1.643  -2.630
  -0.335   2.480  -1.413   1.522   2.471  -1.267
  -2.051  -2.619   1.221  -1.263  -2.426   2.015  -0.748  -3.330   2.309  -1.906
  -2.252   2.896  -0.044  -1.417   1.744   0.371  -0.700   2.601   0.531  -1.525
   0.493   0.052  -2.172  -0.158   1.740  -0.945   0.018   2.403  -0.795   0.817
   2.310  -2.024  -0.964   3.314  -1.711  -1.247   1.611  -2.269  -1.809   2.491
  -2.903  -0.358   1.343   0.478  -0.600   2.164   1.402  -0.811   0.087   0.695
  -0.860  -0.524  -0.096  -0.911  -0.341   2.046  -1.392   0.446   2.570  -1.864
  -1.303   1.885  -1.993  -0.646   2.690  -0.585
  -1.950  -2.126   1.683  -1.110  -1.938   2.321  -0.638  -2.913   2.578  -1.451
  -1.426   3.114  -0.039  -1.125   1.739   0.312  -0.020   2.305   0.548  -1.631
   0.653   0.317  -2.553   0.336   1.710  -0.890   0.065   2.514  -0.800   0.835
   2.246  -1.598  -1.199   3.321  -1.536  -1.076   1.733  -1.295  -2.067   2.026
  -2.590  -1.148   1.373   0.560  -0.467   2.233   1.395  -0.256   0.143   0.879
  -0.994  -0.346   0.053  -1.401  -0.314   2.199  -1.334  -0.301   2.933  -0.559
   0.369   2.557  -2.038  -1.374   1.915  -1.540
  -2.132  -2.164   1.461  -1.281  -2.133   2.060  -0.743  -3.051   2.190  -1.588
  -1.829   3.025  -0.366  -1.036   1.651   0.161  -0.148   2.419  -0.048  -1.154
   0.357  -0.274  -2.005  -0.029   1.190  -0.599  -0.144   1.891  -0.812   0.689
   1.788  -1.481  -1.228   2.801  -1.240  -1.291   1.317  -1.311  -2.202   1.633
  -2.497  -0.922   1.104   0.974  -0.497   2.092   1.686  -0.491  -0.162   1.372
  -0.689  -0.878   0.693  -0.439  -0.499   2.661  -1.248   0.244   3.388  -0.792
  -0.194   2.459  -2.313  -1.540   3.061  -1.055
  -2.244  -2.059   1.531  -1.802  -1.412   2.335  -1.374  -2.035   3.153  -2.522
  -0.557   2.714  -0.608  -0.728   1.709   0.077   0.103   2.363  -0.297  -1.026
   0.458  -0.723  -1.788   0.007   0.823  -0.395  -0.262   1.641  -0.338   0.425
   1.199  -1.274  -1.450   1.262  -2.229  -1.065   2.214  -0.960  -1.863   0.497
  -1.197  -2.274   0.572   1.126  -0.660   1.489   1.962  -0.559  -0.725   1.385
  -1.059  -1.375   0.620  -1.106  -1.181   2.785  -1.286  -0.660   3.365  -0.493
  -0.847   3.282  -2.237  -2.241   2.739  -1.162
  -1.920  -2.765   2.138  -1.961  -1.723   2.436  -1.854  -1.706   3.490  -2.936
  -1.205   2.125  -0.912  -0.788   1.848  -0.808   0.369   2.193  -0.294  -1.336
   0.780  -0.673  -2.099   0.301   0.844  -0.688  -0.021   1.582  -0.701   0.888
   1.285  -1.609  -1.120   1.308  -2.729  -1.032   2.201  -1.389  -1.561   0.606
  -1.441  -1.810   0.629   0.734  -0.588   1.563   1.484  -0.770  -0.666   1.089
  -0.957  -1.368   0.381  -0.804  -0.975   2.140  -1.979  -1.662   2.964  -1.635
   0.038   2.599  -2.292  -1.279   1.675  -2.844
  -1.680  -2.528   3.348  -2.269  -1.889   2.715  -2.853  -1.319   3.396  -2.811
  -2.599   2.071  -1.348  -0.933   1.957  -1.508   0.273   2.181  -0.475  -1.535
   1.190  -0.724  -2.480   0.895   0.690  -0.891   0.574   1.435  -0.818   1.368
   1.219  -1.858  -0.457   1.494  -2.741   0.182   2.008  -1.482  -1.092   0.403
  -2.186  -1.090   0.613   0.454  -0.055   1.578   1.155  -0.234  -0.560   1.015
  -0.555  -1.303   0.396  -0.622  -0.697   2.178  -1.462  -0.484   3.132  -0.922
   0.103   2.256  -2.234  -1.670   2.288  -1.837
  -2.959  -2.499   1.610  -2.846  -1.537   2.080  -3.192  -1.491   3.101  -3.554
  -0.848   1.522  -1.374  -1.253   1.974  -1.047  -0.449   2.811  -0.706  -1.583
   0.894  -1.295  -2.070   0.181   0.451  -0.901   0.536   1.021  -0.777   1.414
   1.338  -1.787  -0.396   1.375  -2.821  -0.020   2.361  -1.463  -0.295   1.057
  -1.604  -1.469   0.321   0.559  -0.019   1.405   1.143  -0.360  -0.892   1.133
  -0.307  -1.765   0.677   0.018  -1.080   2.317  -1.248  -0.072   2.646  -1.513
  -1.594   2.089  -2.162  -1.454   3.102  -0.692
  -3.256  -1.337   1.378  -2.876  -1.266   2.429  -2.945  -2.137   3.119  -3.339
  -0.379   2.928  -1.394  -0.973   2.302  -0.833  -0.276   3.140  -0.784  -1.516
   1.302  -1.251  -2.256   0.855   0.502  -1.017   0.686   1.196  -0.964   1.552
   0.931  -1.929  -0.445   1.421  -2.805   0.028   1.578  -1.423  -1.095   0.085
  -2.200  -1.072   0.271   0.396   0.122   1.203   1.160   0.319  -0.860   0.733
  -0.535  -1.625   0.071  -0.733  -1.101   1.980  -1.291  -1.028   2.954  -0.677
  -0.383   1.920  -2.112  -2.134   1.949  -1.733
  -3.531  -0.973   2.620  -2.564  -1.529   2.972  -2.656  -2.549   2.552  -2.415
  -1.484   4.009  -1.405  -0.831   2.264  -1.122   0.280   2.637  -0.718  -1.459
   1.275  -1.047  -2.413   1.054   0.513  -0.875   0.676   1.299  -0.721   1.496
   0.944  -1.961  -0.262   1.110  -2.949   0.335   1.857  -1.705  -0.803   0.120
  -2.108  -0.969   0.516   0.377  -0.186   1.624   0.780  -0.711  -0.651   0.904
  -0.421  -1.449   0.464   0.098  -1.020   2.053  -1.240  -1.151   2.741  -0.436
  -0.238   2.439  -1.957  -1.972   1.938  -1.761
  -3.550  -1.410   2.812  -2.623  -1.986   2.837  -2.799  -2.827   2.098  -2.446
  -2.580   3.718  -1.437  -1.071   2.408  -0.975  -0.165   3.081  -0.959  -1.405
   1.205  -1.312  -2.316   0.846   0.284  -0.997   0.628   0.938  -0.767   1.421
   0.829  -2.076  -0.210   0.977  -2.943   0.397   1.828  -1.688  -0.608   0.119
  -2.335  -0.965   0.196   0.347  -0.206   1.204   0.914  -0.612  -1.033   0.862
  -0.417  -1.847   0.487   0.010  -1.234   2.122  -1.155  -2.074   2.050  -1.862
  -1.553   2.776  -0.349  -0.438   2.584  -1.630
  -3.536  -0.998   2.199  -2.700  -1.550   2.622  -2.796  -2.562   2.346  -2.674
  -1.383   3.718  -1.368  -0.896   2.294  -1.088   0.106   2.907  -0.667  -1.506
   1.319  -1.020  -2.305   0.904   0.554  -0.897   0.690   1.383  -0.610   1.410
   1.120  -1.950  -0.255   1.484  -2.876   0.188   1.958  -1.497  -0.799   0.354
  -2.326  -0.989   0.239   0.429  -0.017   1.103   1.277  -0.233  -1.064   0.635
  -0.350  -1.701  -0.152  -0.296  -1.581   1.803  -0.994  -2.675   1.838  -0.743
  -0.971   2.654  -0.675  -1.471   1.570  -2.036
  -3.657  -0.946   2.794  -2.822  -1.642   2.919  -2.927  -2.599   2.364  -2.782
  -1.848   3.959  -1.567  -0.943   2.452  -1.225   0.149   2.935  -0.870  -1.483
   1.452  -1.093  -2.397   1.223   0.457  -0.983   1.078   1.088  -0.621   1.889
   1.236  -2.154   0.444   1.516  -2.964   1.194   2.142  -1.847   0.011   0.615
  -2.603  -0.281   0.354   0.276   0.202   1.214   1.135   0.137  -0.876   0.468
  -0.405  -1.651  -0.102  -0.014  -1.270   1.795  -1.048  -2.372   2.017  -1.040
  -0.715   2.569  -0.506  -0.996   1.722  -2.095
  -3.599  -0.395   2.675  -2.997  -1.246   2.601  -3.356  -1.813   1.729  -3.034
  -1.898   3.504  -1.559  -0.840   2.315  -1.055   0.070   2.965  -0.791  -1.508
   1.410  -1.262  -2.159   0.776   0.544  -0.942   1.018   1.240  -0.799   1.818
   1.271  -1.934   0.076   1.445  -2.848   0.618   2.259  -1.582  -0.163   0.669
  -2.140  -0.826   0.380   0.395   0.288   1.291   1.168   0.154  -0.792   0.813
  -0.158  -1.584   0.225  -0.057  -1.050   2.193  -0.722  -1.952   2.598  -0.334
  -0.260   2.914  -0.399  -1.124   2.236  -1.825
  -3.465  -1.144   3.330  -3.022  -1.462   2.347  -3.663  -1.137   1.549  -2.820
  -2.568   2.245  -1.745  -0.817   2.265  -1.465   0.106   3.073  -0.880  -1.097
   1.332  -1.066  -1.950   0.829   0.481  -0.516   1.095   1.072  -0.305   1.982
   1.115  -1.561   0.165   1.556  -2.354   0.770   1.962  -1.180  -0.469   0.467
  -1.936  -0.565   0.471   0.864   0.410   1.565   1.407   0.079  -0.695   1.490
   0.162  -1.552   0.985   0.523  -0.809   2.764  -0.609   0.132   3.284  -0.547
  -1.073   2.510  -1.664  -1.543   3.445  -0.114
  -3.364  -1.349   3.043  -2.817  -1.647   2.164  -3.237  -1.373   1.125  -2.532
  -2.695   2.150  -1.433  -1.014   2.189  -1.043  -0.484   3.246  -0.693  -1.143
   1.099  -1.032  -1.701   0.315   0.612  -0.526   0.829   1.202  -0.504   1.762
   1.239  -1.406  -0.246   1.310  -2.536  -0.108   2.245  -1.058  -0.347   0.805
  -1.146  -1.246   0.540   0.881   0.257   1.583   1.542   0.175  -0.677   1.322
  -0.012  -1.367   0.709   0.336  -1.061   2.719  -0.348  -0.393   3.067  -1.114
  -2.051   2.762  -0.778  -1.080   3.315   0.553
  -3.415  -1.819   2.979  -2.862  -2.023   2.037  -3.521  -1.836   1.194  -2.527
  -3.066   2.032  -1.584  -1.222   2.107  -1.384  -0.634   3.175  -0.831  -1.308
   1.004  -1.184  -1.907   0.185   0.432  -0.661   0.736   1.002  -0.543   1.687
   1.291  -1.461  -0.235   1.401  -2.451   0.172   2.292  -1.046  -0.239   0.779
  -1.475  -1.198   0.350   0.813   0.141   1.367   1.395  -0.237  -0.855   1.372
   0.102  -1.585   0.857   0.615  -1.277   2.638  -0.423  -0.503   3.002  -1.069
  -2.232   2.628  -0.985  -1.370   3.378   0.352
  -3.548  -1.630   1.577  -2.701  -2.323   1.437  -2.724  -2.869   0.469  -2.722
  -3.156   2.166  -1.490  -1.423   1.652  -1.415  -0.536   2.506  -0.668  -1.542
   0.646  -0.875  -2.309   0.048   0.582  -0.860   0.406   1.125  -0.934   1.357
   1.303  -1.739  -0.658   0.927  -2.733  -0.586   2.421  -1.882  -0.461   1.181
  -1.307  -1.630   0.544   0.631   0.012   1.555   1.304   0.202  -0.553   1.126
  -0.494  -1.343   0.552  -0.621  -0.797   2.528  -0.377  -0.365   2.915  -1.250
  -1.875   2.603  -0.491  -0.388   2.933   0.508
  -3.686  -1.129   0.590  -3.110  -1.973   1.029  -3.057  -2.733   0.288  -3.505
  -2.299   1.966  -1.789  -1.442   1.363  -1.597  -1.026   2.473  -0.880  -1.384
   0.403  -1.123  -1.777  -0.491   0.395  -0.767   0.440   0.694  -0.858   1.534
   1.218  -1.606  -0.530   1.198  -2.679  -0.240   2.243  -1.394  -0.488   0.901
  -1.459  -1.555   0.305   0.812   0.181   1.355   1.470   0.337  -0.905   1.380
  -0.135  -1.698   0.763  -0.215  -1.081   2.824  -0.565  -0.646   3.068  -1.507
  -2.118   3.197  -0.646  -0.589   3.536   0.136
  -3.776  -1.694   0.479  -3.145  -2.277   1.153  -2.794  -3.214   0.617  -3.691
  -2.609   2.045  -1.907  -1.387   1.457  -1.768  -0.751   2.497  -0.988  -1.474
   0.487  -1.135  -2.200  -0.242   0.359  -0.791   0.484   0.724  -0.809   1.495
   1.400  -1.578  -0.387   1.337  -2.658  -0.336   2.455  -1.423  -0.086   1.299
  -1.141  -1.422   0.345   0.674   0.049   1.448   1.268   0.062  -0.797   1.368
  -0.204  -1.630   0.796  -0.231  -0.858   2.777  -0.597  -0.719   2.980  -1.645
  -1.786   3.165  -0.362   0.018   3.313  -0.104
  -3.808  -2.082   0.036  -3.282  -2.472   0.836  -2.922  -3.467   0.736  -3.906
  -2.431   1.683  -2.060  -1.523   1.141  -1.973  -0.811   2.123  -1.078  -1.586
   0.222  -1.291  -2.122  -0.583   0.173  -0.944   0.315   0.581  -0.929   1.354
   1.141  -1.792  -0.620   1.001  -2.818  -0.289   2.185  -1.509  -0.524   0.824
  -1.828  -1.624   0.174   0.524   0.093   1.232   1.144   0.222  -0.916   1.105
  -0.343  -1.641   0.477  -0.655  -1.140   2.573  -0.626  -1.113   2.784  -1.719
  -2.098   2.854  -0.251  -0.336   3.198  -0.206
  -4.385  -1.277   0.930  -3.635  -2.104   0.729  -3.436  -2.405  -0.343  -3.858
  -2.973   1.355  -2.285  -1.648   1.286  -2.201  -0.968   2.294  -1.241  -1.805
   0.429  -1.430  -2.301  -0.376   0.093  -1.378   0.765   0.443  -1.624   1.819
   1.041  -2.049  -0.214   1.378  -2.966   0.183   1.914  -1.476  -0.220   0.568
  -1.983  -1.173   0.163   0.164   0.530   1.185   0.821   0.781  -0.816   0.797
  -0.123  -1.720   0.325  -0.382  -0.733   2.156  -0.708  -0.925   2.261  -1.792
  -1.457   2.695  -0.102   0.180   2.590  -0.388
  -4.388  -1.236  -0.013  -3.809  -1.912   0.642  -3.810  -3.014   0.352  -4.470
  -2.011   1.495  -2.450  -1.397   0.929  -2.228  -0.778   1.947  -1.483  -1.733
   0.138  -1.578  -2.477  -0.527  -0.151  -1.207   0.253   0.204  -1.523   1.260
   0.757  -1.944  -0.774   0.846  -2.973  -0.547   1.730  -1.480  -0.723   0.337
  -1.933  -1.814   0.144   0.306   0.056   1.188   0.769   0.478  -0.786   1.065
  -0.531  -1.488   0.575  -1.087  -0.652   2.538  -0.594  -0.017   2.893  -1.394
  -1.616   2.981  -0.740  -0.204   2.879   0.355
