default_name                                                                    
  -2.623   0.137   1.229  -1.617   0.333   1.508  -1.442   0.116   2.568  -1.326
   1.328   1.261  -0.787  -0.521   0.575  -1.283  -1.135  -0.392   0.548  -0.576
   0.920   0.775  -0.135   1.787   1.630  -1.208   0.124   2.459  -1.019   0.721
   1.479  -2.742   0.155   2.357  -3.252   0.005   0.843  -3.023  -0.714   0.867
  -3.124   0.953   1.936  -0.738  -1.290   2.679  -1.405  -2.017   1.200   0.358
  -1.764   0.960   1.039  -1.070   1.278   0.903  -3.098   1.928   1.775  -3.178
   1.614   0.191  -3.831   0.214   1.150  -3.344
  -2.592   0.605   0.842  -1.770   0.262   1.457  -2.057  -0.297   2.378  -1.289
   1.235   1.774  -0.812  -0.681   0.679  -1.253  -1.463  -0.135   0.498  -0.612
   0.919   0.790  -0.046   1.694   1.574  -1.362   0.200   2.510  -1.032   0.629
   1.453  -2.846   0.577   2.373  -3.283   0.120   0.522  -3.322   0.107   1.616
  -3.101   1.632   1.829  -1.083  -1.282   2.508  -1.772  -2.035   1.159  -0.024
  -1.714   0.482   0.263  -1.137   1.111   0.313  -3.198   2.090   0.221  -3.628
   0.431  -0.388  -3.626   0.720   1.312  -3.479
  -2.486  -0.833   2.285  -1.681  -0.169   1.901  -0.969   0.044   2.630  -2.096
   0.822   1.537  -0.961  -0.826   0.692  -1.489  -1.262  -0.326   0.367  -0.686
   0.858   0.688  -0.143   1.598   1.488  -1.226   0.002   2.409  -0.748   0.396
   1.689  -2.754   0.453   2.356  -3.220  -0.296   0.715  -3.269   0.328   2.003
  -2.883   1.477   1.536  -0.894  -1.468   2.397  -1.415  -2.170   0.674   0.089
  -1.825   0.023   0.345  -1.121   0.546   0.708  -3.094   0.071   0.083  -3.826
  -0.012   1.612  -3.096   1.522   0.894  -3.540
  -1.063   0.669   2.745  -1.544   0.405   1.803  -1.472   1.256   1.132  -2.560
   0.060   2.012  -0.881  -0.711   1.000  -1.508  -1.464   0.381   0.438  -0.635
   1.040   0.791   0.226   1.524   1.475  -1.273   0.182   2.390  -0.718   0.460
   1.572  -2.725   0.521   2.597  -3.145   0.301   0.808  -3.308  -0.046   1.432
  -2.938   1.603   1.396  -0.843  -1.371   2.309  -1.176  -2.158   0.417  -0.020
  -1.761  -0.367   0.118  -1.083   0.451   0.802  -2.996  -0.393   1.466  -2.920
   1.371   1.389  -3.176   0.379   0.177  -3.900
  -1.629  -0.161   3.063  -1.862   0.272   2.068  -1.661   1.385   2.018  -2.875
   0.086   1.912  -0.930  -0.354   1.060  -1.501  -0.922   0.096   0.383  -0.252
   1.237   0.650   0.416   2.006   1.380  -0.749   0.292   2.343  -0.289   0.534
   1.656  -2.207   0.656   2.358  -2.691   0.065   0.703  -2.839   0.626   2.041
  -2.293   1.728   1.342  -0.514  -1.194   1.890  -1.284  -2.003   0.739   0.627
  -1.520   0.186   1.138  -0.845   1.046   1.116  -2.770   0.553   2.043  -3.004
   2.095   1.069  -2.976   0.613   0.357  -3.399
  -2.036  -0.370   3.081  -2.151   0.091   2.080  -2.066   1.142   2.168  -3.114
  -0.164   1.761  -1.225  -0.445   1.004  -1.660  -0.785  -0.066   0.063  -0.615
   1.295   0.267  -0.363   2.212   1.086  -1.375   0.497   1.982  -1.107   1.036
   0.878  -2.889   0.574   1.790  -3.365   0.350   0.090  -3.321  -0.052   0.853
  -3.064   1.625   1.426  -1.028  -1.010   2.440  -1.571  -1.484   0.706  -0.122
  -1.665  -0.089   0.223  -1.188   0.975   0.508  -2.913   0.054   0.645  -3.386
   1.403   1.540  -2.715   1.752   0.119  -3.577
  -1.728   0.067   2.777  -1.898   0.473   1.785  -1.447   1.474   1.844  -2.963
   0.489   1.549  -1.044  -0.330   0.858  -1.548  -0.835  -0.126   0.260  -0.397
   1.178   0.530   0.146   1.994   1.448  -1.196   0.647   2.252  -0.707   1.079
   1.328  -2.646   1.208   2.213  -3.240   0.835   0.405  -3.137   0.764   1.327
  -2.611   2.338   1.696  -1.078  -0.787   2.726  -1.492  -1.369   0.692  -0.548
  -1.515  -0.106  -0.124  -1.114   0.760  -0.286  -3.004  -0.242  -0.546  -3.410
   0.971   0.767  -3.116   1.576  -0.853  -3.529
  -2.504  -0.836   1.846  -1.880  -0.056   1.759  -1.419   0.129   2.707  -2.443
   0.822   1.459  -0.800  -0.402   0.816  -1.026  -1.108  -0.178   0.411  -0.083
   1.112   0.414   0.639   1.801   1.721  -0.681   0.734   2.540  -0.019   0.952
   2.031  -1.859   1.731   3.123  -2.195   1.650   1.479  -2.756   1.509   1.826
  -1.559   2.737   1.964  -0.881  -0.785   3.089  -1.380  -1.083   1.142  -0.330
  -1.697   0.384   0.261  -1.426   1.226  -0.572  -3.141   0.223  -0.276  -3.542
   2.042  -0.021  -3.526   1.404  -1.633  -3.273
  -3.005  -0.061   0.580  -2.266   0.142   1.340  -2.418  -0.437   2.272  -2.234
   1.243   1.548  -0.940  -0.334   0.691  -0.977  -1.009  -0.330   0.285  -0.052
   1.286   0.210   0.614   1.999   1.539  -0.671   0.914   2.224   0.097   1.139
   1.766  -1.769   1.882   2.819  -1.891   1.970   1.398  -2.645   1.352   1.374
  -1.559   2.864   2.012  -0.940  -0.560   2.888  -1.787  -0.872   1.389  -0.345
  -1.546   0.698   0.318  -1.148   1.894   0.020  -2.879   1.713  -0.782  -3.613
   1.450   0.979  -3.202   2.961   0.289  -2.896
  -2.232   1.099   0.615  -1.628   0.634   1.308  -2.288   0.255   2.008  -1.063
   1.391   1.715  -0.693  -0.328   0.671  -1.115  -1.075  -0.228   0.483  -0.484
   1.316   0.549   0.022   2.138   1.525  -1.439   0.894   2.532  -1.104   1.346
   1.304  -2.769   1.560   2.251  -3.171   1.894   0.680  -3.559   0.969   0.923
  -2.511   2.568   1.803  -1.564  -0.578   2.747  -2.321  -0.917   1.271  -0.672
  -1.494   0.361  -0.273  -1.408   1.742  -0.628  -2.872   0.913  -0.552  -3.515
   2.417   0.207  -2.964   2.297  -1.615  -3.087
  -1.750   1.106   0.019  -1.730   0.475   0.823  -2.723  -0.097   1.002  -1.504
   0.924   1.803  -0.666  -0.586   0.623  -0.904  -1.633   0.047   0.580  -0.263
   1.150   0.756   0.620   1.538   1.802  -1.019   0.977   2.613  -0.358   1.298
   1.727  -2.332   1.863   2.194  -3.237   1.309   0.725  -2.607   2.174   2.254
  -2.205   2.808   2.134  -1.374  -0.611   2.725  -2.442  -0.977   1.583  -0.515
  -1.537   1.488   0.432  -1.204   1.800  -0.723  -2.956   2.813  -1.125  -3.159
   1.037  -1.485  -3.233   1.807   0.209  -3.443
  -1.943   0.806   0.002  -1.400   0.676   0.932  -2.045   0.385   1.655  -0.826
   1.651   1.160  -0.423  -0.425   0.772  -0.840  -1.430   0.166   0.810  -0.258
   1.148   1.008   0.657   1.496   1.963  -1.117   0.886   2.821  -0.608   1.168
   1.888  -2.197   2.025   2.594  -2.997   1.760   0.896  -2.716   2.102   2.032
  -1.703   2.958   2.271  -1.573  -0.590   2.857  -2.630  -0.843   1.688  -0.874
  -1.562   1.342   0.044  -1.218   1.612  -1.013  -3.045   1.962  -2.004  -3.328
   0.652  -0.858  -3.513   2.422  -0.405  -3.464
  -2.482   0.744   0.877  -1.382   0.918   0.694  -0.989   1.368   1.577  -1.452
   1.818  -0.009  -0.584  -0.303   0.365  -1.131  -1.304   0.000   0.760  -0.139
   0.583   1.148   0.711   0.878   1.715  -1.266   0.493   2.721  -0.908   0.821
   1.271  -2.274   1.606   2.117  -3.032   1.619   0.373  -2.825   1.209   1.037
  -1.835   2.598   1.927  -1.845  -0.984   2.604  -2.815  -1.168   1.237  -1.246
  -1.943   0.520  -0.683  -1.561   1.367  -1.404  -3.375   0.621  -0.842  -3.902
   2.351  -1.079  -3.739   1.268  -2.460  -3.647
  -2.237   0.885   0.407  -1.317   0.866   0.825  -1.283   0.950   1.945  -0.925
   1.808   0.480  -0.539  -0.335   0.424  -0.989  -1.330  -0.021   0.742  -0.252
   0.649   1.044   0.605   1.078   1.748  -1.231   0.414   2.717  -0.670   0.332
   1.853  -2.162   1.630   2.791  -2.827   1.581   0.969  -2.786   1.668   1.911
  -1.587   2.576   1.771  -1.971  -1.023   2.365  -2.999  -1.314   1.088  -1.411
  -2.015   0.492  -0.676  -1.702   1.301  -1.508  -3.510   0.802  -0.709  -4.013
   2.348  -1.588  -3.726   0.808  -2.385  -3.865
  -1.141   1.300  -0.429  -0.994   0.858   0.548  -1.938   0.655   1.165  -0.504
   1.540   1.226  -0.185  -0.376   0.412  -0.757  -1.451   0.257   1.132  -0.284
   0.563   1.561   0.596   0.687   2.095  -1.383   0.332   3.041  -0.805   0.247
   2.440  -2.161   1.593   3.191  -2.845   1.342   1.627  -2.747   1.800   2.692
  -1.337   2.330   1.940  -2.069  -1.075   2.592  -3.117  -1.136   1.232  -1.532
  -2.057   0.833  -0.659  -1.845   1.273  -1.872  -3.540   0.774  -1.036  -4.011
   2.301  -1.756  -4.017   0.854  -2.758  -3.932
  -1.045   1.309   0.509  -0.973   0.470   1.214  -2.020   0.165   1.367  -0.343
   0.571   2.134  -0.310  -0.641   0.544  -0.889  -1.545   0.065   1.059  -0.746
   0.668   1.499  -0.093   1.324   2.019  -1.740   0.265   2.986  -1.220   0.372
   1.899  -2.879   1.348   2.372  -3.782   1.014   0.855  -3.048   1.487   2.312
  -2.543   2.239   1.895  -2.232  -1.252   2.783  -2.963  -1.790   0.908  -1.611
  -2.016   0.190  -0.989  -1.579   0.908  -1.636  -3.504   0.182  -0.899  -3.881
   1.924  -1.383  -3.844   0.559  -2.581  -3.930
  -0.550   0.935   1.183  -1.052   0.052   1.431  -2.111   0.099   1.180  -1.048
  -0.224   2.506  -0.356  -1.013   0.660  -0.963  -1.943   0.069   0.987  -0.914
   0.649   1.347  -0.015   0.964   1.920  -1.939   0.134   2.858  -1.376   0.134
   2.095  -3.094   1.105   2.923  -3.690   0.806   1.149  -3.687   0.997   2.074
  -2.814   2.152   1.931  -2.332  -1.334   2.931  -2.906  -1.832   0.854  -1.892
  -2.034   0.020  -1.745  -1.544   0.719  -1.951  -3.489   0.534  -0.979  -3.900
   1.576  -2.311  -4.006  -0.109  -2.544  -3.752
  -0.789   0.726   0.390  -0.994   0.091   1.226  -2.030  -0.235   1.322  -0.613
   0.507   2.118  -0.113  -1.160   0.924  -0.729  -2.181   0.702   1.197  -0.953
   0.725   1.477   0.008   0.871   2.146  -1.866  -0.038   3.089  -1.302  -0.204
   2.530  -3.018   0.881   3.242  -3.601   0.398   1.662  -3.725   1.104   2.922
  -2.687   1.821   1.786  -2.323  -1.487   2.653  -2.678  -2.196   0.589  -2.209
  -1.814  -0.123  -1.939  -1.168   0.068  -2.235  -3.241  -0.964  -1.807  -3.287
   0.617  -1.656  -3.970  -0.022  -3.248  -3.670
  -0.219   1.142   1.558  -0.674   0.226   1.994  -1.737   0.276   1.725  -0.603
   0.160   3.138  -0.037  -0.948   1.266  -0.709  -1.932   0.955   1.274  -0.836
   0.813   1.696   0.074   0.832   2.132  -1.970   0.343   3.105  -1.503   0.022
   2.426  -2.985   1.484   3.063  -3.797   1.083   1.490  -3.362   1.944   2.915
  -2.500   2.260   1.709  -2.661  -1.006   2.581  -3.177  -1.709   0.432  -2.559
  -1.425  -0.131  -2.178  -0.774   0.025  -2.856  -2.794   0.126  -3.877  -2.932
  -0.998  -2.650  -2.976   0.700  -2.270  -3.428
  -0.785   0.998   1.424  -1.179   0.075   1.764  -2.222  -0.113   1.529  -1.026
   0.116   2.869  -0.235  -1.056   1.201  -0.785  -2.108   0.969   1.052  -0.828
   0.882   1.360   0.163   0.816   2.013  -1.814   0.495   2.946  -1.251   0.576
   2.150  -2.965   1.542   3.154  -3.406   1.551   1.514  -3.818   1.245   1.826
  -2.735   2.589   1.872  -2.449  -0.920   2.878  -2.725  -1.526   0.614  -2.691
  -1.464  -0.108  -2.416  -0.774   0.315  -3.374  -2.761   1.075  -4.146  -2.944
  -0.725  -3.628  -2.875   0.390  -2.692  -3.579
  -0.730   0.942   0.914  -1.117  -0.055   1.111  -2.194  -0.028   0.820  -1.100
  -0.195   2.164  -0.374  -1.187   0.561  -1.006  -2.190   0.252   0.927  -1.019
   0.503   1.147  -0.147   0.930   2.024  -1.951   0.102   2.970  -1.415   0.068
   2.144  -2.920   1.278   3.068  -3.498   1.120   1.300  -3.588   1.132   2.285
  -2.460   2.266   1.863  -2.699  -1.277   2.873  -3.228  -1.728   0.679  -2.780
  -1.906  -0.158  -2.670  -1.318   0.509  -3.271  -3.279   0.252  -4.320  -3.186
  -0.405  -2.806  -3.672   1.325  -3.012  -3.897
  -0.656   0.811   1.592  -1.059  -0.103   1.373  -2.033   0.119   0.856  -1.251
  -0.547   2.364  -0.234  -1.034   0.483  -0.819  -2.018   0.001   1.050  -0.694
   0.226   1.304   0.149   0.663   2.110  -1.714   0.016   3.046  -1.141  -0.165
   2.200  -2.513   1.321   3.115  -3.119   1.170   1.347  -3.046   1.617   2.238
  -1.943   2.209   2.022  -2.742  -1.178   2.927  -3.505  -1.409   0.953  -2.667
  -2.026   0.170  -2.035  -1.742   0.886  -3.250  -3.297   1.530  -4.134  -3.335
  -0.149  -3.455  -3.512   1.314  -2.628  -4.078
  -0.606   0.471   1.765  -1.070  -0.525   1.716  -2.080  -0.420   1.383  -1.000
  -1.052   2.674  -0.210  -1.400   0.855  -0.703  -2.485   0.481   1.106  -1.134
   0.610   1.352  -0.262   0.844   2.215  -1.976   0.132   2.943  -1.139   0.011
   2.839  -2.844   1.180   3.834  -2.866   0.848   2.283  -3.817   1.350   2.811
  -2.370   2.109   1.986  -2.662  -1.215   2.947  -2.975  -1.933   0.818  -2.820
  -1.791  -0.102  -2.431  -1.411   0.682  -3.496  -3.083  -0.423  -3.560  -3.525
   1.456  -3.215  -3.769   0.854  -4.501  -2.847
   0.019   0.790   1.494  -0.648   0.058   1.228  -1.329   0.497   0.520  -1.120
  -0.255   2.190  -0.005  -1.202   0.598  -0.476  -2.316   0.700   1.233  -0.916
   0.163   1.411   0.009  -0.006   2.382  -1.692  -0.341   3.160  -0.925  -0.482
   2.952  -2.507   0.912   2.283  -3.269   1.235   3.174  -1.889   1.731   4.011
  -2.740   0.560   2.395  -2.542  -1.673   3.493  -2.972  -2.077   1.180  -2.879
  -2.219   0.403  -2.518  -1.686   1.015  -3.561  -3.526  -0.049  -3.584  -3.869
   1.479  -2.918  -4.222   1.543  -4.498  -3.531
  -0.228   0.938   2.167  -0.858   0.350   1.431  -1.178   1.179   0.720  -1.749
  -0.057   1.796  -0.045  -0.731   0.867  -0.526  -1.886   0.724   1.172  -0.427
   0.429   1.499   0.553   0.643   2.311  -1.358   0.151   3.263  -0.660   0.050
   2.573  -2.232   1.379   1.682  -2.880   1.637   2.806  -1.552   2.168   3.284
  -3.006   1.189   2.377  -2.074  -1.210   3.476  -2.317  -1.723   1.226  -2.325
  -1.809   0.387  -2.148  -1.238   1.083  -2.870  -3.146   0.242  -2.495  -3.580
   1.951  -2.807  -3.773   1.054  -3.917  -3.210
  -1.119   0.514   2.213  -1.455  -0.240   1.462  -1.930   0.174   0.537  -2.133
  -0.889   2.019  -0.314  -1.107   0.891  -0.431  -2.275   0.637   0.848  -0.409
   0.658   0.801   0.551   0.565   2.151  -1.066   0.291   2.889  -0.309   0.166
   2.684  -1.799   1.528   1.977  -2.640   1.783   2.835  -1.218   2.435   3.708
  -2.154   1.195   2.241  -1.910  -1.007   3.312  -2.076  -1.585   1.230  -2.568
  -1.596   0.299  -2.471  -1.216   1.311  -3.262  -2.948   0.349  -2.999  -3.459
   2.232  -3.027  -3.513   1.259  -4.357  -2.953
  -1.380  -0.181   2.426  -1.271  -0.515   1.443  -1.145   0.408   0.828  -2.186
  -1.084   1.083  -0.033  -1.349   1.302  -0.152  -2.618   1.357   1.044  -0.702
   1.062   1.024   0.329   1.238   2.300  -1.201   0.479   2.894  -0.362   0.125
   3.038  -1.840   1.705   2.477  -2.590   2.310   3.546  -1.028   2.306   3.878
  -2.338   1.331   2.185  -2.047  -0.844   3.193  -2.397  -1.395   0.992  -2.362
  -1.321   0.169  -1.886  -1.001   0.775  -3.126  -2.604  -0.256  -3.178  -2.967
   1.258  -2.474  -3.395   1.055  -4.198  -2.540
  -1.809  -1.047   2.836  -1.304  -0.635   1.974  -0.938   0.308   2.176  -1.928
  -0.848   1.039  -0.138  -1.470   1.585  -0.144  -2.668   1.842   0.952  -0.760
   1.113   0.817   0.213   1.195   2.118  -1.176   0.396   2.563  -0.282   0.029
   3.074  -1.865   1.406   2.549  -2.752   1.770   3.330  -1.223   2.205   3.914
  -2.344   0.845   1.916  -1.949  -0.875   2.969  -2.062  -1.639   0.740  -2.469
  -1.248  -0.040  -2.557  -0.583   0.616  -3.056  -2.561  -0.415  -2.943  -2.767
   1.197  -2.572  -3.369   0.853  -4.097  -2.562
  -1.422  -0.110   2.809  -1.570  -0.892   2.054  -2.202  -0.563   1.285  -2.080
  -1.771   2.436  -0.337  -1.592   1.597  -0.182  -2.830   1.668   0.561  -0.882
   0.913   0.354   0.049   0.979   1.848  -1.271   0.273   2.377  -0.315  -0.201
   2.890  -1.728   1.358   2.505  -2.469   1.993   3.241  -0.873   2.074   3.764
  -2.086   0.866   1.879  -2.358  -0.871   2.783  -2.183  -1.708   0.900  -3.278
  -0.864   0.286  -3.324  -0.091   0.087  -3.605  -2.102   0.451  -3.045  -3.030
   0.155  -4.625  -2.446  -0.960  -3.482  -1.877
  -2.034  -1.240   2.946  -1.476  -0.563   2.225  -1.079   0.226   2.915  -2.221
  -0.092   1.507  -0.340  -1.392   1.680  -0.424  -2.635   1.717   0.691  -0.730
   1.185   0.733   0.254   1.492   1.869  -1.118   0.414   2.353  -0.396  -0.177
   2.898  -1.409   1.549   2.556  -2.183   2.211   3.027  -0.526   2.126   3.906
  -1.690   1.133   1.847  -2.220  -0.628   2.717  -2.319  -1.477   0.730  -2.985
  -0.798   0.020  -2.849  -0.088   0.132  -3.687  -1.934   0.621  -3.178  -2.810
   0.422  -4.751  -2.005  -0.854  -3.512  -1.940
  -2.229  -1.615   2.833  -1.676  -0.834   2.373  -1.379  -0.049   3.148  -2.191
  -0.366   1.609  -0.369  -1.442   1.808  -0.216  -2.700   1.798   0.594  -0.667
   1.282   0.476   0.393   1.443   1.809  -1.005   0.511   1.900  -0.171  -0.241
   2.916  -0.897   1.497   2.661  -1.218   2.463   3.208   0.117   1.555   3.771
  -1.474   1.225   1.808  -2.182  -0.521   2.794  -2.273  -1.261   0.825  -3.145
  -0.557   0.119  -3.127   0.148   0.491  -3.773  -1.784   0.039  -3.090  -2.537
   1.440  -3.986  -2.285  -0.096  -4.685  -1.559
  -2.066  -0.682   2.662  -1.201  -0.098   2.444  -0.983   0.480   3.276  -1.521
   0.585   1.677  -0.190  -1.069   2.005  -0.400  -2.280   1.984   0.927  -0.465
   1.611   0.966   0.563   1.870   2.031  -1.072   1.031   2.643  -0.266   0.722
   2.955  -1.904   2.059   2.666  -1.567   3.074   4.056  -1.808   1.636   2.686
  -2.990   1.965   2.001  -1.940  -0.248   3.119  -2.116  -0.868   0.888  -2.642
  -0.609   0.055  -2.544   0.002   0.909  -3.680  -1.568  -0.007  -4.145  -1.426
   0.813  -3.233  -2.635   1.677  -4.324  -1.364
  -2.412  -1.048   2.216  -1.495  -0.514   2.505  -1.216  -0.375   3.600  -1.560
   0.461   2.012  -0.344  -1.228   1.903  -0.373  -2.445   1.721   0.717  -0.413
   1.617   0.475   0.514   1.990   2.073  -0.753   1.040   2.503   0.123   0.600
   2.950  -1.179   2.240   3.244  -0.218   2.543   3.793  -1.881   1.884   2.278
  -1.586   3.020   2.229  -1.681  -0.207   3.325  -1.789  -0.750   1.305  -2.527
  -0.637   0.367  -2.318  -0.368   1.527  -3.624  -1.516   0.491  -4.002  -1.663
   1.712  -3.371  -2.518   2.350  -4.174  -1.157
  -1.365   0.691   2.405  -1.503  -0.343   2.774  -2.504  -0.733   2.496  -1.460
  -0.203   3.910  -0.325  -1.275   2.255  -0.409  -2.515   2.240   0.778  -0.612
   1.861   0.658   0.403   1.969   2.163  -0.978   1.704   2.751  -0.128   1.517
   2.758  -1.458   2.966   2.839  -0.657   3.811   3.733  -1.721   2.861   2.180
  -2.311   3.275   2.453  -1.803   0.380   3.578  -1.632  -0.127   1.498  -2.653
  -0.135   0.613  -2.504   0.220   1.617  -3.621  -1.283   1.521  -3.341  -2.383
   2.649  -3.859  -1.299   1.013  -4.552  -1.065
  -1.734   0.337   1.986  -1.610  -0.599   2.505  -2.460  -1.239   2.184  -1.655
  -0.434   3.533  -0.360  -1.287   2.106  -0.417  -2.493   1.847   0.722  -0.571
   1.862   0.715   0.361   2.147   2.197  -0.833   1.511   2.513   0.183   1.548
   2.635  -1.583   2.702   2.778  -0.894   3.574   3.698  -1.836   2.451   2.197
  -2.517   2.977   2.463  -1.321   0.139   3.678  -1.233  -0.219   1.391  -1.846
  -0.572   0.480  -1.625  -0.173   1.539  -2.353  -1.950   2.286  -1.804  -2.466
   1.839  -3.351  -1.944   0.561  -2.225  -2.485
  -1.784   0.195   1.061  -1.515  -0.375   2.024  -2.412  -1.063   2.209  -1.510
   0.162   2.897  -0.219  -1.094   1.791  -0.235  -2.288   1.758   0.924  -0.409
   1.572   0.784   0.639   1.579   2.266  -0.913   1.382   2.869  -0.042   1.442
   2.896  -1.750   2.526   2.561  -1.334   3.407   3.959  -1.701   2.520   2.577
  -2.776   2.398   2.594  -1.410  -0.032   3.729  -1.181  -0.504   1.630  -1.893
  -0.781   0.924  -2.315  -0.218   1.730  -2.125  -2.256   2.604  -2.691  -2.538
   0.866  -2.756  -2.456   1.789  -1.145  -2.728
  -1.628  -0.240   1.240  -1.414  -1.041   1.923  -2.134  -1.787   1.644  -1.534
  -0.708   2.946  -0.041  -1.510   1.736   0.134  -2.599   1.349   0.889  -0.586
   1.773   0.776   0.277   2.233   2.281  -0.833   1.601   2.584   0.185   1.559
   3.049  -1.337   2.839   2.767  -0.620   3.659   4.157  -1.457   2.749   2.744
  -2.324   2.980   2.887  -1.392   0.255   4.056  -1.063  -0.001   2.097  -2.148
  -0.501   1.227  -2.331  -0.022   2.312  -2.333  -1.942   3.217  -2.941  -2.090
   1.323  -2.634  -2.403   2.622  -1.416  -2.483
  -1.183  -0.109   0.700  -1.296  -0.966   1.299  -2.041  -1.550   0.716  -1.566
  -0.549   2.210   0.091  -1.645   1.583   0.280  -2.809   1.741   1.034  -0.725
   1.618   0.658   0.261   1.445   2.491  -0.875   1.462   2.929   0.075   1.767
   3.199  -1.849   2.431   2.763  -1.787   3.460   4.226  -1.535   2.529   3.202
  -2.873   1.996   2.961  -1.125  -0.009   3.885  -0.488  -0.524   2.301  -2.109
  -0.668   1.449  -2.516  -0.264   2.868  -2.800  -1.847   3.412  -3.770  -1.617
   1.965  -3.112  -2.387   3.329  -2.098  -2.564
  -1.738  -0.558   0.698  -1.353  -1.216   1.493  -1.818  -2.166   1.495  -1.333
  -0.788   2.533   0.178  -1.397   1.272   0.602  -2.580   1.180   1.035  -0.342
   1.282   0.608   0.482   1.493   2.493  -0.426   1.275   2.943   0.592   1.360
   2.938  -1.077   2.543   2.361  -0.681   3.393   3.907  -0.789   2.797   2.782
  -2.137   2.540   3.255  -0.975  -0.026   4.420  -0.601  -0.336   2.592  -1.901
  -0.734   1.689  -2.153  -0.394   3.050  -2.629  -1.884   3.092  -3.720  -1.547
   2.568  -2.433  -2.765   4.091  -2.396  -2.096
  -2.025  -1.392   0.976  -1.313  -0.744   1.409  -1.487  -0.903   2.411  -1.155
   0.287   1.119  -0.015  -1.472   1.088  -0.037  -2.635   1.074   1.100  -0.659
   1.182   0.902   0.315   1.318   2.530  -0.822   1.256   2.832   0.210   1.619
   2.833  -1.766   2.490   1.889  -1.807   3.125   3.684  -1.554   3.000   2.889
  -2.797   2.152   3.177  -1.088  -0.085   4.109  -0.336  -0.384   2.634  -1.856
  -0.948   1.825  -2.331  -0.588   3.215  -2.174  -2.281   4.248  -2.482  -2.217
   2.684  -3.085  -2.721   3.223  -1.315  -2.950
  -2.185  -1.266   0.708  -1.403  -0.663   1.221  -1.596  -0.465   2.291  -1.409
   0.311   0.786  -0.073  -1.383   1.036   0.002  -2.500   0.575   1.025  -0.722
   1.534   0.949   0.014   2.168   2.433  -1.025   1.340   2.917  -0.013   1.618
   2.815  -1.867   2.546   2.114  -1.901   3.354   3.776  -1.498   2.947   3.086
  -2.902   2.283   2.983  -1.462  -0.088   4.115  -1.170  -0.386   2.267  -2.108
  -0.973   1.418  -2.581  -0.549   2.632  -2.382  -2.426   3.329  -1.705  -2.850
   3.238  -3.314  -2.389   1.795  -2.266  -3.131
  -1.986  -1.008   2.408  -1.361  -0.547   1.573  -1.007   0.455   1.856  -2.127
  -0.598   0.764  -0.179  -1.366   1.234  -0.284  -2.345   0.502   1.027  -0.912
   1.690   1.079  -0.017   2.237   2.390  -1.308   1.364   3.004  -0.554   1.793
   2.649  -2.718   2.185   2.440  -2.667   3.278   3.754  -2.846   2.102   2.025
  -3.607   1.820   2.809  -1.272  -0.114   4.026  -0.929  -0.330   1.928  -1.583
  -1.051   1.114  -1.966  -0.594   2.184  -1.954  -2.445   3.160  -1.622  -2.793
   2.186  -3.013  -2.579   1.439  -1.593  -3.039
  -1.110   0.464   2.507  -1.230   0.033   1.468  -1.009   0.867   0.773  -2.213
  -0.286   1.334  -0.161  -1.012   1.126  -0.520  -1.963   0.516   1.033  -0.595
   1.626   0.921   0.121   2.249   2.316  -1.311   1.490   2.951  -0.585   2.059
   2.300  -2.708   2.182   2.010  -2.504   3.140   3.218  -3.320   2.200   1.571
  -3.369   1.699   2.871  -1.387   0.083   3.984  -0.969  -0.184   2.043  -1.898
  -0.845   1.172  -2.292  -0.479   2.161  -1.928  -2.313   3.069  -2.440  -2.476
   1.294  -2.432  -2.602   2.218  -0.904  -2.737
  -1.487   0.109   2.147  -1.490  -0.661   1.427  -1.553  -0.015   0.488  -2.289
  -1.356   1.462  -0.229  -1.443   1.292  -0.282  -2.623   0.991   0.905  -0.676
   1.599   0.705   0.185   2.152   2.282  -1.147   1.471   2.889  -0.312   1.771
   2.492  -2.309   2.429   2.157  -2.159   3.417   3.625  -2.365   2.518   2.046
  -3.160   1.985   2.803  -1.454   0.100   4.033  -1.406  -0.096   1.917  -1.700
  -0.891   1.031  -1.860  -0.410   2.258  -2.029  -2.264   3.281  -2.267  -2.395
   1.603  -2.863  -2.609   2.010  -1.062  -2.812
  -1.566   0.035   0.585  -1.476  -0.676   1.466  -2.333  -1.327   1.522  -1.478
  -0.116   2.408  -0.269  -1.545   1.257  -0.324  -2.487   0.525   0.836  -0.997
   1.762   0.694  -0.094   2.242   2.348  -1.198   1.845   2.812  -0.285   2.309
   2.634  -2.322   2.876   1.967  -2.276   3.690   3.635  -2.224   3.248   2.462
  -3.321   2.498   3.028  -1.484   0.477   4.147  -0.977   0.187   2.303  -1.993
  -0.605   1.389  -2.325  -0.313   2.655  -1.765  -2.003   2.426  -0.712  -2.226
   3.671  -2.025  -2.335   2.015  -2.357  -2.529
  -1.717  -0.318   1.512  -1.655  -1.395   1.533  -2.486  -1.706   0.949  -1.875
  -1.698   2.551  -0.299  -1.748   0.995  -0.172  -2.591   0.135   0.669  -1.258
   1.779   0.296  -0.544   2.345   2.097  -1.493   1.944   2.454  -0.584   2.400
   2.386  -2.586   2.949   2.016  -2.246   3.931   3.418  -2.850   3.039   1.804
  -3.497   2.717   3.075  -1.582   0.713   4.244  -1.147   0.790   2.658  -2.229
  -0.338   1.668  -2.328  -0.335   3.311  -2.377  -1.543   3.915  -1.461  -1.864
   3.906  -3.309  -1.564   2.572  -2.524  -2.370
  -1.928  -0.506   1.791  -1.790  -1.555   1.566  -2.609  -1.887   0.926  -1.927
  -1.959   2.589  -0.325  -1.922   1.147  -0.125  -2.780   0.318   0.652  -1.216
   1.728   0.326  -0.543   2.480   2.126  -1.271   1.703   2.496  -0.363   2.192
   2.665  -2.417   2.556   2.152  -2.721   3.462   3.774  -2.188   2.733   2.554
  -3.238   1.874   2.813  -1.243   0.305   3.831  -0.617   0.236   2.296  -1.890
  -0.768   1.457  -2.491  -0.624   3.047  -2.024  -2.005   3.397  -1.060  -2.194
   3.902  -2.576  -1.694   2.543  -2.433  -2.852
  -1.775  -0.511   1.439  -1.692  -1.580   1.301  -2.185  -2.036   0.369  -2.061
  -2.074   2.193  -0.194  -1.883   1.264   0.228  -2.961   0.765   0.588  -0.999
   1.898   0.050  -0.157   2.259   2.003  -0.834   1.897   2.269   0.206   2.198
   2.512  -1.758   2.962   2.270  -1.505   3.954   3.586  -1.835   2.900   2.144
  -2.767   2.758   2.773  -0.968   0.572   3.789  -0.311   0.360   2.311  -1.837
  -0.388   1.452  -2.317  -0.222   3.000  -2.307  -1.606   3.655  -1.580  -2.099
   3.583  -3.223  -1.372   2.260  -2.406  -2.464
  -2.176  -1.296   0.383  -1.721  -1.961   1.108  -2.045  -2.938   0.940  -2.098
  -1.648   2.102  -0.253  -1.982   1.013   0.244  -2.849   0.420   0.424  -0.988
   1.534  -0.092  -0.227   1.936   1.863  -0.919   1.770   1.981   0.075   2.115
   2.330  -1.974   2.793   1.647  -1.834   3.680   3.412  -1.778   3.091   2.199
  -2.950   2.357   2.866  -0.987   0.558   3.933  -0.267   0.517   2.661  -1.829
  -0.439   2.035  -2.592  -0.271   3.370  -1.858  -1.782   3.528  -0.856  -2.125
   4.336  -2.310  -1.568   2.808  -2.435  -2.497
  -2.048  -1.361   1.252  -1.578  -2.341   1.163  -1.983  -2.715   0.211  -1.815
  -3.092   1.947  -0.009  -2.306   1.115   0.636  -3.338   0.844   0.599  -1.209
   1.644   0.061  -0.418   1.866   1.979  -1.059   1.911   2.043  -0.138   2.496
   2.406  -2.106   2.923   1.675  -1.910   3.685   3.421  -1.857   3.310   2.345
  -3.127   2.488   2.890  -1.023   0.698   3.705  -0.108   0.535   2.782  -1.910
  -0.254   2.022  -2.547  -0.193   3.713  -1.962  -1.394   3.337  -1.154  -2.118
   4.683  -1.718  -1.112   3.770  -2.939  -1.901
  -2.148  -2.183   0.044  -1.829  -2.333   1.067  -2.122  -3.370   1.202  -2.307
  -1.650   1.796  -0.302  -2.310   1.081   0.227  -3.364   0.718   0.354  -1.284
   1.600  -0.196  -0.471   1.843   1.755  -1.116   1.826   1.807  -0.094   2.359
   2.221  -2.073   2.933   1.544  -2.051   3.797   3.270  -1.909   3.176   2.106
  -3.043   2.582   2.681  -1.042   0.550   3.524  -0.163   0.422   2.570  -1.982
  -0.368   2.011  -2.758  -0.105   3.341  -2.037  -1.588   3.455  -1.035  -1.901
   4.373  -2.330  -1.437   2.846  -2.687  -2.309
  -2.073  -2.245  -0.429  -1.923  -2.415   0.634  -2.363  -3.357   0.775  -2.453
  -1.532   1.069  -0.458  -2.466   0.996   0.099  -3.505   0.735   0.168  -1.414
   1.470  -0.355  -0.561   1.654   1.542  -1.191   1.859   1.545  -0.197   2.295
   2.010  -2.169   2.977   1.278  -2.281   3.795   2.870  -1.618   3.335   2.296
  -3.094   2.563   2.473  -0.976   0.678   3.389  -0.149   0.702   2.362  -1.812
  -0.411   1.573  -2.375  -0.447   3.122  -1.724  -1.593   2.916  -0.770  -2.065
   4.175  -1.742  -1.348   2.908  -2.524  -2.305
  -2.222  -3.224   0.078  -1.715  -2.297   0.497  -2.256  -1.965   1.310  -1.793
  -1.532  -0.303  -0.264  -2.415   0.802   0.320  -3.444   0.487   0.332  -1.366
   1.461  -0.234  -0.532   1.632   1.790  -1.213   1.766   1.926  -0.259   2.244
   2.178  -2.261   2.739   1.582  -2.001   3.653   3.265  -2.132   3.026   1.918
  -3.259   2.335   2.691  -1.102   0.503   3.686  -0.315   0.449   2.484  -1.917
  -0.528   1.730  -2.535  -0.428   3.041  -1.745  -1.911   3.080  -0.683  -2.213
   4.096  -1.986  -1.823   2.594  -2.421  -2.637
  -1.488  -2.267  -0.695  -1.438  -2.120   0.445  -2.040  -2.861   0.880  -1.780
  -1.109   0.775  -0.061  -2.432   0.972   0.380  -3.532   0.750   0.722  -1.401
   1.418   0.165  -0.607   1.655   2.126  -1.279   1.568   2.183  -0.252   1.976
   2.801  -2.182   2.598   2.114  -2.421   3.446   3.815  -1.739   2.902   2.969
  -3.160   2.124   2.913  -1.189   0.272   3.639  -0.246   0.100   2.711  -2.117
  -0.711   2.117  -2.887  -0.511   3.186  -1.962  -2.131   2.929  -0.988  -2.464
   4.264  -1.907  -2.118   2.791  -2.750  -2.737
  -1.655  -1.451   0.137  -1.277  -2.341   0.515  -1.552  -3.204  -0.134  -1.660
  -2.518   1.535   0.238  -2.478   0.646   0.720  -3.457   0.186   0.925  -1.514
   1.215   0.399  -0.732   1.520   2.365  -1.419   1.462   2.525  -0.527   2.071
   2.845  -2.475   2.510   2.111  -2.539   3.278   3.779  -2.224   2.998   2.988
  -3.450   2.085   3.258  -1.240   0.226   4.062  -0.243   0.181   3.088  -2.024
  -0.805   2.337  -2.722  -0.700   3.702  -1.863  -2.100   4.713  -2.216  -2.078
   3.116  -2.474  -2.715   3.563  -0.889  -2.474
  -1.496  -1.962  -0.496  -1.033  -2.563   0.243  -1.342  -3.615   0.058  -1.398
  -2.355   1.176   0.483  -2.583   0.476   1.117  -3.524   0.118   0.938  -1.582
   1.097   0.271  -0.874   1.350   2.307  -1.238   1.428   2.212  -0.347   2.056
   2.984  -2.323   2.284   2.514  -2.582   3.216   4.004  -2.018   2.579   3.239
  -3.148   1.667   3.193  -0.932   0.203   3.765   0.134  -0.018   3.240  -1.866
  -0.719   2.626  -2.675  -0.537   3.993  -1.748  -2.002   5.037  -1.554  -1.799
   3.985  -2.683  -2.596   3.530  -0.911  -2.599
  -1.463  -1.894  -0.202  -1.092  -2.839   0.271  -1.393  -3.600  -0.467  -1.493
  -3.119   1.275   0.380  -2.628   0.422   1.107  -3.401  -0.189   0.857  -1.626
   1.164   0.186  -1.119   1.783   2.261  -1.348   1.289   2.148  -0.369   1.752
   3.050  -2.196   2.312   2.512  -2.295   3.222   3.947  -1.685   2.606   3.277
  -3.181   1.877   3.004  -1.029   0.007   3.580   0.116  -0.124   3.132  -2.007
  -0.898   2.464  -2.744  -0.798   4.129  -1.965  -1.946   5.159  -2.024  -1.582
   3.950  -2.836  -2.617   4.199  -1.037  -2.402
  -1.832  -2.351   1.144  -1.266  -2.627   0.229  -1.440  -1.932  -0.504  -1.666
  -3.557  -0.057   0.223  -2.597   0.362   1.015  -3.438  -0.082   0.759  -1.628
   1.113   0.041  -1.168   1.625   2.155  -1.220   1.212   2.182  -0.273   1.778
   2.838  -2.233   2.135   2.478  -2.097   3.174   3.838  -1.982   2.241   2.770
  -3.259   1.854   3.039  -1.020  -0.082   3.703   0.021  -0.128   3.173  -2.007
  -1.009   2.510  -2.712  -0.909   4.049  -2.052  -2.177   5.067  -1.986  -1.805
   4.004  -2.968  -2.762   3.876  -1.170  -2.836
  -1.551  -2.420   1.308  -1.250  -2.522   0.288  -1.591  -1.576  -0.168  -1.673
  -3.449  -0.103   0.258  -2.471   0.382   0.909  -3.425   0.007   0.824  -1.373
   0.929   0.279  -0.688   1.392   2.291  -1.225   1.185   2.399  -0.283   1.677
   2.859  -2.320   2.168   2.381  -2.204   3.234   3.957  -2.187   2.248   2.632
  -3.283   1.654   3.178  -1.108  -0.082   3.933  -0.142  -0.136   2.979  -1.964
  -1.072   2.228  -2.638  -1.054   3.773  -2.021  -2.306   4.846  -2.196  -2.075
   3.410  -2.893  -2.993   3.568  -1.053  -2.845
  -1.820  -1.933   1.055  -1.374  -2.152   0.074  -1.532  -1.240  -0.486  -1.839
  -3.074  -0.299   0.128  -2.463   0.156   0.557  -3.452  -0.457   0.771  -1.600
   0.884   0.218  -0.937   1.350   2.268  -1.547   1.014   2.411  -0.650   1.706
   2.831  -2.690   1.877   2.462  -2.521   2.935   3.932  -2.592   1.873   2.469
  -3.502   1.317   2.974  -1.148  -0.308   3.570  -0.081  -0.452   2.812  -1.966
  -1.369   2.398  -2.832  -1.087   3.654  -2.009  -2.480   4.529  -1.506  -2.347
   3.889  -3.002  -2.763   3.066  -1.554  -3.309
