default_name                                                                    
   22  0.3977500E+03
   2.1964072   5.4833287  -1.7229824   2.8575312   4.8449928  -2.1656254
   3.6960326   5.4412755  -2.5912382   2.1443225   4.3407799  -2.8855217
   3.3843974   3.9499057  -1.0456954   4.5348218   3.5676069  -0.9827181
   2.4866528   3.7451765  -0.0485251   1.5143902   4.0353154  -0.0683030
   2.8731653   2.9260684   1.1187340   3.8332064   3.2943451   1.4696940
   1.7412082   3.1478248   2.2255369   2.2802444   2.9155582   3.1473542
   0.8664180   2.4902380   2.0870155   1.4067212   4.1916171   2.2880296
   2.9519833   1.4155253   0.7683790   3.3360487   0.6631849   1.6123582
   2.3477075   0.9707802  -0.3064279   1.8801111   1.6568390  -0.9186653
   2.5072295  -0.3567891  -0.8892697   3.5524048  -0.6112808  -0.9494033
   2.0627488  -1.0962493  -0.1954971   1.9032687  -0.4399275  -1.8344741
   0.7080307  -0.2138355  -0.0526531   0.0559989   0.3083517   0.1238908
   0.9907362  -0.2683963   0.7067082   0.0181657  -1.2228286  -1.3226394
  -0.2969998   0.0438467  -0.3585141   0.3122150  -0.0328239   0.1477538
   0.2540503  -0.0484240   0.4692390  -0.2653860   1.4891575  -1.5689860
  -0.4915085   0.1733742  -0.5468042   0.9560986   1.3941988  -1.1307156
  -0.1171667   0.0870941   0.0546375  -0.2650268   1.5572267  -0.0639704
  -0.5871649   0.4365863  -0.2677484   0.5730450  -0.5791332  -0.1197347
  -0.1165042   0.0088933  -0.1724443   0.3376872   0.0310941   0.1245612
  -0.2472604  -0.1968076   0.3051940  -0.7096224   0.7620671   1.0068850
   0.2361626  -0.1329060   0.2810366   0.3370262  -0.0870144   1.4552957
  -0.8070800   0.2506435   0.5693482   0.4213859   0.0502448   0.9158128
