default_name                                                                    
   22  0.4200000E+03
   2.4934335  -5.1451322   2.3745583   3.2918056  -5.8283013   2.4844123
   2.8898573  -6.8016488   2.3061775   3.8654708  -5.7775608   3.4129143
   4.0998201  -5.6068043   1.2696632   3.6677291  -4.7068080   0.4806897
   5.2479184  -6.3280834   1.1106222   5.4097093  -6.8523283   1.9206156
   6.2580394  -6.1588526   0.0833485   6.9772840  -5.4570300   0.4261734
   6.9993805  -7.5673989  -0.0759509   7.6802786  -7.4435210  -0.9696718
   6.3068577  -8.3060929  -0.4510990   7.4604775  -7.9790848   0.8475447
   5.8506475  -5.5456251  -1.2846063   6.1409776  -4.3337224  -1.5585778
   5.1590702  -6.2716639  -2.1625186   4.8864223  -7.2349314  -1.8765045
   4.9022238  -5.8448900  -3.5145911   3.9745501  -6.2785232  -3.8468729
   4.6929666  -4.7546448  -3.6429334   5.7824740  -6.0461606  -4.1832856
   0.4053009   0.2547029   0.5689412  -0.0818697  -0.1719143   0.3091543
   0.7969593   0.1809226   0.6689512   0.2515731   0.3208344  -0.0885614
   0.0977338  -0.2180723  -0.2372862  -0.3224410   0.1882538   0.1704464
  -0.1908036   0.0631108   0.0071382   1.5293855  -0.1688196   1.1805040
   0.0460890   0.2601232  -0.0218080   0.1503711  -0.4636878   0.2491715
   0.1962467  -0.1498176  -0.0579893  -0.1637976   0.7519335   0.6095987
   0.8776026  -0.1703487   0.1296236  -0.3717563   0.8883023   0.9259449
   0.0714458  -0.4261122  -0.1747236   0.1928354   0.4263012  -0.2869289
   0.3469273  -0.0304897  -0.1148089  -0.6482612   0.2366383   1.9575064
   0.0907373   0.2828866  -0.0312749   1.4599730   1.7140014   1.6805413
  -0.3650494   0.4037346  -0.2468271  -0.6731343   0.1041891   0.9163789
