default_name                                                                    
  -3.196   0.696  -0.103  -3.184  -0.294   0.386  -3.892  -0.904  -0.193  -3.505
  -0.255   1.432  -1.820  -0.875   0.410  -1.598  -1.900  -0.213  -0.915  -0.220
   1.191  -1.215   0.523   1.797   0.509  -0.572   1.360   1.072   0.312   1.666
   0.679  -1.796   2.377   1.717  -1.772   2.544   0.266  -2.697   1.856   0.161
  -1.543   3.285   1.168  -0.873   0.034   2.088  -1.732  -0.091   0.696  -0.138
  -1.015  -0.081   0.485  -0.782   1.281  -0.258  -2.396   1.264  -1.271  -2.799
   0.642   0.429  -3.025   2.355   0.068  -2.431
  -3.675   0.107  -0.163  -3.320  -0.600   0.584  -4.018  -1.474   0.580  -3.450
  -0.098   1.501  -1.893  -1.028   0.563  -1.629  -2.169   0.225  -0.965  -0.211
   1.071  -1.281   0.641   1.486   0.462  -0.539   1.268   1.006   0.284   1.640
   0.575  -1.686   2.338   1.545  -1.729   2.917   0.355  -2.637   1.933  -0.224
  -1.563   3.078   1.201  -0.896   0.014   1.882  -1.912  -0.120   0.943  -0.133
  -1.035   0.353   0.624  -0.794   1.609  -0.315  -2.353   1.633  -1.376  -2.640
   1.012   0.167  -3.119   2.638   0.071  -2.356
  -3.307   0.120  -0.321  -3.264  -0.340   0.612  -4.102  -1.033   0.564  -3.205
   0.397   1.389  -1.917  -1.041   0.675  -1.808  -2.092   0.105  -0.917  -0.424
   1.296  -1.060   0.553   1.502   0.529  -0.820   1.454   1.060   0.109   1.757
   0.760  -1.655   2.632   1.780  -2.057   2.624   0.070  -2.512   2.806   0.758
  -0.976   3.388   1.278  -1.304   0.131   2.117  -2.214   0.225   0.838  -0.753
  -1.009   0.158  -0.020  -0.939   1.487  -0.943  -2.279   0.929  -1.683  -2.801
   1.452   0.014  -2.883   2.487  -1.306  -2.295
  -3.317   0.224  -0.170  -3.092  -0.450   0.759  -3.792  -1.270   0.677  -3.158
   0.088   1.689  -1.670  -0.945   0.638  -1.373  -1.907  -0.103  -0.711  -0.273
   1.250  -1.116   0.528   1.728   0.652  -0.712   1.559   1.216   0.163   1.925
   0.588  -1.751   2.662   1.654  -1.861   2.949   0.015  -2.696   2.368  -0.018
  -1.354   3.514   1.489  -1.002   0.283   2.472  -1.773   0.328   1.078  -0.437
  -0.846   0.234   0.081  -0.783   1.528  -0.776  -2.229   2.344  -1.481  -2.167
   0.656  -1.297  -2.679   1.810   0.086  -2.939
  -3.189   0.425  -0.102  -3.036  -0.317   0.678  -3.851  -0.973   0.712  -3.125
   0.329   1.544  -1.717  -1.085   0.602  -1.580  -2.180   0.061  -0.752  -0.572
   1.390  -1.066   0.311   1.715   0.682  -0.804   1.645   1.118   0.198   1.768
   0.902  -1.644   2.906   1.978  -1.453   3.253   0.858  -2.700   2.596   0.233
  -1.505   3.753   1.403  -1.350   0.345   2.122  -2.367   0.279   1.254  -0.627
  -0.785   0.451  -0.035  -0.791   1.986  -0.794  -2.080   2.434  -1.831  -2.197
   1.291  -0.689  -2.899   2.731  -0.036  -2.122
  -3.321   0.292   0.554  -3.191  -0.817   0.800  -3.670  -1.254  -0.103  -3.740
  -1.052   1.723  -1.700  -1.284   0.824  -1.363  -2.368   0.242  -0.786  -0.375
   1.335  -1.094   0.548   1.646   0.615  -0.709   1.475   0.947   0.323   1.484
   0.806  -1.321   2.897   1.836  -1.388   3.209   0.247  -2.217   2.928   0.439
  -0.617   3.669   1.307  -1.516   0.290   1.912  -2.582   0.551   1.321  -1.028
  -0.988   0.919  -0.056  -1.129   1.932  -1.544  -2.213   2.307  -2.502  -1.856
   1.098  -1.845  -2.874   2.714  -0.887  -2.623
  -3.177   0.510   0.330  -3.224  -0.515   0.457  -3.595  -0.900  -0.491  -3.835
  -0.741   1.347  -1.919  -1.070   0.754  -1.678  -2.233   0.372  -0.897  -0.259
   1.202  -1.018   0.762   1.257   0.476  -0.764   1.580   1.072   0.082   1.797
   0.496  -1.335   2.977   1.512  -1.546   3.411  -0.098  -2.207   2.997  -0.100
  -0.665   3.611   1.358  -1.527   0.611   2.188  -2.406   0.977   1.202  -1.155
  -0.637   0.367  -0.608  -0.824   1.945  -1.668  -1.792   1.370  -2.386  -2.397
   2.165  -0.928  -2.567   2.872  -1.994  -1.302
  -3.232   0.307  -0.497  -3.277  -0.225   0.448  -4.214  -0.848   0.369  -3.653
   0.565   1.140  -1.993  -1.013   0.718  -1.918  -2.198   0.431  -1.057  -0.167
   1.196  -1.245   0.803   0.988   0.380  -0.504   1.477   0.995   0.353   1.376
   0.499  -0.848   3.025   1.529  -1.158   3.254  -0.153  -1.737   3.235   0.250
   0.102   3.600   1.140  -1.510   0.616   2.223  -2.009   1.046   0.796  -1.539
  -0.709  -0.214  -1.516  -0.887   1.645  -2.093  -1.729   1.137  -1.947  -2.752
   2.639  -1.570  -1.688   1.801  -3.124  -1.683
  -2.947   0.059  -0.196  -3.219  -0.569   0.647  -4.031  -1.214   0.339  -3.258
   0.276   1.421  -1.929  -1.264   0.926  -1.799  -2.449   1.089  -0.956  -0.366
   1.324  -1.147   0.602   1.164   0.432  -0.653   1.686   1.142   0.215   1.622
   0.412  -1.053   3.207   1.377  -1.182   3.717  -0.199  -1.976   3.407  -0.279
  -0.277   3.650   1.153  -1.746   0.773   2.147  -2.406   1.127   0.739  -1.776
  -0.498   0.000  -1.159  -0.697   1.464  -2.394  -1.668   1.240  -1.667  -2.390
   2.508  -2.511  -1.607   0.985  -3.262  -2.085
  -3.860  -1.457   0.266  -3.126  -0.797   0.766  -3.638  -0.727   1.656  -3.226
   0.060   0.130  -1.738  -1.328   0.865  -1.499  -2.517   1.065  -0.757  -0.379
   0.663  -0.978   0.527   0.268   0.595  -0.664   1.262   1.091   0.200   0.815
   0.526  -0.384   2.734   1.458  -0.701   3.153  -0.265  -1.082   3.036   0.301
   0.616   3.042   1.239  -1.939   0.691   1.964  -2.614   1.391   0.947  -2.130
  -0.565   0.274  -1.564  -0.890   1.770  -2.767  -1.582   1.937  -2.162  -2.443
   2.772  -3.059  -1.294   1.258  -3.630  -1.947
  -3.814  -1.591   0.424  -3.258  -0.995   1.210  -3.631  -1.269   2.242  -3.394
   0.054   1.105  -1.821  -1.346   1.180  -1.513  -2.507   1.411  -1.018  -0.365
   0.909  -1.490   0.548   0.711   0.469  -0.430   1.123   0.826   0.432   0.535
   0.740  -0.012   2.522   1.840   0.121   2.694   0.332  -0.741   3.215   0.107
   0.911   2.679   1.236  -1.668   0.569   2.123  -2.196   1.241   0.853  -2.177
  -0.634  -0.008  -1.804  -1.042   1.503  -3.303  -1.277   0.962  -3.526  -2.196
   2.542  -3.109  -1.577   1.558  -4.198  -0.578
  -3.031  -0.298  -0.095  -3.052  -1.007   0.754  -3.614  -1.915   0.533  -3.467
  -0.272   1.441  -1.685  -1.363   1.156  -1.470  -2.487   1.615  -0.730  -0.469
   0.891  -1.075   0.374   0.651   0.718  -0.638   1.180   1.073   0.281   0.689
   1.000  -0.363   2.673   2.054  -0.200   2.831   0.669  -1.232   3.248   0.492
   0.518   2.934   1.345  -1.786   0.512   2.224  -2.365   1.073   0.822  -2.322
  -0.559   0.236  -1.635  -1.095   1.159  -3.565  -1.270   0.450  -3.802  -2.071
   2.096  -3.441  -1.747   1.231  -4.368  -0.614
  -3.217  -2.137  -0.192  -3.141  -1.682   0.796  -3.689  -2.175   1.562  -3.518
  -0.689   0.687  -1.689  -1.743   1.243  -1.344  -2.758   1.790  -0.864  -0.724
   0.950  -1.274   0.046   0.435   0.566  -0.645   1.196   0.880   0.225   0.708
   0.892  -0.549   2.743   1.897  -0.296   2.943   0.705  -1.443   3.320   0.280
   0.165   3.211   1.364  -1.791   0.536   2.219  -2.338   1.210   0.962  -2.255
  -0.647   0.216  -1.663  -1.015   1.404  -3.316  -1.407   0.538  -3.763  -1.898
   2.085  -2.988  -2.142   1.952  -4.048  -0.800
  -3.273  -1.245  -0.211  -3.136  -1.309   0.930  -3.676  -2.022   1.599  -3.170
  -0.307   1.378  -1.755  -1.633   1.176  -1.562  -2.788   1.628  -0.917  -0.617
   1.030  -1.233   0.265   0.728   0.544  -0.800   1.140   1.012   0.098   0.668
   0.873  -0.809   2.636   1.907  -0.560   2.749   0.594  -1.688   3.199   0.522
   0.076   3.224   1.020  -2.094   0.469   1.902  -2.785   0.997   0.510  -2.358
  -0.728  -0.212  -1.701  -0.955   0.945  -3.361  -1.724   0.109  -3.828  -2.191
   1.707  -2.988  -2.444   1.350  -4.218  -1.292
  -3.813  -2.002  -0.171  -3.362  -1.396   0.573  -3.932  -1.535   1.427  -3.331
  -0.390   0.096  -1.959  -1.965   0.998  -1.678  -3.160   1.320  -1.071  -1.004
   0.926  -1.309  -0.117   0.553   0.302  -1.120   1.383   0.806  -0.118   1.130
   0.398  -1.138   2.939   1.412  -1.171   3.320  -0.060  -1.966   3.399  -0.085
  -0.271   3.425   1.224  -2.084   0.582   2.397  -2.269   0.958   0.747  -2.670
  -0.555  -0.244  -2.666  -0.630   1.386  -3.577  -1.472   2.026  -2.963  -2.160
   1.988  -4.319  -1.001   0.623  -4.112  -1.952
  -3.983  -2.396   0.654  -3.547  -1.364   0.650  -4.085  -0.803   1.402  -3.524
  -0.737  -0.235  -2.136  -1.704   1.236  -1.992  -2.904   1.612  -1.163  -0.829
   1.068  -1.393   0.129   0.833   0.148  -1.136   1.491   0.707  -0.243   1.324
   0.283  -1.021   3.034   1.267  -0.923   3.340  -0.050  -1.782   3.684  -0.184
  -0.083   3.387   0.955  -2.252   0.771   2.110  -2.555   1.059   0.362  -2.980
  -0.168  -0.497  -2.552  -0.437   0.995  -3.974  -0.990   1.547  -4.663  -0.367
   0.272  -4.520  -1.580   1.701  -3.506  -1.681
  -4.090  -2.277   0.298  -3.693  -1.433   0.765  -4.324  -1.160   1.649  -3.473
  -0.585   0.141  -2.250  -1.899   1.214  -2.219  -3.041   1.657  -1.254  -1.037
   1.071  -1.579  -0.098   0.837   0.079  -1.201   1.691   0.726  -0.486   1.172
  -0.027  -0.957   3.223   1.042  -0.975   3.632  -0.834  -1.692   3.665  -0.481
   0.013   3.402   0.802  -2.620   1.262   1.362  -3.364   2.110   0.732  -2.928
   0.019   0.440  -2.218  -0.648   1.410  -4.079  -0.551   0.798  -4.925  -0.513
   1.596  -3.925  -1.616   2.347  -4.300  -0.093
  -3.291  -1.479  -0.592  -3.624  -1.753   0.390  -4.404  -2.471   0.265  -4.108
  -0.851   0.911  -2.457  -2.263   1.170  -2.526  -3.349   1.713  -1.415  -1.485
   1.296  -1.495  -0.514   0.901  -0.187  -1.810   1.996   0.324  -0.851   2.118
  -0.498  -2.032   3.528   0.329  -1.867   4.265  -0.760  -3.065   3.692  -1.355
  -1.394   3.830   0.832  -2.784   1.441   1.639  -3.452   2.159   0.615  -2.980
   0.071  -0.201  -2.627  -0.436   1.340  -4.015  -0.651   2.309  -3.645  -1.031
   1.475  -4.916  -0.011   0.827  -4.245  -1.585
  -3.512  -1.885  -0.503  -3.645  -1.930   0.492  -4.335  -2.702   0.608  -4.000
  -1.026   1.003  -2.343  -2.472   0.981  -2.193  -3.578   1.383  -1.488  -1.478
   1.153  -1.766  -0.470   0.877  -0.235  -1.660   1.910   0.233  -0.660   1.762
  -0.406  -1.716   3.441   0.569  -1.869   3.869  -1.039  -2.495   3.844  -0.675
  -0.766   3.768   0.738  -2.664   1.180   1.631  -3.025   1.957   0.474  -3.111
  -0.046  -0.286  -2.717  -0.531   1.436  -3.918  -0.851   2.458  -4.100  -0.421
   1.137  -4.956  -1.103   1.549  -3.388  -1.800
  -3.307  -2.028  -0.614  -3.612  -2.606   0.244  -4.200  -3.436   0.013  -4.058
  -1.939   1.026  -2.302  -2.881   0.932  -2.124  -3.959   1.490  -1.503  -1.822
   1.102  -1.928  -0.977   0.741  -0.254  -1.716   1.787   0.174  -0.683   1.690
  -0.643  -1.833   3.255   0.231  -1.746   3.834  -1.184  -2.721   3.547  -1.420
  -1.065   3.646   0.703  -2.790   1.230   1.621  -3.169   1.945   0.622  -3.208
  -0.030  -0.264  -3.002  -0.565   1.671  -4.066  -0.550   1.933  -4.967   0.111
   1.472  -4.490  -1.583   2.594  -3.406  -0.490
  -3.688  -1.636  -0.575  -3.895  -2.400   0.218  -4.483  -3.205  -0.255  -4.474
  -1.924   0.937  -2.686  -2.893   0.929  -2.424  -4.060   1.076  -1.878  -1.844
   1.268  -2.328  -0.915   1.153  -0.478  -1.874   1.694   0.004  -0.833   1.483
  -0.441  -1.922   3.166  -0.421  -0.924   3.618   0.350  -2.568   3.612  -1.364
  -2.398   3.582   0.590  -2.774   1.043   1.486  -3.354   1.700   0.549  -2.757
  -0.281  -0.177  -2.106  -0.589   1.666  -3.226  -1.197   2.717  -2.992  -0.762
   1.514  -4.311  -1.303   1.372  -2.887  -2.299
  -3.850  -2.607  -1.297  -4.142  -2.644  -0.268  -4.871  -3.412  -0.033  -4.597
  -1.682  -0.068  -2.859  -2.856   0.542  -2.511  -4.074   0.822  -2.122  -1.832
   0.871  -2.397  -1.012   0.420  -0.837  -1.831   1.662  -0.273  -0.830   1.750
  -1.109  -2.229   3.111  -1.569  -1.474   3.788  -0.251  -2.393   3.624  -1.667
  -3.211   2.997   0.219  -2.729   0.955   1.054  -3.419   1.572   0.330  -2.664
  -0.387  -0.541  -2.268  -0.882   1.469  -3.144  -1.194   2.407  -2.865  -0.598
   1.379  -4.216  -1.402   1.333  -2.599  -2.174
  -3.936  -2.009  -1.270  -4.085  -2.760  -0.356  -4.685  -3.616  -0.458  -4.560
  -2.155   0.401  -2.785  -2.962   0.289  -2.341  -4.037   0.365  -2.252  -1.910
   0.923  -2.706  -0.970   1.011  -0.942  -1.903   1.677  -0.636  -0.915   1.951
  -1.169  -2.711   2.966  -2.139  -2.392   3.534  -0.363  -2.650   3.648  -1.187
  -3.765   2.704   0.336  -2.374   0.923   1.419  -2.757   1.489   0.235  -2.280
  -0.428  -0.650  -1.902  -0.737   1.250  -2.606  -1.378   2.212  -2.588  -0.775
   0.917  -3.498  -1.762   1.155  -1.881  -2.206
  -3.406  -3.402  -1.743  -3.907  -3.476  -0.817  -4.346  -4.488  -0.638  -4.709
  -2.716  -0.632  -2.875  -3.179   0.276  -2.328  -4.160   0.793  -2.484  -1.979
   0.635  -3.188  -1.243   0.543  -1.297  -1.615   1.415  -1.282  -0.537   1.447
  -1.371  -2.080   2.901  -2.193  -1.633   3.458  -0.465  -1.602   3.391  -1.276
  -3.175   3.036   0.060  -2.063   0.820   0.987  -2.167   1.623   0.102  -2.484
  -0.471  -0.751  -2.219  -1.071   1.369  -2.903  -1.207   2.018  -1.945  -1.324
   1.856  -3.735  -0.758   1.149  -3.129  -2.238
  -3.338  -3.064  -1.585  -3.647  -3.517  -0.631  -3.643  -4.561  -0.893  -4.582
  -3.184  -0.292  -2.734  -3.116   0.429  -2.469  -3.954   1.326  -2.368  -1.809
   0.472  -2.688  -1.204  -0.299  -1.256  -1.346   1.302  -1.259  -0.271   1.258
  -1.719  -1.498   2.775  -2.623  -0.816   3.068  -0.962  -1.343   3.511  -1.865
  -2.485   2.850   0.048  -2.055   0.913   0.943  -2.147   1.687   0.122  -2.587
  -0.305  -0.600  -2.308  -1.024   1.341  -3.166  -0.870   2.259  -2.531  -0.614
   1.578  -4.124  -0.347   1.288  -3.155  -1.955
  -3.936  -3.314  -0.990  -4.062  -3.553   0.085  -4.129  -4.609   0.307  -4.868
  -2.965   0.514  -2.741  -3.120   0.685  -1.876  -3.998   0.951  -2.430  -1.829
   0.704  -3.170  -1.235   0.295  -1.216  -1.188   1.281  -1.160  -0.169   0.777
  -1.462  -1.009   2.750  -2.546  -0.744   2.879  -0.770  -0.385   3.246  -1.248
  -2.022   3.231   0.134  -2.000   0.841   1.052  -2.044   1.743   0.200  -2.615
  -0.339  -0.690  -2.531  -0.875   1.319  -3.238  -1.126   2.267  -3.167  -0.537
   1.178  -4.237  -1.537   1.702  -2.573  -1.868
  -4.109  -2.632  -1.311  -4.229  -2.953  -0.268  -4.766  -3.959  -0.270  -4.789
  -2.197   0.208  -2.902  -2.964   0.318  -2.320  -4.016   0.522  -2.256  -1.832
   0.606  -2.650  -0.937   0.261  -1.015  -1.708   1.431  -0.699  -0.629   1.415
  -1.380  -1.991   2.908  -2.160  -1.327   3.170  -0.510  -1.661   3.519  -1.450
  -3.007   3.202   0.293  -2.406   0.995   1.292  -2.299   1.770   0.376  -2.945
  -0.244  -0.504  -2.762  -0.660   1.416  -3.819  -0.871   2.412  -3.477  -0.834
   1.475  -4.699  -0.274   1.240  -3.971  -1.957
  -3.844  -1.897  -1.161  -4.234  -2.668  -0.515  -4.602  -3.533  -1.148  -5.079
  -2.310  -0.104  -3.144  -2.972   0.450  -2.845  -4.120   0.753  -2.245  -1.962
   0.577  -2.564  -1.092   0.203  -0.973  -1.856   1.262  -0.768  -0.919   1.078
  -1.281  -1.831   2.771  -2.223  -1.190   2.851  -0.440  -1.357   3.239  -1.484
  -2.815   3.126   0.332  -2.532   0.872   1.282  -2.334   1.661   0.324  -3.276
  -0.213  -0.599  -3.382  -0.649   1.231  -4.253  -0.483   2.255  -3.904  -0.305
   1.159  -5.048   0.323   1.080  -4.591  -1.463
  -3.886  -2.975  -1.353  -4.217  -2.696  -0.284  -4.993  -3.359   0.133  -4.585
  -1.689  -0.247  -3.009  -2.846   0.658  -2.846  -3.816   1.388  -2.125  -1.898
   0.497  -2.458  -1.258  -0.192  -0.864  -1.467   1.050  -0.638  -0.593   0.394
  -1.164  -0.829   2.450  -2.087  -0.340   2.500  -0.236  -0.286   2.720  -1.134
  -1.586   3.261   0.216  -2.558   0.953   0.890  -2.933   1.922   0.257  -3.089
  -0.279  -0.474  -2.772  -0.913   1.066  -4.282  -0.724   2.031  -4.006  -1.125
   1.177  -4.925   0.115   0.647  -4.720  -1.591
  -5.207  -3.476   0.434  -4.449  -2.797  -0.138  -4.727  -1.770   0.136  -4.753
  -2.990  -1.156  -2.955  -3.036   0.271  -2.505  -4.140   0.565  -2.289  -1.958
   0.290  -2.841  -1.075  -0.003  -0.903  -1.692   0.849  -0.644  -0.680   0.424
  -1.234  -1.323   2.407  -1.895  -0.419   2.468  -0.326  -1.110   2.964  -1.843
  -2.081   2.803   0.286  -2.522   0.462   1.028  -3.083   1.275   0.627  -2.809
  -0.790  -0.099  -2.532  -1.479   1.883  -3.422  -1.284   2.534  -2.574  -1.577
   2.312  -4.117  -0.572   1.613  -4.034  -2.113
  -4.816  -2.023  -0.055  -4.027  -2.484  -0.727  -3.664  -1.755  -1.536  -4.317
  -3.533  -0.963  -2.897  -2.593   0.262  -2.430  -3.777   0.391  -2.379  -1.439
   0.654  -2.761  -0.678   0.043  -0.992  -1.395   1.228  -0.494  -0.372   1.205
  -1.287  -1.683   2.767  -2.157  -1.062   3.115  -0.334  -1.687   3.284  -1.514
  -2.746   2.793   0.072  -2.433   0.545   0.644  -3.296   1.231   0.302  -2.171
  -0.775  -0.311  -1.542  -1.206   1.276  -2.710  -1.619   1.904  -3.264  -1.030
   0.712  -3.364  -2.266   1.842  -2.015  -2.104
  -5.343  -2.368   0.474  -4.666  -2.259  -0.304  -4.476  -1.172  -0.664  -4.908
  -2.860  -1.235  -3.347  -2.633   0.256  -3.073  -3.801   0.347  -2.686  -1.622
   0.706  -3.241  -0.741   0.677  -1.365  -1.578   1.313  -0.970  -0.535   1.211
  -1.514  -1.692   2.857  -2.372  -1.169   3.257  -0.647  -1.273   3.416  -1.714
  -2.761   3.029  -0.279  -2.476   0.719   0.366  -3.319   1.368  -0.339  -2.552
  -0.608  -0.982  -1.915  -1.006   0.421  -3.456  -1.351   1.462  -3.131  -1.564
   0.379  -4.422  -0.819   0.023  -3.648  -2.385
  -5.593  -2.347   0.061  -4.944  -1.608  -0.338  -5.039  -0.662   0.066  -4.906
  -1.544  -1.369  -3.564  -2.000   0.136  -3.433  -3.211   0.293  -2.634  -1.037
   0.404  -2.880   0.002   0.234  -1.532  -1.308   1.325  -0.901  -0.432   1.350
  -2.098  -1.513   2.774  -3.043  -0.924   3.056  -1.372  -1.422   3.638  -2.442
  -2.597   2.789  -0.483  -2.335   0.739   0.430  -2.834   1.384  -0.616  -2.587
  -0.546  -1.558  -2.273  -0.831   0.213  -3.413  -1.421   0.703  -4.163  -0.876
  -0.438  -3.760  -2.257   1.055  -2.726  -1.802
  -5.629  -1.344   0.339  -5.382  -2.146  -0.369  -5.429  -2.050  -1.517  -5.980
  -3.034  -0.009  -3.975  -2.449   0.052  -3.583  -3.638   0.059  -3.161  -1.433
   0.294  -3.732  -0.495   0.365  -1.981  -1.492   1.148  -1.414  -0.568   1.147
  -2.340  -1.730   2.598  -3.267  -1.104   2.688  -1.522  -1.357   3.355  -2.535
  -2.777   2.789  -0.809  -2.308   0.620   0.212  -2.523   1.306  -0.825  -2.416
  -0.747  -1.789  -2.392  -1.121   0.263  -3.096  -1.405   1.226  -2.517  -1.451
   0.687  -4.018  -0.907   0.060  -3.218  -2.401
  -5.886  -1.445   0.231  -5.509  -2.205  -0.455  -5.595  -1.907  -1.550  -6.006
  -3.185  -0.302  -4.046  -2.384  -0.106  -3.557  -3.497   0.063  -3.432  -1.277
   0.188  -3.849  -0.431   0.162  -2.062  -1.183   0.915  -1.874  -0.084   0.876
  -2.251  -1.728   2.318  -3.208  -1.274   2.656  -1.301  -1.565   2.904  -2.425
  -2.764   2.285  -0.848  -1.744   0.184   0.177  -2.115   0.740  -0.923  -1.988
  -1.149  -1.826  -2.134  -1.563   0.183  -2.655  -1.830   0.350  -2.440  -2.847
   1.129  -2.201  -1.336   0.085  -3.777  -1.737
  -5.403  -1.283  -1.343  -5.175  -2.275  -1.154  -4.881  -2.580  -2.157  -6.079
  -2.845  -0.793  -3.970  -2.317  -0.188  -3.597  -3.364   0.315  -3.428  -1.076
   0.070  -3.769  -0.361  -0.468  -2.187  -0.865   0.781  -1.986   0.200   0.662
  -2.399  -0.768   2.360  -3.243  -0.156   2.532  -1.516  -0.200   2.796  -2.530
  -1.774   2.627  -0.980  -1.653   0.266   0.041  -1.779   0.964  -0.954  -1.958
  -1.060  -1.773  -1.728  -1.632   0.263  -2.458  -1.762   0.759  -1.480  -1.980
   0.816  -3.011  -1.036   0.191  -3.020  -2.656
  -4.775  -1.809  -1.878  -4.765  -2.670  -1.211  -4.613  -3.639  -1.590  -5.751
  -2.769  -0.839  -3.582  -2.525  -0.274  -3.172  -3.549   0.196  -3.250  -1.262
   0.050  -3.886  -0.520  -0.284  -2.113  -0.934   0.904  -2.030   0.115   0.837
  -2.423  -0.960   2.375  -3.281  -0.365   2.663  -1.589  -0.365   2.908  -2.393
  -1.986   2.692  -0.732  -1.513   0.451   0.272  -1.709   1.137  -0.528  -1.435
  -0.888  -1.457  -1.322  -1.345   0.467  -2.285  -1.526   1.450  -1.743  -1.403
   0.493  -3.106  -0.824   0.245  -2.609  -2.564
  -4.811  -1.618  -1.759  -4.874  -2.316  -0.996  -5.069  -3.316  -1.399  -5.782
  -2.023  -0.419  -3.648  -2.331  -0.104  -3.059  -3.333   0.014  -3.308  -1.095
   0.395  -3.898  -0.289   0.159  -2.191  -0.773   1.243  -2.225   0.363   1.328
  -2.388  -1.169   2.703  -2.941  -0.345   3.195  -1.470  -1.364   3.265  -2.804
  -2.183   2.936  -0.842  -1.199   0.607   0.173  -1.430   1.284  -0.751  -1.298
  -0.736  -1.623  -1.263  -1.236   0.472  -1.528  -1.629   1.319  -1.795  -0.975
   0.256  -2.317  -2.259   0.630  -0.657  -2.254
  -4.823  -3.548  -1.485  -4.556  -2.460  -1.335  -5.490  -2.080  -0.976  -4.184
  -2.006  -2.291  -3.505  -2.357  -0.290  -2.825  -3.334   0.062  -3.469  -1.216
   0.350  -4.043  -0.528  -0.097  -2.543  -0.802   1.264  -2.906   0.240   1.469
  -2.855  -1.651   2.555  -3.926  -1.545   2.864  -2.150  -1.251   3.248  -2.410
  -2.597   2.548  -1.088  -0.881   0.809  -0.154  -1.133   1.644  -0.884  -0.480
  -0.409  -1.695   0.015  -0.797   0.363  -0.639  -1.235   0.570   0.270  -1.752
   1.190  -0.972  -0.524   0.103  -1.418  -2.040
  -5.519  -2.575  -1.102  -4.415  -2.811  -1.326  -4.182  -2.348  -2.343  -4.266
  -3.913  -1.453  -3.432  -2.440  -0.283  -2.761  -3.296   0.260  -3.467  -1.146
   0.079  -3.893  -0.618  -0.594  -2.556  -0.417   1.049  -2.655   0.667   1.003
  -2.934  -0.862   2.452  -3.933  -0.827   2.736  -2.446  -0.161   3.099  -2.614
  -1.907   2.687  -1.149  -0.652   0.519  -0.311  -0.927   1.338  -0.950  -0.502
  -0.804  -1.768  -0.243  -1.330   0.233  -0.952  -1.595   0.092  -0.863  -2.698
   1.020  -0.301  -1.244   0.429  -1.968  -1.326
  -5.385  -1.420  -0.894  -4.533  -2.073  -1.077  -4.158  -1.895  -2.058  -4.729
  -3.161  -0.946  -3.445  -1.852  -0.049  -2.708  -2.770   0.280  -3.458  -0.701
   0.543  -4.245  -0.056   0.308  -2.427  -0.171   1.455  -2.704   0.817   1.594
  -2.787  -0.881   2.811  -3.814  -0.762   2.988  -2.232  -0.282   3.594  -2.400
  -1.967   2.650  -1.051  -0.462   0.903  -0.128  -0.934   1.643  -0.787  -0.337
  -0.435  -1.715  -0.313  -0.973   0.275  -1.152  -1.003   1.270  -0.721  -0.803
   0.133  -2.187  -0.562  -0.004  -1.112  -2.042
  -5.200  -1.380  -1.513  -4.203  -1.805  -1.652  -3.852  -1.167  -2.504  -4.304
  -2.856  -2.050  -3.487  -1.823  -0.328  -2.996  -2.850   0.095  -3.300  -0.596
   0.214  -3.830   0.137  -0.209  -2.434  -0.209   1.313  -2.618   0.848   1.524
  -3.086  -0.878   2.537  -3.436  -0.058   3.234  -2.249  -1.435   3.038  -3.852
  -1.576   2.270  -0.907  -0.447   1.078  -0.142  -0.672   2.045  -0.539  -0.264
  -0.216  -1.351  -0.065  -0.748   0.783  -0.573  -0.939   1.577   0.023  -0.403
   1.045  -1.644  -0.744   0.673  -0.298  -1.986
  -5.178  -0.811  -0.992  -4.444  -1.618  -1.158  -4.081  -1.515  -2.138  -4.962
  -2.562  -1.017  -3.346  -1.526  -0.197  -2.598  -2.428  -0.180  -3.123  -0.310
   0.351  -3.929   0.317   0.433  -2.038   0.048   1.278  -2.023   1.011   1.562
  -2.542  -0.682   2.545  -1.782  -0.774   3.206  -2.802  -1.702   2.285  -3.388
  -0.132   2.986  -0.681  -0.403   0.766   0.148  -0.923   1.505  -0.460  -0.344
  -0.592  -1.222  -0.260  -1.229   0.739  -0.753  -1.340   1.488  -1.244  -0.640
   0.435  -1.441  -2.142   1.028   0.158  -1.812
  -5.359  -2.113  -0.484  -4.515  -2.041  -1.094  -4.757  -1.320  -1.859  -4.303
  -3.036  -1.528  -3.375  -1.702  -0.189  -2.779  -2.578   0.430  -3.150  -0.434
   0.110  -3.643   0.284  -0.373  -2.098  -0.008   1.122  -2.193   1.091   1.052
  -2.648  -0.500   2.583  -1.921  -0.128   3.238  -2.653  -1.569   2.603  -3.726
  -0.222   2.856  -0.640  -0.418   0.709   0.213  -0.767   1.536  -0.441  -0.645
  -0.548  -1.274  -0.747  -1.120   0.741  -1.325  -1.072   1.252  -2.093  -0.509
   0.507  -1.711  -2.073   1.445  -0.563  -1.095
  -5.646  -2.883  -0.376  -4.903  -2.474  -1.106  -5.212  -1.527  -1.603  -4.734
  -3.223  -1.830  -3.756  -2.138  -0.192  -3.001  -3.163   0.111  -3.493  -0.835
   0.075  -4.282  -0.238  -0.168  -2.364  -0.262   0.847  -2.242   0.793   0.694
  -2.898  -0.408   2.327  -2.172   0.148   2.977  -2.831  -1.504   2.594  -3.882
  -0.123   2.533  -0.917  -0.850   0.586  -0.118  -1.007   1.529  -0.681  -1.234
  -0.624  -1.471  -1.490  -1.255   0.720  -1.676  -0.929   0.903  -2.539  -0.265
   0.880  -1.953  -1.953   1.319  -0.834  -0.707
  -5.722  -2.114  -1.040  -4.852  -2.626  -1.466  -4.467  -2.187  -2.360  -4.996
  -3.706  -1.591  -3.815  -2.368  -0.424  -3.356  -3.304   0.277  -3.385  -1.139
  -0.243  -3.749  -0.374  -0.803  -2.351  -0.628   0.711  -2.294   0.441   0.394
  -2.958  -0.578   2.123  -2.258  -0.109   2.838  -3.079  -1.591   2.407  -3.906
   0.005   2.079  -0.845  -1.104   0.598  -0.064  -0.937   1.530  -0.420  -1.275
  -0.632  -1.173  -1.177  -1.317   0.853  -1.714  -1.051   0.771  -2.429  -1.901
   1.421  -0.816  -1.378   1.386  -2.192  -0.291
  -5.520  -2.103  -1.603  -4.569  -2.550  -1.689  -4.152  -2.176  -2.646  -4.618
  -3.630  -1.729  -3.698  -2.314  -0.520  -3.188  -3.255   0.179  -3.460  -1.006
  -0.334  -3.745  -0.455  -1.122  -2.632  -0.412   0.801  -2.738   0.672   0.700
  -3.213  -0.803   2.168  -2.760  -0.089   2.874  -3.126  -1.816   2.413  -4.258
  -0.521   2.168  -1.125  -0.833   0.735  -0.402  -0.939   1.730  -0.626  -1.025
  -0.505  -1.176  -0.861  -1.272   0.541  -1.922  -0.694   0.796  -2.123  -1.749
   1.388  -1.446  -0.311   0.401  -2.888  -0.270
  -5.436  -1.443  -1.785  -4.724  -2.193  -1.786  -4.088  -2.022  -2.659  -5.175
  -3.164  -1.722  -3.827  -2.101  -0.617  -3.484  -3.067   0.048  -3.414  -0.829
  -0.488  -3.687  -0.126  -1.225  -2.529  -0.283   0.613  -2.414   0.813   0.418
  -3.252  -0.456   2.000  -2.618  -0.016   2.743  -3.231  -1.543   2.264  -4.270
  -0.053   1.947  -1.036  -0.868   0.658  -0.475  -1.045   1.745  -0.441  -1.272
  -0.487  -1.063  -1.367  -1.248   0.912  -1.716  -0.677   0.900  -2.421  -1.532
   1.653  -1.030  -1.020   1.360  -2.118   0.211
  -5.551  -1.909  -1.533  -4.575  -2.386  -1.763  -4.242  -2.094  -2.729  -4.806
  -3.396  -1.687  -3.604  -2.268  -0.638  -3.289  -3.249  -0.031  -3.201  -1.077
  -0.326  -3.515  -0.255  -0.860  -2.388  -0.658   0.842  -2.222   0.475   0.706
  -3.199  -0.811   2.111  -2.919  -0.177   2.938  -3.100  -1.871   2.435  -4.234
  -0.514   1.953  -0.938  -1.016   0.764  -0.313  -1.249   1.789  -0.399  -1.223
  -0.464  -0.945  -0.933  -1.251   0.796  -1.931  -0.762   0.553  -2.967  -0.969
   1.209  -1.564  -1.747   1.547  -1.701   0.057
  -5.420  -2.053  -1.401  -4.488  -2.543  -1.649  -4.165  -1.939  -2.538  -4.496
  -3.608  -1.979  -3.602  -2.204  -0.412  -3.294  -3.156   0.255  -3.262  -0.962
  -0.137  -3.571  -0.226  -0.777  -2.397  -0.377   0.896  -2.413   0.746   0.720
  -3.020  -0.715   2.214  -2.579  -0.110   3.012  -3.076  -1.804   2.383  -4.034
  -0.449   2.175  -0.896  -0.787   0.839  -0.169  -0.987   1.834  -0.405  -1.083
  -0.345  -1.039  -1.036  -1.136   0.870  -1.773  -0.496   0.763  -2.837  -0.232
   1.051  -1.682  -1.598   1.560  -1.126   0.105
  -5.238  -2.224  -1.837  -4.321  -2.757  -1.877  -3.697  -2.549  -2.694  -4.613
  -3.787  -1.942  -3.564  -2.405  -0.590  -3.275  -3.187   0.266  -3.252  -1.073
  -0.549  -3.490  -0.569  -1.411  -2.596  -0.367   0.561  -2.497   0.677   0.409
  -3.521  -0.489   1.773  -2.978  -0.057   2.578  -3.475  -1.560   2.058  -4.543
  -0.168   1.440  -1.181  -0.797   0.820  -0.782  -0.890   1.950  -0.455  -1.048
  -0.291  -1.030  -0.812  -1.121   0.963  -1.410  -0.598   0.981  -2.252  -1.301
   1.499  -0.589  -1.109   1.496  -1.724   0.295
  -4.775  -2.883  -2.703  -4.030  -3.385  -2.085  -3.123  -3.452  -2.701  -4.397
  -4.379  -1.804  -3.687  -2.610  -0.785  -3.746  -3.225   0.307  -3.260  -1.331
  -0.949  -3.446  -0.910  -1.856  -2.579  -0.439   0.021  -2.631   0.578  -0.362
  -3.367  -0.400   1.339  -3.064   0.558   1.861  -3.050  -1.315   1.909  -4.452
  -0.391   1.032  -1.075  -0.728   0.321  -0.494  -0.228   1.290  -0.387  -1.465
  -0.590  -0.963  -1.824  -1.364   1.091  -1.658  -0.733   1.375  -2.230  -1.598
   1.604  -0.669  -0.830   1.413  -2.169   0.176
  -4.087  -2.652  -2.908  -3.962  -3.415  -2.191  -3.219  -4.215  -2.438  -4.943
  -3.861  -2.033  -3.497  -2.672  -0.945  -3.151  -3.347   0.031  -3.439  -1.290
  -0.925  -3.914  -0.844  -1.726  -2.771  -0.539   0.151  -2.790   0.474  -0.256
  -3.542  -0.600   1.491  -2.895  -0.097   2.223  -3.738  -1.576   1.831  -4.479
  -0.065   1.386  -1.204  -0.855   0.162  -0.584  -0.791   1.278  -0.691  -1.460
  -0.912  -1.355  -1.470  -1.714   0.675  -1.846  -1.141   0.765  -2.841  -0.803
   0.915  -1.924  -2.148   1.493  -1.225  -0.693
  -4.801  -2.506  -2.601  -4.143  -3.191  -2.014  -3.251  -3.426  -2.633  -4.680
  -4.087  -1.824  -3.648  -2.583  -0.758  -3.420  -3.261   0.225  -3.415  -1.269
  -0.851  -3.645  -0.754  -1.665  -2.659  -0.454   0.110  -2.709   0.609  -0.199
  -3.332  -0.565   1.433  -3.149   0.447   1.952  -2.986  -1.346   2.096  -4.366
  -0.723   1.281  -1.140  -0.827   0.131  -0.510  -0.700   1.192  -0.659  -1.488
  -0.921  -1.351  -1.715  -1.637   0.689  -2.083  -1.076   0.806  -2.776  -0.270
   0.670  -2.658  -2.049   1.475  -1.351  -1.128
  -5.469  -1.579  -2.589  -5.078  -2.546  -2.313  -4.522  -2.899  -3.158  -5.836
  -3.265  -2.047  -3.999  -2.307  -1.185  -3.767  -3.228  -0.354  -3.351  -1.147
  -1.119  -3.480  -0.554  -1.916  -2.519  -0.746   0.000  -2.370   0.344  -0.127
  -3.348  -0.949   1.290  -2.997  -0.255   2.078  -3.203  -1.996   1.634  -4.366
  -0.834   1.073  -1.086  -1.282  -0.013  -0.334  -0.746   0.776  -0.734  -2.187
  -0.882  -1.441  -2.516  -1.557   0.596  -2.680  -1.035   0.959  -3.074  -0.104
   0.604  -3.352  -1.896   1.294  -1.859  -1.234
