default_name                                                                    
   22  0.4200000E+03
  -0.1584202  -0.6222674   2.6146819   0.3482938  -1.4345646   3.0624653
  -0.0147657  -2.3941693   2.6886575   0.3340547  -1.3881969   4.1311444
   1.8445202  -1.3544146   2.7700156   2.5768195  -1.1081884   3.7338081
   2.2186136  -1.4240637   1.4830879   1.4924697  -1.5876386   0.7953979
   3.4576708  -0.9400871   1.0233212   4.2655535  -1.2143120   1.7103714
   3.7014186  -1.5851551  -0.3058661   3.7951790  -2.6897294  -0.2440362
   4.6716658  -1.2973179  -0.6710906   2.9051189  -1.3411610  -1.0405067
   3.6517519   0.6185229   0.8717582   4.7158939   1.1612503   0.6603247
   2.4747883   1.3072735   0.9181673   1.6379653   0.7513548   1.0712792
   2.1780839   2.7304663   0.8383919   3.0877822   3.3089488   0.4638335
   1.2628618   2.8363206   0.3086191   1.9183816   3.0879727   1.8440542
   0.9638711  -0.4491473   0.1078756   0.2737397  -0.0148895  -0.0211255
   0.3539270  -0.8359604   1.2010789  -0.2163676   0.1704306   0.0599600
   0.0123376   0.1698624  -0.1640767  -0.0401051   0.2426407   0.3255753
   0.0970763  -0.3165623  -0.1104820   0.2592997   0.1403538   0.5661113
   0.3656476   0.1532908  -0.3229798   1.8673667   1.1425471   0.3648581
  -0.2176196   0.7941878  -0.0569637  -0.7697569   0.3290621  -0.1282454
   0.5980126  -0.4534313  -0.5033733  -0.1846560   0.4919370   0.0368960
   0.0910362   0.2523897  -0.2581852   0.1629234  -0.0396055  -0.0834476
  -0.1894289  -0.1625813   0.0169233  -0.8944543  -0.3824548   1.5480701
  -0.0362090   0.0774057   0.0837394   0.2495083  -0.9203922  -0.1784457
   0.0683732  -0.2333906   0.6516003   1.3294838   0.0394227   0.9274503
