default_name                                                                    
   0.477   1.586   3.401   1.305   2.220   3.660   2.071   1.635   4.171   0.924
   3.005   4.278   1.845   2.760   2.362   1.116   3.182   1.526   3.156   2.617
   2.192   3.669   2.302   2.989   3.997   2.682   0.944   4.102   3.782   0.667
   5.346   2.006   1.335   5.980   2.045   0.460   5.265   0.988   1.757   5.877
   2.624   1.976   3.376   1.913  -0.256   3.508   2.321  -1.394   2.786   0.726
   0.022   2.701   0.504   0.981   1.791  -0.051  -0.723   2.133  -1.023  -0.715
   0.780  -0.075  -0.186   1.729   0.328  -1.773
   0.837   2.143   3.734   1.364   3.008   3.412   2.105   3.202   4.267   0.730
   3.906   3.467   2.009   2.997   2.015   1.262   3.076   1.017   3.351   2.899
   2.032   3.778   3.161   2.909   4.206   2.715   0.822   4.357   3.685   0.443
   5.540   2.011   1.201   6.163   1.906   0.290   5.308   1.045   1.585   6.089
   2.655   1.918   3.499   1.959  -0.393   3.553   2.550  -1.512   3.083   0.708
  -0.143   3.061   0.492   0.818   2.136   0.048  -1.027   2.567  -0.175  -2.011
   1.849  -0.873  -0.604   1.236   0.635  -0.935
   0.762   1.932   3.797   1.290   2.888   3.637   2.145   3.051   4.357   0.635
   3.743   3.644   1.791   2.801   2.243   1.030   3.023   1.341   3.030   2.591
   2.028   3.581   2.509   2.803   3.842   2.643   0.752   3.952   3.705   0.648
   5.196   1.885   1.046   5.889   2.080   0.203   5.044   0.831   1.258   5.678
   2.321   1.940   3.038   1.977  -0.376   3.131   2.500  -1.511   2.377   0.857
  -0.166   2.530   0.471   0.786   1.521   0.197  -1.133   2.108   0.155  -2.075
   1.251  -0.802  -0.882   0.580   0.755  -1.250
   0.727   1.751   3.354   1.048   2.827   3.336   1.703   3.035   4.142   0.095
   3.370   3.512   1.744   3.017   2.089   1.265   3.566   1.156   2.899   2.439
   2.061   3.223   1.828   2.737   3.738   2.499   0.841   3.818   3.524   0.621
   5.139   1.895   1.120   5.728   1.971   0.279   5.020   0.865   1.446   5.670
   2.305   1.967   3.044   1.950  -0.456   3.134   2.593  -1.517   2.170   0.965
  -0.389   2.040   0.398   0.481   1.508   0.538  -1.593   2.172  -0.189  -2.129
   0.501   0.074  -1.432   1.345   1.395  -2.291
  -0.007   2.343   3.052   0.923   2.879   3.378   1.504   2.341   4.099   0.641
   3.865   3.780   1.721   3.148   2.118   1.217   3.874   1.251   2.908   2.494
   1.962   3.258   1.819   2.648   3.785   2.634   0.741   3.781   3.698   0.447
   5.204   2.468   1.154   5.940   2.548   0.326   5.388   1.436   1.510   5.520
   3.177   1.910   3.369   1.980  -0.581   3.867   2.327  -1.618   2.344   1.104
  -0.446   1.887   0.978   0.376   1.757   0.282  -1.551   1.666  -0.782  -1.361
   0.774   0.626  -1.924   2.447   0.165  -2.349
   0.409   2.938   3.259   1.406   3.206   3.433   1.892   2.455   3.978   1.305
   4.168   3.904   2.203   3.367   2.113   1.734   4.092   1.247   3.417   2.736
   2.072   3.578   2.049   2.798   4.295   2.793   0.839   4.423   3.807   0.605
   5.701   2.351   1.112   6.225   2.453   0.146   5.739   1.299   1.310   6.190
   2.916   1.869   3.732   2.012  -0.432   4.157   2.348  -1.542   2.808   1.046
  -0.213   2.583   0.849   0.747   1.986   0.480  -1.254   1.022   0.891  -1.094
   2.426   0.566  -2.262   1.901  -0.625  -1.069
   1.009   3.281   3.745   2.008   3.671   3.511   2.871   3.259   4.042   1.994
   4.758   3.683   2.287   3.453   2.002   1.783   4.218   1.209   3.289   2.647
   1.692   3.614   2.200   2.477   4.127   2.637   0.441   4.124   3.709   0.141
   5.456   2.110   0.739   6.168   2.298  -0.084   5.496   1.016   1.035   5.681
   2.687   1.668   3.587   1.868  -0.786   3.963   1.985  -1.943   2.655   1.031
  -0.473   2.445   0.953   0.480   2.009   0.074  -1.482   1.682  -0.868  -1.069
   1.047   0.561  -1.697   2.630  -0.050  -2.390
   1.950   3.089   3.588   1.436   3.599   2.863   1.271   4.611   3.064   0.608
   3.113   2.494   2.383   3.653   1.628   1.944   4.278   0.614   3.512   2.893
   1.631   3.765   2.447   2.502   4.379   2.646   0.425   4.505   3.613  -0.045
   5.772   2.103   0.792   6.479   2.224  -0.025   5.715   1.059   1.071   6.053
   2.551   1.741   3.659   1.740  -0.622   3.841   1.802  -1.830   2.714   0.926
  -0.143   2.693   0.894   0.903   1.770  -0.033  -0.797   1.344  -0.548   0.074
   1.157   0.550  -1.442   2.365  -0.680  -1.402
   0.515   3.388   2.694   1.431   4.010   2.757   2.022   3.692   3.571   1.089
   5.128   2.845   2.280   3.893   1.471   1.812   4.365   0.421   3.395   3.141
   1.511   3.731   2.902   2.465   4.227   2.734   0.367   4.491   3.620  -0.289
   5.601   2.176   0.995   6.397   2.217   0.289   5.536   1.243   1.508   5.898
   2.873   1.778   3.533   1.615  -0.566   3.716   1.495  -1.819   2.673   0.821
   0.063   2.488   1.120   1.050   1.877  -0.283  -0.545   1.679  -1.119   0.110
   1.029   0.122  -1.176   2.322  -0.801  -1.317
   1.185   5.114   2.667   2.195   4.682   2.834   2.245   3.982   3.610   2.998
   5.488   2.869   2.567   3.862   1.604   1.871   3.848   0.632   3.680   3.182
   1.655   4.096   2.876   2.577   4.335   2.671   0.390   4.621   3.434  -0.233
   5.652   2.071   0.875   6.322   1.657   0.074   5.415   1.193   1.521   6.223
   2.766   1.493   3.588   1.554  -0.410   3.880   1.367  -1.597   2.684   0.835
   0.230   2.530   1.042   1.201   1.766  -0.152  -0.481   2.251  -1.089  -0.931
   0.946  -0.368   0.181   1.346   0.442  -1.289
   0.855   4.128   3.017   1.968   4.151   3.182   2.152   3.338   3.936   2.207
   5.124   3.565   2.566   3.968   1.767   2.046   4.358   0.698   3.683   3.312
   1.759   4.014   3.014   2.592   4.370   2.953   0.502   4.358   3.895  -0.088
   5.871   2.656   0.781   6.444   2.874  -0.164   6.142   1.634   1.039   6.238
   3.362   1.621   3.651   1.814  -0.404   3.881   1.694  -1.620   2.993   0.900
   0.238   2.878   0.997   1.219   2.112  -0.144  -0.351   2.683  -1.068  -0.387
   1.306  -0.407   0.378   1.724   0.201  -1.354
   2.256   3.249   3.749   2.159   4.115   3.080   3.030   4.707   3.415   1.236
   4.608   3.274   2.499   3.767   1.625   1.739   4.088   0.689   3.668   3.150
   1.522   4.120   2.879   2.388   4.357   2.911   0.205   4.308   3.831  -0.326
   5.867   2.550   0.485   6.549   2.517  -0.439   5.893   1.624   1.083   6.343
   3.421   1.029   3.739   1.607  -0.549   3.857   1.557  -1.807   3.302   0.608
   0.208   3.386   0.775   1.239   2.765  -0.689  -0.344   2.943  -1.526   0.345
   1.627  -0.702  -0.382   3.150  -0.894  -1.279
   2.270   3.362   3.624   2.400   4.260   3.011   3.285   4.753   3.513   1.525
   4.875   3.198   2.662   3.871   1.579   1.772   4.201   0.744   3.778   3.223
   1.353   4.265   2.868   2.105   4.179   2.868  -0.013   3.961   3.739  -0.634
   5.713   2.650  -0.194   5.960   2.229  -1.174   6.018   1.931   0.567   6.250
   3.575  -0.142   3.340   1.674  -0.681   3.197   1.582  -1.920   3.070   0.611
   0.173   3.028   0.769   1.192   2.648  -0.665  -0.212   2.056  -0.514  -1.141
   3.508  -1.324  -0.348   2.008  -1.006   0.591
   3.021   2.961   3.537   2.432   3.792   3.043   2.465   4.581   3.817   1.375
   3.424   3.079   2.932   4.070   1.686   2.271   4.832   0.984   4.005   3.430
   1.402   4.295   2.752   2.103   4.421   3.058   0.034   4.278   3.890  -0.639
   5.913   2.723  -0.039   6.160   2.211  -0.919   6.168   2.081   0.883   6.521
   3.575   0.135   3.670   1.861  -0.551   3.336   1.876  -1.735   3.213   0.835
   0.290   3.547   0.632   1.261   2.714  -0.339  -0.416   1.706  -0.204  -0.745
   3.166  -0.567  -1.427   2.838  -1.322   0.093
   1.118   4.697   2.913   2.207   4.410   2.861   2.294   3.491   3.389   2.676
   5.280   3.383   2.779   4.365   1.406   2.146   4.804   0.408   4.014   3.793
   1.276   4.541   3.603   2.091   4.522   3.536  -0.095   4.370   4.446  -0.712
   6.011   3.228   0.055   6.364   2.674  -0.845   6.119   2.459   0.876   6.610
   4.144   0.105   3.771   2.467  -0.951   3.427   2.600  -2.070   3.536   1.300
  -0.281   3.913   1.284   0.591   3.054  -0.024  -0.772   3.454  -0.189  -1.835
   3.422  -0.830  -0.109   1.966   0.010  -0.893
   1.128   4.296   2.473   2.242   4.243   2.585   2.500   3.463   3.248   2.534
   5.198   3.046   2.812   4.227   1.223   2.219   4.936   0.412   4.030   3.649
   0.900   4.641   3.291   1.628   4.401   3.445  -0.513   3.979   4.376  -1.002
   5.887   3.301  -0.462   6.248   2.526  -1.234   6.374   2.969   0.454   6.373
   4.233  -0.699   3.661   2.278  -1.182   3.415   2.307  -2.414   3.312   1.216
  -0.505   3.356   1.157   0.524   2.711  -0.018  -1.060   2.571   0.069  -2.143
   3.467  -0.814  -0.891   1.794  -0.270  -0.582
   0.841   4.259   2.379   1.885   4.200   2.623   2.005   3.188   3.142   2.067
   5.084   3.211   2.621   4.309   1.326   2.057   5.017   0.504   3.746   3.635
   1.133   4.099   3.159   1.924   4.427   3.630  -0.160   4.343   4.647  -0.678
   5.915   3.385   0.116   6.386   3.414  -0.840   6.221   2.436   0.667   6.303
   4.152   0.822   3.983   2.535  -1.120   4.016   2.689  -2.387   3.592   1.356
  -0.616   3.384   1.339   0.385   3.111   0.203  -1.340   4.014  -0.277  -1.768
   2.663  -0.576  -0.630   2.419   0.455  -2.194
   0.736   4.875   2.147   1.663   4.322   2.398   1.459   3.435   2.942   2.280
   4.998   3.028   2.542   4.040   1.209   2.069   4.398   0.118   3.828   3.669
   1.211   4.238   3.319   2.101   4.634   3.478  -0.066   4.783   4.433  -0.624
   6.049   3.148   0.383   6.748   3.064  -0.488   6.026   2.213   0.962   6.342
   3.985   0.939   4.080   2.411  -1.069   4.390   2.523  -2.239   3.382   1.420
  -0.532   3.317   1.448   0.502   2.801   0.243  -1.258   3.673  -0.185  -1.729
   2.460  -0.523  -0.533   2.031   0.518  -2.019
   0.469   4.754   1.333   1.511   4.695   1.673   1.442   3.804   2.339   1.825
   5.470   2.389   2.525   4.522   0.618   2.226   4.627  -0.544   3.660   4.169
   1.096   3.747   4.241   2.109   4.761   3.684   0.243   5.039   4.485  -0.517
   5.961   3.420   1.176   6.621   2.882   0.450   5.662   2.733   1.992   6.579
   4.229   1.476   4.265   2.392  -0.503   4.611   2.080  -1.664   3.594   1.552
   0.257   3.428   1.821   1.239   3.054   0.216  -0.120   3.773  -0.539   0.005
   2.156  -0.102   0.513   2.679   0.271  -1.091
   2.231   4.001   2.639   2.208   4.997   2.129   2.573   5.764   2.781   1.139
   5.182   1.807   2.961   4.886   0.904   2.457   4.887  -0.266   4.157   4.285
   1.154   4.486   4.343   2.134   4.951   3.627   0.085   5.216   4.492  -0.574
   6.179   2.980   0.758   6.798   2.769  -0.131   5.966   2.077   1.270   6.590
   3.697   1.481   4.279   2.492  -0.714   4.588   2.236  -1.869   3.391   1.795
  -0.002   3.148   2.045   0.927   2.871   0.426  -0.441   3.433  -0.394  -0.111
   1.864   0.096  -0.028   2.727   0.431  -1.454
   3.197   5.001   2.775   2.534   5.203   1.954   2.327   6.305   1.888   1.613
   4.643   2.123   3.160   4.599   0.653   2.594   4.762  -0.447   4.409   4.051
   0.756   4.764   3.954   1.688   5.006   3.209  -0.206   5.036   3.919  -1.047
   6.379   2.852   0.287   6.696   1.867  -0.147   6.555   2.906   1.384   7.037
   3.756  -0.031   4.097   2.034  -0.711   4.244   1.685  -1.908   3.228   1.526
   0.154   2.991   2.147   0.971   2.588   0.188   0.243   2.874  -0.274  -0.731
   3.048  -0.282   1.116   1.549   0.285   0.367
   2.304   4.472   2.380   2.277   5.351   1.734   2.812   6.258   2.128   1.260
   5.603   1.398   2.982   4.759   0.610   2.705   4.975  -0.622   4.062   3.990
   0.830   4.213   3.787   1.829   4.803   3.236  -0.233   4.925   3.796  -1.086
   6.241   2.942   0.340   6.983   2.822  -0.480   6.179   2.010   0.967   6.556
   3.833   0.959   4.041   1.937  -0.699   4.311   1.433  -1.771   2.995   1.494
   0.062   2.877   2.161   0.840   2.045   0.386  -0.115   2.487  -0.256  -0.871
   1.943  -0.159   0.799   1.161   0.867  -0.505
   2.836   5.260   2.501   2.505   5.602   1.466   2.903   6.603   1.334   1.504
   5.541   1.268   3.056   4.511   0.435   2.506   4.339  -0.586   4.084   3.799
   0.904   4.346   3.863   1.908   4.796   2.834   0.047   5.106   3.299  -0.921
   6.001   2.572   0.821   6.794   2.168   0.101   5.798   1.946   1.693   6.433
   3.563   1.110   4.043   1.551  -0.296   4.480   0.694  -1.078   2.979   1.289
   0.421   2.630   1.957   1.091   2.130   0.070   0.374   1.950  -0.120  -0.690
   2.679  -0.764   0.867   1.251   0.021   0.969
   3.133   5.749   2.164   2.437   5.567   1.407   2.108   6.491   0.925   1.603
   5.114   1.844   3.032   4.602   0.421   2.362   4.383  -0.626   4.208   3.966
   0.731   4.621   4.101   1.626   4.808   2.757   0.104   5.163   2.956  -0.929
   5.991   2.219   0.981   6.072   1.120   0.811   5.782   2.107   1.997   6.900
   2.794   0.874   3.864   1.685  -0.220   4.068   0.911  -1.185   2.867   1.486
   0.598   2.620   2.166   1.295   1.999   0.315   0.507   0.982   0.527   0.782
   2.017  -0.201  -0.489   2.417  -0.527   1.157
   2.615   6.191   1.589   2.010   5.437   1.180   1.277   5.947   0.521   1.565
   4.868   1.886   2.871   4.482   0.292   2.613   4.471  -0.873   3.808   3.691
   0.795   3.749   3.505   1.730   4.709   2.733   0.024   5.068   3.293  -0.796
   5.889   2.471   0.966   6.724   2.004   0.392   5.564   2.071   1.928   6.374
   3.403   1.232   4.110   1.306  -0.513   4.692   0.651  -1.338   2.899   0.862
   0.017   2.482   1.560   0.661   2.421  -0.516  -0.103   1.338  -0.674   0.168
   2.432  -0.805  -1.177   3.194  -1.022   0.398
   0.838   5.847   0.310   1.518   5.224   0.929   0.972   4.549   1.643   2.066
   6.023   1.442   2.426   4.334   0.035   2.369   4.402  -1.191   3.373   3.656
   0.749   3.548   3.862   1.673   4.453   2.805   0.115   4.790   3.399  -0.691
   5.556   2.759   1.102   6.408   2.153   0.735   5.250   2.498   2.089   5.897
   3.779   1.114   3.860   1.520  -0.326   4.523   0.899  -1.130   2.766   1.031
   0.253   2.413   1.684   0.880   2.309  -0.362   0.203   1.495  -0.642   0.957
   1.914  -0.643  -0.725   3.122  -1.041   0.381
   0.627   5.785   0.684   1.189   4.923   1.130   0.500   4.061   1.296   1.494
   5.267   2.116   2.533   4.632   0.400   2.707   4.839  -0.809   3.406   3.793
   1.030   3.240   3.455   1.950   4.432   2.993   0.319   4.755   3.563  -0.549
   5.623   2.777   1.271   6.396   2.102   0.811   5.206   2.308   2.134   6.037
   3.734   1.547   3.960   1.589  -0.158   4.570   0.852  -0.882   2.694   1.320
   0.060   2.192   2.109   0.547   2.008   0.038  -0.342   2.455  -0.901   0.016
   0.984   0.116  -0.017   1.915   0.136  -1.387
   0.960   5.860  -0.082   1.406   5.217   0.628   0.684   4.440   0.890   1.674
   5.884   1.517   2.565   4.501  -0.053   2.749   4.621  -1.239   3.305   3.649
   0.705   3.112   3.470   1.680   4.361   2.778   0.283   5.101   3.286  -0.385
   5.133   2.499   1.502   5.841   1.596   1.438   4.485   2.172   2.296   5.633
   3.333   1.888   3.930   1.452  -0.349   4.728   0.739  -0.820   2.660   1.133
  -0.190   2.042   1.960  -0.030   1.933  -0.130  -0.436   1.463  -0.538   0.503
   1.141  -0.033  -1.201   2.586  -1.031  -0.627
   1.387   5.907  -0.569   2.112   5.874   0.288   1.627   5.590   1.220   2.560
   6.842   0.365   3.072   4.757  -0.159   3.219   4.520  -1.363   3.703   3.976
   0.744   3.374   4.039   1.692   4.707   2.916   0.455   5.429   3.358  -0.224
   5.435   2.416   1.713   6.383   1.915   1.518   4.852   1.739   2.408   5.706
   3.242   2.292   4.046   1.703  -0.188   4.605   1.004  -1.050   2.790   1.384
   0.248   2.376   1.913   0.912   1.973   0.271  -0.018   2.030  -0.515   0.765
   0.952   0.494  -0.023   2.174  -0.105  -1.042
   2.114   6.708  -0.878   1.758   5.810  -0.397   0.676   5.711  -0.677   1.827
   6.033   0.631   2.809   4.783  -0.738   3.201   4.684  -1.928   3.499   4.154
   0.329   3.183   4.411   1.243   4.531   3.023   0.060   5.137   3.353  -0.816
   5.569   2.899   1.223   6.254   2.087   1.006   4.936   2.674   2.140   6.125
   3.821   1.294   3.945   1.671  -0.315   4.436   0.926  -1.148   2.780   1.308
   0.262   2.425   1.873   0.960   1.885   0.114   0.148   2.121  -0.636   0.863
   0.825   0.320   0.395   2.145  -0.283  -0.864
   2.596   6.254   0.360   1.961   5.702  -0.309   1.683   6.189  -1.203   0.925
   5.469   0.117   2.760   4.470  -0.676   2.716   4.089  -1.856   3.516   3.892
   0.256   3.546   4.264   1.150   4.476   2.669   0.052   5.122   2.974  -0.833
   5.371   2.483   1.278   6.335   1.952   1.044   4.815   1.750   1.927   5.569
   3.368   1.802   3.817   1.228  -0.387   4.431   0.455  -1.053   2.585   0.890
   0.065   2.269   1.605   0.711   1.776  -0.296  -0.162   1.411  -0.762   0.733
   0.918  -0.126  -0.822   2.517  -0.910  -0.733
   2.270   6.180  -0.916   2.033   5.335  -0.263   1.018   4.904  -0.356   2.256
   5.561   0.826   2.953   4.228  -0.592   3.171   3.933  -1.778   3.682   3.665
   0.394   3.442   3.927   1.322   4.490   2.491   0.295   5.361   2.800  -0.230
   5.281   2.217   1.664   6.149   1.544   1.603   4.649   1.629   2.334   5.547
   3.153   2.214   3.993   1.240  -0.298   4.677   0.547  -0.916   2.796   0.876
   0.078   2.403   1.467   0.779   1.832   0.099  -0.553   1.415  -0.736   0.018
   1.069   0.795  -0.825   2.155  -0.373  -1.528
   2.101   6.497  -0.966   1.930   5.453  -0.522   1.035   5.028  -0.941   1.635
   5.442   0.524   3.055   4.472  -0.696   3.629   4.512  -1.782   3.401   3.640
   0.262   3.255   3.930   1.231   4.299   2.462   0.131   5.106   2.853  -0.463
   4.859   2.180   1.581   5.327   1.195   1.550   3.965   2.161   2.265   5.706
   2.822   1.860   3.958   1.131  -0.586   4.877   0.643  -1.238   2.701   0.643
  -0.526   2.077   1.244  -0.046   2.264  -0.563  -1.210   3.001  -1.300  -1.464
   1.678  -1.129  -0.482   1.531  -0.329  -1.994
   1.959   5.813  -1.720   2.081   5.220  -0.778   1.160   4.715  -0.556   2.273
   5.896  -0.031   3.254   4.323  -1.157   3.879   4.341  -2.248   3.478   3.419
  -0.235   3.094   3.674   0.608   4.549   2.421  -0.207   5.459   2.906  -0.598
   4.830   1.906   1.258   5.623   1.243   1.145   3.988   1.288   1.606   5.176
   2.627   1.961   4.291   1.096  -1.082   5.278   0.495  -1.563   2.976   0.777
  -1.087   2.351   1.336  -0.535   2.435  -0.363  -1.860   2.625   0.084  -2.865
   3.026  -1.273  -1.752   1.370  -0.384  -1.606
   1.203   5.101  -1.888   1.601   4.600  -0.972   0.856   3.895  -0.583   1.843
   5.339  -0.144   2.804   3.769  -1.146   3.173   3.714  -2.339   3.232   3.084
  -0.112   2.762   3.115   0.670   4.430   2.358  -0.113   5.243   2.858  -0.589
   4.849   2.178   1.324   5.553   1.265   1.314   4.013   1.783   1.960   5.298
   3.147   1.642   4.241   1.028  -0.830   5.031   0.668  -1.635   3.048   0.489
  -0.737   2.466   0.755   0.090   2.452  -0.560  -1.554   3.240  -1.285  -1.929
   1.735  -1.129  -0.968   1.854  -0.069  -2.254
   1.043   4.473  -0.341   1.573   4.810  -1.241   1.840   5.896  -1.146   0.893
   4.572  -2.005   2.923   4.023  -1.326   3.481   3.703  -2.381   3.349   3.573
  -0.131   2.883   3.821   0.724   4.465   2.615  -0.003   5.434   3.042  -0.437
   4.707   2.385   1.530   5.737   1.955   1.726   3.918   1.799   2.131   4.593
   3.311   1.928   4.201   1.238  -0.618   5.072   0.603  -1.242   2.929   0.809
  -0.467   2.344   1.513  -0.019   2.299  -0.229  -1.272   3.095  -0.914  -1.564
   1.408  -0.616  -0.827   2.095   0.338  -2.226
   1.570   5.454  -1.298   1.630   4.465  -1.634   1.213   4.362  -2.729   0.937
   3.863  -1.007   2.900   3.972  -1.507   3.726   4.032  -2.463   3.147   3.330
  -0.345   2.549   3.336   0.355   4.376   2.508  -0.183   5.100   3.066  -0.745
   4.792   2.401   1.280   5.881   2.287   1.164   4.157   1.640   1.843   4.587
   3.342   1.851   4.254   1.141  -0.886   5.041   0.815  -1.753   3.292   0.266
  -0.501   2.815   0.535   0.398   3.146  -0.977  -1.235   2.207  -1.507  -0.904
   3.234  -0.865  -2.304   3.920  -1.618  -0.905
   1.068   3.826   0.185   1.469   4.139  -0.847   1.527   5.299  -0.919   0.841
   3.753  -1.540   2.839   3.709  -0.927   3.404   4.012  -1.992   3.412   3.104
   0.095   2.817   3.051   0.903   4.680   2.305   0.223   5.485   2.797  -0.249
   4.994   2.158   1.740   5.371   1.138   1.948   4.075   2.196   2.313   5.730
   2.860   2.047   4.582   0.899  -0.403   5.549   0.174  -0.582   3.323   0.400
  -0.735   2.489   0.878  -0.308   3.035  -0.745  -1.601   2.019  -1.097  -1.147
   2.946  -0.355  -2.655   3.777  -1.565  -1.552
   1.141   3.712  -0.781   1.887   4.545  -0.755   1.870   5.007   0.252   1.767
   5.238  -1.575   3.266   3.909  -1.063   3.705   3.964  -2.165   3.736   3.229
  -0.036   3.457   3.451   0.933   4.913   2.291   0.044   5.657   2.576  -0.651
   5.386   2.192   1.478   6.331   1.696   1.536   4.636   1.846   2.116   5.695
   3.198   1.787   4.772   0.853  -0.439   5.701   0.091  -0.714   3.497   0.364
  -0.582   2.692   0.919  -0.262   3.165  -0.878  -1.252   2.156  -1.302  -0.807
   3.122  -0.954  -2.335   3.992  -1.610  -0.994
   0.716   3.877  -0.970   1.525   4.489  -0.759   1.314   4.884   0.234   1.616
   5.334  -1.539   2.860   3.677  -0.858   3.470   3.696  -1.930   3.332   2.942
   0.112   2.781   2.914   0.952   4.621   2.230   0.115   5.427   2.989  -0.238
   4.940   2.021   1.574   5.742   1.306   1.812   4.220   1.549   2.085   5.112
   3.063   2.035   4.616   0.762  -0.585   5.645   0.257  -0.921   3.381   0.161
  -0.844   2.607   0.680  -0.340   3.203  -0.858  -1.854   4.172  -1.004  -2.286
   2.739  -1.754  -1.477   2.572  -0.449  -2.666
   1.212   3.177  -1.841   1.654   3.951  -1.149   1.181   3.906  -0.151   1.553
   4.873  -1.663   3.157   3.701  -1.055   4.007   4.254  -1.808   3.515   2.964
  -0.043   2.798   2.639   0.496   4.738   2.178   0.113   5.581   2.695  -0.224
   5.012   2.129   1.689   5.877   1.518   2.042   4.050   1.982   2.194   5.340
   3.173   1.955   4.597   0.845  -0.603   5.611   0.254  -1.061   3.401   0.371
  -0.865   2.641   0.956  -0.543   3.022  -0.805  -1.717   3.767  -1.027  -2.519
   3.052  -1.745  -1.143   2.022  -0.716  -2.234
   1.203   2.775  -0.998   1.703   3.679  -1.263   1.291   4.463  -0.629   1.532
   3.793  -2.315   3.207   3.496  -1.015   4.107   3.850  -1.837   3.387   2.716
   0.099   2.528   2.418   0.589   4.589   2.014   0.331   5.312   2.815  -0.024
   4.757   1.943   1.868   5.678   1.338   2.090   3.871   1.448   2.234   4.759
   3.023   2.277   4.682   0.736  -0.451   5.792   0.281  -0.748   3.531   0.132
  -0.935   2.605   0.566  -0.861   3.529  -1.015  -1.856   4.424  -1.555  -1.945
   2.983  -1.898  -1.422   3.253  -0.648  -2.929
   1.168   3.456  -1.644   1.660   4.299  -1.293   1.108   4.584  -0.331   1.730
   5.170  -2.016   3.060   3.769  -0.963   4.012   4.132  -1.677   3.147   2.819
   0.105   2.354   2.751   0.773   4.338   2.097   0.558   5.259   2.660   0.438
   4.305   1.907   2.067   5.353   1.660   2.368   3.758   0.988   2.371   4.026
   2.744   2.657   4.612   0.819  -0.308   5.748   0.432  -0.336   3.657   0.239
  -0.988   2.712   0.498  -0.697   3.829  -1.047  -1.595   4.808  -1.586  -1.356
   3.068  -1.797  -1.315   3.754  -0.925  -2.680
   0.828   2.731  -1.404   1.434   3.633  -1.320   0.905   4.331  -0.704   1.554
   4.017  -2.255   2.762   3.408  -0.851   3.830   3.502  -1.533   2.762   2.634
   0.237   1.872   2.511   0.767   3.972   2.138   0.781   4.808   2.846   0.695
   3.677   1.895   2.334   4.629   1.722   2.907   2.950   1.091   2.498   3.327
   2.867   2.637   4.407   0.748   0.304   5.519   0.333   0.533   3.565   0.148
  -0.507   2.728   0.675  -0.469   3.596  -0.997  -1.463   4.485  -1.640  -1.338
   2.750  -1.591  -1.307   3.802  -0.674  -2.496
   0.822   3.265  -1.192   1.661   3.744  -1.599   1.515   4.807  -1.644   1.709
   3.327  -2.626   2.881   3.321  -0.865   3.977   3.407  -1.456   2.589   2.654
   0.249   1.727   2.643   0.735   3.730   1.962   0.861   4.629   2.553   0.548
   3.614   2.187   2.391   4.490   1.821   2.837   2.721   1.783   2.767   3.477
   3.236   2.576   4.051   0.556   0.338   5.013  -0.140   0.657   3.335   0.224
  -0.724   2.444   0.726  -0.970   3.542  -0.745  -1.841   4.420  -1.316  -1.571
   2.716  -1.454  -1.961   3.660   0.004  -2.678
   1.629   5.333  -0.537   1.723   4.555  -1.378   2.094   5.040  -2.233   0.778
   4.036  -1.539   2.701   3.496  -0.929   3.603   3.085  -1.706   2.588   2.960
   0.312   1.690   3.078   0.772   3.713   2.172   0.925   4.735   2.652   0.691
   3.543   2.272   2.432   4.428   2.041   3.040   2.714   1.654   2.559   3.311
   3.409   2.559   3.762   0.744   0.435   4.592   0.014   0.983   2.882   0.293
  -0.440   2.285   1.077  -0.835   2.648  -1.059  -0.856   2.485  -1.723  -0.066
   1.754  -0.998  -1.570   3.577  -1.317  -1.323
   2.368   5.515  -1.040   1.847   4.630  -1.170   1.487   4.425  -2.232   1.064
   4.453  -0.492   2.826   3.498  -0.817   3.677   3.067  -1.620   2.754   2.989
   0.417   2.197   3.448   1.041   3.580   1.924   1.020   4.570   2.377   1.101
   3.040   1.704   2.382   3.332   0.724   2.662   1.985   1.764   2.330   3.443
   2.483   3.039   3.723   0.502   0.276   4.651  -0.312   0.462   2.692   0.081
  -0.465   1.983   0.747  -0.575   2.775  -1.097  -1.389   2.993  -2.000  -0.924
   1.797  -1.210  -1.913   3.514  -0.900  -2.214
   2.571   5.383  -1.814   2.023   4.461  -1.654   1.532   4.191  -2.554   1.275
   4.731  -0.920   2.895   3.421  -1.083   3.866   2.965  -1.781   2.552   2.876
   0.103   1.709   3.223   0.512   3.360   1.991   0.932   4.339   2.392   0.994
   2.663   1.849   2.324   3.374   1.285   2.912   1.773   1.240   2.190   2.454
   2.748   2.874   3.589   0.573   0.320   4.529  -0.120   0.696   2.620   0.079
  -0.522   1.759   0.640  -0.628   2.562  -1.337  -1.004   3.480  -1.800  -1.237
   2.001  -1.871  -0.249   1.974  -1.294  -1.909
   2.225   4.839  -1.861   2.068   3.800  -1.968   2.284   3.578  -2.985   1.049
   3.535  -1.758   3.067   3.145  -1.021   4.177   2.915  -1.376   2.496   2.802
   0.176   1.623   3.227   0.381   3.146   1.935   1.147   4.121   2.333   1.441
   2.279   1.765   2.408   2.853   1.401   3.219   1.298   1.199   2.277   2.010
   2.734   2.776   3.392   0.576   0.436   4.511   0.037   0.425   2.324   0.005
  -0.164   1.414   0.501  -0.139   2.441  -1.218  -0.919   3.237  -1.184  -1.675
   2.832  -1.987  -0.217   1.554  -1.571  -1.438
   2.703   4.542  -2.577   2.269   4.356  -1.622   1.363   3.855  -1.829   2.213
   5.292  -1.068   3.125   3.364  -0.899   4.211   2.987  -1.366   2.634   3.100
   0.340   1.696   3.444   0.562   3.185   2.156   1.278   4.197   2.351   1.507
   2.412   2.206   2.554   3.041   1.668   3.330   1.528   1.714   2.518   2.237
   3.219   2.900   3.184   0.743   0.659   4.104  -0.088   0.902   2.113   0.397
  -0.038   1.338   1.049  -0.115   2.042  -0.761  -0.906   2.543  -1.634  -0.488
   1.040  -1.225  -0.959   2.522  -0.560  -1.894
   2.288   4.104  -2.881   2.084   4.306  -1.832   1.035   4.104  -1.726   2.269
   5.289  -1.403   2.956   3.358  -1.025   3.970   2.929  -1.541   2.571   3.122
   0.222   1.730   3.524   0.492   3.194   2.172   1.065   4.309   2.451   0.943
   2.876   2.441   2.574   3.130   1.614   3.261   1.865   2.430   2.756   3.453
   3.247   2.957   3.043   0.715   0.677   3.914  -0.083   1.135   2.127   0.326
  -0.161   1.393   0.969  -0.262   2.086  -0.914  -0.857   2.996  -1.491  -0.585
   1.272  -1.561  -0.666   2.105  -0.838  -1.942
   2.969   5.733  -1.347   2.707   4.689  -1.719   2.977   4.692  -2.787   1.610
   4.523  -1.585   3.320   3.603  -0.932   4.316   3.112  -1.376   2.690   3.213
   0.147   1.951   3.756   0.548   3.147   2.179   1.087   4.195   2.304   1.372
   2.293   2.264   2.324   2.539   1.365   2.944   1.239   2.404   2.184   2.579
   3.095   2.920   3.089   0.731   0.516   3.776  -0.210   0.988   2.181   0.496
  -0.403   1.791   1.298  -0.777   1.918  -0.790  -1.113   2.767  -1.405  -1.387
   1.329  -1.361  -0.425   1.362  -0.614  -2.061
   2.933   5.725  -1.329   3.276   4.851  -1.932   4.076   5.174  -2.536   2.501
   4.576  -2.656   3.607   3.675  -1.001   4.625   2.974  -1.147   2.775   3.312
  -0.013   1.897   3.770   0.002   2.992   2.388   1.081   3.932   2.611   1.620
   1.886   2.467   2.194   2.221   1.714   2.941   0.899   2.219   1.658   1.880
   3.387   2.648   3.046   0.905   0.618   3.964   0.178   1.034   2.161   0.623
  -0.306   1.523   1.344  -0.595   2.112  -0.675  -1.013   2.901  -1.407  -0.634
   1.219  -1.099  -0.687   2.057  -0.443  -2.051
   2.975   5.809  -1.090   3.273   4.954  -1.776   4.206   5.154  -2.300   2.558
   4.519  -2.507   3.652   3.807  -0.932   4.750   3.314  -1.021   2.758   3.454
   0.035   1.842   3.844   0.094   3.038   2.458   1.104   4.061   2.673   1.370
   2.032   2.851   2.199   2.218   2.287   3.120   1.097   2.622   1.843   2.137
   3.908   2.541   3.008   1.012   0.701   3.710   0.217   1.312   2.125   0.702
  -0.312   1.693   1.452  -0.830   1.976  -0.617  -0.988   2.944  -1.008  -1.268
   1.588  -1.274  -0.238   1.301  -0.627  -1.869
   2.628   5.884  -1.542   3.137   4.944  -1.982   4.037   5.199  -2.586   2.460
   4.336  -2.721   3.577   4.014  -0.830   4.643   3.414  -0.932   2.756   4.016
   0.223   1.948   4.675   0.267   2.833   2.982   1.252   3.739   3.105   1.837
   1.672   3.153   2.230   1.862   2.525   3.032   0.742   2.941   1.743   1.543
   4.170   2.536   2.970   1.492   0.752   3.596   0.640   1.476   2.384   1.137
  -0.387   1.917   1.869  -0.967   2.417  -0.233  -0.783   3.438  -0.664  -0.767
   1.706  -0.673  -0.009   1.963  -0.314  -1.774
   3.164   5.918  -1.900   3.025   4.890  -2.239   3.650   4.817  -3.070   2.000
   4.767  -2.521   3.343   3.956  -1.110   4.445   3.377  -1.113   2.485   3.794
  -0.084   1.645   4.248  -0.133   2.782   2.916   1.095   3.661   3.348   1.636
   1.597   2.963   2.027   1.646   2.449   2.973   0.724   2.710   1.401   1.402
   3.985   2.264   3.071   1.453   0.762   3.826   0.731   1.426   2.514   1.011
  -0.352   2.216   1.753  -0.983   2.469  -0.366  -0.948   3.478  -0.750  -1.163
   1.938  -1.071  -0.259   2.074  -0.283  -1.970
   2.799   5.909  -1.892   3.011   5.020  -2.427   3.833   5.130  -3.134   2.164
   4.781  -3.002   3.364   3.959  -1.411   4.541   3.464  -1.439   2.516   3.764
  -0.404   1.655   4.344  -0.431   2.857   3.110   0.821   3.767   3.630   1.150
   1.725   3.400   1.823   1.857   2.896   2.766   0.766   3.013   1.392   1.629
   4.488   1.890   3.037   1.616   0.745   3.873   1.059   1.487   2.389   0.875
  -0.171   1.739   1.364  -0.761   2.389  -0.619  -0.210   2.109  -1.065   0.736
   1.663  -0.878  -0.985   3.311  -1.084  -0.628
   2.564   5.483  -2.709   2.737   4.391  -2.857   3.539   4.372  -3.649   1.883
   3.776  -3.131   3.239   3.852  -1.502   4.427   3.609  -1.347   2.296   3.760
  -0.563   1.355   4.022  -0.749   2.666   3.138   0.767   3.595   3.599   1.129
   1.519   3.475   1.683   1.622   2.908   2.631   0.601   3.147   1.078   1.380
   4.534   1.894   2.939   1.640   0.720   3.643   1.118   1.602   2.377   0.907
  -0.246   1.845   1.439  -0.922   2.502  -0.503  -0.529   2.496  -1.066   0.374
   1.636  -0.713  -1.073   3.330  -0.703  -1.198
   2.006   5.868  -2.168   2.407   4.937  -2.510   3.215   5.165  -3.211   1.595
   4.351  -2.835   3.062   4.216  -1.356   4.289   4.084  -1.344   2.183   3.743
  -0.480   1.227   4.047  -0.639   2.471   3.121   0.803   3.295   3.640   1.253
   1.215   3.140   1.779   1.380   2.400   2.604   0.326   2.837   1.137   1.079
   4.199   2.127   3.118   1.711   0.719   4.014   1.407   1.508   2.592   0.903
  -0.163   1.869   1.293  -0.765   2.874  -0.559  -0.201   3.287  -0.982   0.772
   1.886  -1.038  -0.449   3.468  -0.863  -1.029
   1.964   5.897  -2.664   1.889   4.852  -2.504   2.328   4.471  -3.348   0.831
   4.543  -2.445   2.712   4.374  -1.306   3.937   4.352  -1.359   2.016   3.844
  -0.264   1.026   4.099  -0.255   2.633   3.218   0.940   3.533   3.837   1.158
   1.682   3.439   2.066   2.123   3.223   2.996   0.813   2.830   1.900   1.349
   4.434   2.225   3.017   1.685   0.801   3.755   1.159   1.665   2.470   1.000
  -0.219   1.904   1.556  -0.867   2.582  -0.463  -0.578   3.361  -1.075  -0.016
   1.612  -0.955  -0.331   2.909  -0.516  -1.640
