default_name                                                                    
   22  0.4200000E+03
  -2.5190692   0.6542212   0.7021146  -1.8653228  -0.1074162   0.3496944
  -1.7982734  -0.2130229  -0.7163543  -2.3934021  -0.9711656   0.6685523
  -0.5203024  -0.2310138   0.9691781  -0.3549250  -0.8101309   2.0812724
   0.4932824   0.1834997   0.2545366   0.2223642   0.6816823  -0.5921550
   1.8961455  -0.1292628   0.4607044   2.4096224   0.1465645  -0.4547282
   2.5029490   0.7473209   1.5547604   1.7507675   0.8777030   2.2551814
   2.8877137   1.6630225   1.1852618   3.3159468   0.1831105   1.9939914
   2.1889549  -1.6676553   0.6584869   3.1871333  -1.9633844   1.3061174
   1.3620200  -2.5697314   0.1563815   0.4886958  -2.2176981  -0.2466972
   1.5720325  -3.9758350   0.1789733   0.8599320  -4.5148697  -0.4417439
   2.5887418  -4.0804973  -0.1525433   1.5707857  -4.3057233   1.2104877
   0.4086218  -0.1489959   0.5085823  -0.1710697   0.0543088  -0.0753719
   0.3643275  -0.8362801   0.7435990  -0.4113103   0.1360752  -0.7560009
   0.2399866   0.3325234  -0.0062557  -0.1734189  -0.0826630  -0.0806284
  -0.0379614  -0.0062863   0.1731879   1.8937296  -0.8424287  -0.2367737
  -0.1492169   0.1014377   0.0991936  -1.9549166   0.8689663  -0.1443174
   0.3245402   0.0687031   0.0970988  -0.6293801   0.7119512  -0.5994507
  -0.2513288  -0.3854552  -0.4860191  -1.0741417  -0.4179905   0.4308211
  -0.1485452   0.3620223   0.3608374   0.0566131   0.1217578  -0.3539238
   0.1764033  -0.0294798  -0.2004497   0.1051113  -2.3172264  -0.6123058
   0.0629888   0.0890087  -0.3280410  -0.4252852   1.3864733  -2.3174356
  -0.6047586   1.1700973   0.4873992   0.2862250  -0.8267368   0.6870377
