default_name                                                                    
  -5.217   1.170   0.039  -5.979   0.844  -0.689  -6.709   1.648  -0.893  -6.604
  -0.050  -0.298  -5.265   0.491  -2.011  -5.248   1.301  -2.963  -4.819  -0.792
  -2.127  -4.921  -1.326  -1.275  -3.777  -1.115  -3.134  -3.446  -2.160  -2.860
  -4.343  -1.244  -4.498  -3.522  -1.468  -5.063  -4.839  -0.299  -4.783  -5.091
  -2.037  -4.519  -2.579  -0.122  -3.143  -1.708  -0.165  -2.271  -2.474   0.791
  -4.171  -3.260   0.703  -4.811  -1.257   1.555  -4.541  -0.556   1.877  -3.733
  -0.783   1.100  -5.440  -1.604   2.516  -5.009
  -6.015   0.547  -0.354  -5.751   1.359  -1.080  -5.159   2.076  -0.622  -6.658
   1.741  -1.447  -5.002   0.955  -2.310  -4.611   1.845  -3.061  -4.741  -0.361
  -2.488  -5.114  -0.900  -1.759  -3.622  -0.880  -3.266  -3.372  -1.901  -2.857
  -4.092  -1.201  -4.696  -3.280  -1.542  -5.336  -4.526  -0.267  -5.108  -4.925
  -1.929  -4.772  -2.281  -0.113  -3.159  -1.524  -0.392  -2.236  -1.992   0.718
  -4.174  -2.726   0.931  -4.808  -0.970   1.770  -4.239  -0.824   2.272  -3.222
   0.006   1.339  -4.427  -1.154   2.540  -5.042
  -5.432   1.032  -0.242  -5.855   1.653  -0.999  -5.809   2.672  -0.574  -6.904
   1.329  -1.056  -5.132   1.430  -2.320  -4.624   2.302  -2.947  -4.908   0.144
  -2.620  -5.428  -0.448  -2.052  -3.851  -0.533  -3.447  -3.748  -1.474  -3.045
  -4.316  -1.014  -4.785  -3.532  -1.592  -5.291  -4.436  -0.077  -5.375  -5.275
  -1.438  -4.760  -2.424   0.146  -3.377  -1.492  -0.545  -2.920  -2.118   1.349
  -3.902  -2.883   1.909  -4.251  -0.726   1.779  -4.100  -0.114   1.285  -3.341
  -0.262   1.493  -5.135  -0.700   2.876  -3.858
  -6.986   0.947  -1.374  -6.503   1.852  -1.822  -6.455   2.560  -1.042  -7.288
   2.152  -2.496  -5.283   1.504  -2.569  -4.350   2.268  -2.507  -5.270   0.345
  -3.224  -6.085  -0.194  -3.139  -4.022  -0.402  -3.669  -4.127  -1.338  -3.051
  -4.367  -0.808  -5.043  -3.701  -1.630  -5.303  -4.262   0.029  -5.679  -5.365
  -1.250  -5.046  -2.589   0.118  -3.520  -1.791  -0.629  -3.000  -2.201   1.268
  -4.130  -2.958   1.787  -4.624  -0.824   1.655  -4.235  -0.199   0.808  -4.502
  -0.595   2.425  -4.992  -0.481   1.971  -3.189
  -6.426   1.164  -1.101  -6.041   2.001  -1.676  -5.760   2.718  -0.901  -6.916
   2.274  -2.251  -4.883   1.569  -2.572  -3.889   2.242  -2.397  -4.984   0.631
  -3.468  -5.855   0.135  -3.488  -3.887  -0.196  -4.030  -4.146  -1.132  -3.519
  -4.082  -0.493  -5.485  -3.648  -1.518  -5.539  -3.659   0.284  -6.134  -5.072
  -0.656  -5.663  -2.392   0.122  -3.721  -1.925  -0.506  -2.836  -1.722   0.998
  -4.525  -2.298   1.607  -5.067  -0.266   1.135  -4.450   0.213   0.232  -4.832
   0.127   1.889  -5.159   0.134   1.351  -3.466
  -7.018   2.167  -2.950  -6.291   2.147  -2.135  -6.810   1.739  -1.297  -6.071
   3.183  -1.798  -4.993   1.468  -2.457  -3.900   2.034  -2.432  -5.166   0.355
  -3.249  -6.095  -0.049  -3.384  -4.114  -0.510  -3.838  -4.206  -1.470  -3.393
  -4.350  -0.600  -5.359  -3.524  -1.057  -5.931  -4.340   0.416  -5.694  -5.374
  -0.997  -5.573  -2.547  -0.188  -3.619  -1.910  -0.651  -2.644  -1.981   0.805
  -4.341  -2.651   1.258  -4.962  -0.697   1.478  -4.121   0.075   0.677  -4.338
  -0.569   2.242  -4.868  -0.618   1.851  -3.080
  -6.536   3.167  -2.599  -6.129   2.192  -2.091  -6.980   1.420  -2.114  -5.847
   2.570  -1.133  -4.891   1.729  -2.734  -3.825   2.152  -2.372  -5.107   0.736
  -3.560  -6.120   0.642  -3.766  -4.213  -0.381  -3.985  -4.574  -1.359  -3.614
  -4.190  -0.557  -5.463  -3.583  -1.420  -5.644  -3.672   0.267  -6.035  -5.228
  -0.745  -5.798  -2.778  -0.228  -3.446  -2.380  -1.017  -2.661  -2.044   0.788
  -3.925  -2.533   1.421  -4.632  -0.625   1.106  -3.781  -0.054   0.293  -4.256
  -0.320   2.037  -4.172  -0.413   1.024  -2.639
  -7.066   1.933  -2.708  -6.310   2.533  -2.341  -6.431   2.638  -1.225  -6.192
   3.521  -2.854  -4.985   1.811  -2.586  -4.003   1.871  -1.900  -5.024   0.928
  -3.620  -5.880   0.862  -4.161  -3.982   0.013  -4.066  -4.202  -0.915  -3.743
  -3.967   0.021  -5.690  -3.175  -0.747  -6.081  -3.760   0.940  -6.194  -4.946
  -0.486  -5.993  -2.499   0.177  -3.545  -2.047  -0.767  -2.889  -1.861   1.294
  -3.853  -2.276   2.020  -4.478  -0.626   1.661  -3.107   0.282   1.225  -3.536
  -0.508   2.653  -2.888  -0.676   1.277  -2.126
  -6.655   2.658  -3.138  -6.000   2.709  -2.329  -6.599   2.601  -1.465  -5.526
   3.691  -2.465  -4.960   1.574  -2.388  -4.107   1.575  -1.456  -5.092   0.808
  -3.442  -5.852   0.939  -4.150  -4.084  -0.062  -3.990  -4.343  -1.100  -3.923
  -4.186   0.188  -5.464  -3.537  -0.528  -5.913  -3.948   1.160  -5.889  -5.218
  -0.021  -5.866  -2.602   0.143  -3.533  -2.162  -0.791  -2.824  -1.927   1.231
  -3.900  -2.366   1.858  -4.556  -0.579   1.634  -3.376   0.137   0.858  -3.585
  -0.252   2.431  -3.994  -0.472   1.794  -2.279
  -7.090   1.282  -1.860  -6.359   1.924  -2.316  -6.220   2.837  -1.648  -6.714
   2.337  -3.293  -5.066   1.110  -2.319  -4.356   1.178  -1.400  -4.939   0.144
  -3.290  -5.716   0.139  -3.911  -3.730  -0.619  -3.792  -3.920  -1.678  -3.530
  -3.909  -0.741  -5.291  -3.074  -1.219  -5.851  -4.073   0.299  -5.772  -4.752
  -1.455  -5.505  -2.301  -0.221  -3.285  -1.722  -0.887  -2.440  -1.820   0.856
  -3.819  -2.507   1.273  -4.403  -0.915   1.847  -3.229   0.057   1.405  -3.032
  -0.686   2.637  -3.926  -1.386   2.107  -2.293
  -6.638   1.559  -1.125  -6.393   1.284  -2.210  -6.327   2.207  -2.823  -7.146
   0.633  -2.598  -5.019   0.663  -2.244  -4.153   1.050  -1.485  -4.910  -0.365
  -3.049  -5.756  -0.660  -3.558  -3.612  -0.968  -3.468  -3.633  -1.972  -3.062
  -3.607  -1.082  -4.949  -2.973  -1.890  -5.342  -3.222  -0.116  -5.381  -4.592
  -1.272  -5.334  -2.264  -0.354  -2.927  -1.601  -0.965  -2.073  -1.777   0.750
  -3.420  -2.275   1.259  -4.059  -0.474   1.320  -3.017   0.233   0.461  -2.814
   0.096   1.811  -3.787  -0.499   1.830  -2.046
  -7.252  -0.132  -2.825  -6.505   0.714  -2.631  -6.822   1.277  -1.742  -6.527
   1.350  -3.510  -5.119   0.134  -2.315  -4.546   0.560  -1.312  -4.602  -0.686
  -3.200  -5.256  -0.932  -4.001  -3.353  -1.407  -3.326  -3.389  -2.267  -2.644
  -3.313  -1.961  -4.756  -4.237  -2.459  -5.040  -2.500  -2.614  -4.996  -3.187
  -1.098  -5.453  -2.073  -0.581  -3.125  -1.088  -1.048  -2.598  -2.049   0.688
  -3.505  -2.838   1.001  -4.042  -0.869   1.595  -3.398  -0.041   1.029  -3.198
  -0.666   1.985  -4.375  -1.005   2.446  -2.703
  -7.122  -0.918  -2.319  -6.672   0.114  -2.191  -7.157   0.684  -1.377  -6.998
   0.417  -3.135  -5.165  -0.130  -2.182  -4.538   0.613  -1.390  -4.662  -1.087
  -2.991  -5.260  -1.502  -3.605  -3.262  -1.389  -3.220  -3.134  -2.381  -2.722
  -3.052  -1.584  -4.747  -3.822  -2.164  -5.235  -1.930  -1.817  -4.965  -3.105
  -0.621  -5.146  -2.125  -0.619  -2.710  -1.126  -1.194  -2.234  -2.071   0.748
  -2.918  -2.804   1.134  -3.485  -0.962   1.647  -2.797  -0.628   1.673  -1.730
  -0.156   1.274  -3.481  -1.222   2.688  -3.049
  -7.060  -0.909  -1.975  -6.553   0.023  -2.272  -6.880   0.735  -1.533  -6.823
   0.295  -3.275  -5.060  -0.214  -2.190  -4.451   0.258  -1.195  -4.601  -0.851
  -3.238  -5.222  -1.190  -3.974  -3.152  -1.064  -3.449  -2.994  -2.065  -3.060
  -2.943  -1.026  -4.950  -3.424  -1.883  -5.447  -1.798  -1.111  -5.142  -3.309
  -0.097  -5.352  -2.079  -0.167  -2.791  -1.119  -0.582  -2.083  -2.095   1.091
  -3.158  -2.953   1.370  -3.562  -1.104   2.119  -2.916  -0.723   1.967  -1.904
  -0.319   2.031  -3.605  -1.523   3.158  -2.946
  -7.005  -1.266  -1.955  -6.600  -0.212  -1.841  -6.907   0.138  -0.885  -7.064
   0.349  -2.636  -5.052  -0.281  -2.113  -4.182   0.069  -1.200  -4.589  -0.879
  -3.196  -5.343  -1.266  -3.775  -3.244  -1.272  -3.639  -3.107  -2.330  -3.381
  -3.163  -1.208  -5.172  -3.620  -2.149  -5.557  -2.145  -1.122  -5.407  -3.654
  -0.356  -5.538  -2.058  -0.410  -3.092  -1.136  -1.027  -2.508  -2.040   0.929
  -3.283  -2.924   1.367  -3.591  -0.911   1.926  -3.265  -1.340   2.899  -3.451
  -0.486   1.810  -2.202  -0.242   1.730  -4.015
  -7.238  -0.743  -1.688  -6.667  -0.078  -2.273  -6.949   0.917  -1.916  -7.233
  -0.202  -3.223  -5.106  -0.317  -2.317  -4.420   0.217  -1.468  -4.649  -1.173
  -3.291  -5.431  -1.434  -3.854  -3.456  -1.921  -3.414  -3.337  -2.706  -2.766
  -3.383  -2.406  -4.862  -4.359  -2.792  -5.398  -2.436  -2.947  -4.992  -3.197
  -1.517  -5.462  -2.273  -0.947  -3.108  -1.423  -1.150  -2.214  -2.324   0.271
  -3.625  -3.109   0.486  -4.211  -1.253   1.315  -3.448  -1.437   2.008  -2.571
  -0.187   0.851  -3.412  -1.234   1.917  -4.351
  -7.076  -0.587  -0.968  -6.706  -0.102  -1.907  -6.876   1.006  -1.693  -7.209
  -0.480  -2.783  -5.209  -0.299  -2.138  -4.390   0.406  -1.498  -4.809  -1.075
  -3.139  -5.556  -1.368  -3.808  -3.505  -1.675  -3.440  -3.574  -2.609  -2.900
  -3.267  -2.112  -4.894  -4.159  -2.789  -4.996  -2.344  -2.667  -5.011  -3.252
  -1.290  -5.492  -2.286  -0.817  -2.964  -1.452  -1.272  -2.112  -2.256   0.479
  -3.425  -2.851   0.748  -4.200  -1.233   1.492  -3.198  -0.799   1.334  -2.225
  -0.433   1.387  -3.857  -1.619   2.495  -3.354
  -7.430  -0.710  -1.037  -6.841  -0.021  -1.590  -6.825   0.906  -1.039  -7.305
   0.085  -2.558  -5.330  -0.527  -1.662  -4.426  -0.084  -0.935  -5.088  -1.363
  -2.669  -5.931  -1.721  -3.289  -3.793  -1.852  -3.074  -3.665  -2.798  -2.428
  -3.861  -2.378  -4.584  -4.752  -2.938  -4.904  -2.911  -2.881  -4.852  -4.100
  -1.504  -5.213  -2.577  -0.904  -2.897  -1.546  -1.405  -2.490  -2.582   0.275
  -3.480  -3.405   0.434  -4.096  -1.514   1.338  -3.461  -1.366   1.729  -2.451
  -0.592   0.951  -3.847  -1.941   2.124  -4.080
  -7.458  -0.481  -2.027  -6.735   0.151  -1.462  -7.055   0.251  -0.390  -6.597
   1.135  -1.853  -5.340  -0.509  -1.534  -4.561  -0.375  -0.564  -5.139  -1.189
  -2.645  -5.891  -1.229  -3.312  -3.893  -1.733  -2.990  -3.738  -2.586  -2.285
  -3.998  -2.402  -4.400  -4.699  -3.220  -4.398  -2.961  -2.954  -4.508  -4.286
  -1.629  -5.130  -2.635  -0.825  -2.853  -1.585  -1.348  -2.509  -2.744   0.457
  -3.132  -3.620   0.876  -3.474  -1.637   1.305  -3.247  -1.348   1.492  -2.233
  -0.764   0.786  -3.662  -1.929   2.263  -3.712
  -7.435  -1.645  -1.177  -7.008  -0.707  -1.529  -7.134   0.187  -0.794  -7.400
  -0.436  -2.533  -5.446  -0.828  -1.790  -4.774  -0.509  -0.786  -5.032  -1.442
  -2.870  -5.773  -1.682  -3.521  -3.694  -2.120  -3.057  -3.491  -2.756  -2.156
  -3.666  -2.801  -4.491  -4.287  -3.722  -4.639  -2.663  -3.213  -4.564  -3.809
  -2.088  -5.269  -2.503  -1.023  -3.048  -1.468  -1.356  -2.469  -2.753   0.185
  -3.557  -3.679   0.460  -3.817  -1.711   1.258  -3.521  -1.867   2.014  -2.830
  -0.711   0.869  -3.243  -1.479   1.519  -4.468
  -7.696  -1.552  -1.881  -6.862  -0.811  -1.949  -6.996  -0.101  -1.126  -6.982
  -0.229  -2.845  -5.411  -1.242  -1.823  -4.809  -1.173  -0.740  -4.863  -1.929
  -2.841  -5.424  -2.033  -3.711  -3.494  -2.413  -3.091  -3.328  -3.339  -2.502
  -3.528  -2.710  -4.571  -4.303  -3.429  -4.822  -2.609  -3.089  -4.966  -3.838
  -1.860  -5.153  -2.380  -1.369  -2.682  -1.396  -1.725  -2.046  -2.356  -0.068
  -3.006  -3.266   0.236  -3.302  -1.314   0.962  -2.952  -1.684   1.991  -2.780
  -0.697   0.807  -2.027  -0.676   0.764  -3.776
  -7.281  -2.687  -1.305  -6.851  -1.782  -1.715  -7.203  -0.987  -0.978  -7.176
  -1.404  -2.671  -5.340  -1.780  -1.712  -4.754  -1.157  -0.885  -4.753  -2.287
  -2.791  -5.436  -2.421  -3.510  -3.344  -2.714  -3.056  -3.225  -3.710  -2.534
  -3.210  -3.027  -4.595  -3.967  -3.624  -5.041  -2.296  -3.599  -4.618  -2.907
  -2.172  -5.256  -2.262  -1.732  -2.521  -1.365  -1.956  -1.732  -2.387  -0.550
  -3.040  -2.988  -0.666  -3.859  -1.662   0.656  -2.568  -2.377   1.455  -2.731
  -1.367   0.565  -1.544  -0.700   0.723  -3.053
  -7.008  -2.976  -2.339  -6.723  -1.980  -2.131  -7.013  -1.595  -1.126  -7.140
  -1.518  -3.102  -5.241  -1.992  -1.930  -4.655  -1.457  -1.006  -4.665  -2.695
  -2.935  -5.277  -3.121  -3.591  -3.340  -3.035  -3.125  -3.057  -3.853  -2.519
  -3.231  -3.481  -4.611  -3.966  -4.304  -4.802  -2.332  -3.888  -4.793  -3.336
  -2.732  -5.385  -2.201  -2.052  -2.871  -1.247  -2.361  -2.105  -2.406  -0.773
  -3.250  -3.208  -0.552  -3.792  -1.374   0.390  -2.897  -0.641   0.080  -2.129
  -0.776   0.658  -3.757  -1.866   1.190  -2.439
  -6.826  -2.729  -2.064  -6.348  -1.719  -2.342  -6.782  -0.913  -1.752  -6.453
  -1.503  -3.396  -4.980  -1.841  -2.037  -4.461  -1.236  -1.108  -4.342  -2.821
  -2.564  -4.927  -3.348  -3.238  -2.893  -3.175  -2.457  -2.759  -3.932  -1.663
  -2.651  -3.958  -3.715  -3.313  -4.849  -3.778  -1.544  -4.264  -3.730  -2.682
  -3.437  -4.714  -1.847  -1.998  -2.353  -1.054  -1.844  -1.417  -2.052  -1.020
  -3.292  -2.869  -1.144  -3.858  -1.251   0.271  -3.332  -1.485   0.862  -2.374
  -0.197   0.133  -3.268  -1.414   0.845  -4.283
  -6.580  -2.649  -1.637  -6.242  -1.553  -1.667  -6.592  -0.976  -0.867  -6.432
  -1.016  -2.552  -4.718  -1.740  -1.640  -4.097  -1.064  -0.869  -4.154  -2.542
  -2.645  -4.799  -2.796  -3.347  -2.784  -3.024  -2.720  -2.663  -3.712  -1.897
  -2.613  -3.961  -3.882  -3.292  -4.798  -4.031  -1.671  -4.560  -3.611  -2.219
  -3.475  -4.705  -1.658  -2.012  -2.559  -0.884  -2.207  -1.573  -1.712  -0.970
  -3.375  -2.476  -1.063  -4.042  -0.942   0.262  -3.236  -0.263   0.236  -2.349
  -0.247   0.455  -4.061  -1.601   1.121  -3.178
  -6.659  -1.482  -0.885  -6.034  -1.306  -1.679  -6.073  -0.203  -1.628  -6.372
  -1.785  -2.590  -4.579  -1.645  -1.496  -3.980  -1.230  -0.533  -3.991  -2.437
  -2.367  -4.450  -2.608  -3.211  -2.615  -2.964  -2.163  -2.635  -3.500  -1.202
  -2.329  -3.879  -3.358  -3.030  -4.722  -3.243  -1.297  -4.354  -3.267  -2.305
  -3.329  -4.300  -1.506  -1.873  -2.064  -0.757  -1.829  -1.096  -1.560  -0.891
  -2.967  -2.434  -0.767  -3.401  -0.450   0.005  -3.250   0.231  -0.466  -3.813
  -0.870   0.776  -3.882   0.004   0.368  -2.369
  -6.292  -1.824  -0.175  -5.979  -1.848  -1.213  -6.402  -1.031  -1.832  -6.330
  -2.745  -1.783  -4.473  -1.721  -1.189  -3.765  -0.840  -0.524  -3.849  -2.585
  -1.937  -4.630  -3.163  -2.383  -2.405  -2.926  -2.216  -2.201  -3.377  -1.300
  -2.301  -3.898  -3.402  -2.879  -4.817  -3.324  -1.273  -4.099  -3.650  -2.893
  -3.534  -4.272  -1.433  -1.754  -2.379  -0.241  -1.978  -2.072  -1.782  -0.592
  -2.987  -2.782  -0.415  -3.020  -0.870   0.567  -3.303  -0.210   0.244  -4.088
  -1.531   1.399  -3.683  -0.249   0.648  -2.394
  -6.334  -1.569  -0.723  -5.778  -2.193  -1.436  -6.129  -2.041  -2.490  -6.130
  -3.153  -1.305  -4.325  -2.107  -1.279  -3.843  -1.189  -0.552  -3.537  -2.905
  -2.028  -4.055  -3.680  -2.593  -2.096  -2.925  -1.996  -1.820  -3.285  -1.024
  -1.586  -3.936  -3.041  -2.200  -4.873  -3.010  -0.529  -4.248  -2.854  -1.555
  -3.405  -4.007  -1.346  -1.606  -2.291  -0.144  -1.561  -2.034  -1.908  -0.580
  -3.003  -2.821  -0.721  -3.363  -1.371   0.809  -3.045  -1.788   1.508  -3.650
  -1.422   1.277  -2.120  -0.260   0.791  -3.342
  -5.966  -1.639  -2.300  -5.772  -2.032  -1.301  -6.133  -3.092  -1.246  -6.451
  -1.367  -0.658  -4.270  -1.971  -1.117  -3.781  -1.082  -0.461  -3.561  -2.834
  -1.809  -4.126  -3.258  -2.563  -2.063  -3.069  -1.770  -1.808  -3.298  -0.808
  -1.712  -4.345  -2.499  -2.108  -5.206  -1.981  -0.632  -4.403  -2.498  -2.072
  -4.466  -3.543  -1.220  -1.771  -2.095  -0.150  -1.610  -1.515  -1.751  -0.842
  -2.950  -2.767  -0.978  -3.090  -1.232   0.524  -3.179  -1.870   1.156  -2.674
  -0.233   0.504  -2.729  -1.345   0.737  -4.217
  -6.124  -2.300  -1.997  -5.644  -2.352  -0.980  -5.876  -3.267  -0.536  -6.119
  -1.650  -0.261  -4.114  -2.233  -0.998  -3.508  -1.291  -0.531  -3.524  -3.220
  -1.762  -4.054  -4.045  -2.014  -2.144  -3.306  -2.123  -1.686  -3.831  -1.233
  -2.022  -4.131  -3.360  -2.427  -5.100  -3.083  -0.966  -4.340  -3.419  -2.452
  -3.675  -4.271  -1.231  -2.031  -2.110  -0.246  -1.921  -1.268  -1.401  -1.140
  -3.176  -2.239  -1.294  -3.671  -0.835   0.213  -3.101   0.041   0.345  -3.676
  -1.624   0.748  -3.521  -0.576   0.450  -2.059
  -5.170  -1.152  -1.986  -5.064  -1.681  -1.035  -5.583  -2.590  -1.014  -5.263
  -0.904  -0.260  -3.591  -1.969  -0.891  -2.818  -1.392  -0.091  -3.235  -2.792
  -1.879  -3.879  -3.200  -2.526  -1.830  -3.209  -2.061  -1.371  -3.697  -1.149
  -1.842  -4.230  -3.293  -2.577  -5.032  -3.151  -0.919  -4.717  -3.227  -1.965
  -3.737  -4.260  -1.050  -1.923  -2.270   0.058  -1.872  -1.757  -1.468  -0.935
  -3.144  -2.184  -1.160  -3.749  -0.745   0.322  -3.574   0.161   0.567  -3.053
  -0.544   0.179  -4.656  -1.355   1.200  -3.468
  -5.239  -0.925  -1.561  -5.287  -1.730  -0.900  -5.797  -2.551  -1.304  -5.585
  -1.459   0.052  -3.889  -2.068  -0.630  -3.309  -1.545   0.377  -3.217  -2.873
  -1.469  -3.570  -3.219  -2.409  -1.837  -3.147  -1.571  -1.769  -3.516  -0.623
  -1.547  -4.344  -2.614  -1.514  -5.250  -2.036  -0.515  -4.191  -2.860  -2.174
  -4.145  -3.435  -0.852  -1.951  -1.812   0.239  -1.925  -1.313  -1.231  -0.979
  -2.708  -2.259  -0.889  -2.932  -0.426   0.114  -3.073  -0.269   0.828  -2.302
   0.595  -0.250  -3.068  -0.775   0.684  -3.910
  -5.495  -1.029  -1.351  -5.113  -1.456  -0.409  -5.660  -2.397  -0.281  -5.441
  -0.654   0.339  -3.551  -1.816  -0.383  -2.952  -1.256   0.446  -3.115  -2.619
  -1.356  -3.710  -2.852  -2.161  -1.767  -3.183  -1.406  -1.564  -3.666  -0.464
  -1.659  -4.251  -2.478  -2.246  -5.203  -2.372  -0.590  -4.570  -2.447  -1.809
  -3.821  -3.429  -0.753  -2.086  -1.647   0.379  -2.187  -1.089  -1.041  -1.024
  -2.378  -2.051  -0.855  -2.589  -0.078   0.102  -2.670  -0.318   1.042  -2.244
   0.890  -0.293  -2.420  -0.013   0.363  -3.712
  -5.190  -0.908  -1.357  -5.022  -1.558  -0.566  -5.586  -2.442  -0.707  -5.441
  -1.125   0.353  -3.491  -2.014  -0.311  -2.779  -1.413   0.501  -3.017  -3.064
  -1.076  -3.713  -3.476  -1.755  -1.600  -3.418  -1.203  -1.124  -3.977  -0.314
  -1.545  -4.375  -2.421  -2.194  -5.335  -2.341  -0.538  -4.743  -2.745  -2.033
  -3.937  -3.278  -0.687  -2.225  -1.592   0.470  -2.171  -1.219  -1.030  -1.321
  -2.560  -2.054  -1.380  -2.777  -0.469   0.055  -2.684  -0.259   0.338  -1.685
   0.276   0.136  -3.440  -1.320   0.684  -2.783
  -5.251  -1.485  -1.258  -4.883  -1.496  -0.192  -5.557  -2.079   0.407  -4.999
  -0.432   0.089  -3.491  -2.070  -0.140  -2.738  -1.572   0.705  -3.206  -2.967
  -1.053  -3.934  -3.397  -1.604  -1.875  -3.528  -1.365  -1.564  -4.080  -0.480
  -2.069  -4.602  -2.370  -2.889  -5.210  -2.142  -1.178  -5.127  -2.378  -2.286
  -4.236  -3.351  -0.748  -2.480  -1.670   0.277  -2.749  -1.148  -1.017  -1.329
  -2.333  -1.670  -1.382  -3.021  -0.158  -0.126  -2.318  -0.466   0.524  -1.457
   0.915  -0.207  -2.394  -0.550   0.627  -3.095
  -4.908  -1.750  -0.592  -4.297  -1.790   0.281  -4.604  -2.562   1.016  -4.324
  -0.692   0.582  -2.885  -2.209   0.036  -1.945  -1.573   0.482  -2.806  -3.257
  -0.844  -3.719  -3.525  -1.150  -1.558  -3.912  -1.386  -1.160  -4.670  -0.698
  -1.782  -4.649  -2.710  -2.489  -5.485  -2.554  -0.845  -5.143  -3.018  -1.806
  -3.905  -3.566  -0.530  -2.802  -1.615   0.490  -2.585  -0.866  -1.005  -1.780
  -2.380  -1.947  -1.709  -2.432  -0.254  -0.499  -2.719  -0.538   0.388  -2.217
   0.684  -0.675  -2.393  -0.448  -0.252  -3.744
  -5.066  -2.508  -1.008  -4.896  -2.095   0.026  -5.420  -2.792   0.634  -5.146
  -0.979   0.329  -3.408  -2.426   0.265  -2.695  -1.805   1.078  -2.937  -3.492
  -0.537  -3.672  -3.965  -1.131  -1.433  -3.756  -0.660  -1.205  -3.966   0.381
  -1.170  -4.962  -1.512  -1.610  -5.778  -0.879  -0.066  -5.232  -1.491  -1.732
  -4.985  -2.555  -0.588  -2.601  -1.171   0.540  -2.445  -0.751  -1.098  -1.653
  -2.017  -2.109  -1.899  -2.414  -0.430  -0.353  -2.352   0.030  -0.327  -3.310
  -1.135   0.567  -2.213   0.587  -0.244  -1.839
  -4.746  -1.916  -1.263  -4.811  -2.767  -0.580  -5.086  -3.505  -1.314  -5.530
  -2.762   0.238  -3.390  -3.134  -0.018  -2.971  -2.647   1.025  -2.643  -3.961
  -0.787  -3.034  -4.304  -1.665  -1.141  -3.974  -0.676  -0.844  -4.087   0.360
  -0.686  -5.193  -1.540  -1.256  -6.087  -1.227   0.391  -5.291  -1.449  -0.987
  -4.930  -2.553  -0.405  -2.740  -1.138   0.642  -2.467  -0.563  -0.839  -1.973
  -2.109  -1.379  -2.466  -2.813  -0.391  -0.639  -2.364   0.666  -0.671  -2.488
  -0.772  -0.290  -3.343  -0.692   0.137  -1.787
  -4.824  -2.917  -1.527  -4.789  -3.063  -0.390  -5.608  -3.525   0.009  -4.824
  -2.085  -0.022  -3.424  -3.532   0.025  -3.072  -3.093   1.123  -2.742  -4.349
  -0.705  -3.168  -4.885  -1.397  -1.263  -4.452  -0.482  -0.993  -4.672   0.533
  -0.711  -5.618  -1.363  -1.271  -6.488  -0.940   0.429  -5.577  -1.248  -0.827
  -5.435  -2.415  -0.559  -3.178  -0.867   0.575  -2.900  -0.390  -1.097  -2.382
  -1.873  -1.791  -2.720  -2.531  -0.484  -1.127  -2.338   0.212  -1.291  -3.159
  -1.219  -0.486  -2.980  -0.054  -0.438  -1.520
  -4.887  -5.215   1.049  -4.835  -4.310   0.429  -5.517  -3.514   0.862  -5.182
  -4.554  -0.653  -3.315  -3.917   0.318  -2.806  -3.007   0.968  -2.635  -4.613
  -0.568  -3.107  -5.338  -1.066  -1.155  -4.654  -0.481  -0.968  -4.784   0.615
  -0.529  -5.909  -1.195  -1.009  -6.769  -0.737   0.558  -5.926  -1.062  -0.731
  -5.891  -2.240  -0.502  -3.365  -1.019   0.556  -2.887  -0.443  -1.043  -2.790
  -2.152  -1.757  -3.281  -2.674  -0.764  -1.395  -2.599  -0.624  -1.284  -3.671
  -1.618  -0.720  -2.258   0.124  -1.034  -2.002
  -5.198  -4.332  -0.002  -4.771  -3.441  -0.133  -5.215  -2.726   0.561  -4.839
  -3.255  -1.255  -3.240  -3.546   0.091  -2.703  -2.650   0.726  -2.634  -4.616
  -0.433  -3.155  -5.160  -1.167  -1.229  -4.795  -0.543  -0.844  -4.827   0.429
  -1.052  -6.152  -1.316  -1.005  -6.912  -0.572  -0.164  -6.349  -1.989  -1.861
  -6.309  -2.088  -0.489  -3.540  -1.162   0.444  -2.864  -0.583  -0.986  -3.140
  -2.297  -1.668  -3.694  -2.766  -0.716  -1.772  -2.973  -0.521  -1.985  -4.049
  -1.656  -1.105  -3.071   0.145  -1.207  -2.692
  -5.218  -3.362  -0.382  -4.830  -3.988   0.364  -5.243  -5.020   0.287  -5.226
  -3.509   1.264  -3.312  -4.048   0.352  -2.643  -3.234   1.058  -2.686  -4.885
  -0.355  -3.186  -5.678  -0.857  -1.184  -5.004  -0.541  -0.722  -4.812   0.499
  -0.909  -6.378  -1.067  -1.504  -7.159  -0.651   0.143  -6.567  -0.905  -1.164
  -6.452  -2.150  -0.579  -3.885  -1.421   0.589  -3.476  -1.119  -1.239  -3.363
  -2.467  -2.038  -3.953  -2.724  -0.821  -2.297  -3.383  -1.656  -1.556  -3.365
   0.125  -1.639  -3.283  -0.542  -2.800  -4.383
  -5.326  -3.472   0.395  -4.860  -4.470   0.597  -5.237  -5.167  -0.181  -5.023
  -4.834   1.587  -3.327  -4.212   0.480  -2.838  -3.243   1.045  -2.528  -5.129
  -0.124  -2.871  -6.029  -0.389  -1.136  -4.943  -0.178  -0.864  -4.887   0.911
  -0.528  -6.291  -0.630  -1.243  -7.108  -0.485   0.468  -6.413  -0.221  -0.466
  -6.294  -1.674  -0.658  -3.771  -1.059   0.526  -3.390  -0.793  -1.480  -3.215
  -2.006  -2.304  -3.708  -2.258  -1.100  -2.046  -2.757  -1.878  -1.747  -3.434
  -0.939  -1.289  -2.026  -0.267  -2.330  -3.360
  -4.648  -4.504   2.197  -4.532  -4.551   1.161  -5.147  -3.765   0.703  -4.799
  -5.538   0.855  -3.092  -4.205   0.915  -2.605  -3.139   1.343  -2.409  -5.061
   0.197  -2.891  -5.954   0.182  -1.020  -4.933  -0.086  -0.618  -4.688   0.945
  -0.476  -6.272  -0.563  -0.621  -6.968   0.278   0.586  -6.111  -0.662  -1.013
  -6.693  -1.403  -0.579  -3.774  -0.975   0.373  -3.039  -0.671  -1.262  -3.510
  -2.184  -2.158  -3.980  -2.239  -1.026  -2.383  -3.080  -1.080  -2.735  -4.151
  -1.679  -1.559  -2.845  -0.016  -1.872  -2.915
  -4.598  -5.172   1.658  -4.368  -4.273   1.268  -4.843  -3.589   1.962  -4.748
  -4.187   0.305  -2.884  -4.006   1.086  -2.352  -3.065   1.654  -2.321  -4.760
   0.214  -2.714  -5.623   0.201  -0.969  -4.636  -0.215  -0.434  -4.574   0.780
  -0.725  -6.004  -0.920  -1.015  -6.848  -0.245   0.282  -6.207  -1.318  -1.430
  -6.024  -1.777  -0.604  -3.408  -1.042   0.476  -2.813  -0.912  -1.452  -3.025
  -1.986  -2.366  -3.383  -1.863  -1.219  -2.230  -3.191  -2.083  -1.768  -3.687
  -0.478  -1.422  -3.016  -0.815  -2.846  -3.937
  -4.298  -4.976   2.209  -4.166  -4.434   1.214  -4.693  -3.488   1.315  -4.591
  -4.976   0.333  -2.720  -4.056   1.000  -2.166  -3.092   1.510  -2.044  -5.034
   0.343  -2.526  -5.889   0.082  -0.646  -4.840  -0.142   0.000  -4.795   0.745
  -0.327  -6.236  -0.849  -0.426  -6.939  -0.117   0.675  -6.304  -1.339  -1.050
  -6.412  -1.623  -0.318  -3.545  -0.978   0.455  -2.680  -0.549  -0.916  -3.362
  -2.145  -1.599  -3.982  -2.392  -0.957  -2.171  -2.996  -1.352  -1.346  -2.411
   0.050  -1.889  -3.410  -1.779  -2.310  -3.776
  -4.102  -5.549   1.556  -4.234  -4.485   1.241  -4.392  -3.947   2.189  -5.022
  -4.470   0.489  -2.893  -3.988   0.665  -2.678  -2.830   0.745  -2.131  -4.889
   0.045  -2.468  -5.847   0.019  -0.694  -4.663  -0.338  -0.262  -4.545   0.623
  -0.084  -5.988  -0.817  -0.935  -6.646  -0.622   0.791  -6.209  -0.304   0.185
  -5.980  -1.814  -0.277  -3.490  -1.233   0.642  -2.709  -0.887  -0.983  -3.332
  -2.396  -1.673  -4.012  -2.707  -0.697  -2.324  -3.439  -0.735  -1.313  -3.011
   0.268  -2.615  -3.873  -1.413  -2.504  -4.304
  -4.094  -4.909   1.845  -4.336  -4.090   1.135  -4.718  -3.201   1.648  -5.021
  -4.437   0.330  -2.996  -3.688   0.477  -2.717  -2.494   0.248  -2.242  -4.743
   0.058  -2.715  -5.715   0.054  -0.806  -4.670  -0.197  -0.305  -4.781   0.753
  -0.224  -5.979  -0.925  -0.545  -6.183  -1.906  -0.261  -6.874  -0.280   0.822
  -5.884  -1.016  -0.381  -3.399  -0.902   0.432  -2.597  -0.385  -0.816  -3.291
  -2.178  -1.585  -3.853  -2.481  -0.481  -2.150  -3.137  -0.764  -1.246  -2.627
   0.571  -2.309  -3.452  -1.173  -2.244  -3.974
  -3.848  -4.902   1.879  -4.359  -4.266   1.158  -4.901  -3.407   1.486  -4.993
  -4.907   0.496  -3.182  -3.788   0.402  -2.994  -2.541   0.228  -2.379  -4.827
  -0.041  -2.753  -5.732   0.009  -0.958  -4.768  -0.263  -0.402  -4.639   0.659
  -0.617  -6.066  -1.019  -1.238  -6.068  -1.902  -0.985  -6.962  -0.550   0.463
  -6.100  -1.156  -0.603  -3.519  -1.113   0.162  -2.618  -0.635  -1.043  -3.393
  -2.355  -1.879  -3.880  -2.561  -0.649  -2.373  -3.370   0.171  -1.723  -3.081
  -0.386  -2.807  -4.329  -1.560  -1.747  -3.491
  -3.966  -4.950   2.455  -4.200  -4.340   1.593  -4.765  -3.464   1.967  -4.785
  -4.958   0.921  -3.020  -3.861   0.786  -2.711  -2.663   0.799  -2.207  -4.807
   0.288  -2.445  -5.774   0.516  -0.825  -4.693  -0.177  -0.291  -4.507   0.694
  -0.443  -6.046  -0.766  -1.057  -6.293  -1.662  -0.401  -6.891  -0.095   0.614
  -6.023  -1.156  -0.567  -3.555  -1.201   0.246  -2.699  -0.896  -1.213  -3.579
  -2.368  -1.782  -4.358  -2.513  -1.054  -2.600  -3.428  -0.529  -1.729  -3.171
  -0.607  -3.062  -4.370  -2.120  -2.289  -3.741
  -3.690  -4.626   2.605  -4.085  -4.552   1.587  -4.813  -3.746   1.626  -4.439
  -5.492   1.244  -2.922  -4.084   0.781  -2.791  -2.830   0.680  -2.075  -4.990
   0.306  -2.454  -5.903   0.302  -0.638  -4.775  -0.210  -0.085  -4.364   0.688
  -0.105  -6.181  -0.611  -0.869  -6.506  -1.407  -0.138  -6.889   0.196   0.874
  -6.242  -1.089  -0.440  -3.738  -1.342   0.448  -2.870  -1.276  -1.337  -3.752
  -2.353  -2.030  -4.413  -2.306  -1.636  -2.635  -3.267  -0.665  -2.302  -3.620
  -2.228  -2.874  -4.183  -2.186  -1.863  -2.749
  -4.447  -5.644   0.973  -4.228  -4.520   1.245  -4.274  -4.408   2.313  -4.998
  -3.932   0.808  -2.808  -4.007   0.735  -2.410  -2.852   1.029  -2.031  -4.889
   0.162  -2.392  -5.833   0.102  -0.659  -4.639  -0.154  -0.097  -4.418   0.768
  -0.097  -5.958  -0.706  -0.791  -6.235  -1.563  -0.131  -6.771  -0.001   0.888
  -5.827  -1.181  -0.397  -3.380  -1.135   0.370  -2.441  -0.944  -1.249  -3.287
  -2.163  -1.976  -3.927  -2.220  -1.140  -2.307  -3.269  -0.106  -2.139  -3.543
  -1.748  -2.718  -4.076  -1.644  -1.333  -3.073
  -4.159  -5.694   1.137  -4.161  -4.590   1.037  -4.653  -4.133   1.900  -4.823
  -4.309   0.237  -2.719  -4.001   0.763  -2.473  -2.876   1.168  -1.901  -4.784
   0.121  -2.300  -5.712  -0.178  -0.501  -4.509  -0.345   0.047  -4.438   0.523
  -0.096  -5.796  -1.030  -0.832  -6.335  -1.570   0.408  -6.419  -0.352   0.667
  -5.486  -1.667  -0.428  -3.257  -1.183   0.287  -2.384  -0.876  -1.178  -3.252
  -2.320  -1.686  -4.108  -2.449  -1.248  -2.176  -3.319  -0.441  -1.461  -3.221
  -1.228  -2.507  -4.298  -2.231  -1.686  -3.222
  -3.983  -5.517   1.405  -3.936  -4.597   0.823  -4.610  -3.866   1.320  -4.322
  -4.829  -0.221  -2.555  -3.969   0.757  -2.304  -2.821   1.092  -1.607  -4.840
   0.341  -1.955  -5.758   0.054  -0.236  -4.425   0.083   0.266  -4.201   1.053
   0.376  -5.693  -0.442   0.038  -5.854  -1.457   0.120  -6.568   0.236   1.453
  -5.580  -0.439  -0.105  -3.281  -0.965   0.356  -2.169  -0.736  -0.686  -3.526
  -2.145  -1.205  -4.419  -2.241  -0.653  -2.634  -3.278   0.290  -2.081  -3.363
  -0.785  -3.290  -4.153  -1.465  -1.944  -3.209
  -3.868  -5.287   1.819  -3.951  -4.631   0.919  -4.853  -3.959   1.040  -4.235
  -5.257   0.116  -2.632  -3.916   0.721  -2.521  -2.701   0.985  -1.649  -4.651
   0.159  -1.775  -5.607  -0.029  -0.252  -4.282  -0.093   0.127  -3.977   0.813
   0.464  -5.518  -0.545   0.140  -5.868  -1.523   0.327  -6.371   0.073   1.556
  -5.303  -0.578  -0.135  -3.153  -1.173   0.575  -2.173  -1.012  -1.010  -3.261
  -2.200  -1.510  -4.148  -2.179  -1.059  -2.328  -3.308  -0.067  -1.817  -3.251
  -1.071  -2.913  -4.197  -1.927  -1.701  -3.218
  -4.061  -4.717   2.240  -4.007  -4.487   1.181  -4.800  -3.782   0.868  -4.104
  -5.400   0.665  -2.659  -3.967   0.844  -2.437  -2.757   0.967  -1.761  -4.851
   0.380  -2.040  -5.848   0.252  -0.383  -4.472   0.014   0.046  -4.114   0.940
   0.368  -5.695  -0.509  -0.177  -6.176  -1.319   0.530  -6.453   0.287   1.349
  -5.415  -0.777  -0.353  -3.306  -1.002   0.413  -2.359  -0.778  -1.140  -3.416
  -2.087  -1.750  -4.227  -2.266  -1.330  -2.322  -3.024  -0.577  -2.458  -3.772
  -2.258  -2.365  -3.548  -1.247  -1.386  -2.453
  -4.885  -3.233   1.679  -4.218  -4.083   1.512  -4.678  -4.589   0.603  -4.201
  -4.845   2.317  -2.829  -3.665   1.095  -2.547  -2.505   1.041  -2.054  -4.617
   0.547  -2.450  -5.537   0.428  -0.652  -4.389   0.234  -0.172  -3.953   1.141
  -0.053  -5.761  -0.153  -0.588  -6.123  -1.030  -0.160  -6.478   0.647   0.967
  -5.577  -0.375  -0.383  -3.481  -0.964   0.489  -2.610  -0.864  -1.138  -3.576
  -2.074  -1.553  -4.523  -2.235  -1.352  -2.594  -3.101  -0.418  -2.504  -3.682
  -2.135  -2.969  -3.827  -1.657  -1.600  -2.832
  -4.627  -3.450   0.964  -3.884  -4.115   1.260  -4.175  -5.044   0.734  -3.930
  -4.296   2.360  -2.563  -3.659   0.964  -2.358  -2.489   1.079  -1.645  -4.563
   0.549  -1.948  -5.527   0.452  -0.222  -4.237   0.265   0.237  -3.715   1.071
   0.684  -5.473  -0.013   0.272  -5.975  -0.889   0.600  -6.159   0.844   1.694
  -5.248  -0.322  -0.104  -3.247  -0.939   0.418  -2.172  -0.740  -0.598  -3.551
  -2.158  -0.975  -4.520  -2.292  -0.771  -2.576  -3.213   0.130  -2.004  -3.246
  -1.004  -3.067  -4.160  -1.525  -1.927  -2.824
  -4.333  -3.388   2.056  -3.843  -4.253   1.701  -4.361  -4.425   0.712  -4.056
  -5.105   2.397  -2.398  -3.889   1.418  -1.935  -2.755   1.687  -1.601  -4.772
   0.890  -1.945  -5.624   0.645  -0.163  -4.539   0.598   0.375  -4.135   1.415
   0.522  -5.897   0.284   0.055  -6.389  -0.530   0.440  -6.518   1.212   1.569
  -5.723   0.086   0.031  -3.520  -0.547   0.741  -2.492  -0.361  -0.465  -3.786
  -1.774  -0.905  -4.703  -1.992  -0.241  -2.904  -2.987   0.767  -3.126  -3.397
  -0.970  -2.883  -3.806  -0.174  -1.912  -2.611
  -4.478  -4.360   1.024  -3.674  -4.997   1.513  -3.641  -5.993   1.054  -3.845
  -5.009   2.586  -2.342  -4.245   1.358  -2.191  -3.051   1.544  -1.359  -5.054
   0.858  -1.650  -6.013   0.681   0.005  -4.658   0.601   0.475  -4.293   1.543
   0.790  -5.880   0.352   0.344  -6.503  -0.472   0.840  -6.529   1.227   1.753
  -5.651   0.054   0.115  -3.683  -0.541   0.739  -2.632  -0.450  -0.473  -3.953
  -1.646  -1.037  -4.761  -1.644  -0.408  -2.976  -2.779  -1.072  -3.291  -3.607
  -0.768  -1.917  -2.505   0.566  -2.930  -3.135
