default_name                                                                    
  -3.548  -1.027   1.367  -2.925  -0.164   1.677  -2.715  -0.256   2.712  -3.398
   0.837   1.575  -1.639  -0.149   0.923  -0.834   0.733   1.180  -1.291  -1.302
   0.259  -2.039  -2.024   0.183   0.029  -1.729  -0.237   0.838  -1.505   0.451
  -0.015  -3.228  -0.476   0.959  -3.672  -0.705  -0.699  -3.394  -1.354  -0.400
  -3.751   0.363   0.458  -0.985  -1.611   1.579  -0.684  -1.818  -0.533  -0.487
  -2.345  -1.453  -0.833  -2.107  -0.344   0.148  -3.694  -0.599  -0.577  -4.504
  -1.058   0.942  -3.787   0.720   0.481  -3.811
  -3.573  -0.709   0.832  -2.856  -0.339   1.642  -2.874  -0.975   2.557  -3.086
   0.647   2.052  -1.433  -0.408   1.032  -0.716   0.540   1.087  -1.057  -1.536
   0.450  -1.630  -2.283   0.569   0.166  -1.838  -0.277   1.008  -1.760   0.443
   0.022  -3.264  -0.805   0.902  -3.473  -1.345  -0.841  -3.280  -1.448  -0.033
  -4.036   0.003   0.484  -0.881  -1.481   1.633  -0.477  -1.755  -0.566  -0.653
  -2.323  -1.342  -1.126  -1.992  -0.739  -0.110  -3.608  -1.765  -0.311  -4.036
  -0.615   0.987  -3.568  -0.084  -0.541  -4.274
  -3.417   0.629   1.547  -3.035  -0.387   1.436  -3.628  -0.898   0.676  -2.992
  -0.861   2.436  -1.620  -0.316   0.901  -0.925   0.631   0.975  -1.240  -1.400
   0.193  -1.915  -2.081   0.010   0.150  -1.604  -0.335   0.794  -1.224   0.350
   0.382  -3.181  -0.291   1.365  -3.381  -0.742  -0.437  -3.629  -0.858   0.458
  -3.493   0.759   0.521  -0.825  -1.653   1.701  -0.657  -2.036  -0.504  -0.412
  -2.441  -1.453  -0.547  -2.212  -0.281   0.644  -3.481  -0.991   0.634  -4.282
  -0.266   1.667  -3.000   0.683   0.535  -3.932
  -3.140   0.413   2.213  -3.140  -0.382   1.432  -4.001  -0.245   0.806  -3.445
  -1.370   1.946  -1.778  -0.416   0.786  -1.023   0.546   0.841  -1.457  -1.479
   0.102  -2.050  -2.266   0.276  -0.018  -1.726  -0.372   0.606  -1.327   0.471
   0.188  -3.197  -0.563   1.222  -3.338  -0.800  -0.377  -3.445  -1.476  -0.106
  -3.813   0.335   0.465  -0.892  -1.579   1.677  -0.943  -1.892  -0.437  -0.166
  -2.339  -1.446  -0.282  -2.181  -0.161   0.893  -3.228  -1.022   1.334  -3.678
   0.452   1.714  -2.751   0.397   0.696  -4.127
  -2.973   1.018   1.595  -2.973   0.052   1.127  -3.618   0.016   0.266  -3.397
  -0.567   1.928  -1.625  -0.265   0.661  -0.677   0.544   0.879  -1.392  -1.400
   0.010  -2.191  -1.976  -0.153  -0.065  -1.798  -0.463   0.646  -1.585   0.266
  -0.067  -3.287  -0.685   0.977  -3.581  -0.922  -0.750  -3.530  -1.467  -0.526
  -3.750   0.252   0.419  -1.041  -1.687   1.636  -0.979  -1.954  -0.527  -0.375
  -2.307  -1.482  -0.466  -1.895  -0.380   0.561  -3.433  -1.378   0.706  -3.823
   0.173   1.540  -3.173   0.157  -0.060  -4.166
  -2.882   1.163   0.658  -2.544   0.297   1.216  -3.315  -0.516   1.115  -2.566
   0.455   2.324  -1.150  -0.138   0.802  -0.291   0.748   0.916  -1.055  -1.332
   0.224  -1.813  -2.009   0.310   0.131  -1.778  -0.494   1.051  -1.548   0.121
  -0.054  -3.278  -0.778   0.774  -3.545  -1.476  -1.017  -3.457  -1.248   0.033
  -3.893   0.135   0.360  -1.080  -1.803   1.438  -1.172  -2.444  -0.706  -0.445
  -2.311  -1.549  -0.472  -1.822  -0.731   0.487  -3.449  -1.466   0.098  -4.136
  -1.037   1.473  -3.077   0.222   0.566  -3.842
  -2.639   1.035   0.003  -2.499   0.370   0.845  -3.222  -0.401   0.879  -2.590
   0.900   1.821  -1.115  -0.219   0.681  -0.047   0.320   1.083  -1.067  -1.336
  -0.015  -1.933  -1.764  -0.302   0.143  -1.911  -0.608   0.949  -1.861   0.108
  -0.068  -3.378  -0.812   0.668  -3.828  -1.556  -1.071  -3.652  -1.125   0.093
  -3.958   0.125   0.454  -1.125  -2.039   1.563  -1.209  -2.549  -0.526  -0.365
  -2.649  -1.443  -0.462  -2.271  -0.336   0.538  -3.758  -0.034   0.031  -4.683
  -1.311   0.790  -3.935   0.432   1.260  -3.383
  -3.029   0.264  -0.052  -2.433   0.205   0.917  -2.873  -0.591   1.543  -2.261
   1.155   1.459  -1.108  -0.246   0.402  -0.165   0.508   0.458  -0.992  -1.438
  -0.138  -1.820  -1.951  -0.109   0.210  -2.017  -0.651   0.925  -2.092   0.108
  -0.161  -3.475  -0.998   0.779  -4.089  -1.094  -0.713  -3.446  -1.961  -0.745
  -3.843  -0.120   0.693  -1.293  -1.961   1.920  -1.267  -2.238  -0.256  -0.641
  -2.661  -1.180  -0.684  -2.249  -0.187   0.254  -3.856   0.360  -0.330  -4.658
  -1.156   0.585  -4.223   0.450   1.075  -3.480
  -3.083   0.639   0.424  -2.453   0.054   1.159  -2.969  -0.874   1.426  -2.323
   0.739   1.980  -1.080  -0.235   0.550  -0.423   0.792   0.259  -0.703  -1.513
   0.302  -1.344  -2.246   0.605   0.497  -2.049  -0.373   1.279  -2.181   0.303
   0.284  -3.523  -0.671   1.334  -3.828  -0.929  -0.395  -3.690  -1.500   0.073
  -4.124   0.219   0.878  -1.404  -1.681   2.085  -1.362  -1.934   0.044  -0.688
  -2.400  -0.884  -0.681  -1.972   0.329   0.315  -3.510   1.196   0.077  -4.198
  -0.596   0.413  -4.176   0.442   1.396  -3.166
  -3.033   0.600   1.406  -2.611  -0.354   1.533  -3.390  -0.995   1.393  -2.309
  -0.560   2.593  -1.421  -0.478   0.581  -0.808   0.522   0.218  -1.040  -1.739
   0.278  -1.620  -2.448   0.645   0.344  -2.066  -0.258   1.139  -1.533   0.293
   0.385  -3.604  -0.039   1.210  -4.089  -0.631  -0.534  -3.958  -0.513   0.389
  -3.802   1.036   0.777  -1.499  -1.694   1.935  -1.197  -1.941  -0.137  -1.254
  -2.611  -1.068  -1.544  -2.400   0.063  -0.571  -3.871  -0.145   0.483  -3.639
   1.082  -0.731  -4.235  -0.519  -0.919  -4.731
  -3.666  -0.050   0.629  -2.771  -0.365   1.275  -2.959  -1.231   1.831  -2.551
   0.360   1.991  -1.386  -0.412   0.576  -0.871   0.606   0.290  -0.883  -1.614
   0.374  -1.410  -2.467   0.568   0.446  -1.953  -0.075   1.086  -1.459   0.637
   0.714  -3.481  -0.042   1.813  -3.709  -0.162   0.160  -3.937  -0.839   0.300
  -3.835   0.900   0.854  -1.385  -1.479   2.059  -1.166  -1.729  -0.044  -1.230
  -2.424  -0.952  -1.503  -2.150   0.208  -0.612  -3.723   1.065   0.124  -3.692
   0.293  -1.426  -4.503  -0.696  -0.080  -4.059
  -3.248  -1.096   0.722  -2.605  -0.442   1.169  -2.651  -0.555   2.280  -2.920
   0.610   0.949  -1.178  -0.444   0.650  -0.513   0.540   0.750  -0.809  -1.644
   0.227  -1.519  -2.345   0.184   0.607  -1.849  -0.069   1.246  -1.327   0.635
   0.823  -3.348   0.214   1.764  -3.528  -0.217  -0.023  -3.947  -0.323   0.909
  -3.655   1.270   0.924  -1.356  -1.482   2.069  -1.112  -1.824  -0.069  -1.017
  -2.296  -0.963  -1.193  -1.934   0.060  -0.225  -3.508  -0.718   0.518  -3.502
   1.037   0.250  -3.569  -0.130  -0.808  -4.449
  -3.548  -1.002   0.251  -3.063  -0.475   1.087  -3.219  -0.954   2.020  -3.554
   0.482   1.128  -1.564  -0.536   0.831  -0.823   0.477   1.001  -1.131  -1.726
   0.364  -1.897  -2.341   0.346   0.304  -2.027  -0.054   1.004  -1.823   0.762
   0.451  -3.527  -0.299   1.378  -3.726  -0.681  -0.382  -3.881  -0.928   0.466
  -4.091   0.636   0.754  -1.237  -1.259   1.928  -0.902  -1.467  -0.255  -0.835
  -2.147  -1.155  -1.221  -2.115   0.106  -0.311  -3.490   0.751   0.537  -3.360
   0.608  -0.973  -4.174  -0.776   0.138  -4.002
  -3.378  -1.112   0.211  -2.920  -1.037   1.153  -3.220  -1.813   1.927  -3.168
  -0.033   1.585  -1.443  -0.942   0.923  -0.868   0.073   1.325  -0.837  -1.925
   0.344  -1.504  -2.687   0.201   0.507  -2.076  -0.096   1.189  -1.518   0.627
   1.049  -3.474   0.106   2.041  -3.572   0.333   0.890  -4.109  -0.750   0.516
  -3.859   0.954   0.917  -1.494  -1.538   2.083  -1.514  -1.907  -0.042  -1.001
  -2.266  -1.056  -0.964  -1.956   0.226  -0.152  -3.389   1.068   0.551  -3.087
   0.518  -0.753  -4.217  -0.764   0.258  -3.731
  -3.228  -2.024   0.974  -2.876  -1.105   1.365  -2.944  -1.242   2.504  -3.502
  -0.201   1.035  -1.499  -0.878   0.937  -1.032   0.273   1.177  -0.765  -1.888
   0.443  -1.162  -2.823   0.233   0.664  -1.874  -0.050   1.194  -1.257   0.704
   1.221  -3.379   0.043   2.192  -3.487  -0.371   0.583  -4.159  -0.403   1.378
  -3.614   1.102   0.868  -1.317  -1.509   2.072  -1.191  -1.796  -0.171  -0.858
  -2.280  -1.198  -1.076  -2.089   0.226  -0.165  -3.535   0.900   0.656  -3.312
   0.515  -0.833  -4.277  -0.600   0.516  -3.939
  -3.677  -0.519   0.830  -3.058  -1.194   1.322  -3.282  -2.180   1.131  -3.279
  -0.960   2.422  -1.601  -0.991   1.049  -0.958   0.061   1.208  -0.914  -1.994
   0.675  -1.349  -2.920   0.727   0.522  -1.928   0.225   1.039  -1.193   0.989
   0.895  -3.445   0.515   1.877  -3.645   0.135   0.156  -4.076   0.145   0.956
  -3.606   1.564   0.817  -1.445  -1.202   1.989  -1.194  -1.492  -0.264  -1.223
  -1.984  -1.109  -1.614  -1.709  -0.104  -0.827  -3.403  -0.993  -0.339  -3.760
   0.784  -0.245  -3.498   0.038  -1.807  -4.027
  -3.011  -0.244   1.916  -2.498  -1.171   1.663  -3.216  -1.840   1.258  -2.088
  -1.608   2.575  -1.285  -0.932   0.822  -0.813   0.224   0.847  -0.680  -1.980
   0.283  -0.906  -2.906   0.600   0.700  -1.893  -0.059   1.289  -1.245   0.558
   1.173  -3.334  -0.096   2.093  -3.322  -0.744   0.500  -3.961  -0.710   1.544
  -3.742   0.809   0.837  -1.389  -1.574   1.918  -1.036  -1.956  -0.257  -1.299
  -2.305  -1.139  -1.761  -2.024  -0.267  -0.576  -3.606  -1.340  -0.410  -3.980
   0.267   0.413  -3.746   0.205  -1.285  -4.324
  -3.125  -0.812   2.688  -2.514  -1.657   2.264  -3.232  -2.217   1.708  -2.255
  -2.241   3.148  -1.246  -1.218   1.466  -1.076  -0.005   1.366  -0.567  -2.267
   0.965  -0.778  -3.228   1.353   0.625  -2.227   0.151   1.267  -1.819   0.823
   1.140  -3.669   0.050   2.057  -3.804  -0.454   0.303  -4.229  -0.481   1.039
  -4.042   1.057   0.594  -1.462  -1.229   1.658  -1.179  -1.739  -0.600  -1.131
  -1.788  -1.393  -1.292  -1.245  -0.705  -0.430  -3.092  -1.736  -0.081  -3.285
  -0.106   0.504  -3.093  -0.285  -1.078  -3.785
  -3.050  -1.877   2.935  -2.543  -2.427   2.127  -3.173  -2.629   1.336  -2.200
  -3.359   2.512  -1.303  -1.790   1.580  -0.905  -0.642   1.928  -0.623  -2.512
   0.736  -1.007  -3.394   0.426   0.650  -2.115   0.147   1.203  -1.410   0.886
   1.390  -3.389  -0.158   2.435  -3.046  -0.545   0.816  -3.915  -0.876   1.483
  -3.986   0.801   0.398  -1.241  -1.170   1.338  -0.596  -1.704  -0.842  -1.169
  -1.683  -1.647  -1.673  -1.310  -1.064  -0.525  -3.028  -2.091  -0.221  -3.098
  -0.457   0.416  -3.025  -0.749  -1.271  -3.782
  -2.225  -2.488   3.628  -2.242  -2.877   2.584  -3.198  -2.638   2.249  -2.089
  -3.978   2.600  -1.193  -2.009   1.845  -1.330  -0.806   2.064  -0.478  -2.638
   0.905  -0.385  -3.604   0.846   0.600  -2.090   0.114   1.226  -1.508   0.774
   1.473  -3.207  -0.444   2.178  -2.814  -1.241   0.905  -4.084  -0.879   2.132
  -3.607   0.357   0.175  -1.211  -1.074   1.050  -0.428  -1.577  -1.067  -1.218
  -1.532  -1.686  -1.827  -1.021  -1.626  -0.422  -2.694  -2.590  -0.940  -2.934
  -1.868   0.593  -2.381  -0.872  -0.439  -3.465
  -3.027  -1.847   3.042  -2.688  -2.594   2.355  -3.458  -2.736   1.627  -2.610
  -3.568   2.779  -1.258  -2.113   1.955  -0.626  -1.331   2.694  -0.782  -2.496
   0.741  -1.326  -3.196   0.211   0.467  -2.051   0.061   1.188  -1.775   0.797
   1.080  -3.256  -0.716   1.908  -2.840  -1.268   0.348  -3.642  -1.388   1.412
  -4.093  -0.215   0.068  -0.939  -1.006   0.793  -0.040  -1.356  -1.167  -0.996
  -1.519  -1.653  -1.945  -1.435  -1.715  -0.320  -2.702  -2.728  -0.521  -2.653
  -1.516   0.748  -2.628  -1.121  -0.761  -3.551
  -2.780  -2.097   3.380  -2.451  -2.718   2.546  -3.310  -2.856   1.927  -1.949
  -3.680   2.759  -1.377  -1.959   1.796  -1.103  -0.786   1.991  -0.787  -2.687
   0.868  -1.018  -3.681   0.927   0.329  -2.184  -0.001   1.127  -1.820   0.641
   0.870  -3.447  -0.743   1.599  -3.229  -1.517  -0.027  -3.823  -1.214   1.201
  -4.136  -0.031  -0.057  -0.999  -0.932   0.472   0.093  -0.855  -1.099  -1.219
  -1.755  -1.555  -2.121  -1.662  -1.654  -0.402  -2.799  -1.407  -0.852  -3.697
  -2.719  -0.249  -2.766  -1.207   0.616  -2.788
  -1.925  -1.948   3.925  -1.885  -2.400   2.950  -2.835  -2.407   2.483  -1.442
  -3.370   3.042  -0.965  -1.654   2.133  -0.813  -0.465   2.326  -0.337  -2.326
   1.148  -0.476  -3.337   1.148   0.644  -1.829   0.164   1.473  -1.325   0.725
   1.198  -3.133  -0.554   1.952  -2.921  -1.264   0.473  -3.843  -1.064   1.524
  -3.756   0.326   0.051  -0.940  -0.879   0.707  -0.035  -1.336  -1.208  -1.171
  -1.321  -1.626  -2.012  -0.948  -1.673  -0.619  -2.588  -2.515  -1.217  -2.861
  -1.876   0.438  -2.493  -0.840  -0.700  -3.331
  -1.714  -2.059   4.245  -1.977  -2.192   3.173  -2.869  -1.592   2.923  -2.135
  -3.208   3.011  -0.874  -1.591   2.306  -0.636  -0.404   2.491  -0.216  -2.232
   1.365  -0.537  -3.210   1.178   0.752  -1.700   0.356   1.519  -1.009   0.735
   1.604  -2.923  -0.155   2.125  -2.538  -1.025   1.000  -3.797  -0.429   2.240
  -3.357   0.622   0.176  -1.003  -0.916   0.816  -0.255  -1.609  -1.196  -1.015
  -1.070  -1.729  -1.830  -0.692  -1.778  -0.339  -2.252  -1.277  -0.784  -3.120
  -2.830  -0.679  -2.314  -1.729   0.764  -2.144
  -1.582  -2.688   3.960  -2.160  -2.135   3.207  -2.572  -1.259   3.662  -2.851
  -2.829   2.798  -1.249  -1.578   2.175  -1.159  -0.383   2.066  -0.452  -2.449
   1.549  -0.536  -3.476   1.681   0.626  -1.876   0.661   1.122  -1.116   1.363
   1.710  -2.856   0.343   2.544  -2.438  -0.322   1.476  -3.758  -0.198   2.161
  -3.204   1.279   0.265  -1.061  -0.581   0.881  -0.038  -0.987  -0.875  -1.512
  -1.171  -1.325  -2.281  -0.688  -1.636  -0.853  -2.189  -1.515  -1.581  -2.847
  -2.606  -0.608  -1.661  -1.269   0.088  -2.661
  -1.286  -2.270   4.389  -1.769  -2.199   3.439  -2.758  -1.790   3.447  -1.893
  -3.234   3.142  -1.044  -1.389   2.433  -1.234  -0.235   2.149  -0.035  -2.054
   1.950   0.145  -3.008   2.343   0.871  -1.561   0.827   1.683  -0.879   1.170
   1.523  -2.924   0.401   2.261  -2.803  -0.426   0.824  -3.756   0.317   2.105
  -3.298   1.340   0.181  -1.049  -0.414   0.649  -0.073  -0.977  -0.943  -1.626
  -0.829  -1.172  -2.391  -0.226  -1.759  -1.015  -1.902  -2.730  -1.484  -2.104
  -1.947  -0.001  -1.558  -1.140  -0.937  -2.756
  -0.651  -3.286   4.326  -1.243  -2.447   4.062  -0.985  -1.656   4.727  -2.305
  -2.743   3.851  -0.807  -1.871   2.713  -1.108  -0.715   2.391  -0.086  -2.560
   1.827   0.198  -3.462   2.074   0.781  -1.996   0.741   1.563  -1.457   1.202
   1.318  -3.224   0.104   1.768  -2.950  -0.796   0.640  -4.078  -0.153   2.137
  -3.467   0.775   0.140  -1.132  -0.353   0.683  -0.131  -0.744  -1.137  -1.425
  -0.802  -1.617  -2.053  -0.227  -1.711  -0.973  -2.164  -1.736  -1.883  -2.674
  -2.675  -0.518  -2.205  -0.958  -0.464  -2.681
  -0.892  -3.098   4.216  -1.630  -2.773   3.516  -2.150  -2.029   4.050  -2.208
  -3.632   3.180  -0.909  -1.960   2.463  -1.028  -0.778   2.394  -0.133  -2.730
   1.696  -0.258  -3.695   1.833   0.722  -2.055   0.665   1.328  -1.400   1.256
   1.646  -3.151   0.042   2.461  -2.660  -0.517   1.278  -3.980  -0.528   2.115
  -3.705   0.865   0.072  -1.195  -0.516   0.627  -0.230  -1.095  -1.111  -1.627
  -0.983  -1.546  -2.365  -0.478  -1.769  -1.261  -2.323  -1.812  -2.097  -3.073
  -2.875  -1.089  -2.278  -1.321  -0.363  -2.753
  -0.246  -3.425   4.102  -0.971  -2.571   4.061  -0.822  -1.791   4.868  -1.919
  -3.035   4.266  -0.933  -1.920   2.712  -1.382  -0.783   2.578  -0.044  -2.517
   1.797   0.312  -3.302   2.117   0.677  -1.725   0.720   1.255  -0.981   1.194
   1.705  -2.702   0.020   2.152  -2.123  -0.743   1.261  -3.537  -0.507   2.538
  -3.019   0.544  -0.305  -1.004  -0.228  -0.122   0.081  -0.666  -1.485  -1.644
  -0.396  -1.494  -2.542  -0.030  -2.491  -1.329  -1.395  -1.959  -1.412  -2.332
  -3.337  -2.052  -1.422  -2.927  -0.291  -1.253
  -0.451  -2.969   4.603  -1.352  -2.813   4.082  -2.026  -2.366   4.748  -1.955
  -3.645   3.760  -0.952  -2.080   2.813  -1.301  -0.914   2.697  -0.048  -2.635
   2.015   0.162  -3.531   2.266   0.798  -1.853   0.967   1.381  -1.221   1.714
   1.775  -2.839   0.398   2.466  -2.278  -0.386   1.144  -3.635  -0.116   2.514
  -3.356   1.031   0.025  -1.061  -0.129   0.545  -0.204  -0.876  -1.293  -1.336
  -0.199  -1.530  -1.976   0.519  -2.376  -0.799  -1.015  -2.328  -1.310  -1.923
  -3.234  -0.915  -0.407  -2.127   0.170  -1.278
  -1.879  -3.271   3.703  -0.927  -3.002   4.078  -0.274  -3.836   4.155  -1.072
  -2.576   5.005  -0.485  -2.025   3.032  -0.691  -0.777   3.311   0.147  -2.447
   1.929   0.332  -3.443   1.898   0.919  -1.583   1.098   1.203  -0.718   1.641
   2.211  -2.327   0.507   2.865  -1.645   0.013   1.843  -3.100  -0.230   2.856
  -2.787   1.333   0.196  -1.181  -0.182   0.672  -0.430  -1.020  -1.071  -1.465
  -0.139  -1.259  -2.242   0.479  -2.204  -0.840  -0.708  -1.959  -0.350  -1.603
  -2.860  -1.609  -1.142  -2.717  -0.168   0.038
  -1.111  -3.995   3.221  -0.611  -3.133   3.862   0.181  -3.683   4.382  -1.460
  -2.747   4.446  -0.217  -1.973   2.888  -0.647  -0.797   3.038   0.592  -2.349
   1.862   0.972  -3.262   1.889   1.180  -1.468   0.892   1.371  -0.417   1.320
   2.442  -2.091   0.378   2.770  -1.510  -0.457   2.291  -3.126  -0.005   3.135
  -2.096   1.212   0.220  -1.280  -0.346   0.661  -0.799  -1.362  -1.089  -1.555
  -0.190  -1.217  -2.214   0.569  -2.195  -1.505  -1.158  -1.836  -1.873  -2.090
  -3.062  -2.132  -0.882  -2.559  -0.496  -1.212
   0.110  -4.047   3.517  -0.451  -3.202   3.867  -0.059  -2.833   4.807  -1.454
  -3.487   3.930  -0.120  -2.075   2.950  -0.735  -1.051   3.015   0.900  -2.279
   2.017   1.153  -3.207   1.864   1.231  -1.332   0.972   1.369  -0.389   1.390
   2.578  -1.746   0.599   3.029  -1.240  -0.238   2.526  -2.789   0.289   3.265
  -1.607   1.387   0.206  -1.128  -0.200   0.444  -0.455  -1.177  -0.907  -1.859
  -0.193  -1.129  -2.620   0.501  -1.896  -1.504  -1.072  -1.997  -2.269  -1.880
  -2.700  -1.235  -0.406  -1.746  -0.602  -1.722
   0.490  -3.588   4.282  -0.445  -3.198   3.849  -1.035  -2.774   4.642  -1.078
  -4.076   3.490  -0.437  -2.008   2.822  -1.103  -0.965   2.906   0.348  -2.246
   1.752   0.883  -3.125   1.622   0.807  -1.165   0.856   0.871  -0.285   1.415
   2.241  -1.616   0.430   2.775  -0.769  -0.027   2.084  -2.449  -0.324   2.862
  -1.915   1.231  -0.158  -0.815  -0.263   0.133   0.123  -0.980  -1.254  -1.510
  -0.427  -1.385  -2.297   0.162  -2.155  -1.143  -1.465  -1.690  -1.329  -2.350
  -3.109  -1.788  -1.463  -2.268  -0.073  -1.390
  -1.721  -2.686   4.555  -1.392  -3.111   3.633  -2.092  -3.717   2.950  -0.635
  -3.879   3.835  -0.671  -1.960   2.768  -0.897  -0.750   2.788   0.141  -2.484
   1.792   0.230  -3.491   1.617   0.940  -1.511   0.999   1.165  -0.607   1.621
   2.260  -2.156   0.450   2.932  -1.386   0.212   1.998  -2.809  -0.370   2.632
  -2.713   1.321   0.169  -0.835  -0.215   0.741  -0.002  -0.932  -1.087  -1.204
  -0.313  -1.392  -1.867   0.326  -1.928  -0.897  -1.477  -1.855  -1.701  -2.273
  -2.996  -0.960  -1.174  -1.657   0.089  -1.884
  -0.540  -3.528   3.688  -1.435  -3.079   3.187  -2.197  -2.661   3.916  -1.823
  -4.048   2.709  -0.934  -1.965   2.280  -1.320  -0.784   2.401   0.051  -2.290
   1.478   0.100  -3.310   1.226   0.797  -1.469   0.497   1.193  -0.677   1.085
   2.017  -2.215  -0.010   2.687  -1.506  -0.437   1.944  -3.021  -0.739   2.558
  -2.608   0.890   0.036  -0.897  -0.717   0.500   0.077  -1.300  -1.218  -1.430
  -0.896  -1.393  -2.115  -0.139  -2.448  -1.111  -1.723  -2.453  -1.630  -2.624
  -3.323  -1.348  -1.122  -2.519  -0.036  -1.899
  -0.642  -3.562   3.160  -1.445  -2.942   3.036  -1.677  -2.612   3.975  -2.186
  -3.594   2.537  -1.009  -1.848   2.216  -1.422  -0.761   2.379  -0.313  -2.270
   1.200   0.103  -3.206   1.232   0.400  -1.345   0.266   0.924  -0.521   0.830
   1.592  -2.230  -0.293   2.229  -1.695  -1.074   1.250  -3.141  -0.826   2.348
  -2.479   0.479  -0.492  -0.713  -0.829  -0.110   0.155  -1.584  -1.593  -1.392
  -1.090  -1.779  -2.226  -0.478  -2.648  -1.091  -2.116  -2.215  -1.446  -3.001
  -3.535  -1.670  -1.968  -2.831  -0.072  -2.086
  -1.629  -3.322   3.441  -2.119  -2.912   2.458  -3.073  -2.477   2.792  -2.399
  -3.647   1.631  -1.313  -1.872   1.717  -1.432  -0.668   1.963  -0.315  -2.402
   0.818  -0.195  -3.425   0.546   0.481  -1.507  -0.105   0.655  -0.636   0.517
   1.838  -2.228  -0.327   2.566  -1.459  -0.477   1.792  -2.755  -1.267   2.172
  -2.857   0.420  -0.295  -0.969  -1.401   0.248  -0.037  -1.951  -1.447  -1.624
  -1.758  -1.809  -2.356  -1.209  -2.439  -1.038  -2.650  -3.447  -1.271  -2.428
  -2.446  -0.024  -2.563  -2.166  -1.126  -3.720
  -2.533  -2.880   3.249  -1.923  -3.008   2.402  -2.586  -3.136   1.456  -1.392
  -3.991   2.556  -0.947  -1.933   2.128  -0.905  -0.770   2.596  -0.192  -2.205
   1.055  -0.196  -3.128   0.713   0.365  -1.190   0.244   0.746  -0.373   0.963
   1.714  -1.748  -0.260   1.652  -2.314  -1.197   2.211  -2.426   0.565   2.498
  -1.005  -0.390  -0.513  -0.706  -0.967  -0.133   0.303  -1.561  -1.613  -1.420
  -1.198  -1.648  -2.353  -0.854  -2.668  -1.089  -2.082  -2.790  -1.791  -2.943
  -3.653  -1.156  -1.526  -2.636   0.016  -2.317
  -2.449  -3.068   2.596  -1.486  -3.060   2.993  -1.058  -4.054   2.749  -1.526
  -2.713   4.034  -0.861  -1.950   2.056  -1.016  -0.775   2.460  -0.177  -2.307
   0.964  -0.036  -3.270   0.900   0.555  -1.425   0.000   0.893  -0.534   0.553
   1.804  -2.059  -0.354   1.488  -2.821  -1.061   2.414  -2.422   0.525   2.331
  -1.440  -1.074  -0.276  -0.743  -1.133   0.298  -0.062  -2.024  -1.591  -0.946
  -1.170  -1.786  -1.614  -0.344  -2.694  -0.267  -1.932  -3.173  -0.890  -2.648
  -3.487  -0.263  -1.288  -2.378   0.657  -2.346
  -2.328  -3.341   1.844  -1.486  -3.111   2.512  -1.008  -4.087   2.811  -1.903
  -2.663   3.377  -0.524  -2.118   1.963  -0.446  -0.998   2.393  -0.015  -2.497
   0.820  -0.310  -3.392   0.380   0.727  -1.544   0.020   1.185  -0.660   0.587
   1.916  -2.287  -0.606   1.410  -2.980  -1.313   2.508  -2.873   0.188   2.584
  -1.630  -1.130   0.005  -0.874  -1.197   0.641  -0.069  -1.913  -1.353  -1.158
  -1.308  -1.637  -1.821  -0.655  -2.419  -0.416  -2.122  -2.988  -1.118  -2.640
  -2.983   0.260  -1.464  -1.873   0.221  -2.847
  -2.110  -3.896   1.696  -1.697  -3.234   2.400  -1.155  -3.822   3.091  -2.540
  -2.860   3.031  -0.820  -2.093   1.836  -0.813  -0.902   2.280  -0.056  -2.471
   0.839  -0.045  -3.444   0.546   0.732  -1.467   0.003   1.036  -0.563   0.646
   2.033  -2.260  -0.393   1.723  -2.557  -1.369   2.234  -3.127   0.166   2.911
  -1.635  -0.518  -0.107  -0.899  -1.244   0.409  -0.147  -2.153  -1.384  -1.143
  -1.362  -1.696  -1.869  -0.738  -2.398  -0.639  -2.337  -2.551  -1.494  -3.015
  -3.253  -0.412  -1.771  -2.261   0.269  -2.861
  -1.518  -4.340   2.254  -2.056  -3.363   2.193  -2.510  -3.280   3.196  -2.844
  -3.217   1.449  -0.985  -2.400   1.893  -0.774  -1.421   2.611  -0.247  -2.664
   0.793  -0.370  -3.559   0.428   0.652  -1.791   0.132   1.016  -1.034   0.883
   2.044  -2.412  -0.307   1.956  -3.371  -0.851   2.438  -2.845   0.588   2.724
  -1.580  -0.623   0.002  -0.932  -0.985   0.632   0.033  -1.441  -1.233  -1.314
  -1.412  -1.730  -1.930  -0.879  -1.989  -0.614  -2.469  -3.048  -0.905  -2.625
  -2.034   0.396  -2.170  -1.537  -0.676  -3.420
  -1.364  -4.693   2.562  -1.972  -3.776   2.715  -2.053  -3.501   3.716  -2.888
  -4.062   2.268  -1.284  -2.560   2.100  -1.492  -1.450   2.509  -0.445  -2.898
   1.106  -0.149  -3.844   1.014   0.469  -1.928   0.491   0.704  -1.252   1.333
   1.745  -2.613   0.072   1.711  -3.087  -0.859   2.170  -3.368   0.754   2.446
  -1.738   0.025  -0.164  -1.105  -0.714   0.333   0.010  -1.061  -1.273  -1.581
  -1.310  -1.689  -2.401  -0.849  -1.819  -1.005  -2.601  -2.404  -1.800  -3.128
  -2.576  -0.199  -2.477  -1.037  -0.628  -3.210
  -1.809  -4.380   2.694  -2.177  -3.393   2.414  -2.763  -3.091   3.323  -2.896
  -3.592   1.620  -1.100  -2.412   2.045  -1.128  -1.272   2.553  -0.184  -2.816
   1.098  -0.217  -3.745   0.701   0.644  -1.782   0.457   0.922  -1.073   1.277
   1.857  -2.344  -0.266   1.604  -2.748  -1.272   2.349  -3.121   0.452   2.505
  -1.561  -0.529  -0.217  -0.895  -0.546   0.148   0.270  -0.747  -1.186  -1.466
  -1.180  -1.332  -2.309  -0.765  -2.000  -1.016  -2.287  -2.887  -1.729  -2.418
  -2.286   0.011  -2.042  -1.445  -1.066  -3.248
  -0.958  -4.337   2.981  -1.556  -3.531   2.556  -2.222  -3.047   3.247  -2.029
  -4.048   1.695  -0.609  -2.472   2.022  -0.571  -1.306   2.494   0.045  -2.781
   0.962  -0.069  -3.707   0.570   0.912  -1.829   0.251   1.395  -1.131   0.975
   2.000  -2.688  -0.390   1.592  -3.255  -1.276   2.489  -3.425   0.295   2.802
  -1.954  -0.624   0.155  -0.980  -0.742   0.537   0.151  -1.015  -0.849  -1.480
  -1.446  -1.271  -2.379  -1.266  -1.237  -0.902  -2.792  -1.659  -1.641  -3.482
  -1.963  -0.128  -2.683  -0.337  -0.398  -3.150
  -1.221  -4.440   2.788  -1.645  -3.800   2.088  -2.432  -3.147   2.534  -2.180
  -4.245   1.261  -0.691  -2.694   1.637  -0.604  -1.528   2.035   0.229  -3.074
   0.801   0.274  -4.050   0.519   1.110  -2.288  -0.059   1.673  -1.656   0.623
   1.984  -3.271  -0.788   1.391  -4.039  -1.292   2.613  -3.771   0.003   2.772
  -2.796  -1.325   0.324  -1.400  -1.037   0.713  -0.256  -1.259  -0.769  -1.959
  -1.677  -1.148  -2.858  -1.405  -1.345  -1.225  -2.765  -2.349  -1.596  -2.869
  -1.301  -0.166  -2.669  -0.705  -1.426  -3.639
  -1.598  -4.632   2.543  -2.016  -4.063   1.683  -2.898  -3.534   1.948  -2.115
  -4.755   0.803  -0.939  -2.996   1.396  -1.028  -1.915   1.912   0.084  -3.235
   0.551  -0.037  -4.102   0.034   0.883  -2.134  -0.041   1.195  -1.449   0.708
   2.086  -2.854  -0.660   1.890  -3.409  -1.596   2.517  -3.655  -0.014   2.954
  -2.136  -0.709   0.231  -1.297  -1.122   0.792  -0.262  -1.530  -0.890  -1.710
  -1.572  -1.444  -2.345  -0.951  -1.620  -0.959  -2.614  -2.316  -1.687  -3.090
  -2.286  -0.172  -2.296  -1.183  -0.527  -3.436
  -1.788  -4.743   2.288  -2.165  -3.834   2.030  -2.676  -3.340   2.869  -2.835
  -3.909   1.197  -1.048  -2.877   1.615  -0.893  -1.882   2.283  -0.280  -3.284
   0.617  -0.564  -4.055  -0.024   0.771  -2.396   0.089   1.308  -1.805   0.859
   1.794  -3.316  -0.656   1.310  -3.920  -1.370   2.195  -4.019   0.121   2.407
  -2.569  -1.085   0.175  -1.453  -1.022   0.651  -0.342  -1.240  -0.926  -1.941
  -1.644  -1.246  -2.868  -1.513  -1.511  -1.198  -2.775  -0.760  -1.232  -3.568
  -2.288  -1.798  -3.336  -1.798  -0.206  -2.547
  -1.781  -4.641   2.525  -2.230  -3.749   1.995  -3.050  -3.323   2.559  -2.620
  -4.047   1.063  -0.986  -2.826   1.807  -0.752  -1.810   2.460  -0.237  -3.033
   0.711  -0.384  -3.898   0.265   0.706  -2.190   0.023   1.201  -1.525   0.703
   1.783  -3.100  -0.616   1.298  -3.813  -1.316   2.315  -3.735   0.134   2.565
  -2.485  -1.007   0.008  -1.194  -0.983   0.495  -0.060  -1.220  -1.002  -1.707
  -1.761  -1.261  -2.692  -1.727  -1.598  -1.022  -2.939  -0.819  -0.608  -3.574
  -2.151  -1.777  -3.507  -2.183  -0.205  -2.502
  -1.772  -5.077   1.534  -2.220  -4.136   1.868  -2.697  -4.220   2.850  -3.062
  -3.804   1.210  -1.115  -3.111   1.763  -0.913  -2.170   2.537  -0.369  -3.370
   0.691  -0.567  -4.219   0.220   0.605  -2.446   0.098   1.146  -1.822   0.821
   1.728  -3.331  -0.542   1.330  -4.010  -1.345   2.346  -3.896   0.129   2.417
  -2.639  -1.041   0.016  -1.450  -0.930   0.755  -0.532  -1.352  -1.292  -1.691
  -1.362  -1.811  -2.477  -1.033  -2.025  -0.838  -2.264  -1.647   0.151  -2.162
  -1.904  -1.066  -3.317  -3.087  -0.844  -2.065
  -2.334  -5.222   1.291  -2.732  -4.179   1.358  -3.246  -3.972   2.356  -3.396
  -3.861   0.527  -1.588  -3.209   1.347  -1.702  -2.168   2.027  -0.640  -3.437
   0.511  -0.589  -4.344   0.014   0.365  -2.470  -0.001   0.699  -2.022   0.937
   1.451  -3.237  -0.733   1.075  -3.758  -1.622   2.062  -3.838  -0.067   2.143
  -2.499  -1.270  -0.114  -1.362  -0.975   0.615  -0.459  -1.292  -1.401  -1.439
  -1.205  -1.971  -2.209  -0.967  -2.024  -0.368  -2.032  -1.565   0.574  -1.887
  -1.879  -0.732  -3.024  -3.108  -0.170  -1.814
  -1.811  -4.959   1.831  -2.499  -4.174   1.689  -3.083  -4.062   2.612  -3.222
  -4.272   0.888  -1.615  -2.963   1.363  -1.518  -2.115   2.176  -0.853  -3.047
   0.265  -0.845  -3.846  -0.277   0.171  -2.089  -0.088   0.492  -1.613   0.838
   1.308  -2.896  -0.762   0.945  -3.561  -1.626   1.862  -3.529  -0.035   2.142
  -2.314  -1.159  -0.375  -0.993  -1.003   0.299  -0.028  -1.339  -1.590  -1.175
  -1.557  -2.112  -1.968  -1.237  -2.125  -0.286  -2.590  -2.464   0.608  -2.061
  -1.373   0.007  -3.340  -2.958  -0.765  -3.138
  -1.835  -5.656   1.597  -2.486  -4.783   1.346  -3.292  -4.691   2.129  -2.983
  -5.035   0.446  -1.694  -3.414   1.299  -1.764  -2.541   2.128  -0.873  -3.384
   0.232  -0.843  -4.043  -0.497  -0.034  -2.221   0.047   0.109  -1.662   1.002
   1.284  -2.714  -0.421   1.120  -3.070  -1.474   1.575  -3.397   0.318   1.929
  -1.817  -0.508  -0.530  -1.101  -0.876   0.217  -0.090  -1.080  -1.754  -1.119
  -1.427  -2.403  -1.885  -1.097  -2.279  -0.075  -2.305  -2.026   0.960  -2.040
  -2.068  -0.303  -3.369  -3.379  -0.067  -2.304
  -2.187  -5.652   0.089  -2.515  -4.735   0.619  -2.857  -5.015   1.653  -3.375
  -4.294   0.020  -1.375  -3.729   0.773  -1.535  -3.002   1.803  -0.365  -3.671
  -0.110  -0.411  -4.266  -0.924   0.454  -2.480  -0.181   0.599  -2.254   0.856
   1.856  -2.755  -0.674   1.816  -2.739  -1.782   2.170  -3.723  -0.361   2.551
  -1.966  -0.409  -0.159  -1.209  -0.866   0.244  -0.004  -0.611  -1.133  -1.432
  -1.807  -1.348  -2.404  -2.105  -1.821  -0.307  -2.388  -1.111   0.421  -2.886
  -2.496  -0.695  -3.102  -2.309   0.167  -1.512
