default_name                                                                    
  -3.105  -0.568   1.703  -2.334  -1.215   2.042  -2.895  -2.036   2.536  -1.779
  -0.598   2.794  -1.455  -1.805   0.936  -1.533  -1.543  -0.242  -0.462  -2.564
   1.349  -0.506  -2.816   2.292   0.594  -3.229   0.601   1.268  -3.635   1.335
  -0.030  -4.484   0.012   0.656  -4.958  -0.739  -0.997  -4.176  -0.510  -0.308
  -5.117   0.875   1.432  -2.440  -0.418   2.639  -2.205  -0.279   0.771  -1.925
  -1.426  -0.209  -2.100  -1.431   1.457  -1.309  -2.578   2.229  -0.592  -2.229
   1.934  -2.014  -3.215   0.674  -0.651  -3.084
  -3.041   0.141   1.566  -2.608  -0.835   1.884  -3.455  -1.516   2.108  -2.072
  -0.663   2.867  -1.637  -1.432   0.825  -1.576  -0.986  -0.230  -0.933  -2.525
   1.276  -1.024  -2.727   2.241   0.043  -3.241   0.525   0.801  -3.636   1.261
  -0.637  -4.414  -0.159   0.210  -4.955  -0.598  -1.397  -4.106  -0.966  -1.091
  -5.086   0.514   0.991  -2.423  -0.454   2.214  -2.359  -0.209   0.512  -1.939
  -1.655  -0.456  -1.955  -1.834   1.198  -1.133  -2.711   1.706  -0.296  -2.257
   1.937  -1.776  -3.245   0.457  -0.669  -3.384
  -3.613  -0.712   2.135  -2.566  -0.627   2.299  -2.301  -1.127   3.240  -2.352
   0.370   2.403  -1.862  -1.357   1.178  -2.300  -1.210   0.063  -0.919  -2.246
   1.507  -0.665  -2.335   2.486  -0.038  -3.000   0.590   0.625  -3.675   1.126
  -0.935  -4.118  -0.097  -0.412  -4.854  -0.647  -1.605  -3.650  -0.869  -1.563
  -4.628   0.581   0.957  -2.216  -0.250   2.077  -1.994   0.139   0.479  -1.768
  -1.463  -0.512  -1.896  -1.492   0.944  -0.915  -2.504   2.059  -0.737  -2.433
   0.916  -1.516  -3.412   0.284  -0.102  -2.579
  -3.738  -1.415   2.687  -2.943  -0.809   2.265  -2.318  -0.585   3.144  -3.312
   0.154   1.907  -2.154  -1.560   1.223  -2.212  -1.146   0.104  -1.358  -2.546
   1.457  -1.516  -2.968   2.410  -0.322  -3.162   0.645   0.273  -3.878   1.347
  -1.018  -4.117  -0.297  -0.249  -4.866  -0.734  -1.531  -3.717  -1.134  -1.785
  -4.610   0.272   0.758  -2.245  -0.115   1.968  -2.176   0.214   0.351  -1.550
  -1.185  -0.587  -1.411  -1.173   1.124  -1.018  -2.409   2.013  -1.561  -2.280
   0.544  -1.319  -3.275   1.394  -0.007  -2.339
  -3.619  -1.266   2.502  -2.846  -0.599   2.150  -2.151  -0.547   2.952  -3.330
   0.350   1.828  -2.206  -1.165   0.960  -2.312  -0.712  -0.182  -1.627  -2.283
   1.215  -1.686  -2.613   2.223  -0.808  -3.086   0.304  -0.259  -3.656   0.989
  -1.629  -3.969  -0.661  -1.063  -4.679  -1.257  -2.158  -3.334  -1.396  -2.280
  -4.615  -0.129   0.292  -2.327  -0.454   1.280  -1.954   0.199   0.091  -1.855
  -1.712  -0.719  -2.245  -2.215   0.849  -0.761  -2.348   1.781  -0.746  -1.984
   0.955  -0.902  -3.445   0.305   0.170  -2.184
  -3.848  -1.030   1.723  -2.837  -0.625   1.749  -2.457  -0.753   2.765  -2.822
   0.495   1.644  -2.044  -1.319   0.686  -1.896  -0.782  -0.373  -1.279  -2.358
   1.158  -1.455  -2.667   2.098  -0.425  -3.224   0.301   0.135  -3.887   0.978
  -1.284  -4.222  -0.312  -0.839  -5.022  -0.946  -1.937  -3.767  -0.981  -1.806
  -4.785   0.535   0.678  -2.423  -0.562   1.808  -2.129  -0.108   0.285  -2.147
  -1.806  -0.628  -2.493  -2.062   1.033  -1.353  -2.792   2.085  -1.608  -2.739
   0.756  -1.762  -3.724   0.784  -0.363  -2.656
  -4.099  -0.898   1.271  -3.151  -0.436   1.554  -3.051  -0.774   2.643  -3.041
   0.616   1.540  -1.961  -0.902   0.650  -1.348  -0.061  -0.063  -1.596  -2.188
   0.760  -2.163  -2.731   1.335  -0.575  -2.977   0.028  -0.054  -3.698   0.608
  -1.280  -3.929  -0.977  -0.515  -4.515  -1.483  -1.947  -3.369  -1.697  -1.952
  -4.525  -0.318   0.577  -2.062  -0.646   1.564  -1.649  -0.107   0.300  -1.836
  -1.945  -0.544  -2.159  -2.269   1.256  -1.111  -2.956   2.251  -1.591  -2.988
   0.859  -1.118  -3.948   1.209  -0.048  -2.667
  -4.193  -0.796   1.074  -3.262  -0.427   1.607  -3.327  -0.847   2.555  -3.068
   0.638   1.894  -2.019  -0.849   0.822  -1.422  -0.099   0.071  -1.842  -2.171
   0.940  -2.366  -2.695   1.707  -0.877  -2.983   0.182  -0.592  -3.667   0.936
  -1.470  -4.009  -0.814  -0.669  -4.524  -1.228  -2.017  -3.393  -1.523  -2.123
  -4.733  -0.342   0.474  -2.372  -0.275   1.366  -2.275   0.556   0.521  -1.856
  -1.530  -0.340  -2.089  -2.109   1.549  -1.078  -2.078   2.248  -0.973  -1.307
   1.828  -1.489  -3.049   1.177  -0.078  -2.166
  -2.753   0.531   2.333  -3.122  -0.144   1.561  -3.909   0.327   1.006  -3.601
  -0.995   1.983  -1.919  -0.522   0.819  -1.427   0.237  -0.057  -1.611  -1.813
   1.093  -2.066  -2.287   1.863  -0.898  -2.743   0.177  -0.548  -3.698   0.612
  -1.908  -3.076  -0.940  -1.446  -3.814  -1.631  -2.295  -2.186  -1.434  -2.692
  -3.715  -0.520   0.405  -2.025  -0.414   1.438  -1.916   0.252   0.475  -1.580
  -1.683  -0.422  -1.540  -2.303   1.690  -0.931  -2.142   2.166  -0.452  -1.327
   2.337  -1.626  -2.629   1.465  -0.223  -2.983
  -1.793   0.558   2.517  -2.570   0.321   1.778  -3.034   1.268   1.477  -3.370
  -0.303   2.162  -1.863  -0.277   0.527  -1.453   0.462  -0.331  -1.704  -1.634
   0.614  -2.055  -1.975   1.516  -0.991  -2.541  -0.224  -0.811  -3.498   0.391
  -1.972  -2.953  -1.328  -1.334  -3.666  -1.910  -2.422  -2.193  -1.935  -2.714
  -3.474  -0.744   0.407  -1.951  -0.673   1.294  -1.815   0.140   0.524  -1.496
  -1.945  -0.256  -1.691  -2.557   1.820  -0.994  -2.335   2.215  -0.039  -1.835
   2.545  -1.825  -2.165   1.904  -0.903  -3.450
  -1.550   0.053   2.965  -2.059   0.514   2.123  -1.566   1.465   1.886  -3.106
   0.622   2.454  -1.865  -0.274   0.900  -1.730   0.310  -0.241  -1.569  -1.567
   1.064  -1.526  -1.897   2.090  -1.042  -2.521   0.101  -0.808  -3.380   0.723
  -2.154  -3.036  -0.880  -1.481  -3.641  -1.600  -2.591  -2.144  -1.345  -2.947
  -3.696  -0.420   0.252  -2.074  -0.545   1.257  -2.086   0.130   0.115  -1.564
  -1.790  -0.839  -1.680  -2.184   1.231  -0.986  -2.621   1.368   0.059  -2.289
   2.078  -1.636  -2.444   0.922  -0.979  -3.656
  -1.832   1.406   2.325  -2.641   0.789   1.777  -3.375   1.495   1.333  -3.182
   0.110   2.325  -2.019   0.056   0.661  -1.578   0.598  -0.371  -1.933  -1.298
   0.843  -2.289  -1.602   1.766  -1.486  -2.399   0.103  -1.329  -3.160   0.946
  -2.752  -2.926  -0.715  -2.482  -3.875  -1.206  -2.866  -2.171  -1.436  -3.626
  -3.084  -0.080  -0.124  -2.193  -0.675   0.891  -2.834  -0.326  -0.115  -1.531
  -1.872  -0.866  -0.908  -2.268   1.219  -1.316  -2.459   1.863  -0.989  -1.617
   1.588  -2.230  -2.859   1.173  -0.497  -3.178
  -1.961   0.308   3.108  -2.766   0.454   2.466  -3.004   1.523   2.243  -3.588
  -0.081   2.966  -2.288  -0.198   1.151  -1.935   0.423   0.191  -2.319  -1.524
   1.084  -2.858  -1.973   1.807  -1.706  -2.424   0.043  -1.361  -3.313   0.576
  -2.885  -3.015  -0.909  -2.418  -3.907  -1.419  -3.181  -2.188  -1.556  -3.731
  -3.250  -0.223  -0.425  -2.037  -0.831   0.700  -2.530  -0.605  -0.565  -1.154
  -1.863  -1.453  -0.745  -1.917   0.420  -0.633  -2.699   0.157   0.375  -2.925
   1.376  -0.688  -2.271   0.617  -1.220  -3.557
  -1.883   0.351   2.893  -2.541   0.706   2.173  -2.574   1.791   2.327  -3.612
   0.472   2.458  -2.381   0.126   0.801  -2.200   0.877  -0.182  -2.478  -1.182
   0.742  -2.513  -1.607   1.624  -2.138  -2.125  -0.361  -1.972  -3.148   0.023
  -3.249  -2.347  -1.354  -2.915  -3.128  -2.041  -3.582  -1.357  -1.808  -4.159
  -2.662  -0.753  -0.722  -1.811  -1.068   0.204  -2.328  -0.551  -0.701  -1.028
  -2.141  -1.542  -0.452  -2.276   0.452  -0.767  -2.896   0.223  -0.026  -3.650
   1.270  -0.350  -2.279   0.763  -1.692  -3.258
  -2.604  -0.241   3.228  -2.769   0.436   2.410  -2.236   1.331   2.665  -3.812
   0.684   2.370  -2.440  -0.008   1.027  -2.005   0.748   0.202  -2.535  -1.332
   0.836  -2.994  -1.814   1.605  -2.149  -2.191  -0.299  -1.961  -3.147  -0.037
  -3.354  -2.327  -1.290  -3.108  -3.115  -2.018  -3.579  -1.371  -1.822  -4.188
  -2.592  -0.718  -0.885  -1.714  -1.088   0.225  -2.052  -0.734  -0.979  -0.851
  -2.069  -1.932  -0.381  -2.102   0.106  -0.219  -2.757  -0.173  -0.129  -3.813
   0.389   0.748  -2.272   0.901  -0.953  -2.853
  -2.726   0.577   3.070  -2.999   1.139   2.175  -2.549   2.122   2.155  -4.054
   1.316   2.145  -2.351   0.355   1.113  -1.202   0.587   0.773  -3.012  -0.677
   0.662  -4.000  -0.803   1.019  -2.493  -1.905  -0.088  -2.250  -2.753   0.570
  -3.529  -2.301  -1.127  -3.093  -2.749  -2.015  -3.878  -1.356  -1.525  -4.222
  -3.029  -0.635  -1.192  -1.704  -1.013  -0.196  -2.500  -0.836  -1.187  -0.619
  -1.821  -2.075  -0.027  -1.598  -0.083  -0.115  -2.563   0.060  -0.716  -3.490
  -0.048   0.939  -2.785   0.832  -0.287  -1.982
  -3.257   0.577   3.027  -2.828   1.082   2.150  -2.047   1.731   2.663  -3.515
   1.747   1.582  -2.109   0.205   1.109  -0.956   0.424   0.800  -2.695  -0.934
   0.810  -3.585  -1.141   1.276  -2.364  -1.876  -0.263  -2.052  -2.839   0.295
  -3.581  -2.112  -1.085  -3.390  -2.684  -1.991  -4.063  -1.142  -1.375  -4.325
  -2.620  -0.529  -1.055  -1.727  -1.134  -0.210  -2.576  -1.002  -0.896  -0.792
  -1.987  -1.575  -0.106  -2.048   0.269  -0.682  -2.841   0.174   0.188  -3.405
   1.219  -0.553  -2.255   0.449  -1.506  -3.449
  -1.776   0.315   3.092  -1.872   0.564   2.065  -1.593   1.590   1.816  -2.910
   0.527   1.796  -1.156  -0.505   1.204  -0.024  -0.201   0.732  -1.688  -1.738
   0.944  -2.654  -1.873   1.293  -1.601  -2.453  -0.285  -1.345  -3.544  -0.036
  -3.014  -2.561  -0.926  -3.082  -3.292  -1.696  -3.464  -1.583  -1.262  -3.622
  -3.032  -0.152  -0.549  -2.042  -1.252   0.521  -2.611  -1.216  -0.818  -1.135
  -2.205  -1.801  -0.744  -2.112   0.100  -0.540  -3.222  -0.206  -0.671  -4.298
   0.363   0.547  -2.921   1.030  -1.074  -3.132
  -2.307   0.117   2.608  -1.826   0.659   1.781  -1.118   1.418   2.205  -2.595
   1.130   1.186  -1.158  -0.412   0.975   0.087  -0.424   0.876  -1.936  -1.433
   0.562  -2.882  -1.443   0.918  -1.431  -2.458  -0.363  -0.953  -3.251   0.268
  -2.606  -3.118  -1.000  -2.334  -3.972  -1.688  -2.956  -2.437  -1.766  -3.443
  -3.240  -0.274  -0.424  -2.034  -1.458   0.496  -2.804  -1.660  -0.644  -0.935
  -2.052  -1.363  -0.302  -1.575   0.296  -0.354  -3.071   0.584  -1.226  -3.628
  -0.315   0.195  -3.746   1.201   0.225  -2.668
  -2.695  -0.669   2.422  -2.172   0.041   1.765  -1.591   0.915   2.228  -2.843
   0.370   0.978  -1.124  -0.827   1.117   0.042  -0.455   1.056  -1.610  -1.937
   0.551  -2.610  -2.010   0.662  -1.008  -2.783  -0.448  -0.532  -3.593   0.175
  -2.214  -3.413  -1.262  -2.079  -4.365  -1.829  -2.814  -2.704  -1.825  -2.855
  -3.828  -0.505   0.099  -2.283  -1.344   1.246  -2.720  -1.271  -0.242  -1.333
  -2.191  -1.258  -1.202  -2.306   0.538  -0.597  -3.129  -0.116  -0.379  -3.934
   0.897   0.400  -2.744   1.391  -1.140  -3.509
  -1.406  -0.871   3.539  -1.395  -0.242   2.659  -0.789   0.631   2.892  -2.435
   0.071   2.397  -0.840  -1.059   1.492   0.138  -0.650   0.862  -1.418  -2.212
   0.983  -2.222  -2.664   1.492  -0.978  -2.896  -0.296  -0.721  -3.881  -0.034
  -2.233  -3.031  -1.110  -2.018  -3.515  -2.042  -2.830  -2.174  -1.106  -2.853
  -3.747  -0.562   0.249  -2.309  -1.190   1.218  -2.964  -1.322   0.124  -1.124
  -1.724  -0.613  -0.521  -1.421   1.003  -0.462  -2.681   0.505   0.399  -3.243
   1.931  -0.174  -2.144   1.357  -1.042  -3.480
  -1.215  -1.107   3.463  -1.438  -0.514   2.563  -1.024   0.469   2.839  -2.505
  -0.549   2.378  -0.791  -1.021   1.318   0.107  -0.351   0.817  -1.207  -2.197
   0.909  -2.017  -2.535   1.441  -0.755  -2.994  -0.289  -0.335  -3.836   0.190
  -2.021  -3.474  -1.056  -1.690  -4.139  -1.831  -2.435  -2.563  -1.452  -2.728
  -4.062  -0.440   0.369  -2.407  -1.167   1.518  -2.924  -1.048   0.072  -1.286
  -1.879  -0.871  -0.972  -1.736   0.914  -0.386  -2.681   0.343   0.516  -2.798
   1.842  -0.150  -2.116   1.176  -0.876  -3.616
  -1.477  -1.891   3.167  -1.682  -0.977   2.622  -1.432  -0.037   3.030  -2.806
  -1.006   2.454  -1.045  -1.123   1.198  -0.366  -0.294   0.587  -1.276  -2.328
   0.710  -1.956  -2.832   1.304  -0.742  -2.973  -0.518  -0.240  -3.911  -0.281
  -1.925  -3.363  -1.421  -1.432  -3.827  -2.228  -2.392  -2.522  -1.840  -2.729
  -3.976  -1.087   0.334  -2.185  -1.307   1.573  -2.304  -0.973  -0.001  -1.292
  -2.300  -0.952  -1.024  -2.445   0.942  -0.671  -3.280   0.484  -0.318  -4.123
   1.348   0.200  -2.847   1.844  -1.351  -3.576
  -1.111  -1.380   3.605  -1.759  -0.917   2.863  -1.689   0.081   3.170  -2.751
  -1.387   2.848  -1.104  -1.134   1.507  -0.375  -0.264   1.134  -1.467  -2.208
   0.853  -1.830  -2.863   1.531  -1.042  -2.775  -0.425  -0.592  -3.751  -0.188
  -2.294  -3.056  -1.364  -1.989  -3.415  -2.312  -2.920  -2.094  -1.452  -2.814
  -3.933  -1.091   0.067  -2.069  -1.139   1.216  -2.456  -1.044  -0.225  -0.949
  -1.903  -1.214  -0.554  -1.781   0.579  -0.399  -2.919   0.365  -1.036  -3.832
   0.356   0.668  -2.948   1.600  -0.533  -2.795
  -1.511  -1.618   3.291  -1.607  -0.703   2.687  -0.914  -0.002   3.124  -2.606
  -0.382   2.643  -1.120  -1.042   1.295  -0.324  -0.273   0.694  -1.490  -2.201
   0.797  -2.285  -2.657   1.346  -1.166  -2.849  -0.474  -0.804  -3.929  -0.176
  -2.342  -3.222  -1.331  -2.084  -3.699  -2.259  -2.896  -2.321  -1.671  -2.972
  -3.765  -0.620   0.052  -2.322  -1.264   1.201  -2.654  -0.979  -0.132  -1.373
  -2.204  -1.063  -1.041  -2.382   0.851  -0.748  -3.083   0.528  -0.608  -4.098
   0.992   0.327  -2.722   1.839  -1.135  -2.949
  -2.194  -1.200   2.884  -1.944  -0.251   2.344  -1.153   0.422   2.807  -2.778
   0.313   2.063  -1.243  -0.782   1.078  -0.230  -0.324   0.653  -1.685  -1.922
   0.549  -2.369  -2.420   1.144  -1.077  -2.807  -0.447  -0.675  -3.697  -0.007
  -2.249  -3.458  -1.257  -1.938  -4.144  -2.034  -2.839  -2.619  -1.743  -2.994
  -3.911  -0.627  -0.071  -2.214  -1.457   0.950  -2.916  -1.640  -0.260  -1.121
  -2.148  -1.211  -0.883  -2.322   0.681  -0.641  -3.237   0.310   0.314  -3.615
   1.641  -0.408  -2.937   0.664  -1.391  -4.025
  -1.202  -0.469   3.260  -1.335  -0.086   2.198  -0.953   0.895   2.268  -2.377
  -0.006   1.853  -0.685  -1.045   1.291   0.525  -1.145   1.387  -1.479  -1.963
   0.738  -2.476  -1.831   0.866  -1.161  -3.094  -0.263  -0.802  -3.931   0.358
  -2.334  -3.691  -0.996  -2.031  -4.454  -1.724  -2.892  -2.967  -1.334  -2.875
  -4.290  -0.256   0.008  -2.727  -1.240   0.994  -3.472  -1.290  -0.051  -1.671
  -2.028  -0.845  -0.996  -2.028   1.003  -0.999  -2.772   0.785   0.010  -3.149
   2.001  -0.968  -2.213   1.396  -1.543  -3.568
  -1.067  -0.828   3.364  -1.378  -0.710   2.376  -1.230   0.358   2.132  -2.422
  -0.802   2.303  -0.761  -1.725   1.425   0.452  -1.897   1.432  -1.526  -2.577
   0.752  -2.539  -2.499   0.729  -1.213  -3.378  -0.488  -0.914  -4.340  -0.006
  -2.485  -3.549  -1.342  -2.197  -4.009  -2.313  -2.806  -2.467  -1.590  -3.200
  -4.098  -0.865   0.047  -2.893  -1.324   1.114  -3.557  -1.528  -0.078  -1.692
  -1.821  -0.801  -1.109  -1.424   0.816  -1.047  -2.753   0.457  -0.021  -2.935
   1.757  -1.112  -2.349   0.703  -1.647  -3.644
  -1.943  -1.710   3.663  -1.374  -1.070   2.997  -0.597  -0.580   3.542  -1.972
  -0.247   2.748  -0.838  -1.776   1.780   0.381  -1.886   1.564  -1.752  -2.257
   0.951  -2.616  -2.282   1.400  -1.336  -3.138  -0.105  -1.109  -4.020   0.343
  -2.568  -3.341  -0.982  -2.683  -4.343  -1.422  -2.529  -2.714  -1.866  -3.425
  -3.094  -0.464  -0.011  -2.682  -1.021   0.828  -3.455  -1.390  -0.091  -1.429
  -1.554  -0.790  -0.949  -1.087   0.839  -0.705  -2.343   1.386   0.030  -1.762
   1.702  -1.335  -2.710   0.491  -0.269  -3.279
  -1.773  -1.241   3.219  -1.766  -0.896   2.252  -1.379   0.169   2.127  -2.801
  -1.001   1.828  -1.046  -1.872   1.360   0.137  -1.623   1.210  -1.704  -2.829
   0.751  -2.666  -2.953   1.084  -1.277  -3.482  -0.452  -0.876  -4.472  -0.222
  -2.449  -3.576  -1.398  -2.132  -4.243  -2.204  -2.552  -2.514  -1.640  -3.240
  -4.104  -0.910  -0.022  -2.885  -1.187   1.115  -3.212  -0.826  -0.180  -2.069
  -2.184  -1.064  -2.093  -2.668   0.840  -1.198  -2.739   1.809  -1.195  -2.131
   1.228  -1.545  -3.703   0.388  -0.299  -2.803
  -2.013  -1.677   3.468  -1.613  -0.910   2.856  -0.794  -0.330   3.340  -2.387
  -0.159   2.482  -1.083  -1.795   1.773   0.088  -1.708   1.411  -1.975  -2.492
   1.026  -2.945  -2.562   1.445  -1.770  -3.305  -0.188  -1.408  -4.202   0.215
  -3.195  -3.439  -0.808  -3.196  -4.209  -1.604  -3.544  -2.566  -1.278  -3.990
  -3.720  -0.019  -0.645  -2.881  -1.285   0.183  -3.769  -1.530  -0.657  -1.602
  -1.736  -1.519  -1.095  -1.534   0.260  -1.015  -2.760   0.489   0.023  -2.374
   1.153  -1.654  -2.916  -0.333  -1.018  -3.723
  -1.851  -2.116   3.617  -1.283  -1.458   2.937  -0.369  -1.207   3.567  -1.942
  -0.607   2.832  -0.894  -2.159   1.704   0.312  -2.386   1.567  -1.851  -2.517
   0.809  -2.824  -2.407   1.175  -1.701  -3.356  -0.305  -1.498  -4.379   0.008
  -3.116  -3.498  -1.019  -2.978  -4.160  -1.772  -3.325  -2.496  -1.571  -3.960
  -3.619  -0.421  -0.551  -3.102  -1.349   0.189  -4.063  -1.661  -0.444  -1.960
  -2.118  -1.302  -1.445  -2.067   0.688  -1.354  -2.835   1.288  -0.466  -2.276
   1.325  -2.061  -3.294   0.070  -0.895  -3.517
  -2.064  -2.035   3.095  -1.095  -1.737   2.544  -0.288  -1.884   3.237  -1.061
  -0.658   2.162  -0.886  -2.828   1.427   0.313  -3.214   1.277  -1.974  -3.264
   0.780  -2.872  -2.856   1.129  -1.924  -4.128  -0.393  -1.698  -5.137   0.071
  -3.282  -4.060  -1.105  -3.413  -4.891  -1.690  -3.491  -3.125  -1.688  -4.131
  -4.147  -0.394  -0.734  -3.740  -1.414   0.245  -4.514  -1.537  -0.721  -2.644
  -2.181  -1.660  -2.266  -2.154   0.493  -1.907  -2.538   0.817  -1.284  -1.703
   1.272  -2.550  -2.972   0.265  -1.160  -3.260
  -2.045  -1.677   2.177  -1.306  -2.280   2.641  -1.715  -2.622   3.574  -0.502
  -1.505   2.779  -0.788  -3.202   1.507   0.249  -3.761   1.657  -1.696  -3.893
   0.763  -2.588  -3.456   0.934  -1.601  -4.760  -0.413  -1.404  -5.660   0.127
  -2.934  -4.833  -1.224  -2.921  -5.853  -1.690  -2.823  -4.150  -2.027  -3.697
  -4.583  -0.593  -0.391  -4.440  -1.325   0.542  -5.231  -1.338  -0.501  -3.390
  -2.152  -1.422  -2.946  -2.245   0.573  -3.057  -3.122   1.482  -2.859  -2.599
   0.766  -3.927  -3.566   0.413  -2.166  -3.769
  -0.634  -3.079   3.490  -1.262  -3.184   2.596  -1.781  -2.305   2.247  -2.156
  -3.669   2.964  -0.673  -3.944   1.507   0.438  -3.556   1.102  -1.383  -4.916
   0.984  -2.265  -5.109   1.466  -1.154  -5.685  -0.235  -0.582  -6.619   0.005
  -2.659  -6.008  -0.775  -2.587  -6.568  -1.637  -3.447  -5.244  -0.972  -3.192
  -6.733  -0.119  -0.105  -5.041  -1.273   1.099  -5.415  -1.254  -0.675  -4.154
  -2.138  -1.498  -3.671  -1.832   0.067  -3.380  -3.140   0.959  -2.814  -2.828
   0.518  -4.076  -3.848  -0.657  -2.798  -3.754
  -1.005  -2.876   2.744  -1.757  -3.385   2.234  -2.658  -2.756   2.022  -2.159
  -4.113   2.999  -1.019  -4.105   1.060  -0.065  -3.535   0.659  -1.639  -5.250
   0.580  -2.525  -5.372   0.957  -1.261  -5.947  -0.621  -0.998  -7.012  -0.303
  -2.460  -6.022  -1.478  -2.122  -6.443  -2.350  -3.017  -5.138  -1.657  -3.097
  -6.851  -1.057  -0.152  -5.326  -1.559   0.978  -5.736  -1.411  -0.492  -4.233
  -2.255  -1.498  -4.033  -2.393   0.601  -3.437  -2.879   0.628  -3.678  -3.964
   0.485  -2.406  -2.717   1.579  -3.691  -2.518
  -2.075  -4.377   2.741  -2.009  -3.763   1.919  -1.691  -2.755   2.250  -3.035
  -3.648   1.550  -1.145  -4.240   0.779  -0.131  -3.612   0.558  -1.568  -5.377
   0.228  -2.306  -5.832   0.713  -1.053  -6.014  -0.984  -0.655  -6.976  -0.812
  -2.354  -6.433  -1.733  -2.015  -6.983  -2.597  -2.749  -5.544  -2.227  -3.066
  -6.932  -1.169  -0.034  -5.291  -1.832   1.163  -5.605  -1.999  -0.498  -4.336
  -2.602  -1.479  -4.247  -2.620   0.307  -3.278  -3.240  -0.307  -2.528  -3.835
   0.864  -2.776  -2.444   1.243  -3.609  -3.817
  -2.090  -4.512   2.406  -2.111  -4.203   1.375  -1.907  -3.140   1.333  -3.103
  -4.410   0.868  -1.005  -5.020   0.656   0.118  -4.849   0.984  -1.470  -5.835
  -0.275  -2.461  -5.689  -0.413  -0.661  -6.437  -1.245   0.047  -7.178  -0.725
  -1.644  -7.186  -2.207  -1.034  -7.822  -2.892  -2.277  -6.576  -2.799  -2.111
  -7.846  -1.572   0.328  -5.454  -1.984   1.524  -5.461  -1.656  -0.177  -4.614
  -2.836  -1.212  -4.766  -2.915   0.432  -3.430  -3.416  -0.260  -2.844  -4.115
   0.682  -2.703  -2.656   1.355  -3.769  -3.865
  -2.583  -4.832   2.054  -2.313  -4.447   1.094  -2.276  -3.374   1.031  -2.967
  -4.672   0.269  -1.002  -5.094   0.669  -0.055  -4.646   1.308  -1.017  -6.133
  -0.144  -1.869  -6.664  -0.230  -0.041  -6.330  -1.250   0.847  -6.724  -0.798
  -0.617  -7.227  -2.279   0.171  -7.245  -3.118  -1.539  -6.779  -2.748  -0.753
  -8.228  -1.974   0.523  -5.100  -1.951   1.727  -4.952  -1.835  -0.201  -4.302
  -2.716  -1.150  -4.505  -2.975   0.303  -3.108  -3.383   0.242  -3.236  -4.486
  -0.145  -2.157  -2.979   1.400  -3.075  -3.131
  -2.868  -4.286   0.990  -2.132  -4.708   1.527  -2.518  -5.632   1.877  -1.963
  -4.069   2.317  -0.870  -4.935   0.716  -0.016  -4.086   0.731  -0.765  -6.059
  -0.013  -1.606  -6.546  -0.130   0.237  -6.500  -0.920   1.069  -6.989  -0.291
  -0.202  -7.604  -1.839   0.666  -8.038  -2.362  -0.910  -7.187  -2.480  -0.568
  -8.550  -1.349   1.106  -5.446  -1.723   2.273  -5.339  -1.525   0.338  -4.583
  -2.441  -0.579  -4.889  -2.609   0.638  -3.162  -2.703   0.482  -2.951  -3.726
   0.157  -2.464  -2.072   1.755  -3.085  -2.684
  -3.106  -4.643   0.836  -2.365  -4.937   1.607  -2.968  -5.635   2.259  -2.356
  -3.965   2.173  -1.009  -5.240   1.045  -0.007  -4.627   1.466  -0.976  -6.321
   0.238  -1.887  -6.771  -0.145   0.014  -6.613  -0.775   0.694  -7.161  -0.126
  -0.591  -7.506  -1.875   0.140  -7.764  -2.660  -1.453  -6.992  -2.320  -0.832
  -8.503  -1.477   0.850  -5.420  -1.351   2.022  -5.279  -1.017   0.334  -4.577
  -2.167  -0.625  -4.828  -2.407   0.997  -3.442  -2.862   0.418  -2.498  -2.910
   1.953  -3.214  -2.390   1.081  -3.785  -3.914
  -2.638  -4.248   0.336  -2.229  -5.102   0.917  -2.878  -5.971   1.029  -2.222
  -4.721   1.961  -0.772  -5.534   0.528   0.179  -4.909   0.932  -0.702  -6.479
  -0.390  -1.525  -6.889  -0.789   0.544  -6.901  -1.054   1.103  -7.457  -0.369
   0.120  -7.615  -2.310   0.845  -8.466  -2.741  -0.182  -6.945  -3.212  -0.821
  -8.198  -2.211   1.424  -5.711  -1.386   2.486  -5.625  -0.880   0.946  -4.874
  -2.320   0.079  -5.139  -2.817   1.530  -3.592  -2.577   1.333  -3.350  -3.629
   1.152  -2.857  -1.865   2.627  -3.636  -2.568
  -2.322  -4.479   2.112  -2.324  -5.085   1.145  -2.895  -4.649   0.290  -2.749
  -6.092   1.445  -0.955  -5.431   0.601  -0.042  -4.776   1.016  -0.830  -6.234
  -0.413  -1.657  -6.554  -0.858   0.382  -6.870  -1.025   0.732  -7.724  -0.396
  -0.138  -7.616  -2.300   0.502  -7.525  -3.139  -1.113  -7.101  -2.658  -0.286
  -8.662  -2.141   1.565  -5.874  -1.334   2.723  -6.138  -0.861   1.247  -4.803
  -1.996   0.221  -4.751  -2.146   1.956  -3.617  -2.341   1.242  -2.747  -2.258
   2.548  -3.496  -1.520   2.695  -3.481  -3.220
  -2.403  -4.908   2.058  -2.162  -5.624   1.323  -2.722  -5.312   0.365  -2.508
  -6.574   1.804  -0.626  -5.713   0.945   0.222  -5.094   1.509  -0.454  -6.555
  -0.034  -1.315  -7.093  -0.262   0.722  -6.810  -0.910   1.374  -7.539  -0.450
   0.282  -7.535  -2.163   1.060  -7.611  -2.909  -0.590  -7.015  -2.684   0.012
  -8.566  -1.828   1.580  -5.579  -1.260   2.658  -5.424  -0.658   1.185  -4.819
  -2.267   0.368  -5.136  -2.635   1.936  -3.801  -2.872   1.370  -3.423  -3.670
   2.134  -2.978  -2.152   2.921  -4.097  -3.276
  -1.374  -4.321   1.753  -1.324  -5.438   1.636  -2.178  -5.719   1.023  -1.573
  -5.861   2.640   0.022  -5.868   1.029   1.028  -5.586   1.602   0.046  -6.577
  -0.068  -0.869  -6.727  -0.418   1.116  -6.907  -0.905   1.650  -7.605  -0.291
   0.493  -7.709  -2.134   1.408  -7.935  -2.692  -0.139  -7.015  -2.625  -0.022
  -8.613  -1.770   2.039  -5.803  -1.377   3.135  -5.629  -0.817   1.647  -5.146
  -2.522   1.009  -5.666  -3.118   2.142  -3.889  -3.078   1.348  -3.107  -3.204
   2.827  -3.448  -2.373   2.641  -4.056  -3.994
  -1.535  -5.835   1.187  -0.748  -6.198   1.885  -1.003  -7.079   2.441  -0.657
  -5.450   2.652   0.598  -6.372   1.136   1.293  -5.361   1.117   0.818  -7.434
   0.360   0.268  -8.321   0.446   1.752  -7.575  -0.767   2.630  -8.201  -0.449
   0.952  -8.353  -1.795   1.534  -9.066  -2.489   0.302  -7.609  -2.199   0.213
  -9.030  -1.218   2.474  -6.282  -1.341   3.479  -5.944  -0.738   1.904  -5.695
  -2.411   0.954  -5.994  -2.579   2.395  -4.700  -3.392   2.212  -5.102  -4.369
   1.864  -3.760  -3.462   3.489  -4.466  -3.410
  -1.678  -6.447   1.377  -0.798  -6.477   2.103  -0.757  -7.410   2.572  -0.921
  -5.615   2.849   0.480  -6.290   1.284   1.198  -5.290   1.351   0.823  -7.361
   0.583   0.109  -8.067   0.550   1.893  -7.607  -0.456   2.715  -7.966   0.086
   1.572  -8.802  -1.375   2.293  -8.795  -2.209   0.579  -8.768  -1.839   1.745
  -9.813  -0.987   2.490  -6.386  -1.191   3.552  -5.869  -0.824   1.896  -5.919
  -2.333   0.964  -6.190  -2.668   2.485  -4.779  -3.104   3.345  -5.225  -3.674
   1.835  -4.235  -3.801   2.869  -3.977  -2.418
  -1.495  -5.929   1.145  -0.742  -6.027   1.830  -0.970  -6.931   2.380  -0.702
  -5.102   2.351   0.596  -6.121   1.180   1.377  -5.186   1.251   0.881  -7.357
   0.670   0.363  -8.186   0.927   1.956  -7.617  -0.266   2.837  -7.918   0.360
   1.516  -8.817  -1.097   2.413  -9.211  -1.501   0.722  -8.586  -1.796   1.205
  -9.609  -0.439   2.547  -6.542  -1.227   3.689  -6.095  -1.024   1.746  -6.038
  -2.201   0.834  -6.527  -2.194   2.042  -4.984  -3.179   3.083  -5.019  -3.430
   1.448  -5.225  -4.150   1.784  -4.038  -2.690
  -0.508  -5.235   0.356  -0.224  -5.667   1.313  -0.969  -6.462   1.526  -0.290
  -4.971   2.149   1.186  -6.237   1.248   2.131  -5.516   1.563   1.290  -7.396
   0.624   0.461  -7.911   0.527   2.442  -7.854  -0.160   3.281  -7.890   0.585
   2.169  -9.244  -0.724   3.230  -9.612  -0.983   1.485  -9.175  -1.544   1.653
  -9.820   0.090   2.966  -6.780  -1.250   4.117  -6.300  -1.175   2.117  -6.368
  -2.182   1.140  -6.771  -2.231   2.567  -5.594  -3.308   3.492  -6.121  -3.524
   1.863  -5.633  -4.069   2.825  -4.531  -2.915
  -0.624  -6.216   0.879   0.108  -5.906   1.625   0.032  -6.596   2.465   0.008
  -4.925   1.898   1.466  -6.132   1.090   2.189  -5.137   0.897   1.849  -7.392
   0.799   1.195  -8.150   1.021   2.989  -7.727   0.001   3.867  -7.858   0.632
   2.713  -9.169  -0.572   3.604  -9.585  -0.959   1.936  -9.056  -1.317   2.295
  -9.869   0.217   3.320  -6.777  -1.195   4.470  -6.452  -1.321   2.454  -6.571
  -2.138   1.640  -7.173  -2.155   2.476  -5.565  -3.190   3.087  -5.838  -3.955
   1.432  -5.399  -3.543   2.827  -4.667  -2.675
  -0.591  -6.610   1.356   0.245  -6.174   1.859   0.369  -6.769   2.759  -0.020
  -5.089   2.028   1.583  -6.225   1.130   2.137  -5.120   0.983   2.081  -7.328
   0.615   1.565  -8.168   0.895   3.398  -7.534  -0.145   4.299  -7.544   0.567
   3.374  -8.875  -0.720   4.244  -8.979  -1.362   2.545  -9.023  -1.388   3.459
  -9.678  -0.046   3.684  -6.562  -1.254   4.752  -5.887  -1.247   2.766  -6.462
  -2.240   2.045  -7.191  -2.165   2.954  -5.724  -3.521   3.458  -4.756  -3.293
   3.566  -6.250  -4.260   2.084  -5.337  -4.004
   0.062  -6.949   1.453   0.616  -6.144   1.869   0.737  -6.417   2.934   0.035
  -5.213   1.873   1.966  -5.937   1.163   2.497  -4.861   0.998   2.568  -7.036
   0.706   2.187  -7.896   0.989   3.686  -7.224  -0.180   4.474  -6.791   0.283
   3.873  -8.781  -0.495   4.551  -8.971  -1.377   2.890  -9.201  -0.748   4.301
  -9.285   0.411   3.701  -6.314  -1.448   4.589  -5.435  -1.621   2.790  -6.480
  -2.411   2.022  -7.072  -2.183   2.718  -5.885  -3.669   1.781  -6.029  -4.166
   2.974  -4.805  -3.510   3.521  -6.313  -4.286
   1.152  -6.832   1.946   1.562  -5.804   1.892   2.026  -5.374   2.768   0.713
  -5.149   1.602   2.643  -5.840   0.867   2.844  -4.813   0.266   3.259  -6.967
   0.564   3.213  -7.691   1.220   4.294  -7.182  -0.477   5.316  -6.893  -0.051
   4.415  -8.706  -0.581   5.365  -8.915  -1.068   3.551  -9.003  -1.177   4.384
  -9.201   0.356   4.018  -6.424  -1.794   4.558  -5.329  -1.929   3.150  -6.942
  -2.702   2.871  -7.913  -2.642   2.470  -6.081  -3.683   2.073  -5.171  -3.133
   3.182  -5.729  -4.472   1.607  -6.667  -4.162
   1.111  -6.802   1.613   1.522  -5.781   1.594   1.875  -5.554   2.577   0.721
  -5.102   1.305   2.731  -5.664   0.702   2.927  -4.624   0.059   3.501  -6.812
   0.687   3.261  -7.572   1.370   4.475  -7.039  -0.410   5.430  -6.737   0.005
   4.601  -8.580  -0.575   5.332  -8.715  -1.286   3.717  -9.196  -0.718   5.021
  -8.964   0.332   4.134  -6.377  -1.767   4.793  -5.435  -2.196   3.253  -7.048
  -2.526   2.781  -7.870  -2.086   2.746  -6.677  -3.819   2.217  -5.768  -3.695
   3.517  -6.284  -4.491   2.209  -7.405  -4.344
   1.652  -7.083   2.130   2.173  -6.137   2.273   2.707  -6.199   3.235   1.479
  -5.366   2.474   3.090  -5.818   1.125   2.907  -4.708   0.550   4.046  -6.728
   0.823   4.293  -7.356   1.542   4.947  -6.734  -0.358   5.709  -6.033  -0.119
   5.406  -8.186  -0.615   6.055  -8.269  -1.447   4.600  -8.888  -0.777   5.816
  -8.657   0.312   4.430  -6.064  -1.659   5.142  -5.247  -2.286   3.443  -6.671
  -2.268   2.892  -7.398  -1.756   2.975  -6.444  -3.664   1.971  -6.056  -3.777
   3.711  -5.756  -4.179   3.157  -7.411  -4.185
