default_name                                                                    
   22  0.3977500E+03
  -3.7668542   1.5857809   0.2845149  -3.5775128   1.8977765   1.2595931
  -4.4135364   1.8008768   1.8388644  -3.2656621   2.9199562   1.2828981
  -2.4661011   1.1099785   1.9437227  -1.2968551   1.5483827   1.9574120
  -2.8207851  -0.0292738   2.5083217  -3.8138249  -0.3408393   2.4236666
  -1.8342369  -0.8548465   3.2548502  -1.6429027  -0.3320270   4.1963122
  -2.6392488  -2.0607498   3.6878964  -3.5011734  -1.6868460   4.1793860
  -1.9117065  -2.5391041   4.3501971  -2.8798304  -2.7348962   2.9042390
  -0.6518382  -1.4136710   2.4179198   0.3575850  -1.7240953   3.0583898
  -0.6930023  -1.3963904   1.0557707  -1.5326009  -1.1175303   0.5567674
   0.3823325  -1.8400119   0.1616521   1.0263295  -2.6251973   0.6300150
  -0.0093826  -2.4039354  -0.6869110   0.9881891  -1.0085538  -0.3095256
  -0.1331899   0.0951846   0.1627944  -0.2816431   0.1565043   0.1713198
   1.5611739  -0.7897568   0.1975043   1.9052516   1.5031132  -0.2647969
   0.2415867   0.0588220   0.2409644  -0.0631859  -0.0735010  -0.1937577
   0.0440554  -0.0634195  -0.1315375  -0.3218098   1.1593831  -0.6358878
  -0.1110829   0.2214317   0.4039854   0.1915649  -0.4792815  -0.5071879
  -0.1233492   0.4803242  -0.0731676  -1.2069074   2.2791149   0.4814437
   0.4819022   0.7149103   0.5363429   0.5523844   1.2494810   0.6629451
   0.2376925   0.1873439   0.2698994   0.0795659  -0.0956701  -0.1441400
  -0.3392705  -0.1850629   0.0809422  -0.8767060   0.1680981  -1.2752199
   0.0134384   0.3821091  -0.1966283   0.5819694  -0.5838889  -0.1491813
   1.1766588  -0.3603933  -1.4937442   0.8550086   0.4141361  -0.5863933
