default_name                                                                    
   22  0.4200000E+03
   0.3112130   2.5469807  -3.1674062   1.3155768   2.9377876  -2.9905642
   1.3158309   3.9633598  -3.3786568   2.1490600   2.3085899  -3.4565154
   1.5377956   3.0046067  -1.4743098   1.6915963   4.1280371  -0.8878022
   1.3225156   1.8863679  -0.7905850   0.9261931   1.1296689  -1.3160287
   1.3488927   1.7206027   0.6908835   0.8113909   2.5736610   1.0653871
   0.5529603   0.4347395   1.0899481   0.4348484   0.4574032   2.1620606
   1.0958687  -0.4623873   0.9519981  -0.4054357   0.4561548   0.6121478
   2.7765969   1.7452858   1.3392358   3.0265103   1.6653753   2.5725273
   3.7990970   1.9044315   0.5316372   3.6693721   1.6453140  -0.4297558
   5.1890920   2.3074959   0.9387945   5.7070289   1.3245871   0.8994110
   5.6730292   3.0033354   0.2949960   5.2608379   2.6741930   1.9199264
  -0.6874866  -0.8118252   0.6446101  -0.3888691  -0.0197556   0.2101301
   0.8978638  -0.4585822   0.1112057   0.3101255  -0.9102703   0.1883447
  -0.1066564   0.0148866  -0.2380456   0.0431601  -0.3608975  -0.0537047
   0.1528434   0.0020447  -0.0726987   0.4008114   0.8860934   0.1071300
   0.2585892   0.2397398   0.0887142  -0.3839301   0.6301560   0.0084293
   0.2207176   0.1011786   0.0416126   1.2124010  -0.2268449  -0.2882328
  -0.6603199   1.0069836   0.1051405   1.1481132   0.6974626  -0.1528898
  -0.1954457   0.0149922   0.1153253  -0.3850783  -0.0202984  -0.0120782
  -0.0215340   0.4113844  -0.4281527   0.0987720  -0.2028809  -0.2223904
   0.0043130  -0.0787215   0.2707189  -0.9375524   0.4885518   0.4950150
  -1.0681443   0.1362123   0.3563907   0.4972101   0.0387367  -0.2503409
