default_name                                                                    
   22  0.3977500E+03
  -3.7181783  -1.6781687   1.2764241  -2.9336676  -2.3803873   1.1708550
  -2.9694539  -2.8365083   0.1651643  -3.0558280  -3.1309874   1.9243039
  -1.6780196  -1.5857854   1.4741539  -1.5412283  -0.8867164   2.5040630
  -0.7757508  -1.6286611   0.4951452  -0.9483538  -2.3426413  -0.2030897
   0.5049467  -0.9136111   0.5138800   1.0059474  -1.1769116   1.4523665
   1.4143305  -1.4746932  -0.6592188   1.4509981  -2.5364878  -0.6250315
   2.3125612  -0.9472978  -0.7660606   0.9106600  -1.2158140  -1.5555323
   0.4450623   0.6266228   0.3092039   1.4511527   1.3149404   0.5354360
  -0.7273912   1.1890578  -0.1067491  -1.4697631   0.5100372  -0.2632452
  -0.9253999   2.5848153  -0.4447083  -0.1760588   2.8692325  -1.1597897
  -1.9545186   2.7208307  -0.8524495  -0.7288066   3.1350475   0.4796938
   0.0858522   0.5643457  -1.1381213   0.2088838   0.2072515   0.4175302
  -0.2969107   0.6073130  -0.8034070  -0.7799824  -0.2609162   0.3431763
  -0.2318372  -0.1195132   0.1662164   0.2863577  -0.0849044   0.2131113
   0.4508540   0.1856575  -0.0012367   0.2784364  -0.1465512   0.0482557
  -0.1646834   0.0811006  -0.0452551   0.1115921  -0.9070585  -0.4682453
   0.2019686  -0.3440923   0.1990662   0.9390393   2.0030699   0.5919604
   0.4572810   1.0334128   0.3756493  -0.8445671  -0.0222288   0.2666539
   0.1878158   0.0678185   0.1752321  -0.3936089   0.2002107   0.3659601
   0.0522486   0.0905774   0.0580467  -0.9338322   0.2429158   0.5892964
   0.0978288   0.2871443   0.0264139   0.0395367  -1.2904994   0.4500888
  -0.3852533  -1.3625099  -0.8025186   0.0771080  -0.6481316  -0.2860011
