default_name                                                                    
  -4.983   2.369  -0.982  -3.983   2.431  -1.322  -3.770   3.367  -1.603  -3.808
   1.901  -2.217  -2.885   2.055  -0.314  -2.129   2.882   0.157  -2.690   0.773
  -0.128  -3.457   0.132  -0.220  -1.537   0.205   0.563  -1.315   0.762   1.436
  -1.873  -1.192   1.083  -1.150  -1.429   1.839  -1.975  -2.016   0.345  -2.851
  -1.109   1.544  -0.193   0.244  -0.230   0.885   0.316   0.342  -0.272   0.255
  -1.577  -1.223   0.326  -2.046   0.862   0.048  -2.465   0.801   0.418  -3.410
   1.829   0.436  -2.032   0.937  -1.072  -2.472
  -4.848   2.181  -1.313  -3.867   2.603  -1.533  -4.049   3.670  -1.756  -3.481
   2.148  -2.454  -2.844   2.209  -0.458  -2.074   2.977   0.043  -2.822   0.917
  -0.047  -3.589   0.320  -0.351  -1.658   0.353   0.645  -1.501   0.871   1.590
  -1.931  -1.084   1.034  -1.149  -1.434   1.716  -1.995  -1.679   0.179  -2.962
  -1.088   1.540  -0.335   0.460  -0.149   0.692   0.682   0.487  -0.333   0.479
  -1.479  -1.266   0.255  -1.893   0.705   0.386  -2.513   0.402   0.713  -3.513
   1.521   1.024  -2.234   1.093  -0.585  -2.624
  -4.412   3.241  -1.831  -3.936   2.284  -1.772  -3.419   2.039  -2.646  -4.654
   1.503  -1.517  -2.843   2.167  -0.721  -2.153   3.080  -0.358  -2.555   0.933
  -0.200  -3.222   0.228  -0.559  -1.381   0.541   0.540  -1.280   1.161   1.457
  -1.568  -0.939   0.955  -0.773  -1.455   1.393  -1.841  -1.466   0.026  -2.436
  -1.040   1.555  -0.016   0.652  -0.225   0.989   0.738   0.431  -0.018   0.624
  -1.561  -0.857   0.382  -2.052   1.247   0.442  -2.337   1.094  -0.227  -3.151
   1.437   1.405  -2.665   2.101   0.043  -1.786
  -4.586   3.399  -0.796  -4.207   2.445  -1.171  -4.011   2.470  -2.160  -4.881
   1.633  -1.083  -2.900   2.099  -0.328  -2.170   3.037   0.035  -2.622   0.796
  -0.234  -3.176   0.070  -0.605  -1.500   0.332   0.553  -1.571   0.818   1.528
  -1.598  -1.162   0.869  -0.742  -1.499   1.370  -1.670  -1.741  -0.076  -2.409
  -1.497   1.569  -0.128   0.427  -0.129   0.867   0.416   0.648  -0.031   0.436
  -1.484  -0.907   0.516  -2.015   1.287   0.326  -2.226   1.428   1.113  -2.975
   2.093   0.309  -1.542   1.358  -0.641  -2.651
  -4.268   3.049  -1.152  -4.389   2.147  -0.615  -4.607   1.299  -1.264  -5.161
   2.214   0.208  -3.024   1.887  -0.112  -2.341   2.851   0.320  -2.652   0.603
  -0.131  -3.354  -0.046  -0.480  -1.444   0.125   0.584  -1.454   0.804   1.461
  -1.750  -1.345   1.081  -0.970  -1.757   1.818  -1.700  -1.936   0.149  -2.734
  -1.343   1.563  -0.060   0.306  -0.103   1.022   0.113   0.456  -0.084   0.727
  -1.373  -0.939   1.011  -1.760   1.088   0.950  -2.180   1.462   2.008  -1.966
   1.895   0.374  -1.788   0.729   0.707  -3.224
  -4.630   2.980  -1.080  -4.455   1.984  -0.684  -4.638   1.323  -1.531  -5.225
   1.777   0.085  -3.123   1.825   0.023  -2.519   2.737   0.553  -2.753   0.574
   0.015  -3.521  -0.035  -0.305  -1.668  -0.062   0.708  -1.460   0.406   1.648
  -2.166  -1.471   1.222  -1.393  -1.869   1.848  -2.267  -2.021   0.286  -3.058
  -1.347   1.818  -0.324   0.015  -0.102   0.666  -0.305   0.578  -0.298   0.380
  -1.401  -1.186   0.433  -1.839   0.824   1.031  -2.026   0.655   2.121  -2.228
   1.707   0.942  -1.377   1.002   0.484  -2.955
  -4.432   3.222  -0.847  -4.593   2.227  -0.528  -4.787   1.625  -1.436  -5.400
   2.200   0.257  -3.284   1.844   0.216  -2.580   2.648   0.787  -2.886   0.578
   0.188  -3.442  -0.094  -0.413  -1.804  -0.057   0.990  -1.824   0.530   1.875
  -2.219  -1.462   1.425  -1.617  -1.568   2.351  -1.819  -2.071   0.657  -3.344
  -1.530   1.616  -0.525   0.051   0.185   0.442  -0.585   0.515  -0.419   0.812
  -0.942  -1.304   1.175  -1.249   0.689   0.815  -1.902   0.573   1.675  -2.586
   1.595   1.007  -1.378   0.760  -0.125  -2.481
  -4.913   2.957   0.010  -4.668   1.957  -0.332  -4.731   1.948  -1.442  -5.379
   1.184  -0.007  -3.302   1.518   0.057  -2.499   2.352   0.510  -3.031   0.213
   0.149  -3.709  -0.479  -0.231  -1.718  -0.221   0.772  -1.480   0.447   1.655
  -1.942  -1.628   1.366  -1.209  -1.827   2.085  -2.072  -2.524   0.734  -2.859
  -1.721   1.891  -0.524  -0.062  -0.258   0.551  -0.623   0.005  -0.816   0.479
  -1.476  -1.783   0.821  -1.497   0.246   1.063  -2.289   0.125   2.196  -2.227
   1.209   0.789  -2.103   0.054   0.838  -3.340
  -5.813   1.575   0.232  -4.942   2.077  -0.276  -4.934   3.250  -0.265  -4.877
   1.717  -1.248  -3.594   1.692   0.335  -2.873   2.677   0.680  -3.185   0.422
   0.332  -3.752  -0.365   0.256  -1.835  -0.092   0.668  -1.424   0.413   1.559
  -1.924  -1.653   0.897  -0.906  -1.845   1.351  -2.065  -2.232   0.033  -2.676
  -1.994   1.604  -0.684   0.128  -0.308   0.469  -0.219   0.039  -0.925   0.650
  -1.503  -1.871   1.012  -1.571   0.076   0.934  -2.502   0.083   1.820  -3.114
   1.126   0.819  -2.080   0.108   0.032  -3.085
  -5.111   1.216  -0.569  -4.711   1.999   0.109  -5.503   2.039   0.957  -4.703
   3.007  -0.290  -3.370   1.580   0.702  -2.800   2.441   1.279  -2.969   0.320
   0.682  -3.378  -0.349   0.044  -1.725  -0.154   1.137  -1.352   0.483   1.904
  -1.951  -1.546   1.682  -1.029  -1.887   2.236  -2.149  -2.122   0.760  -2.800
  -1.623   2.382  -0.574  -0.152   0.158   0.611  -0.578   0.406  -0.934   0.392
  -1.071  -1.786   0.937  -1.053   0.027   0.481  -2.211  -0.438   0.447  -3.193
   0.613   1.430  -2.093   0.648  -0.417  -2.281
  -5.538   1.246   0.919  -4.757   2.078   0.819  -5.116   2.856   1.449  -4.840
   2.448  -0.204  -3.311   1.844   1.097  -2.654   2.744   1.516  -2.824   0.599
   0.857  -3.574  -0.004   0.647  -1.533  -0.009   1.179  -1.154   0.370   2.118
  -1.747  -1.504   1.621  -0.748  -2.048   1.704  -2.483  -2.000   0.992  -2.322
  -1.468   2.586  -0.421   0.114   0.141   0.730  -0.288   0.447  -0.786   0.593
  -1.026  -1.713   1.050  -1.030   0.089   0.688  -2.230  -0.306   0.235  -3.135
   0.308   1.699  -2.524   1.013   0.312  -1.917
  -4.762   1.318  -0.722  -4.605   2.087  -0.014  -5.298   1.955   0.778  -4.686
   3.100  -0.454  -3.160   1.885   0.562  -2.558   2.870   0.996  -2.698   0.658
   0.491  -3.424  -0.007   0.141  -1.469   0.075   0.917  -1.170   0.573   1.822
  -1.792  -1.284   1.439  -2.449  -1.853   0.776  -2.304  -1.280   2.453  -0.884
  -1.942   1.525  -0.364   0.066  -0.110   0.650  -0.475   0.226  -0.561   0.617
  -1.330  -1.445   0.925  -1.508   0.574   0.670  -2.280   0.409   1.422  -3.077
   1.482   0.853  -1.612   0.844  -0.276  -2.628
  -4.752   1.272  -0.349  -4.320   1.992   0.381  -5.068   1.975   1.148  -4.260
   2.948  -0.122  -2.888   1.609   0.790  -2.015   2.444   0.997  -2.796   0.306
   0.870  -3.710  -0.167   0.968  -1.605  -0.592   1.210  -1.408  -0.464   2.275
  -2.055  -2.061   1.137  -2.542  -2.371   0.187  -2.947  -2.287   1.760  -1.249
  -2.788   1.389  -0.344  -0.262   0.363   0.688  -0.649   0.789  -0.464   0.327
  -0.804  -1.382   0.441  -1.032   0.576   0.480  -1.861   1.249   1.283  -1.523
   0.981  -0.460  -2.174  -0.069   0.849  -2.670
  -4.303   1.368  -0.480  -4.113   1.947   0.481  -4.867   1.648   1.251  -4.176
   3.028   0.323  -2.738   1.559   1.023  -1.879   2.410   1.188  -2.531   0.265
   1.162  -3.288  -0.279   1.011  -1.186  -0.366   1.234  -0.731  -0.004   2.145
  -1.444  -1.882   1.576  -2.222  -2.339   0.848  -1.932  -1.880   2.535  -0.508
  -2.411   1.685  -0.156  -0.125   0.137   0.875  -0.792   0.213  -0.318   0.783
  -0.849  -1.137   1.440  -0.841   0.637   0.758  -1.958   0.413   1.579  -2.645
   1.684   0.824  -1.640   0.605  -0.149  -2.562
  -4.022   1.360  -0.775  -4.031   1.887   0.211  -4.880   1.485   0.640  -4.112
   2.956   0.146  -2.814   1.563   1.015  -1.986   2.396   1.370  -2.626   0.307
   1.126  -3.292  -0.372   0.730  -1.308  -0.331   1.627  -0.911   0.149   2.491
  -1.700  -1.736   1.837  -1.777  -2.290   0.985  -2.657  -1.786   2.413  -0.871
  -2.130   2.371  -0.103  -0.129   0.572   1.086  -0.297   0.862  -0.515   0.458
  -0.582  -1.513   0.543  -0.753   0.451   0.943  -1.594  -0.149   1.456  -2.407
   1.323   1.473  -1.255   0.885   0.027  -2.156
  -3.543   2.106  -0.362  -3.871   2.230   0.642  -4.791   1.564   0.697  -3.995
   3.165   0.960  -2.651   1.690   1.424  -1.969   2.549   1.899  -2.421   0.375
   1.409  -3.042  -0.206   0.867  -1.183  -0.272   1.857  -0.805   0.334   2.704
  -1.563  -1.691   2.363  -1.867  -2.326   1.471  -2.310  -1.702   3.146  -0.644
  -2.174   2.746  -0.064  -0.251   0.812   1.084  -0.609   1.060  -0.421   0.139
  -0.427  -1.409   0.356  -0.584   0.416   0.468  -1.629   0.334   1.474  -1.988
   1.513   0.246  -1.425   0.150  -0.116  -2.448
  -3.861   2.335  -0.347  -3.909   2.077   0.730  -4.685   1.315   1.007  -4.203
   3.039   1.217  -2.501   1.661   1.146  -1.675   2.482   1.617  -2.400   0.351
   1.082  -3.168  -0.174   0.732  -1.313  -0.477   1.610  -0.952   0.046   2.505
  -1.872  -1.760   2.043  -1.872  -2.386   1.231  -2.875  -1.781   2.394  -1.151
  -2.148   2.806  -0.075  -0.604   0.675   0.914  -1.214   1.073  -0.160  -0.147
  -0.585  -0.974   0.299  -0.901   0.677  -0.576  -1.699   0.912   0.251  -2.474
   1.571  -0.913  -1.226   0.215  -1.458  -2.267
  -4.418   1.193   0.378  -3.804   2.009   0.466  -4.411   2.555   1.219  -3.567
   2.692  -0.351  -2.603   1.549   1.272  -1.993   2.307   1.928  -2.340   0.245
   1.193  -2.933  -0.273   0.640  -1.242  -0.503   1.888  -0.932   0.046   2.678
  -1.704  -1.848   2.487  -2.271  -2.317   1.677  -2.308  -1.563   3.388  -0.831
  -2.405   2.797  -0.102  -0.816   1.013   0.943  -1.252   1.521  -0.203  -0.644
  -0.408  -1.101  -0.313  -0.774   0.858  -0.897  -1.311   0.909   0.062  -1.906
   1.736  -1.254  -0.766   0.594  -1.829  -1.861
  -4.542   1.181   0.451  -3.569   1.432   0.174  -3.419   2.458  -0.103  -3.122
   0.901  -0.696  -2.698   1.134   1.324  -2.196   2.063   1.962  -2.445  -0.149
   1.544  -2.869  -0.889   0.973  -1.219  -0.602   2.194  -0.921   0.118   2.885
  -1.512  -1.875   3.018  -2.052  -2.711   2.458  -2.206  -1.650   3.866  -0.596
  -2.164   3.549  -0.091  -0.889   1.183   0.759  -1.809   1.305  -0.214  -0.268
  -0.040  -1.182   0.014  -0.102   0.632  -0.541  -1.210   0.554   0.263  -1.851
   1.689  -0.476  -0.988   0.247  -1.354  -1.798
  -4.530   1.208   0.192  -3.595   1.738  -0.099  -3.729   2.820  -0.157  -3.316
   1.308  -1.079  -2.560   1.282   0.956  -1.927   2.121   1.636  -2.292  -0.004
   1.059  -2.884  -0.615   0.443  -1.229  -0.621   1.892  -0.988   0.085   2.631
  -1.963  -1.740   2.681  -2.482  -2.536   2.045  -2.618  -1.153   3.419  -1.283
  -2.134   3.423   0.078  -0.941   1.197   1.133  -0.982   1.838  -0.009  -0.974
  -0.142  -0.871  -1.231  -0.597   1.190  -1.019  -1.128   0.908  -1.536  -1.984
   1.613  -0.053  -1.349   1.941  -1.635  -0.621
  -4.505   0.757   0.748  -3.634   1.352   0.645  -3.901   2.345   0.551  -3.093
   1.082  -0.315  -2.493   1.099   1.583  -1.811   2.040   1.976  -2.235  -0.104
   1.969  -2.829  -0.791   1.681  -0.960  -0.689   2.552  -0.545   0.020   3.345
  -1.275  -2.034   3.236  -2.312  -2.244   3.048  -1.121  -1.878   4.273  -0.657
  -2.916   2.840   0.144  -0.809   1.523   1.332  -0.621   1.855  -0.195  -1.003
   0.219  -1.135  -1.021  -0.059   0.790  -1.149  -0.926   0.346  -0.554  -1.729
   1.742  -0.729  -0.666   0.912  -2.196  -1.230
  -4.045   1.598   2.225  -3.434   1.446   1.305  -3.502   2.383   0.671  -3.804
   0.614   0.781  -2.076   1.129   1.831  -1.278   2.056   1.835  -1.892  -0.154
   2.299  -2.586  -0.803   2.048  -0.541  -0.599   2.745  -0.230  -0.056   3.625
  -0.611  -2.101   3.298  -1.362  -2.224   4.128   0.461  -2.401   3.652  -1.057
  -2.657   2.497   0.684  -0.527   1.748   1.842  -0.513   2.183   0.464  -0.322
   0.490  -0.503  -0.204   0.255   1.445  -0.001  -0.503   1.067   0.326  -1.464
   2.024   0.834  -0.126   2.027  -0.811  -0.734
  -4.385   0.369   1.786  -3.620   0.782   1.115  -3.934   1.747   0.875  -3.613
   0.108   0.291  -2.244   0.756   1.708  -1.597   1.775   1.918  -1.919  -0.448
   2.182  -2.599  -1.209   1.877  -0.604  -0.886   2.589  -0.414  -0.113   3.374
  -0.926  -2.203   3.361  -1.630  -1.937   4.202  -0.113  -2.807   3.723  -1.626
  -2.831   2.733   0.493  -0.725   1.518   1.645  -1.171   1.823   0.234  -0.374
   0.278  -0.692  -0.074   0.034   1.202  -0.524  -0.803   0.743  -0.078  -1.664
   2.117  -0.050  -0.608   1.280  -1.546  -1.035
  -4.250  -0.395   1.899  -3.690   0.400   1.253  -4.165   1.306   1.091  -3.528
  -0.053   0.283  -2.310   0.629   1.684  -1.945   1.690   1.696  -1.629  -0.499
   2.020  -2.170  -1.270   1.862  -0.223  -0.619   2.438   0.005   0.401   2.742
  -0.200  -1.699   3.481  -1.177  -1.787   4.054   0.715  -1.726   4.088  -0.115
  -2.617   3.002   0.780  -0.915   1.259   1.953  -1.181   1.460   0.250  -0.879
   0.012  -0.755  -0.775  -0.021   0.897  -1.129  -1.260   0.273  -1.707  -1.995
   1.278  -0.181  -1.703   1.677  -1.701  -0.978
  -4.437   0.149   1.862  -3.586   0.300   1.136  -3.998   1.172   0.527  -3.470
  -0.421   0.323  -2.267   0.714   1.877  -1.843   1.859   1.912  -1.645  -0.400
   2.336  -2.099  -1.318   2.225  -0.225  -0.526   2.447   0.108   0.453   2.864
   0.095  -1.611   3.517  -0.728  -1.600   4.270   1.018  -1.343   3.963   0.116
  -2.595   3.147   0.621  -0.765   1.177   1.838  -0.632   1.272  -0.007  -1.096
   0.057  -0.987  -1.108   0.107   0.658  -1.097  -1.266   1.105  -2.111  -1.422
   0.073  -0.622  -2.125   1.528  -0.408  -1.196
  -4.228   0.483   2.947  -3.775   0.518   2.027  -4.183   1.324   1.431  -3.981
  -0.410   1.404  -2.275   0.684   2.158  -1.788   1.823   2.105  -1.551  -0.449
   2.221  -2.100  -1.320   1.988  -0.040  -0.579   2.330   0.215   0.469   2.601
   0.291  -1.661   3.355  -0.658  -1.935   3.942   1.172  -1.263   3.965   0.625
  -2.525   2.824   0.757  -0.727   1.017   1.929  -0.692   1.009   0.030  -0.913
  -0.101  -0.954  -0.958   0.040   0.468  -1.284  -1.502   1.562  -1.578  -1.432
  -0.189  -2.090  -2.011   0.371  -0.341  -2.072
  -3.950  -0.450   1.677  -3.775   0.558   1.916  -4.252   0.871   2.883  -4.090
   1.103   1.006  -2.283   0.694   1.963  -1.866   1.907   2.032  -1.470  -0.350
   2.213  -1.927  -1.258   2.401   0.001  -0.217   2.049   0.274   0.818   2.275
   0.612  -1.104   3.116   0.206  -0.686   4.034   1.665  -1.065   3.259   0.204
  -2.139   3.007   0.670  -0.485   0.706   1.916  -0.507   0.657  -0.088  -0.977
  -0.293  -1.081  -0.953  -0.075   0.314  -1.302  -1.704   1.097  -0.591  -1.921
   0.650  -2.345  -1.715  -0.486  -1.026  -2.411
  -3.733  -0.948   1.942  -3.659   0.055   2.273  -4.110   0.259   3.247  -4.190
   0.737   1.656  -2.274   0.529   2.345  -1.926   1.678   2.669  -1.337  -0.369
   1.993  -1.617  -1.327   1.849   0.093  -0.135   1.827   0.363   0.972   1.941
   0.699  -0.796   3.071   0.206  -0.273   3.850   1.738  -0.556   3.273   0.355
  -1.816   3.241   0.701  -0.700   0.501   1.951  -0.947   0.423  -0.172  -1.066
  -0.402  -1.099  -0.832  -0.217   0.163  -1.127  -1.771  -0.459  -0.357  -2.171
   1.211  -0.872  -1.826  -0.063  -2.088  -2.223
  -3.698  -0.352   2.633  -3.233   0.141   1.715  -3.797   0.909   1.235  -3.174
  -0.608   0.953  -1.863   0.636   1.995  -1.636   1.877   1.888  -1.083  -0.384
   2.249  -1.460  -1.211   2.476   0.349  -0.227   2.183   0.729   0.772   2.003
   1.078  -0.883   3.419   0.509  -0.717   4.284   2.113  -0.549   3.483   1.080
  -1.912   3.241   0.814  -0.855   0.863   2.009  -1.176   0.701  -0.067  -0.857
  -0.214  -0.988  -0.466  -0.048   0.247  -1.618  -1.453  -0.475  -2.467  -1.476
   0.158  -0.930  -2.290   1.208  -1.944  -1.448
  -3.638  -0.217   3.089  -3.279  -0.314   2.043  -3.967   0.013   1.303  -3.177
  -1.279   1.842  -1.910   0.271   1.963  -1.670   1.404   1.509  -0.835  -0.539
   2.318  -1.122  -1.419   2.624   0.588  -0.379   2.105   0.805   0.729   1.967
   1.369  -0.858   3.424   1.090  -0.175   4.253   2.470  -0.861   3.358   1.142
  -1.908   3.582   1.056  -1.102   0.836   2.223  -1.294   0.539   0.099  -1.439
  -0.030  -0.871  -1.194   0.370   0.255  -1.616  -1.508  -0.173  -2.635  -1.803
  -0.315  -0.746  -2.025   1.323  -1.502  -1.691
  -3.472  -0.960   2.917  -3.415  -0.208   2.178  -4.049   0.660   2.139  -3.319
  -0.892   1.355  -1.950   0.327   2.194  -1.808   1.495   2.041  -0.927  -0.656
   2.270  -1.247  -1.671   2.354   0.490  -0.477   2.011   0.685   0.579   1.806
   1.297  -0.887   3.191   1.079  -0.138   3.915   2.331  -0.951   2.929   1.112
  -1.723   3.779   0.909  -1.122   0.686   2.057  -0.751   0.285  -0.015  -1.760
  -0.113  -0.824  -2.025   0.339   0.216  -2.051  -1.536  -0.539  -2.769  -1.793
  -0.062  -1.122  -2.052   1.275  -2.336  -1.688
  -3.562  -0.455   3.114  -3.409   0.076   2.178  -4.109   0.985   2.049  -3.666
  -0.559   1.334  -1.924   0.476   1.949  -1.559   1.623   1.479  -1.055  -0.522
   2.075  -1.415  -1.433   1.878   0.397  -0.306   2.001   0.602   0.784   2.166
   1.014  -0.953   3.254   0.896  -0.449   4.183   2.104  -0.968   3.033   0.640
  -1.890   3.291   0.880  -0.649   0.583   1.943  -0.291   0.128  -0.089  -1.357
  -0.140  -0.944  -1.622   0.229   0.139  -1.955  -1.500  -0.848  -2.320  -1.834
   0.578  -1.196  -2.217   0.744  -2.872  -1.477
  -3.405  -1.046   1.776  -3.377  -0.013   2.129  -3.535   0.133   3.188  -3.993
   0.645   1.557  -1.932   0.299   1.944  -1.613   1.199   1.140  -1.012  -0.527
   2.451  -1.305  -1.310   3.056   0.402  -0.409   2.148   0.678   0.683   1.999
   0.991  -0.935   3.490   0.930  -0.199   4.328   2.090  -1.047   3.361   0.618
  -1.934   3.703   0.784  -1.108   0.830   1.948  -1.129   0.480  -0.197  -1.633
   0.040  -1.146  -1.405   0.301  -0.028  -1.967  -1.370  -0.878  -1.503  -1.924
   0.995  -1.660  -1.659  -0.276  -3.017  -1.591
  -3.782  -0.251   1.643  -3.229   0.387   2.325  -3.186  -0.110   3.312  -3.752
   1.392   2.511  -1.796   0.582   1.938  -1.377   1.587   1.238  -0.936  -0.336
   2.354  -1.422  -0.890   3.083   0.522  -0.451   2.021   0.930   0.576   1.869
   1.378  -1.128   3.129   1.454  -0.476   3.902   2.432  -1.323   2.671   0.767
  -2.014   3.446   0.689  -1.332   0.642   1.759  -1.472   0.071  -0.433  -1.872
   0.220  -1.147  -1.859   0.811  -0.460  -2.518  -1.102   0.075  -1.949  -1.828
  -0.245  -3.593  -0.996  -1.446  -2.458  -1.448
  -3.705   1.365   2.385  -3.325   0.340   2.335  -3.950  -0.055   1.494  -3.492
  -0.165   3.217  -1.880   0.638   2.006  -1.606   1.595   1.274  -0.994  -0.257
   2.467  -1.296  -0.987   2.985   0.362  -0.216   2.005   0.661   0.863   1.815
   1.287  -0.617   3.191   1.165   0.105   4.036   2.387  -0.619   2.899   0.857
  -1.588   3.479   0.684  -1.037   0.728   1.957  -1.105   0.411  -0.317  -1.508
  -0.046  -1.278  -1.483   0.337  -0.070  -2.368  -1.211  -0.140  -1.825  -2.114
   0.924  -2.881  -1.427  -0.838  -3.123  -1.255
  -4.390   0.635   1.761  -3.645   0.353   2.464  -3.626  -0.648   2.736  -3.853
   0.794   3.444  -2.129   0.680   2.025  -1.822   1.418   1.113  -1.189  -0.103
   2.596  -1.518  -0.726   3.390   0.254  -0.280   2.177   0.585   0.788   2.053
   0.927  -0.735   3.410   0.756   0.030   4.146   1.959  -0.715   3.316   0.670
  -1.739   3.790   0.488  -1.143   0.889   1.603  -1.017   0.341  -0.418  -2.017
   0.456  -1.201  -2.010   1.049  -0.337  -2.844  -0.785  -1.021  -2.495  -1.474
   0.658  -2.820  -1.210  -0.664  -3.856  -0.422
  -4.019   0.663   1.930  -3.163   0.738   2.613  -3.480   0.013   3.405  -3.150
   1.641   3.126  -1.801   0.396   2.048  -1.447   1.001   1.001  -0.938  -0.354
   2.678  -1.116  -0.654   3.677   0.437  -0.704   2.266   1.003   0.327   2.165
   1.019  -1.610   3.280   1.180  -1.091   4.247   2.011  -2.015   2.927   0.360
  -2.364   3.679   0.639  -1.532   0.943   1.551  -1.213   0.204  -0.398  -2.136
   0.535  -1.108  -2.244   1.282  -0.673  -2.827  -0.693  -0.839  -3.939  -0.554
  -1.510  -2.340  -1.133   0.126  -2.784  -1.430
  -3.932   0.134   1.408  -3.328   0.640   2.213  -3.675   0.214   3.125  -3.625
   1.741   2.299  -1.808   0.483   1.902  -1.387   1.363   1.128  -1.162  -0.492
   2.475  -1.583  -0.854   3.302   0.172  -0.921   2.207   0.685  -0.021   1.997
   0.800  -1.490   3.452   0.734  -0.763   4.242   1.822  -1.674   3.240   0.161
  -2.329   3.850   0.417  -1.745   0.920   1.550  -1.579   0.366  -0.651  -2.410
   0.388  -1.518  -2.229   0.914  -0.752  -2.827  -0.973   0.191  -2.603  -1.387
  -0.953  -3.871  -1.197  -1.322  -2.138  -1.487
  -3.638  -0.151   1.921  -3.315   0.913   2.004  -3.656   1.290   2.944  -3.824
   1.643   1.321  -1.767   0.797   1.754  -1.209   1.225   0.753  -1.287  -0.145
   2.520  -1.810  -0.591   3.206   0.042  -0.653   2.365   0.768   0.122   2.483
   0.314  -1.633   3.589  -0.028  -1.138   4.508   1.373  -1.713   3.653  -0.268
  -2.501   3.572   0.351  -1.422   1.117   1.528  -1.575   0.687  -0.709  -1.891
   0.400  -1.660  -1.801   0.740  -0.602  -2.863  -0.782  -1.097  -3.745  -0.396
  -1.016  -2.335  -1.576   0.469  -3.052  -1.041
  -3.783   1.559   0.637  -3.419   1.476   1.620  -3.947   0.930   2.452  -3.327
   2.462   1.936  -1.937   1.152   1.399  -1.305   1.921   0.684  -1.348   0.167
   2.049  -1.852  -0.310   2.799   0.091  -0.286   1.888   0.831   0.557   1.487
   0.600  -0.829   3.238   0.624  -0.053   4.057   1.570  -1.086   3.261  -0.077
  -1.536   3.680   0.257  -1.436   0.870   1.401  -1.838   0.671  -0.784  -2.034
   0.246  -1.667  -1.737   0.612  -0.718  -3.122  -0.817  -0.532  -4.106  -0.354
  -1.659  -3.048  -1.391   0.093  -3.006  -1.565
  -3.497   2.393   2.471  -3.350   1.317   2.378  -4.012   1.061   1.531  -3.550
   0.715   3.284  -1.942   1.016   1.928  -1.393   1.760   1.094  -1.392   0.035
   2.598  -1.956  -0.490   3.238  -0.046  -0.510   2.441   0.475   0.393   2.231
   0.356  -1.181   3.757   0.402  -0.361   4.510   1.390  -1.518   3.735  -0.282
  -1.970   4.083   0.291  -1.412   1.229   1.453  -1.452   0.719  -0.746  -1.843
   0.569  -1.570  -1.688   1.099  -0.743  -2.829  -0.435  -1.543  -3.642  -0.303
  -1.099  -2.272  -1.283   0.315  -3.211  -0.672
  -3.350   2.671   2.271  -3.153   1.724   2.664  -3.857   0.992   2.312  -3.164
   1.775   3.838  -1.841   1.364   2.214  -1.454   1.995   1.163  -1.306   0.181
   2.643  -1.745  -0.279   3.464   0.164  -0.265   2.388   0.852   0.563   2.386
   0.456  -1.131   3.606   0.090  -0.800   4.599   1.642  -1.228   3.682  -0.158
  -2.079   3.424   0.206  -1.097   1.102   1.241  -0.976   0.429  -0.846  -1.825
   0.796  -1.567  -1.873   1.506  -1.073  -2.429  -0.524  -2.011  -2.943  -0.676
  -0.970  -1.704  -1.365  -0.224  -3.111  -0.501
  -3.136   2.875   2.195  -2.976   1.910   2.670  -3.740   1.239   2.188  -3.154
   1.912   3.780  -1.668   1.361   2.275  -1.117   1.747   1.220  -1.193   0.329
   2.995  -1.598   0.054   3.864   0.141  -0.159   2.711   0.713   0.707   2.439
   0.794  -0.593   4.013   0.929   0.311   4.719   1.861  -0.853   3.731   0.147
  -1.504   4.301   0.310  -1.238   1.550   1.412  -1.496   1.075  -0.836  -1.883
   1.060  -1.599  -1.590   1.652  -0.977  -2.437  -0.283  -0.439  -3.453  -0.354
  -1.974  -2.347  -0.614  -0.389  -1.930  -0.991
  -3.845   1.983   1.711  -3.002   2.396   2.345  -3.321   2.225   3.478  -2.793
   3.441   2.155  -1.704   1.647   2.049  -0.981   2.023   1.100  -1.417   0.648
   2.884  -2.041   0.373   3.625  -0.176  -0.172   2.776   0.581   0.625   2.821
   0.118  -0.886   4.063  -0.834  -0.900   4.650   0.987  -0.525   4.658   0.394
  -1.881   3.861   0.013  -1.058   1.543   1.155  -1.225   1.151  -1.014  -1.636
   0.982  -1.967  -1.605   1.446  -0.915  -2.432  -0.233  -0.179  -3.174  -0.123
  -1.848  -3.001  -0.089  -0.876  -1.758  -1.087
  -3.859   1.645   2.780  -3.010   2.322   2.441  -2.688   2.920   3.308  -3.269
   2.891   1.510  -1.709   1.622   2.179  -1.152   1.904   1.150  -1.343   0.661
   2.989  -1.991   0.399   3.764  -0.066  -0.002   2.751   0.721   0.729   2.654
   0.187  -0.790   4.040  -0.416  -1.670   4.107  -0.093  -0.269   4.883   1.144
  -1.178   4.095   0.113  -0.824   1.461   1.295  -0.933   1.052  -1.030  -1.146
   0.809  -1.934  -0.997   1.225  -0.981  -2.041  -0.303  -0.102  -2.667  -0.319
  -1.844  -2.704  -0.220  -1.143  -1.521  -1.162
  -4.024   0.687   3.046  -3.383   1.591   2.867  -3.121   2.088   3.788  -3.907
   2.282   2.213  -2.064   1.358   2.221  -1.758   1.944   1.179  -1.205   0.565
   2.931  -1.521   0.101   3.687   0.138   0.137   2.524   0.738   1.078   2.374
   0.765  -0.578   3.736   0.331  -1.565   3.716   0.547  -0.109   4.644   1.808
  -0.594   3.500   0.171  -0.765   1.309   1.294  -1.005   0.865  -0.932  -1.353
   0.799  -1.737  -1.333   1.337  -0.935  -2.213  -0.432  -1.381  -1.596  -1.210
  -0.008  -2.514  -0.803  -1.612  -3.050  -0.353
  -3.529   1.010   3.219  -2.984   1.776   2.756  -2.745   2.515   3.489  -3.606
   2.226   2.063  -1.600   1.438   2.220  -1.281   1.814   1.074  -0.856   0.661
   2.975  -1.385   0.414   3.856   0.440   0.149   2.677   1.141   0.978   2.367
   1.114  -0.543   3.896   0.732  -1.539   3.978   1.124  -0.067   4.924   2.175
  -0.639   3.784   0.510  -0.735   1.349   1.653  -0.971   0.796  -0.579  -1.345
   0.860  -1.456  -1.281   1.411  -0.725  -2.087  -0.392   0.047  -1.896  -1.059
  -0.498  -3.190  -0.188  -1.731  -1.958  -0.876
  -3.449   1.996   1.762  -2.813   1.845   2.698  -3.259   1.092   3.407  -2.656
   2.859   3.190  -1.498   1.248   2.251  -0.862   1.772   1.317  -1.071   0.191
   2.987  -1.717  -0.264   3.563   0.286  -0.310   2.743   0.938   0.575   2.645
   0.670  -1.070   3.999   0.175  -2.069   4.148   0.385  -0.304   4.780   1.759
  -1.124   4.080   0.469  -1.168   1.512   1.595  -1.162   0.955  -0.584  -1.768
   0.917  -1.425  -1.436   1.383  -0.706  -2.662  -0.226  -0.118  -2.276  -1.008
  -0.328  -3.599   0.038  -1.734  -2.826  -0.493
  -3.406   2.600   2.206  -2.893   1.731   2.625  -3.535   0.870   2.665  -2.761
   2.055   3.640  -1.542   1.342   2.108  -0.919   1.979   1.235  -0.999   0.409
   2.744  -1.492   0.027   3.522   0.325  -0.137   2.576   1.072   0.586   2.237
   0.687  -0.793   3.956  -0.244  -1.349   4.299   0.924  -0.061   4.733   1.606
  -1.418   3.893   0.387  -1.150   1.370   1.468  -1.593   0.936  -0.770  -1.621
   0.868  -1.589  -1.285   1.282  -0.922  -2.546  -0.220  -0.099  -3.188  -0.413
  -1.808  -3.238   0.089  -1.107  -1.968  -1.058
  -3.207   2.674   2.071  -2.848   1.767   2.623  -3.477   1.006   2.368  -2.884
   1.957   3.666  -1.415   1.586   2.142  -0.875   2.303   1.313  -0.759   0.554
   2.726  -1.163   0.140   3.518   0.585   0.124   2.351   1.234   0.986   2.181
   1.128  -0.734   3.501   0.501  -1.566   3.676   1.182  -0.230   4.420   2.147
  -1.085   3.310   0.605  -0.767   1.078   1.563  -1.393   0.727  -0.573  -0.984
   0.442  -1.317  -0.346   0.636  -0.778  -1.932  -0.672   0.056  -2.640  -0.857
  -1.670  -2.556  -0.571  -0.971  -1.355  -1.582
  -3.091   2.594   2.671  -2.868   1.559   2.935  -3.591   0.840   2.551  -2.890
   1.599   3.991  -1.502   1.370   2.303  -1.234   1.856   1.186  -0.757   0.471
   2.916  -1.089   0.249   3.868   0.611   0.075   2.450   1.136   1.065   2.299
   1.265  -0.795   3.526   0.889  -1.848   3.545   1.206  -0.303   4.471   2.320
  -0.804   3.181   0.687  -0.757   1.108   1.800  -1.016   0.691  -0.466  -1.042
   0.449  -1.291  -0.526   0.582  -0.556  -1.916  -0.668  -0.319  -2.912  -0.317
  -1.577  -1.963  -1.018   0.267  -1.757  -1.371
  -3.310   2.245   2.453  -2.742   1.558   3.158  -3.184   0.589   3.350  -2.514
   1.980   4.139  -1.415   1.259   2.418  -1.138   1.803   1.367  -0.616   0.355
   3.007  -0.976   0.011   3.876   0.728   0.026   2.522   1.356   0.891   2.528
   1.267  -1.045   3.519   0.532  -1.733   3.766   1.434  -0.573   4.439   2.175
  -1.509   3.223   0.850  -0.583   1.106   1.916  -0.417   0.498  -0.179  -1.243
   0.582  -0.997  -1.467   1.151  -0.319  -1.774  -0.738  -0.667  -2.750  -0.455
  -1.155  -1.327  -1.259   0.607  -1.706  -1.274
  -3.420   1.338   1.895  -2.817   1.133   2.794  -3.226   0.314   3.287  -2.756
   1.933   3.589  -1.363   0.862   2.338  -0.903   1.529   1.452  -0.725  -0.111
   2.999  -1.273  -0.608   3.738   0.628  -0.480   2.709   1.168   0.485   2.619
   1.232  -1.212   3.922   0.628  -2.138   3.983   1.230  -0.576   4.788   2.227
  -1.516   3.640   0.778  -1.188   1.330   1.930  -1.307   0.851  -0.261  -1.515
   0.596  -1.162  -1.285   0.993  -0.264  -2.130  -0.677   0.010  -3.151  -0.530
  -1.135  -2.069  -1.276   0.484  -1.594  -1.320
  -3.571   1.282   2.398  -2.944   0.897   3.115  -3.223  -0.168   3.240  -3.038
   1.435   4.073  -1.503   0.909   2.511  -1.203   1.682   1.634  -0.777  -0.186
   2.859  -1.182  -0.721   3.569   0.668  -0.369   2.683   1.153   0.548   2.800
   1.145  -1.264   3.805   0.625  -2.214   3.877   1.005  -0.775   4.724   2.204
  -1.446   3.673   0.979  -1.026   1.308   2.088  -0.914   0.775   0.059  -1.763
   0.745  -0.778  -2.003   1.340   0.067  -2.367  -0.615   0.632  -3.334  -0.625
  -1.020  -2.564  -0.877   0.459  -1.618  -1.261
  -3.593   1.878   2.583  -2.996   0.964   2.994  -3.399   0.025   2.714  -3.105
   1.159   4.078  -1.526   0.997   2.499  -1.148   1.731   1.661  -0.805  -0.004
   2.993  -1.113  -0.407   3.897   0.629  -0.258   2.756   1.145   0.702   2.651
   1.117  -0.948   3.983   0.581  -1.906   4.017   0.989  -0.371   4.960   2.119
  -1.105   3.835   0.885  -0.990   1.476   1.896  -0.775   0.801  -0.137  -1.671
   0.959  -0.951  -1.777   1.519  -0.074  -2.344  -0.332   0.553  -3.257  -0.159
  -1.128  -2.624  -0.696   0.400  -1.725  -1.037
  -3.410   1.392   2.685  -2.825   0.696   3.249  -3.320  -0.261   3.108  -2.741
   1.044   4.267  -1.393   0.659   2.744  -0.989   1.495   2.020  -0.642  -0.283
   3.247  -1.052  -1.010   3.801   0.777  -0.380   2.983   1.245   0.632   3.071
   1.447  -1.239   4.046   0.933  -2.203   4.128   1.517  -0.755   5.009   2.477
  -1.331   3.710   1.049  -1.002   1.578   2.184  -0.883   1.111   0.060  -1.722
   1.008  -0.803  -1.819   1.512   0.109  -2.463  -0.198   0.767  -3.373  -0.147
  -0.854  -2.822  -0.497   0.452  -1.863  -1.059
  -3.478   1.259   2.870  -2.959   0.418   3.131  -3.251  -0.439   2.575  -3.218
   0.392   4.228  -1.492   0.575   2.930  -1.014   1.458   2.237  -0.745  -0.412
   3.425  -1.199  -1.078   3.987   0.677  -0.648   3.076   1.172   0.293   2.911
   1.255  -1.274   4.366   0.700  -2.200   4.510   1.039  -0.668   5.271   2.363
  -1.470   4.264   0.946  -1.524   1.804   2.091  -1.767   1.433  -0.088  -1.931
   1.060  -1.051  -1.724   1.413   0.030  -2.622  -0.221   0.786  -3.450  -0.141
  -0.886  -3.094  -0.590   0.545  -1.945  -0.924
  -3.024   1.792   2.494  -2.699   0.911   3.137  -3.269   0.054   3.070  -2.737
   1.316   4.183  -1.315   0.532   2.748  -0.770   1.250   1.930  -0.741  -0.514
   3.330  -1.291  -0.955   4.066   0.699  -0.710   3.216   1.143   0.260   3.055
   1.387  -1.208   4.492   0.916  -2.174   4.815   1.285  -0.540   5.317   2.413
  -1.475   4.216   1.035  -1.477   1.932   2.193  -1.858   1.758   0.115  -1.830
   1.019  -0.754  -1.408   1.147   0.290  -2.739  -0.148   0.991  -3.509   0.107
  -0.637  -3.112  -0.552   0.743  -2.144  -0.934
  -3.136   0.742   2.010  -2.468   0.927   2.904  -2.763   0.297   3.707  -2.572
   1.917   3.314  -1.051   0.598   2.563  -0.573   1.283   1.689  -0.423  -0.326
   3.311  -0.818  -0.791   4.142   1.005  -0.718   3.100   1.676   0.112   3.261
   1.293  -1.774   4.201   0.714  -2.725   4.044   0.938  -1.398   5.219   2.381
  -2.031   4.162   1.322  -1.292   1.790   2.523  -1.494   1.503   0.348  -1.816
   1.054  -0.618  -1.645   1.316   0.730  -2.753  -0.052   1.433  -3.529   0.262
  -0.179  -3.176  -0.432   1.277  -2.196  -0.877
  -3.318   0.062   2.403  -2.681   0.861   2.802  -3.019   0.985   3.879  -3.045
   1.736   2.239  -1.232   0.595   2.408  -0.707   1.210   1.497  -0.551  -0.305
   3.041  -1.067  -0.724   3.818   0.846  -0.755   2.854   1.562   0.072   2.912
   1.174  -1.574   4.081   0.647  -2.469   4.159   0.831  -1.053   5.041   2.232
  -1.917   4.050   1.180  -1.374   1.528   2.336  -1.283   1.008   0.173  -1.856
   0.824  -0.715  -1.868   1.274   0.230  -2.177  -0.569   0.606  -3.215  -0.696
  -0.812  -2.196  -0.960   0.843  -1.458  -1.077
