default_name                                                                    
   22  0.4200000E+03
  -3.3182251   0.0621619   2.4034163  -2.6811506   0.8612751   2.8017894
  -3.0192848   0.9853644   3.8791923  -3.0451334   1.7357728   2.2388514
  -1.2318988   0.5950851   2.4081880  -0.7074620   1.2095841   1.4974422
  -0.5509487  -0.3053921   3.0410294  -1.0666856  -0.7235653   3.8178585
   0.8457627  -0.7548031   2.8540658   1.5623153   0.0721336   2.9116402
   1.1739643  -1.5736060   4.0809258   0.6471944  -2.4694565   4.1590018
   0.8305379  -1.0534221   5.0411272   2.2320422  -1.9169834   4.0501712
   1.1795722  -1.3737280   1.5278653   2.3355027  -1.2834192   1.0082487
   0.1727882  -1.8557762   0.8244850  -0.7146882  -1.8683838   1.2738169
   0.2297533  -2.1773527  -0.5694998   0.6063297  -3.2154965  -0.6964146
  -0.8116885  -2.1956971  -0.9597278   0.8425435  -1.4582193  -1.0773418
   0.9725893  -0.3574005   0.8518227  -0.2895293  -0.3212879   0.1088976
   0.7865427   0.9276143   0.2968005  -1.2047657  -0.6485663  -0.0345312
  -0.0406131  -0.0985895   0.1339301   0.4384411  -0.2177550  -0.0936045
  -0.2288456  -0.0510283  -0.0547426  -1.2736139   0.2552723   0.2162936
  -0.3394425  -0.0018514  -0.1534214  -0.3736913  -0.2026972   0.4125793
  -0.0095923   0.2621386   0.1050889   0.9780663   0.1684184   0.0655827
   1.0645875   0.1207434  -0.3716934  -0.1435959   0.3326480  -1.3830156
  -0.0645745   0.0100811  -0.1588716   0.1276803   0.0043997   0.3780518
   0.1873604  -0.1636634  -0.1742934   0.9500803   0.6752760   0.9596629
   0.1370429  -0.0650023   0.0802466   0.0340803   0.0316634  -0.4339278
   0.4749009   1.2256650   0.2345685  -0.4393011  -0.2537709   0.4263934
