default_name                                                                    
   22  0.3977500E+03
  -5.4900946   0.5178481  -0.4915597  -4.8298654   0.9633158   0.2211045
  -5.0415434   0.7385285   1.2539847  -4.9363737   2.0521435   0.0753015
  -3.4691431   0.6353007  -0.1160399  -2.6333069   1.5074748  -0.3283804
  -3.1996409  -0.6585313  -0.1879114  -3.9422801  -1.2850340  -0.1582029
  -1.8181592  -1.1104315  -0.5596569  -1.0648589  -0.6679466   0.1049638
  -1.8921165  -2.6134842  -0.1625269  -2.2784788  -2.7099683   0.8315190
  -0.9036382  -2.9757798  -0.3776249  -2.5618682  -3.0407765  -0.8579936
  -1.4341036  -0.6997315  -1.9631086  -0.2826285  -0.3860962  -2.1798622
  -2.4429765  -0.7037675  -2.9207255  -3.4075002  -0.8937240  -2.5458014
  -2.3468587  -0.3574998  -4.3443594  -3.3416815  -0.4098852  -4.7912416
  -1.9469196   0.7054149  -4.4332932  -1.7384419  -1.0295259  -4.8983494
   0.8097181  -0.9543265  -0.1009467   0.4721805  -0.2117748  -0.2158468
   0.5702548   1.1122256  -0.1537673   0.1103777  -0.3826075   1.0054524
   0.0599781  -0.1285839   0.1082426  -0.0772157   0.2252444   0.0553905
   0.2437906   0.0843535  -0.0345889  -0.3613800  -0.9524918  -0.5678492
   0.1670171  -0.5057306  -0.1571025  -0.8757620  -0.1138099   0.3102129
   0.1235621   0.3117311   0.3949612   0.6258142   0.5244681  -1.1340451
  -0.6224024  -1.1955211   0.3688628   0.2198237  -1.5280510  -0.0077359
   0.2724164  -0.1103352  -0.0202922  -0.2696761  -0.0589470  -0.1346344
   0.1298976   0.1603257  -0.0747898   0.1632312   1.2889298   0.8021663
  -0.2689836  -0.5441869  -0.1632693   0.7839075  -0.1389507  -0.2086268
  -0.5523873  -0.9658130   0.2370604   0.1059844  -1.4279091   0.0968084
