default_name                                                                    
   22  0.4200000E+03
  -6.5193375  -3.4983621  -0.3181069  -5.5636387  -3.4919093  -0.9099353
  -5.6155336  -2.7508896  -1.7352767  -5.4276996  -4.5087521  -1.3574401
  -4.4505132  -3.0977184  -0.0040777  -4.4854938  -1.9616665   0.4999095
  -3.4173462  -3.8958057   0.0817284  -3.4005773  -4.8244118  -0.3080339
  -2.2399760  -3.7419679   0.9854618  -2.5657924  -3.6786439   2.0582493
  -1.4420369  -5.0077456   0.6908565  -2.1426584  -5.8880865   0.6180781
  -0.6050900  -5.1266436   1.4032191  -1.0151579  -4.8327542  -0.2753466
  -1.3210944  -2.4954230   0.6442613  -0.5456936  -2.1197638   1.5481621
  -1.3661584  -1.8885270  -0.5625520  -1.9581410  -2.2006051  -1.2633834
  -0.6674725  -0.6934298  -0.8575587  -1.3526828   0.1378845  -0.6265043
   0.2165647  -0.6359049  -0.2753373  -0.3990908  -0.7602261  -1.9454251
  -0.5905879  -0.4793130   0.1097725  -0.0035973   0.5998320   0.3448468
   1.1164060   0.3779513  -1.0019831  -0.5945684   0.0978838   0.2435331
  -0.2654255  -0.2231711   0.0040217  -0.2645698  -0.3789536  -0.0477025
   0.1594896   0.1856853  -0.0471970   1.6750704   1.4412604   0.6188255
   0.2469571  -0.0278587  -0.1455992   0.1500314   0.0779936  -0.4611403
  -0.1886847  -0.2412526  -0.0727162  -0.1827183  -0.7655737   0.3838777
  -0.2809279  -0.7079310  -1.2585745  -0.4778511   0.5114467  -0.1111737
  -0.2935907  -0.1304357   0.1304836   0.1737051   0.1652418   0.2934759
   0.3246094   0.3278943   0.1715108  -0.3509592   0.2545786  -0.6941427
   0.1693234  -0.0533932   0.5056472   0.5161883  -0.6941865  -0.1498016
   1.2132390  -0.7239126   0.4481201   0.3402688  -0.2706901  -0.1576074
