default_name                                                                    
  -4.155  -0.439  -1.339  -3.496  -1.088  -0.716  -3.464  -2.094  -1.109  -3.786
  -1.163   0.343  -2.079  -0.498  -0.669  -1.848   0.400  -1.456  -1.141  -1.102
   0.028  -1.341  -1.952   0.502   0.105  -0.345   0.276  -0.151   0.646   0.731
   0.845  -1.186   1.330   1.673  -0.593   1.610   1.255  -2.100   0.915   0.276
  -1.461   2.204   0.987  -0.103  -0.907   1.777   0.844  -0.918   0.907  -0.911
  -1.933   0.087  -1.500  -1.895   1.802  -1.009  -3.151   1.601  -1.884  -3.744
   1.574  -0.135  -3.624   2.891  -0.999  -2.858
  -4.136  -0.841  -1.175  -3.496  -1.150  -0.367  -3.356  -2.183  -0.251  -3.856
  -0.640   0.533  -2.095  -0.437  -0.470  -2.001   0.516  -1.250  -1.146  -0.876
   0.332  -1.329  -1.567   1.031   0.219  -0.316   0.460   0.044   0.755   0.639
   0.897  -1.036   1.665   1.692  -0.354   1.939   1.218  -2.004   1.473   0.309
  -1.165   2.532   1.089  -0.310  -0.772   2.183   0.294  -0.701   0.798  -1.190
  -1.707  -0.087  -1.695  -1.637   1.559  -1.493  -2.903   0.888  -1.108  -3.736
   2.471  -0.937  -3.020   1.829  -2.560  -2.910
  -3.242  -1.950  -0.360  -3.263  -0.902  -0.453  -3.903  -0.539   0.363  -3.757
  -0.618  -1.434  -1.805  -0.389  -0.448  -1.482   0.371  -1.363  -1.061  -0.914
   0.544  -1.441  -1.604   1.122   0.338  -0.505   0.762   0.288   0.514   0.979
   0.857  -1.274   1.989   1.862  -1.061   2.156   0.751  -2.330   1.788   0.351
  -1.096   2.942   1.263  -0.769  -0.481   2.298  -0.133  -0.668   0.896  -1.784
  -1.279   0.126  -2.270  -0.984   1.380  -2.068  -2.663   0.694  -1.501  -3.397
   2.350  -1.643  -2.697   1.313  -3.140  -2.803
  -3.490  -1.704  -0.148  -3.308  -0.719  -0.640  -3.870   0.100  -0.169  -3.616
  -0.844  -1.695  -1.804  -0.402  -0.558  -1.346   0.427  -1.349  -1.133  -1.016
   0.429  -1.633  -1.616   1.057   0.246  -0.749   0.811   0.361   0.292   0.988
   0.519  -1.529   2.069   1.494  -1.122   2.454   0.519  -2.594   1.874  -0.358
  -1.292   2.739   1.231  -1.063  -0.284   2.198  -0.263  -0.462   0.943  -2.007
  -1.151   0.066  -2.544  -0.961   1.959  -2.558  -1.994   2.299  -1.802  -2.739
   2.843  -2.849  -1.372   1.626  -3.467  -2.552
  -4.071  -1.248   0.357  -3.583  -1.132  -0.585  -4.264  -0.460  -1.031  -3.496
  -2.100  -1.025  -2.109  -0.530  -0.433  -1.642   0.282  -1.220  -1.448  -1.257
   0.520  -1.939  -2.050   0.987  -0.008  -1.031   0.845   0.076   0.006   0.943
   0.336  -1.570   2.288   1.427  -1.304   2.426   0.236  -2.623   2.365  -0.275
  -1.097   3.110   1.062  -1.323  -0.209   2.093  -0.680  -0.198   0.766  -2.331
  -1.008  -0.108  -2.706  -0.709   1.473  -2.931  -2.186   1.001  -2.847  -3.153
   2.370  -2.399  -2.432   1.600  -4.047  -2.183
  -3.856  -0.995   0.705  -3.581  -0.977  -0.361  -4.181  -0.279  -0.914  -3.695
  -2.070  -0.679  -2.157  -0.505  -0.354  -1.855   0.369  -1.171  -1.444  -1.209
   0.500  -1.874  -1.825   1.185  -0.064  -0.938   0.813   0.038   0.124   0.750
   0.264  -1.484   2.198   1.342  -1.440   2.350  -0.042  -2.518   2.278  -0.252
  -0.835   2.934   0.971  -1.409  -0.224   2.028  -0.806  -0.291   0.595  -2.431
  -1.094  -0.164  -2.986  -0.743   1.579  -2.986  -2.081   1.546  -2.387  -2.968
   2.585  -2.889  -1.737   1.288  -4.035  -2.227
  -4.049  -0.042   0.763  -3.787  -0.594  -0.149  -4.326  -0.048  -0.892  -4.077
  -1.696  -0.117  -2.290  -0.427  -0.304  -1.833   0.441  -1.029  -1.612  -1.282
   0.522  -2.042  -2.066   1.056  -0.217  -0.981   0.732  -0.133   0.098   1.007
   0.294  -1.737   2.007   1.354  -1.546   2.271  -0.032  -2.764   2.118  -0.253
  -1.268   2.847   0.627  -1.180  -0.475   1.738  -0.640  -0.543   0.302  -2.108
  -1.301  -0.484  -2.692  -1.060   1.113  -2.621  -2.390   1.757  -1.818  -2.792
   1.743  -3.484  -2.108   0.475  -2.897  -3.176
  -4.369  -1.426   0.188  -3.892  -1.000  -0.684  -4.525  -0.122  -1.032  -3.761
  -1.753  -1.457  -2.440  -0.564  -0.261  -1.893   0.416  -0.793  -1.775  -1.301
   0.637  -2.285  -1.975   1.119  -0.390  -1.076   1.009  -0.257  -0.009   1.137
  -0.250  -1.849   2.327   0.833  -1.941   2.530  -0.691  -2.829   2.195  -0.771
  -1.255   3.024   0.599  -1.577  -0.097   1.690  -1.034  -0.214   0.263  -2.447
  -0.971  -0.593  -2.976  -0.835   1.140  -3.005  -2.036   1.165  -2.299  -2.889
   2.174  -3.146  -1.590   0.842  -3.964  -2.365
  -4.614  -1.159   0.135  -3.966  -0.938  -0.757  -4.285  -0.008  -1.211  -4.041
  -1.691  -1.451  -2.540  -0.565  -0.445  -1.939   0.442  -0.938  -1.971  -1.212
   0.585  -2.472  -1.917   1.082  -0.663  -0.967   1.129  -0.587   0.115   1.455
  -0.333  -1.754   2.355   0.706  -1.701   2.366  -0.631  -2.730   2.137  -0.784
  -1.277   3.288   0.444  -1.187   0.037   1.439  -0.387  -0.082   0.243  -2.240
  -0.767  -0.581  -2.716  -0.786   1.230  -2.526  -1.802   1.861  -1.666  -1.925
   1.935  -3.291  -1.435   0.878  -2.939  -2.765
  -4.720  -0.888   0.524  -4.107  -0.917  -0.379  -4.502  -0.367  -1.271  -4.062
  -1.951  -0.707  -2.700  -0.380  -0.243  -2.212   0.607  -0.820  -2.072  -0.947
   0.730  -2.674  -1.398   1.346  -0.669  -0.635   1.064  -0.639   0.450   1.057
  -0.276  -1.348   2.354   0.715  -1.081   2.626  -0.203  -2.411   2.239  -0.955
  -1.113   3.223   0.315  -0.988  -0.084   1.398  -0.399  -0.147  -0.090  -1.983
  -0.904  -0.898  -2.474  -0.565   0.592  -2.520  -2.072   0.052  -2.361  -2.934
   1.618  -2.081  -2.172   0.752  -3.568  -2.015
  -4.495  -0.242   1.089  -4.367  -0.560  -0.013  -4.940  -0.064  -0.798  -4.675
  -1.601  -0.133  -2.878  -0.441  -0.205  -2.429   0.257  -1.118  -2.133  -1.041
   0.705  -2.575  -1.570   1.431  -0.735  -0.636   0.866  -0.694   0.364   0.848
  -0.269  -1.110   2.201   0.743  -0.740   2.322  -0.374  -2.202   2.153  -1.034
  -0.707   2.962   0.330  -1.031  -0.273   1.499  -0.656  -0.238  -0.172  -1.748
  -1.349  -1.149  -1.984  -1.286   0.527  -2.011  -2.606   0.810  -1.006  -2.937
   1.366  -2.607  -2.251  -0.153  -2.531  -3.280
  -4.765  -1.570   0.872  -4.548  -1.135  -0.090  -5.209  -0.392  -0.636  -4.602
  -2.084  -0.668  -3.050  -0.692  -0.202  -2.805   0.207  -1.048  -2.160  -1.243
   0.640  -2.491  -1.999   1.199  -0.726  -0.852   0.890  -0.754   0.203   1.034
  -0.228  -1.577   2.146   0.708  -1.101   2.293  -0.095  -2.629   1.905  -0.853
  -1.397   2.974   0.253  -1.102  -0.276   1.396  -0.564  -0.155  -0.211  -1.866
  -1.330  -1.167  -2.133  -1.175   0.599  -2.448  -2.460   1.651  -2.619  -2.151
   0.178  -3.412  -2.689   0.702  -1.744  -3.299
  -4.473  -2.474   0.311  -4.430  -1.399   0.182  -4.986  -0.766   0.911  -4.862
  -1.201  -0.784  -2.963  -0.967   0.143  -2.539  -0.490  -0.914  -2.189  -1.354
   1.204  -2.608  -1.697   2.059  -0.747  -1.028   1.291  -0.737   0.037   1.643
  -0.178  -1.744   2.438   0.902  -1.303   2.549  -0.128  -2.849   2.149  -0.658
  -1.536   3.368   0.164  -1.081  -0.013   0.995  -0.219  -0.198  -0.082  -1.908
  -1.067  -0.955  -2.384  -1.008   0.643  -2.231  -2.209   1.614  -1.935  -2.147
   0.504  -3.323  -2.487   0.234  -1.760  -3.111
  -5.012  -1.165   1.623  -4.816  -0.964   0.539  -5.585  -0.219   0.207  -5.007
  -1.918   0.077  -3.307  -0.578   0.420  -2.978   0.165  -0.444  -2.395  -1.305
   1.084  -2.724  -2.082   1.603  -0.971  -0.909   1.132  -0.789   0.188   1.408
  -0.393  -1.817   2.266   0.706  -1.647   2.383  -0.709  -2.881   1.996  -0.935
  -1.637   3.147  -0.180  -1.091  -0.216   0.772  -0.294  -0.533  -0.451  -2.192
  -0.971  -1.102  -2.900  -0.619   0.178  -2.516  -2.266   1.075  -1.965  -2.592
   0.349  -3.576  -2.280  -0.457  -2.323  -3.173
  -5.225  -0.753   1.060  -4.751  -1.317   0.267  -5.327  -1.007  -0.611  -4.789
  -2.314   0.631  -3.345  -0.822   0.459  -3.079   0.263  -0.055  -2.468  -1.555
   1.062  -2.827  -2.420   1.500  -1.119  -1.220   1.323  -1.089  -0.224   1.746
  -0.727  -2.081   2.510   0.362  -1.975   2.726  -0.905  -3.137   2.300  -1.341
  -1.894   3.415  -0.239  -1.461   0.111   0.888  -0.982   0.198  -0.727  -2.022
  -1.073  -1.625  -2.513  -1.047   0.179  -2.368  -2.251   0.621  -1.457  -2.695
   1.105  -2.863  -1.883  -0.295  -3.141  -2.902
  -5.641  -1.926   0.864  -4.944  -1.965  -0.034  -5.397  -1.533  -0.951  -4.770
  -3.135  -0.221  -3.695  -1.183   0.247  -3.473  -0.103  -0.232  -2.809  -1.814
   1.010  -3.168  -2.608   1.551  -1.418  -1.425   1.407  -1.487  -0.468   1.848
  -0.862  -2.456   2.520  -0.237  -1.965   3.263  -0.326  -3.299   2.051  -1.580
  -3.048   3.141  -0.349  -1.409   0.302   0.775  -0.919   0.522  -0.749  -1.833
  -0.943  -1.631  -2.248  -0.940   0.201  -1.991  -2.029   0.552  -0.925  -2.245
   0.999  -2.660  -1.863  -0.287  -2.494  -2.869
  -5.800  -1.930  -0.512  -5.064  -2.546   0.023  -4.786  -3.432  -0.499  -5.591
  -2.766   0.943  -3.803  -1.610   0.177  -3.906  -0.480  -0.253  -2.820  -2.088
   0.940  -2.747  -3.049   1.185  -1.624  -1.380   1.359  -1.888  -0.444   1.647
  -0.997  -2.153   2.555  -0.399  -1.434   3.203  -0.318  -2.970   2.246  -1.754
  -2.685   3.181  -0.484  -1.369   0.244   0.641  -1.029   0.511  -0.700  -1.694
  -1.039  -1.603  -2.158  -1.171   0.297  -1.917  -2.133   0.531  -1.061  -2.738
   1.268  -2.330  -1.740  -0.185  -2.646  -2.702
  -5.563  -1.872  -1.297  -5.314  -2.350  -0.314  -5.085  -3.405  -0.300  -6.050
  -2.167   0.458  -4.017  -1.850   0.150  -3.733  -0.750  -0.324  -3.207  -2.550
   1.056  -3.595  -3.187   1.700  -1.848  -1.965   1.486  -2.088  -0.862   1.634
  -1.382  -2.510   2.836  -0.485  -1.937   3.120  -0.980  -3.517   2.948  -2.239
  -2.207   3.471  -0.760  -2.008   0.364   0.422  -1.638   0.587  -1.180  -2.275
  -0.865  -2.127  -2.272  -1.048  -0.302  -2.319  -1.983   0.521  -1.572  -1.923
   0.116  -3.304  -2.116  -0.866  -2.152  -2.900
  -4.785  -3.262  -1.188  -5.126  -2.558  -0.444  -5.695  -3.170   0.263  -5.620
  -1.757  -0.964  -3.927  -1.850   0.178  -3.736  -0.664   0.008  -3.132  -2.569
   0.996  -3.380  -3.483   1.062  -1.769  -2.036   1.504  -1.928  -1.033   1.998
  -1.243  -2.694   2.786  -0.238  -2.337   2.905  -1.217  -3.767   2.725  -1.965
  -2.461   3.553  -0.627  -1.996   0.441   0.533  -1.740   0.773  -1.079  -2.257
  -0.826  -2.039  -2.181  -0.962  -0.224  -2.186  -2.013   0.353  -1.238  -1.869
   0.460  -3.014  -2.071  -0.818  -2.171  -2.924
  -4.994  -2.524  -1.377  -5.168  -1.749  -0.670  -5.825  -2.025   0.144  -5.678
  -0.866  -1.103  -3.777  -1.324  -0.213  -3.229  -0.311  -0.570  -3.230  -2.252
   0.567  -3.780  -3.038   0.862  -1.965  -2.053   1.346  -1.819  -1.016   1.672
  -2.042  -2.830   2.631  -1.131  -2.627   3.212  -2.116  -3.894   2.406  -2.915
  -2.526   3.160  -0.679  -2.403   0.569   0.390  -1.953   0.886  -0.910  -3.053
  -0.598  -1.822  -3.513  -0.780   0.092  -2.883  -1.668   0.216  -1.912  -2.144
   0.991  -3.228  -1.219  -0.142  -3.703  -2.364
  -5.789  -1.609   0.161  -5.052  -1.438  -0.658  -5.473  -0.653  -1.301  -4.903
  -2.363  -1.262  -3.724  -1.124  -0.144  -3.060  -0.085  -0.441  -3.173  -2.136
   0.537  -3.830  -2.853   0.909  -1.862  -2.034   1.109  -1.726  -1.075   1.395
  -1.976  -2.844   2.471  -1.143  -2.772   3.079  -2.205  -3.888   2.344  -2.901
  -2.549   3.040  -0.682  -2.515   0.226   0.493  -2.272   0.651  -0.989  -3.154
  -0.905  -1.887  -3.584  -0.960   0.034  -3.466  -1.919  -0.320  -3.635  -2.945
   0.817  -2.702  -1.868   0.438  -4.479  -1.695
  -6.021  -1.375   0.075  -5.325  -0.852  -0.655  -5.612   0.153  -0.812  -5.470
  -1.241  -1.677  -3.893  -0.956  -0.282  -3.021  -0.361  -0.905  -3.519  -1.745
   0.703  -4.224  -2.179   1.258  -2.120  -1.837   1.200  -1.802  -0.841   1.399
  -2.077  -2.659   2.479  -1.147  -2.583   2.896  -2.270  -3.732   2.392  -2.754
  -2.194   3.260  -1.096  -2.224   0.085  -0.025  -1.647   0.021  -1.431  -3.115
  -0.772  -2.313  -3.568  -0.593  -0.769  -3.353  -2.140  -0.767  -2.375  -2.729
   0.285  -3.480  -1.957  -1.192  -4.088  -2.774
  -5.799  -1.312  -0.398  -5.025  -1.292  -1.154  -5.394  -0.804  -2.049  -4.788
  -2.371  -1.434  -3.850  -0.723  -0.437  -3.223   0.236  -0.902  -3.417  -1.488
   0.548  -4.164  -2.083   0.987  -2.069  -1.399   1.096  -1.716  -0.377   1.314
  -2.147  -2.315   2.369  -1.156  -2.127   2.829  -2.128  -3.402   2.029  -2.927
  -2.122   3.051  -1.109  -1.986   0.096   0.088  -1.794   0.169  -1.525  -2.828
  -0.879  -2.480  -2.982  -0.973  -0.614  -3.663  -1.661  -0.923  -3.849  -2.670
   0.426  -3.181  -1.696  -0.507  -4.619  -1.094
  -6.084  -0.110  -1.095  -5.477  -0.947  -1.511  -5.431  -0.645  -2.550  -6.006
  -1.911  -1.345  -4.089  -0.813  -0.905  -3.211  -0.170  -1.506  -3.871  -1.386
   0.279  -4.592  -2.043   0.678  -2.493  -1.479   0.970  -2.076  -0.474   1.066
  -2.592  -2.162   2.366  -1.579  -2.455   2.869  -3.226  -3.067   2.086  -3.072
  -1.459   3.028  -1.448  -2.251   0.200  -0.258  -1.859   0.214  -1.958  -3.165
  -0.569  -2.963  -3.293  -0.423  -1.252  -3.948  -1.646  -1.734  -4.919  -1.864
  -1.130  -3.254  -2.495  -0.299  -4.227  -1.272
  -5.623   0.493  -2.141  -5.557  -0.521  -1.606  -5.852  -1.323  -2.356  -6.207
  -0.371  -0.698  -4.175  -0.665  -1.001  -3.314  -0.176  -1.723  -3.936  -1.369
   0.068  -4.832  -1.704   0.512  -2.647  -1.420   0.870  -2.420  -0.372   1.000
  -3.156  -1.986   2.227  -2.297  -2.055   2.883  -3.699  -2.959   2.219  -3.921
  -1.328   2.652  -1.575  -2.183   0.150  -0.405  -1.798   0.142  -1.969  -3.414
  -0.361  -2.981  -3.565  -0.247  -1.083  -4.344  -1.030  -1.051  -4.143  -2.028
  -0.104  -4.412  -0.529  -1.593  -5.352  -0.926
  -5.181  -0.028  -2.532  -5.252  -0.765  -1.717  -5.401  -1.747  -2.187  -6.141
  -0.665  -1.000  -3.959  -0.463  -0.876  -3.161   0.441  -1.327  -3.698  -1.258
   0.175  -4.282  -2.088   0.241  -2.433  -1.286   0.726  -2.003  -0.232   0.862
  -2.634  -2.125   1.963  -1.692  -2.218   2.347  -3.034  -3.058   1.905  -3.313
  -1.588   2.750  -1.433  -2.211  -0.068  -0.239  -2.017   0.183  -1.875  -3.104
  -0.996  -2.808  -3.115  -1.320  -0.984  -4.129  -1.502  -0.655  -3.952  -2.528
  -0.191  -4.568  -0.812  -1.665  -4.948  -1.629
  -6.170  -0.249  -0.418  -5.532  -0.328  -1.295  -5.667   0.458  -2.013  -5.757
  -1.183  -1.903  -4.118  -0.265  -0.714  -3.228   0.479  -1.226  -3.859  -1.261
   0.132  -4.690  -1.870   0.252  -2.637  -1.492   0.853  -2.317  -0.393   1.165
  -3.019  -2.371   2.066  -2.162  -2.331   2.705  -3.294  -3.369   1.813  -3.770
  -2.020   2.718  -1.486  -2.122  -0.023  -0.335  -2.068   0.373  -1.791  -2.716
  -1.221  -2.737  -2.657  -1.543  -0.810  -3.514  -1.862  -1.270  -4.168  -2.545
  -0.074  -2.932  -2.333  -0.401  -4.025  -1.098
  -5.663   0.667  -1.457  -5.424  -0.331  -1.042  -5.419  -1.210  -1.712  -6.182
  -0.462  -0.298  -4.204  -0.457  -0.274  -3.331   0.352  -0.450  -4.110  -1.643
   0.268  -4.944  -2.240   0.217  -3.004  -1.894   1.269  -2.665  -0.991   1.681
  -3.672  -2.453   2.481  -3.001  -2.574   3.345  -4.037  -3.405   2.190  -4.405
  -1.840   2.955  -1.779  -2.622   0.695  -0.829  -3.071   1.359  -1.862  -2.796
  -0.654  -2.658  -2.295  -1.005  -0.741  -3.070  -1.526  -0.846  -3.986  -2.094
  -0.542  -2.172  -2.179   0.136  -3.240  -0.860
  -4.882   0.093  -2.243  -5.017  -0.808  -1.749  -4.561  -1.485  -2.415  -6.025
  -1.023  -1.480  -4.121  -0.754  -0.440  -3.382   0.151  -0.295  -4.112  -1.748
   0.438  -4.795  -2.490   0.201  -3.135  -1.984   1.525  -3.195  -0.977   1.991
  -3.513  -3.098   2.433  -2.720  -3.448   3.131  -3.803  -4.023   1.787  -4.429
  -2.816   3.075  -1.732  -2.265   0.986  -0.674  -1.986   1.584  -1.654  -2.815
  -0.283  -2.557  -3.098  -0.661  -0.645  -2.789  -1.309  -0.347  -3.745  -1.555
  -0.840  -2.376  -2.325   0.125  -2.184  -0.906
  -5.822   0.410  -1.203  -5.279  -0.391  -1.551  -5.044  -0.161  -2.570  -5.833
  -1.340  -1.801  -4.148  -0.758  -0.614  -3.234   0.104  -0.582  -4.294  -1.789
   0.309  -5.230  -2.300   0.259  -3.159  -2.246   1.232  -3.186  -1.299   1.758
  -3.640  -3.474   1.851  -2.863  -3.678   2.616  -3.693  -4.184   1.090  -4.625
  -3.419   2.367  -1.674  -2.370   0.853  -0.838  -2.004   1.657  -1.353  -2.820
  -0.355  -2.102  -3.450  -0.689  -0.044  -2.995  -0.998   0.492  -3.796  -0.515
  -0.063  -3.173  -2.025   0.546  -2.182  -0.796
  -6.715  -0.525  -0.899  -5.752  -0.718  -1.397  -5.579   0.109  -2.129  -5.910
  -1.649  -1.953  -4.456  -0.746  -0.491  -3.679   0.186  -0.577  -4.250  -1.798
   0.277  -4.874  -2.646   0.108  -3.134  -2.012   1.300  -3.031  -1.114   1.942
  -3.446  -3.127   2.278  -2.561  -3.235   2.834  -3.657  -4.121   1.760  -4.387
  -2.840   2.736  -1.742  -2.187   0.595  -0.670  -1.925   1.261  -1.626  -2.592
  -0.652  -2.470  -2.989  -1.123  -0.256  -2.733  -1.186   0.313  -3.377  -0.538
  -0.343  -3.072  -2.215   0.111  -1.748  -1.192
  -6.497  -1.045  -0.744  -5.596  -0.890  -1.400  -5.723   0.082  -1.931  -5.600
  -1.747  -2.080  -4.426  -0.704  -0.499  -3.897   0.353  -0.333  -4.248  -1.752
   0.331  -4.973  -2.420   0.283  -3.230  -1.731   1.415  -3.058  -0.865   1.977
  -3.930  -2.716   2.365  -3.407  -2.985   3.272  -3.929  -3.760   1.910  -4.984
  -2.417   2.521  -1.920  -2.159   0.888  -0.780  -1.916   1.357  -1.909  -2.799
  -0.281  -2.753  -3.086  -0.656  -0.708  -3.189  -1.066   0.057  -3.663  -0.364
  -0.958  -3.979  -1.832  -0.185  -2.359  -1.521
  -6.828  -0.256  -0.408  -6.279  -0.750  -1.272  -6.252  -0.060  -2.129  -6.661
  -1.721  -1.626  -4.898  -0.643  -0.634  -4.170   0.268  -1.014  -4.521  -1.574
   0.319  -5.244  -2.135   0.716  -3.370  -1.469   1.231  -3.401  -0.433   1.546
  -3.945  -2.054   2.531  -3.329  -1.878   3.445  -3.914  -3.149   2.483  -4.980
  -1.697   2.829  -1.940  -1.917   0.687  -1.058  -1.832   1.447  -1.741  -2.520
  -0.478  -2.538  -2.519  -1.128  -0.402  -2.537  -1.077   0.211  -3.129  -0.274
  -0.430  -3.198  -2.054   0.086  -1.605  -1.323
  -6.738  -1.738  -1.215  -5.852  -1.227  -1.538  -6.233  -0.246  -1.899  -5.501
  -1.770  -2.313  -4.692  -0.968  -0.526  -4.169   0.080  -0.790  -4.213  -1.963
   0.235  -4.499  -2.901   0.049  -3.259  -1.623   1.342  -3.404  -0.558   1.544
  -3.677  -2.219   2.778  -3.303  -1.584   3.632  -3.447  -3.278   2.844  -4.703
  -2.119   2.913  -1.789  -1.783   0.999  -0.969  -1.291   1.789  -1.359  -2.246
  -0.164  -2.076  -2.540  -0.836   0.016  -2.169  -0.675   0.635  -1.355  -0.192
   0.584  -3.018  -0.656  -0.096  -1.934  -1.679
  -5.934  -0.253  -1.914  -5.477  -1.207  -1.507  -4.939  -1.688  -2.403  -6.153
  -1.860  -1.021  -4.353  -1.034  -0.517  -3.673  -0.009  -0.750  -4.190  -1.811
   0.611  -4.924  -2.520   0.751  -3.266  -1.419   1.618  -3.453  -0.444   2.052
  -3.376  -2.365   2.757  -2.450  -2.579   3.271  -3.684  -3.305   2.276  -4.085
  -1.861   3.401  -1.804  -1.477   1.035  -1.102  -0.455   1.282  -1.460  -2.403
   0.182  -2.134  -3.136   0.009  -0.152  -2.685  -0.359   0.351  -1.767  -0.481
   0.433  -3.127   0.489  -0.198  -3.274  -1.169
  -5.331  -1.538  -2.831  -5.624  -1.734  -1.838  -5.783  -2.687  -1.475  -6.422
  -1.166  -1.681  -4.418  -1.234  -1.021  -3.761  -0.315  -1.356  -4.325  -1.775
   0.241  -4.901  -2.663   0.269  -3.591  -1.548   1.495  -3.542  -0.441   1.811
  -4.232  -2.334   2.620  -3.545  -2.415   3.547  -4.286  -3.448   2.260  -5.200
  -1.898   2.948  -2.085  -1.727   1.348  -1.250  -1.045   1.984  -1.613  -2.719
   0.481  -2.232  -3.106  -0.264  -0.194  -3.157   0.380   0.262  -2.662  -0.403
   0.249  -2.894   1.389  -0.155  -4.199   0.239
  -5.682  -2.063  -2.965  -5.788  -1.941  -1.824  -6.446  -2.741  -1.481  -6.389
  -1.060  -1.739  -4.560  -1.664  -1.030  -4.098  -0.556  -1.094  -4.081  -2.518
  -0.107  -4.553  -3.378  -0.011  -3.475  -1.882   1.145  -3.747  -0.782   1.291
  -3.924  -2.640   2.377  -4.202  -1.902   3.155  -3.093  -3.257   2.758  -4.679
  -3.366   2.116  -1.997  -1.850   1.002  -1.400  -1.008   1.615  -1.340  -2.812
   0.275  -1.816  -3.526  -0.330  -0.013  -2.979   0.025   0.274  -3.047  -1.068
   0.497  -2.074   0.391   0.311  -3.751   0.619
  -5.104  -2.538  -2.623  -5.594  -1.906  -1.829  -6.552  -2.206  -1.514  -5.838
  -0.999  -2.415  -4.636  -1.539  -0.713  -4.396  -0.309  -0.464  -4.343  -2.614
   0.128  -4.871  -3.544  -0.113  -3.685  -2.518   1.416  -4.153  -1.674   1.990
  -4.042  -3.717   2.285  -5.135  -3.886   2.356  -3.629  -3.575   3.260  -3.572
  -4.637   1.833  -2.210  -2.105   1.516  -1.808  -1.428   2.428  -1.299  -2.605
   0.609  -1.625  -3.119  -0.216   0.075  -2.120   0.531   0.421  -1.993  -0.523
   0.101  -1.056   0.969   0.683  -2.850   1.043
  -4.813  -2.544  -2.264  -5.471  -1.807  -1.765  -6.487  -2.167  -1.832  -5.397
  -0.858  -2.343  -4.991  -1.497  -0.272  -5.226  -0.407   0.283  -4.265  -2.596
   0.233  -4.165  -3.438  -0.350  -3.667  -2.611   1.597  -4.178  -1.829   2.161
  -3.750  -3.937   2.190  -4.777  -3.955   2.533  -2.956  -4.047   2.912  -3.522
  -4.717   1.434  -2.149  -2.219   1.493  -1.628  -1.808   2.491  -1.468  -2.489
   0.369  -1.986  -2.894  -0.386  -0.103  -2.034  -0.124  -0.045  -1.674  -1.127
   0.498  -1.360   0.543   0.361  -2.975  -0.128
  -4.987  -3.124  -2.121  -5.250  -2.183  -1.724  -6.337  -2.041  -1.700  -5.035
  -1.364  -2.294  -4.772  -1.924  -0.297  -5.034  -0.950   0.460  -4.195  -3.025
   0.139  -4.407  -3.885  -0.341  -3.501  -3.087   1.393  -4.189  -2.587   2.059
  -3.566  -4.572   1.842  -4.711  -4.904   1.915  -3.176  -4.657   2.885  -2.997
  -5.170   1.232  -2.066  -2.474   1.450  -1.409  -2.360   2.535  -1.537  -2.217
   0.247  -2.172  -2.292  -0.574  -0.134  -1.921  -0.064   0.304  -1.152   0.550
   0.582  -2.766  -0.035  -0.160  -1.434  -0.975
  -5.979  -1.586  -2.619  -5.405  -2.365  -2.117  -4.530  -2.679  -2.620  -5.961
  -3.399  -2.036  -4.942  -2.026  -0.785  -4.927  -0.866  -0.464  -4.475  -3.061
  -0.054  -4.626  -3.990  -0.343  -4.007  -2.803   1.244  -4.692  -2.278   1.851
  -3.979  -4.132   1.960  -4.926  -4.640   2.039  -3.558  -4.070   2.933  -3.384
  -4.868   1.389  -2.597  -2.117   1.183  -1.958  -1.886   2.224  -2.015  -1.858
  -0.026  -2.619  -2.062  -0.824  -0.746  -1.132  -0.163  -1.000  -0.118  -0.535
  -0.279  -1.119   0.846  -0.133  -1.638  -0.883
  -5.399  -2.746  -3.042  -6.154  -2.580  -2.206  -6.829  -3.470  -1.853  -6.920
  -1.908  -2.674  -5.340  -1.975  -1.005  -5.554  -0.822  -0.680  -4.483  -2.763
  -0.354  -4.220  -3.710  -0.638  -3.807  -2.556   0.917  -4.383  -1.841   1.507
  -4.065  -3.860   1.644  -5.144  -4.179   1.638  -3.789  -3.798   2.704  -3.392
  -4.580   1.222  -2.328  -2.260   0.997  -1.781  -2.376   2.100  -1.740  -1.849
  -0.123  -2.358  -1.770  -0.927  -0.427  -1.437  -0.293  -0.358  -0.368  -0.530
   0.215  -1.787   0.520   0.052  -2.098  -1.008
  -6.950  -2.171  -1.631  -5.935  -1.874  -1.791  -6.119  -0.866  -2.232  -5.410
  -2.598  -2.537  -5.131  -1.777  -0.505  -5.133  -0.751   0.155  -4.503  -2.920
  -0.156  -4.664  -3.821  -0.617  -3.849  -2.976   1.135  -4.405  -2.377   1.827
  -3.718  -4.377   1.724  -4.714  -4.730   1.903  -3.311  -4.456   2.729  -3.136
  -5.075   1.095  -2.513  -2.278   1.040  -2.222  -1.608   2.003  -1.688  -2.233
  -0.019  -1.956  -2.709  -0.800  -0.385  -1.565  -0.010   0.306  -2.380   0.004
  -0.300  -0.842  -0.814  -0.340  -1.058   0.886
  -6.564  -1.458  -2.516  -5.761  -2.142  -2.376  -4.998  -2.009  -3.125  -6.048
  -3.191  -2.433  -5.113  -1.870  -1.069  -5.354  -0.853  -0.396  -4.180  -2.782
  -0.744  -4.023  -3.534  -1.444  -3.634  -2.868   0.599  -4.387  -2.406   1.240
  -3.230  -4.310   0.968  -4.025  -5.083   0.736  -3.122  -4.342   2.093  -2.353
  -4.574   0.453  -2.365  -2.051   0.736  -2.236  -1.355   1.745  -1.402  -2.086
  -0.219  -1.568  -2.847  -0.895   0.004  -1.474  -0.043   0.453  -1.815   0.857
   0.563  -1.629  -1.022  -0.135  -0.442   0.049
  -6.380  -1.176  -2.214  -5.555  -1.889  -2.128  -4.776  -1.468  -2.754  -5.652
  -2.857  -2.619  -4.956  -1.929  -0.756  -5.324  -1.129   0.050  -4.292  -3.102
  -0.420  -4.154  -3.823  -1.095  -3.689  -3.384   0.893  -4.392  -3.271   1.702
  -3.191  -4.894   0.887  -3.987  -5.603   1.041  -2.477  -4.996   1.745  -2.830
  -5.083  -0.115  -2.500  -2.443   1.133  -2.067  -2.154   2.264  -1.892  -1.931
   0.080  -2.077  -2.300  -0.821  -0.583  -1.335   0.114  -0.099  -1.916   0.949
  -0.030  -1.616  -0.693  -0.567  -0.296   0.217
  -6.471  -0.924  -1.602  -5.705  -1.673  -1.903  -4.925  -1.424  -2.591  -6.218
  -2.597  -2.273  -4.981  -1.845  -0.539  -4.842  -0.908   0.274  -4.423  -3.055
  -0.416  -4.664  -3.696  -1.159  -3.610  -3.471   0.756  -4.325  -3.356   1.577
  -3.334  -4.979   0.663  -4.396  -5.484   0.631  -2.866  -5.313   1.559  -2.638
  -5.263  -0.127  -2.462  -2.466   1.033  -2.273  -2.051   2.119  -1.807  -2.046
  -0.079  -1.848  -2.598  -0.970  -0.673  -1.071  -0.030   0.101  -1.401   0.648
  -0.229  -0.851  -1.042  -0.979  -0.162   0.443
  -6.374  -1.356  -1.874  -5.340  -1.496  -1.889  -4.856  -0.593  -2.215  -5.072
  -2.187  -2.667  -4.868  -1.822  -0.485  -5.055  -1.060   0.460  -4.152  -2.924
  -0.394  -4.273  -3.591  -1.149  -3.447  -3.420   0.787  -4.042  -3.490   1.740
  -3.116  -4.829   0.593  -3.968  -5.410   0.783  -2.364  -5.139   1.301  -2.650
  -4.891  -0.361  -2.219  -2.578   1.135  -1.992  -2.351   2.334  -1.527  -2.086
   0.083  -1.931  -2.066  -0.864  -0.418  -1.133   0.284   0.016  -1.051   1.236
   0.320  -1.416  -0.427  -0.855  -0.112   0.227
  -6.628  -0.967  -1.504  -5.723  -1.608  -1.599  -5.099  -1.162  -2.365  -6.094
  -2.507  -2.100  -5.003  -1.962  -0.272  -5.070  -1.165   0.704  -4.151  -3.034
  -0.345  -4.258  -3.713  -1.121  -3.412  -3.453   0.822  -4.176  -3.459   1.616
  -2.796  -4.823   0.572  -3.497  -5.432  -0.015  -2.501  -5.499   1.448  -1.936
  -4.720  -0.114  -2.268  -2.525   1.279  -1.760  -2.478   2.423  -1.922  -1.641
   0.367  -2.470  -1.659  -0.474  -0.795  -0.759   0.470  -1.233   0.276   0.257
  -0.310  -0.812   1.458   0.023  -1.020  -0.241
  -5.890  -0.407  -1.471  -5.489  -1.383  -1.583  -4.772  -1.252  -2.409  -6.298
  -2.030  -1.775  -4.781  -1.850  -0.284  -4.962  -1.247   0.746  -4.012  -2.976
  -0.323  -3.732  -3.311  -1.205  -3.261  -3.672   0.743  -3.904  -3.847   1.632
  -2.711  -5.035   0.184  -3.607  -5.723  -0.019  -2.127  -5.584   0.934  -1.996
  -4.867  -0.672  -2.144  -2.699   1.227  -1.605  -2.931   2.273  -1.616  -1.655
   0.453  -2.008  -1.481  -0.498  -0.525  -0.638   0.815  -0.827   0.241   1.317
   0.353  -1.114   1.322  -0.051  -0.281  -0.054
  -6.058  -0.381  -1.478  -5.185  -1.028  -1.770  -4.386  -0.561  -2.324  -5.603
  -1.909  -2.305  -4.637  -1.678  -0.507  -5.050  -1.365   0.606  -3.679  -2.643
  -0.631  -3.288  -2.898  -1.487  -3.031  -3.253   0.531  -3.784  -3.540   1.240
  -2.501  -4.576   0.073  -3.380  -5.247  -0.247  -2.131  -5.147   0.911  -1.800
  -4.474  -0.739  -1.881  -2.470   1.074  -1.620  -2.542   2.278  -1.368  -1.487
   0.268  -1.736  -1.567  -0.703  -0.527  -0.388   0.802  -1.020   0.121   1.650
   0.427  -0.680   1.221  -0.335   0.416   0.096
  -5.989  -0.831  -1.621  -5.308  -1.653  -1.781  -4.677  -1.333  -2.596  -5.918
  -2.503  -1.886  -4.548  -1.822  -0.494  -4.900  -1.404   0.591  -3.673  -2.752
  -0.655  -3.526  -3.105  -1.589  -3.001  -3.365   0.447  -3.681  -3.687   1.223
  -2.461  -4.717   0.034  -3.221  -5.318  -0.474  -2.187  -5.223   0.946  -1.596
  -4.654  -0.620  -1.998  -2.413   1.105  -1.447  -2.794   2.191  -1.589  -1.342
   0.463  -1.952  -1.219  -0.455  -0.452  -0.508   0.873   0.292  -0.951   1.540
   0.174  -0.258   0.024  -0.835   0.402   1.380
  -6.445  -1.051  -1.417  -5.626  -1.734  -1.591  -5.048  -1.229  -2.326  -5.954
  -2.676  -1.951  -4.764  -1.971  -0.345  -4.985  -1.461   0.744  -3.783  -2.804
  -0.468  -3.680  -3.109  -1.476  -3.029  -3.378   0.581  -3.715  -3.655   1.422
  -2.549  -4.776   0.149  -3.375  -5.518   0.130  -1.779  -5.194   0.777  -2.055
  -4.738  -0.819  -1.919  -2.495   1.165  -1.408  -2.900   2.230  -1.719  -1.335
   0.551  -2.129  -1.252  -0.423  -0.796  -0.356   0.967  -0.581  -0.484   2.061
   0.084  -0.610   0.358  -1.285   0.537   0.671
  -6.316  -0.945  -0.744  -5.560  -1.545  -1.285  -4.940  -0.900  -1.905  -5.934
  -2.358  -1.989  -4.779  -2.159  -0.135  -5.073  -1.716   0.966  -3.849  -3.108
  -0.364  -3.668  -3.364  -1.316  -2.922  -3.556   0.714  -3.430  -3.669   1.658
  -2.375  -4.891   0.325  -3.143  -5.555  -0.121  -2.051  -5.363   1.228  -1.520
  -4.778  -0.327  -1.775  -2.487   1.092  -0.860  -2.882   1.791  -1.831  -1.246
   0.610  -2.581  -0.998  -0.016  -0.864  -0.190   1.000  -0.811  -0.108   2.112
   0.140  -0.446   0.523  -1.185   0.758   0.491
  -6.514  -1.809  -1.120  -5.860  -2.612  -1.302  -5.342  -2.446  -2.239  -6.439
  -3.518  -1.507  -4.870  -2.677  -0.157  -5.194  -2.254   0.948  -3.674  -3.216
  -0.455  -3.543  -3.646  -1.351  -2.699  -3.557   0.559  -3.218  -3.770   1.498
  -2.024  -4.898   0.261  -2.817  -5.563  -0.078  -1.542  -5.250   1.143  -1.312
  -4.842  -0.589  -1.657  -2.433   0.824  -0.830  -2.566   1.738  -1.816  -1.269
   0.134  -2.559  -1.262  -0.482  -0.877  -0.167   0.194  -0.215  -0.243   1.010
  -0.156  -0.178  -0.677  -1.363   0.794   0.331
  -6.808  -2.532  -0.758  -5.885  -3.072  -1.018  -5.499  -2.717  -1.988  -6.140
  -4.142  -0.961  -4.756  -2.895  -0.017  -4.904  -2.057   0.824  -3.601  -3.556
  -0.273  -3.603  -4.128  -1.121  -2.413  -3.588   0.607  -2.904  -3.765   1.618
  -1.719  -4.846   0.197  -2.429  -5.660   0.006  -1.118  -5.120   1.048  -1.135
  -4.644  -0.722  -1.546  -2.308   0.753  -1.095  -2.030   1.838  -1.391  -1.540
  -0.288  -1.878  -1.790  -1.153  -0.654  -0.251  -0.379   0.350  -0.541  -0.435
  -0.982   0.350  -1.181  -0.905   0.211   0.515
  -6.671  -2.937  -0.868  -5.707  -3.378  -1.066  -5.343  -3.025  -2.028  -5.847
  -4.508  -1.069  -4.637  -3.053   0.013  -4.743  -2.126   0.836  -3.535  -3.848
  -0.090  -3.510  -4.508  -0.867  -2.387  -3.880   0.845  -2.720  -4.086   1.862
  -1.478  -5.055   0.487  -1.853  -6.030   0.682  -0.590  -4.914   1.041  -1.257
  -5.002  -0.555  -1.509  -2.597   0.912  -1.185  -2.022   1.997  -1.355  -1.997
  -0.266  -1.642  -2.607  -1.075  -1.025  -0.640  -0.493  -0.457  -0.169   0.308
  -0.456  -0.521  -1.365  -1.945  -0.028  -0.572
  -6.618  -2.735  -0.698  -5.682  -3.162  -1.084  -5.334  -2.614  -1.923  -5.873
  -4.264  -1.322  -4.554  -3.178  -0.052  -4.601  -2.397   0.930  -3.486  -3.886
  -0.282  -3.429  -4.341  -1.155  -2.224  -3.763   0.522  -2.465  -3.956   1.555
  -1.380  -4.937   0.161  -1.879  -5.877   0.373  -0.449  -5.024   0.725  -0.994
  -4.882  -0.871  -1.371  -2.483   0.482  -0.647  -2.246   1.439  -1.470  -1.687
  -0.611  -2.198  -1.874  -1.330  -0.857  -0.369  -0.807  -1.656   0.390  -0.540
   0.132  -0.280  -0.235  -0.591  -0.350  -1.844
  -6.426  -2.256  -0.742  -5.579  -2.828  -1.139  -5.241  -2.381  -2.087  -5.926
  -3.823  -1.515  -4.456  -2.890  -0.090  -4.387  -1.992   0.783  -3.510  -3.860
   0.004  -3.604  -4.594  -0.645  -2.240  -3.761   0.778  -2.451  -3.847   1.852
  -1.276  -4.869   0.399  -1.882  -5.848   0.170  -0.595  -5.051   1.270  -0.714
  -4.577  -0.502  -1.499  -2.432   0.561  -0.766  -1.985   1.484  -1.552  -1.742
  -0.594  -2.170  -2.135  -1.277  -0.946  -0.383  -0.797  -1.784   0.405  -0.685
  -0.130  -0.176  -0.136  -0.473  -0.157  -1.770
  -6.537  -3.169  -0.454  -5.646  -3.670  -0.762  -5.575  -3.326  -1.784  -5.772
  -4.717  -0.663  -4.487  -3.190   0.052  -4.597  -2.207   0.766  -3.366  -3.892
  -0.049  -3.329  -4.619  -0.714  -2.227  -3.784   0.928  -2.610  -3.762   1.981
  -1.322  -5.014   0.736  -1.912  -5.840   0.898  -0.549  -4.952   1.526  -1.042
  -5.176  -0.251  -1.438  -2.416   0.722  -0.877  -1.861   1.712  -1.276  -1.964
  -0.492  -1.915  -2.324  -1.230  -0.611  -0.731  -0.756  -1.218   0.150  -0.506
   0.389  -0.761  -0.356  -0.443  -0.608  -1.770
  -6.519  -3.498  -0.318  -5.564  -3.492  -0.910  -5.616  -2.751  -1.735  -5.428
  -4.509  -1.357  -4.451  -3.098  -0.004  -4.485  -1.962   0.500  -3.417  -3.896
   0.082  -3.401  -4.824  -0.308  -2.240  -3.742   0.985  -2.566  -3.679   2.058
  -1.442  -5.008   0.691  -2.143  -5.888   0.618  -0.605  -5.127   1.403  -1.015
  -4.833  -0.275  -1.321  -2.495   0.644  -0.546  -2.120   1.548  -1.366  -1.889
  -0.563  -1.958  -2.201  -1.263  -0.667  -0.693  -0.858  -1.353   0.138  -0.627
   0.217  -0.636  -0.275  -0.399  -0.760  -1.945
