default_name                                                                    
  -3.547   1.520   1.054  -3.081   0.536   0.999  -3.437   0.016   0.110  -3.348
  -0.041   1.883  -1.570   0.683   0.929  -1.051   1.800   0.938  -0.862  -0.446
   0.851  -1.368  -1.322   0.859   0.607  -0.509   0.828   0.997   0.272   1.484
   1.025  -1.867   1.412   2.113  -1.918   1.485   0.676  -2.677   0.770   0.604
  -1.990   2.411   1.238  -0.262  -0.565   2.465  -0.181  -0.678   0.423  -0.139
  -1.620  -0.569  -0.212  -1.447   0.860   0.098  -2.992   1.413   1.037  -3.050
   1.506  -0.718  -3.323  -0.006   0.155  -3.652
  -3.547   1.520   1.054  -3.081   0.536   0.999  -3.437   0.016   0.110  -3.348
  -0.041   1.883  -1.570   0.683   0.929  -1.051   1.800   0.938  -0.862  -0.446
   0.851  -1.368  -1.322   0.859   0.607  -0.509   0.828   0.997   0.272   1.484
   1.025  -1.867   1.412   2.113  -1.918   1.485   0.676  -2.677   0.770   0.604
  -1.990   2.411   1.238  -0.262  -0.565   2.465  -0.181  -0.678   0.423  -0.139
  -1.620  -0.569  -0.212  -1.447   0.860   0.098  -2.992   1.413   1.037  -3.050
   1.506  -0.718  -3.323  -0.006   0.155  -3.652
  -3.547   1.520   1.054  -3.081   0.536   0.999  -3.437   0.016   0.110  -3.348
  -0.041   1.883  -1.570   0.683   0.929  -1.051   1.800   0.938  -0.862  -0.446
   0.851  -1.368  -1.322   0.859   0.607  -0.509   0.828   0.997   0.272   1.484
   1.025  -1.867   1.412   2.113  -1.918   1.485   0.676  -2.677   0.770   0.604
  -1.990   2.411   1.238  -0.262  -0.565   2.465  -0.181  -0.678   0.423  -0.139
  -1.620  -0.569  -0.212  -1.447   0.860   0.098  -2.992   1.413   1.037  -3.050
   1.506  -0.718  -3.323  -0.006   0.155  -3.652
  -3.547   1.520   1.054  -3.081   0.536   0.999  -3.437   0.016   0.110  -3.348
  -0.041   1.883  -1.570   0.683   0.929  -1.051   1.800   0.938  -0.862  -0.446
   0.851  -1.368  -1.322   0.859   0.607  -0.509   0.828   0.997   0.272   1.484
   1.025  -1.867   1.412   2.113  -1.918   1.485   0.676  -2.677   0.770   0.604
  -1.990   2.411   1.238  -0.262  -0.565   2.465  -0.181  -0.678   0.423  -0.139
  -1.620  -0.569  -0.212  -1.447   0.860   0.098  -2.992   1.413   1.037  -3.050
   1.506  -0.718  -3.323  -0.006   0.155  -3.652
  -3.547   1.520   1.054  -3.081   0.536   0.999  -3.437   0.016   0.110  -3.348
  -0.041   1.883  -1.570   0.683   0.929  -1.051   1.800   0.938  -0.862  -0.446
   0.851  -1.368  -1.322   0.859   0.607  -0.509   0.828   0.997   0.272   1.484
   1.025  -1.867   1.412   2.113  -1.918   1.485   0.676  -2.677   0.770   0.604
  -1.990   2.411   1.238  -0.262  -0.565   2.465  -0.181  -0.678   0.423  -0.139
  -1.620  -0.569  -0.212  -1.447   0.860   0.098  -2.992   1.413   1.037  -3.050
   1.506  -0.718  -3.323  -0.006   0.155  -3.652
  -3.547   1.520   1.054  -3.081   0.536   0.999  -3.437   0.016   0.110  -3.348
  -0.041   1.883  -1.570   0.683   0.929  -1.051   1.800   0.938  -0.862  -0.446
   0.851  -1.368  -1.322   0.859   0.607  -0.509   0.828   0.997   0.272   1.484
   1.025  -1.867   1.412   2.113  -1.918   1.485   0.676  -2.677   0.770   0.604
  -1.990   2.411   1.238  -0.262  -0.565   2.465  -0.181  -0.678   0.423  -0.139
  -1.620  -0.569  -0.212  -1.447   0.860   0.098  -2.992   1.413   1.037  -3.050
   1.506  -0.718  -3.323  -0.006   0.155  -3.652
  -3.547   1.520   1.054  -3.081   0.536   0.999  -3.437   0.016   0.110  -3.348
  -0.041   1.883  -1.570   0.683   0.929  -1.051   1.800   0.938  -0.862  -0.446
   0.851  -1.368  -1.322   0.859   0.607  -0.509   0.828   0.997   0.272   1.484
   1.025  -1.867   1.412   2.113  -1.918   1.485   0.676  -2.677   0.770   0.604
  -1.990   2.411   1.238  -0.262  -0.565   2.465  -0.181  -0.678   0.423  -0.139
  -1.620  -0.569  -0.212  -1.447   0.860   0.098  -2.992   1.413   1.037  -3.050
   1.506  -0.718  -3.323  -0.006   0.155  -3.652
  -3.547   1.520   1.054  -3.081   0.536   0.999  -3.437   0.016   0.110  -3.348
  -0.041   1.883  -1.570   0.683   0.929  -1.051   1.800   0.938  -0.862  -0.446
   0.851  -1.368  -1.322   0.859   0.607  -0.509   0.828   0.997   0.272   1.484
   1.025  -1.867   1.412   2.113  -1.918   1.485   0.676  -2.677   0.770   0.604
  -1.990   2.411   1.238  -0.262  -0.565   2.465  -0.181  -0.678   0.423  -0.139
  -1.620  -0.569  -0.212  -1.447   0.860   0.098  -2.992   1.413   1.037  -3.050
   1.506  -0.718  -3.323  -0.006   0.155  -3.652
  -3.547   1.520   1.054  -3.081   0.536   0.999  -3.437   0.016   0.110  -3.348
  -0.041   1.883  -1.570   0.683   0.929  -1.051   1.800   0.938  -0.862  -0.446
   0.851  -1.368  -1.322   0.859   0.607  -0.509   0.828   0.997   0.272   1.484
   1.025  -1.867   1.412   2.113  -1.918   1.485   0.676  -2.677   0.770   0.604
  -1.990   2.411   1.238  -0.262  -0.565   2.465  -0.181  -0.678   0.423  -0.139
  -1.620  -0.569  -0.212  -1.447   0.860   0.098  -2.992   1.413   1.037  -3.050
   1.506  -0.718  -3.323  -0.006   0.155  -3.652
  -3.547   1.520   1.054  -3.081   0.536   0.999  -3.437   0.016   0.110  -3.348
  -0.041   1.883  -1.570   0.683   0.929  -1.051   1.800   0.938  -0.862  -0.446
   0.851  -1.368  -1.322   0.859   0.607  -0.509   0.828   0.997   0.272   1.484
   1.025  -1.867   1.412   2.113  -1.918   1.485   0.676  -2.677   0.770   0.604
  -1.990   2.411   1.238  -0.262  -0.565   2.465  -0.181  -0.678   0.423  -0.139
  -1.620  -0.569  -0.212  -1.447   0.860   0.098  -2.992   1.413   1.037  -3.050
   1.506  -0.718  -3.323  -0.006   0.155  -3.652
  -3.547   1.520   1.054  -3.081   0.536   0.999  -3.437   0.016   0.110  -3.348
  -0.041   1.883  -1.570   0.683   0.929  -1.051   1.800   0.938  -0.862  -0.446
   0.851  -1.368  -1.322   0.859   0.607  -0.509   0.828   0.997   0.272   1.484
   1.025  -1.867   1.412   2.113  -1.918   1.485   0.676  -2.677   0.770   0.604
  -1.990   2.411   1.238  -0.262  -0.565   2.465  -0.181  -0.678   0.423  -0.139
  -1.620  -0.569  -0.212  -1.447   0.860   0.098  -2.992   1.413   1.037  -3.050
   1.506  -0.718  -3.323  -0.006   0.155  -3.652
  -3.547   1.520   1.054  -3.081   0.536   0.999  -3.437   0.016   0.110  -3.348
  -0.041   1.883  -1.570   0.683   0.929  -1.051   1.800   0.938  -0.862  -0.446
   0.851  -1.368  -1.322   0.859   0.607  -0.509   0.828   0.997   0.272   1.484
   1.025  -1.867   1.412   2.113  -1.918   1.485   0.676  -2.677   0.770   0.604
  -1.990   2.411   1.238  -0.262  -0.565   2.465  -0.181  -0.678   0.423  -0.139
  -1.620  -0.569  -0.212  -1.447   0.860   0.098  -2.992   1.413   1.037  -3.050
   1.506  -0.718  -3.323  -0.006   0.155  -3.652
  -3.547   1.520   1.054  -3.081   0.536   0.999  -3.437   0.016   0.110  -3.348
  -0.041   1.883  -1.570   0.683   0.929  -1.051   1.800   0.938  -0.862  -0.446
   0.851  -1.368  -1.322   0.859   0.607  -0.509   0.828   0.997   0.272   1.484
   1.025  -1.867   1.412   2.113  -1.918   1.485   0.676  -2.677   0.770   0.604
  -1.990   2.411   1.238  -0.262  -0.565   2.465  -0.181  -0.678   0.423  -0.139
  -1.620  -0.569  -0.212  -1.447   0.860   0.098  -2.992   1.413   1.037  -3.050
   1.506  -0.718  -3.323  -0.006   0.155  -3.652
  -3.547   1.520   1.054  -3.081   0.536   0.999  -3.437   0.016   0.110  -3.348
  -0.041   1.883  -1.570   0.683   0.929  -1.051   1.800   0.938  -0.862  -0.446
   0.851  -1.368  -1.322   0.859   0.607  -0.509   0.828   0.997   0.272   1.484
   1.025  -1.867   1.412   2.113  -1.918   1.485   0.676  -2.677   0.770   0.604
  -1.990   2.411   1.238  -0.262  -0.565   2.465  -0.181  -0.678   0.423  -0.139
  -1.620  -0.569  -0.212  -1.447   0.860   0.098  -2.992   1.413   1.037  -3.050
   1.506  -0.718  -3.323  -0.006   0.155  -3.652
  -3.547   1.520   1.054  -3.081   0.536   0.999  -3.437   0.016   0.110  -3.348
  -0.041   1.883  -1.570   0.683   0.929  -1.051   1.800   0.938  -0.862  -0.446
   0.851  -1.368  -1.322   0.859   0.607  -0.509   0.828   0.997   0.272   1.484
   1.025  -1.867   1.412   2.113  -1.918   1.485   0.676  -2.677   0.770   0.604
  -1.990   2.411   1.238  -0.262  -0.565   2.465  -0.181  -0.678   0.423  -0.139
  -1.620  -0.569  -0.212  -1.447   0.860   0.098  -2.992   1.413   1.037  -3.050
   1.506  -0.718  -3.323  -0.006   0.155  -3.652
  -3.547   1.520   1.054  -3.081   0.536   0.999  -3.437   0.016   0.110  -3.348
  -0.041   1.883  -1.570   0.683   0.929  -1.051   1.800   0.938  -0.862  -0.446
   0.851  -1.368  -1.322   0.859   0.607  -0.509   0.828   0.997   0.272   1.484
   1.025  -1.867   1.412   2.113  -1.918   1.485   0.676  -2.677   0.770   0.604
  -1.990   2.411   1.238  -0.262  -0.565   2.465  -0.181  -0.678   0.423  -0.139
  -1.620  -0.569  -0.212  -1.447   0.860   0.098  -2.992   1.413   1.037  -3.050
   1.506  -0.718  -3.323  -0.006   0.155  -3.652
  -3.547   1.520   1.054  -3.081   0.536   0.999  -3.437   0.016   0.110  -3.348
  -0.041   1.883  -1.570   0.683   0.929  -1.051   1.800   0.938  -0.862  -0.446
   0.851  -1.368  -1.322   0.859   0.607  -0.509   0.828   0.997   0.272   1.484
   1.025  -1.867   1.412   2.113  -1.918   1.485   0.676  -2.677   0.770   0.604
  -1.990   2.411   1.238  -0.262  -0.565   2.465  -0.181  -0.678   0.423  -0.139
  -1.620  -0.569  -0.212  -1.447   0.860   0.098  -2.992   1.413   1.037  -3.050
   1.506  -0.718  -3.323  -0.006   0.155  -3.652
  -3.547   1.520   1.054  -3.081   0.536   0.999  -3.437   0.016   0.110  -3.348
  -0.041   1.883  -1.570   0.683   0.929  -1.051   1.800   0.938  -0.862  -0.446
   0.851  -1.368  -1.322   0.859   0.607  -0.509   0.828   0.997   0.272   1.484
   1.025  -1.867   1.412   2.113  -1.918   1.485   0.676  -2.677   0.770   0.604
  -1.990   2.411   1.238  -0.262  -0.565   2.465  -0.181  -0.678   0.423  -0.139
  -1.620  -0.569  -0.212  -1.447   0.860   0.098  -2.992   1.413   1.037  -3.050
   1.506  -0.718  -3.323  -0.006   0.155  -3.652
  -3.547   1.520   1.054  -3.081   0.536   0.999  -3.437   0.016   0.110  -3.348
  -0.041   1.883  -1.570   0.683   0.929  -1.051   1.800   0.938  -0.862  -0.446
   0.851  -1.368  -1.322   0.859   0.607  -0.509   0.828   0.997   0.272   1.484
   1.025  -1.867   1.412   2.113  -1.918   1.485   0.676  -2.677   0.770   0.604
  -1.990   2.411   1.238  -0.262  -0.565   2.465  -0.181  -0.678   0.423  -0.139
  -1.620  -0.569  -0.212  -1.447   0.860   0.098  -2.992   1.413   1.037  -3.050
   1.506  -0.718  -3.323  -0.006   0.155  -3.652
  -3.547   1.520   1.054  -3.081   0.536   0.999  -3.437   0.016   0.110  -3.348
  -0.041   1.883  -1.570   0.683   0.929  -1.051   1.800   0.938  -0.862  -0.446
   0.851  -1.368  -1.322   0.859   0.607  -0.509   0.828   0.997   0.272   1.484
   1.025  -1.867   1.412   2.113  -1.918   1.485   0.676  -2.677   0.770   0.604
  -1.990   2.411   1.238  -0.262  -0.565   2.465  -0.181  -0.678   0.423  -0.139
  -1.620  -0.569  -0.212  -1.447   0.860   0.098  -2.992   1.413   1.037  -3.050
   1.506  -0.718  -3.323  -0.006   0.155  -3.652
  -3.547   1.520   1.054  -3.081   0.536   0.999  -3.437   0.016   0.110  -3.348
  -0.041   1.883  -1.570   0.683   0.929  -1.051   1.800   0.938  -0.862  -0.446
   0.851  -1.368  -1.322   0.859   0.607  -0.509   0.828   0.997   0.272   1.484
   1.025  -1.867   1.412   2.113  -1.918   1.485   0.676  -2.677   0.770   0.604
  -1.990   2.411   1.238  -0.262  -0.565   2.465  -0.181  -0.678   0.423  -0.139
  -1.620  -0.569  -0.212  -1.447   0.860   0.098  -2.992   1.413   1.037  -3.050
   1.506  -0.718  -3.323  -0.006   0.155  -3.652
  -3.547   1.520   1.054  -3.081   0.536   0.999  -3.437   0.016   0.110  -3.348
  -0.041   1.883  -1.570   0.683   0.929  -1.051   1.800   0.938  -0.862  -0.446
   0.851  -1.368  -1.322   0.859   0.607  -0.509   0.828   0.997   0.272   1.484
   1.025  -1.867   1.412   2.113  -1.918   1.485   0.676  -2.677   0.770   0.604
  -1.990   2.411   1.238  -0.262  -0.565   2.465  -0.181  -0.678   0.423  -0.139
  -1.620  -0.569  -0.212  -1.447   0.860   0.098  -2.992   1.413   1.037  -3.050
   1.506  -0.718  -3.323  -0.006   0.155  -3.652
  -3.547   1.520   1.054  -3.081   0.536   0.999  -3.437   0.016   0.110  -3.348
  -0.041   1.883  -1.570   0.683   0.929  -1.051   1.800   0.938  -0.862  -0.446
   0.851  -1.368  -1.322   0.859   0.607  -0.509   0.828   0.997   0.272   1.484
   1.025  -1.867   1.412   2.113  -1.918   1.485   0.676  -2.677   0.770   0.604
  -1.990   2.411   1.238  -0.262  -0.565   2.465  -0.181  -0.678   0.423  -0.139
  -1.620  -0.569  -0.212  -1.447   0.860   0.098  -2.992   1.413   1.037  -3.050
   1.506  -0.718  -3.323  -0.006   0.155  -3.652
  -3.547   1.520   1.054  -3.081   0.536   0.999  -3.437   0.016   0.110  -3.348
  -0.041   1.883  -1.570   0.683   0.929  -1.051   1.800   0.938  -0.862  -0.446
   0.851  -1.368  -1.322   0.859   0.607  -0.509   0.828   0.997   0.272   1.484
   1.025  -1.867   1.412   2.113  -1.918   1.485   0.676  -2.677   0.770   0.604
  -1.990   2.411   1.238  -0.262  -0.565   2.465  -0.181  -0.678   0.423  -0.139
  -1.620  -0.569  -0.212  -1.447   0.860   0.098  -2.992   1.413   1.037  -3.050
   1.506  -0.718  -3.323  -0.006   0.155  -3.652
  -3.547   1.520   1.054  -3.081   0.536   0.999  -3.437   0.016   0.110  -3.348
  -0.041   1.883  -1.570   0.683   0.929  -1.051   1.800   0.938  -0.862  -0.446
   0.851  -1.368  -1.322   0.859   0.607  -0.509   0.828   0.997   0.272   1.484
   1.025  -1.867   1.412   2.113  -1.918   1.485   0.676  -2.677   0.770   0.604
  -1.990   2.411   1.238  -0.262  -0.565   2.465  -0.181  -0.678   0.423  -0.139
  -1.620  -0.569  -0.212  -1.447   0.860   0.098  -2.992   1.413   1.037  -3.050
   1.506  -0.718  -3.323  -0.006   0.155  -3.652
  -3.547   1.520   1.054  -3.081   0.536   0.999  -3.437   0.016   0.110  -3.348
  -0.041   1.883  -1.570   0.683   0.929  -1.051   1.800   0.938  -0.862  -0.446
   0.851  -1.368  -1.322   0.859   0.607  -0.509   0.828   0.997   0.272   1.484
   1.025  -1.867   1.412   2.113  -1.918   1.485   0.676  -2.677   0.770   0.604
  -1.990   2.411   1.238  -0.262  -0.565   2.465  -0.181  -0.678   0.423  -0.139
  -1.620  -0.569  -0.212  -1.447   0.860   0.098  -2.992   1.413   1.037  -3.050
   1.506  -0.718  -3.323  -0.006   0.155  -3.652
  -3.547   1.520   1.054  -3.081   0.536   0.999  -3.437   0.016   0.110  -3.348
  -0.041   1.883  -1.570   0.683   0.929  -1.051   1.800   0.938  -0.862  -0.446
   0.851  -1.368  -1.322   0.859   0.607  -0.509   0.828   0.997   0.272   1.484
   1.025  -1.867   1.412   2.113  -1.918   1.485   0.676  -2.677   0.770   0.604
  -1.990   2.411   1.238  -0.262  -0.565   2.465  -0.181  -0.678   0.423  -0.139
  -1.620  -0.569  -0.212  -1.447   0.860   0.098  -2.992   1.413   1.037  -3.050
   1.506  -0.718  -3.323  -0.006   0.155  -3.652
  -3.547   1.520   1.054  -3.081   0.536   0.999  -3.437   0.016   0.110  -3.348
  -0.041   1.883  -1.570   0.683   0.929  -1.051   1.800   0.938  -0.862  -0.446
   0.851  -1.368  -1.322   0.859   0.607  -0.509   0.828   0.997   0.272   1.484
   1.025  -1.867   1.412   2.113  -1.918   1.485   0.676  -2.677   0.770   0.604
  -1.990   2.411   1.238  -0.262  -0.565   2.465  -0.181  -0.678   0.423  -0.139
  -1.620  -0.569  -0.212  -1.447   0.860   0.098  -2.992   1.413   1.037  -3.050
   1.506  -0.718  -3.323  -0.006   0.155  -3.652
  -3.547   1.520   1.054  -3.081   0.536   0.999  -3.437   0.016   0.110  -3.348
  -0.041   1.883  -1.570   0.683   0.929  -1.051   1.800   0.938  -0.862  -0.446
   0.851  -1.368  -1.322   0.859   0.607  -0.509   0.828   0.997   0.272   1.484
   1.025  -1.867   1.412   2.113  -1.918   1.485   0.676  -2.677   0.770   0.604
  -1.990   2.411   1.238  -0.262  -0.565   2.465  -0.181  -0.678   0.423  -0.139
  -1.620  -0.569  -0.212  -1.447   0.860   0.098  -2.992   1.413   1.037  -3.050
   1.506  -0.718  -3.323  -0.006   0.155  -3.652
  -3.547   1.520   1.054  -3.081   0.536   0.999  -3.437   0.016   0.110  -3.348
  -0.041   1.883  -1.570   0.683   0.929  -1.051   1.800   0.938  -0.862  -0.446
   0.851  -1.368  -1.322   0.859   0.607  -0.509   0.828   0.997   0.272   1.484
   1.025  -1.867   1.412   2.113  -1.918   1.485   0.676  -2.677   0.770   0.604
  -1.990   2.411   1.238  -0.262  -0.565   2.465  -0.181  -0.678   0.423  -0.139
  -1.620  -0.569  -0.212  -1.447   0.860   0.098  -2.992   1.413   1.037  -3.050
   1.506  -0.718  -3.323  -0.006   0.155  -3.652
  -3.547   1.520   1.054  -3.081   0.536   0.999  -3.437   0.016   0.110  -3.348
  -0.041   1.883  -1.570   0.683   0.929  -1.051   1.800   0.938  -0.862  -0.446
   0.851  -1.368  -1.322   0.859   0.607  -0.509   0.828   0.997   0.272   1.484
   1.025  -1.867   1.412   2.113  -1.918   1.485   0.676  -2.677   0.770   0.604
  -1.990   2.411   1.238  -0.262  -0.565   2.465  -0.181  -0.678   0.423  -0.139
  -1.620  -0.569  -0.212  -1.447   0.860   0.098  -2.992   1.413   1.037  -3.050
   1.506  -0.718  -3.323  -0.006   0.155  -3.652
  -3.547   1.520   1.054  -3.081   0.536   0.999  -3.437   0.016   0.110  -3.348
  -0.041   1.883  -1.570   0.683   0.929  -1.051   1.800   0.938  -0.862  -0.446
   0.851  -1.368  -1.322   0.859   0.607  -0.509   0.828   0.997   0.272   1.484
   1.025  -1.867   1.412   2.113  -1.918   1.485   0.676  -2.677   0.770   0.604
  -1.990   2.411   1.238  -0.262  -0.565   2.465  -0.181  -0.678   0.423  -0.139
  -1.620  -0.569  -0.212  -1.447   0.860   0.098  -2.992   1.413   1.037  -3.050
   1.506  -0.718  -3.323  -0.006   0.155  -3.652
  -3.547   1.520   1.054  -3.081   0.536   0.999  -3.437   0.016   0.110  -3.348
  -0.041   1.883  -1.570   0.683   0.929  -1.051   1.800   0.938  -0.862  -0.446
   0.851  -1.368  -1.322   0.859   0.607  -0.509   0.828   0.997   0.272   1.484
   1.025  -1.867   1.412   2.113  -1.918   1.485   0.676  -2.677   0.770   0.604
  -1.990   2.411   1.238  -0.262  -0.565   2.465  -0.181  -0.678   0.423  -0.139
  -1.620  -0.569  -0.212  -1.447   0.860   0.098  -2.992   1.413   1.037  -3.050
   1.506  -0.718  -3.323  -0.006   0.155  -3.652
  -3.547   1.520   1.054  -3.081   0.536   0.999  -3.437   0.016   0.110  -3.348
  -0.041   1.883  -1.570   0.683   0.929  -1.051   1.800   0.938  -0.862  -0.446
   0.851  -1.368  -1.322   0.859   0.607  -0.509   0.828   0.997   0.272   1.484
   1.025  -1.867   1.412   2.113  -1.918   1.485   0.676  -2.677   0.770   0.604
  -1.990   2.411   1.238  -0.262  -0.565   2.465  -0.181  -0.678   0.423  -0.139
  -1.620  -0.569  -0.212  -1.447   0.860   0.098  -2.992   1.413   1.037  -3.050
   1.506  -0.718  -3.323  -0.006   0.155  -3.652
  -3.547   1.520   1.054  -3.081   0.536   0.999  -3.437   0.016   0.110  -3.348
  -0.041   1.883  -1.570   0.683   0.929  -1.051   1.800   0.938  -0.862  -0.446
   0.851  -1.368  -1.322   0.859   0.607  -0.509   0.828   0.997   0.272   1.484
   1.025  -1.867   1.412   2.113  -1.918   1.485   0.676  -2.677   0.770   0.604
  -1.990   2.411   1.238  -0.262  -0.565   2.465  -0.181  -0.678   0.423  -0.139
  -1.620  -0.569  -0.212  -1.447   0.860   0.098  -2.992   1.413   1.037  -3.050
   1.506  -0.718  -3.323  -0.006   0.155  -3.652
  -3.547   1.520   1.054  -3.081   0.536   0.999  -3.437   0.016   0.110  -3.348
  -0.041   1.883  -1.570   0.683   0.929  -1.051   1.800   0.938  -0.862  -0.446
   0.851  -1.368  -1.322   0.859   0.607  -0.509   0.828   0.997   0.272   1.484
   1.025  -1.867   1.412   2.113  -1.918   1.485   0.676  -2.677   0.770   0.604
  -1.990   2.411   1.238  -0.262  -0.565   2.465  -0.181  -0.678   0.423  -0.139
  -1.620  -0.569  -0.212  -1.447   0.860   0.098  -2.992   1.413   1.037  -3.050
   1.506  -0.718  -3.323  -0.006   0.155  -3.652
  -3.547   1.520   1.054  -3.081   0.536   0.999  -3.437   0.016   0.110  -3.348
  -0.041   1.883  -1.570   0.683   0.929  -1.051   1.800   0.938  -0.862  -0.446
   0.851  -1.368  -1.322   0.859   0.607  -0.509   0.828   0.997   0.272   1.484
   1.025  -1.867   1.412   2.113  -1.918   1.485   0.676  -2.677   0.770   0.604
  -1.990   2.411   1.238  -0.262  -0.565   2.465  -0.181  -0.678   0.423  -0.139
  -1.620  -0.569  -0.212  -1.447   0.860   0.098  -2.992   1.413   1.037  -3.050
   1.506  -0.718  -3.323  -0.006   0.155  -3.652
  -3.547   1.520   1.054  -3.081   0.536   0.999  -3.437   0.016   0.110  -3.348
  -0.041   1.883  -1.570   0.683   0.929  -1.051   1.800   0.938  -0.862  -0.446
   0.851  -1.368  -1.322   0.859   0.607  -0.509   0.828   0.997   0.272   1.484
   1.025  -1.867   1.412   2.113  -1.918   1.485   0.676  -2.677   0.770   0.604
  -1.990   2.411   1.238  -0.262  -0.565   2.465  -0.181  -0.678   0.423  -0.139
  -1.620  -0.569  -0.212  -1.447   0.860   0.098  -2.992   1.413   1.037  -3.050
   1.506  -0.718  -3.323  -0.006   0.155  -3.652
  -3.547   1.520   1.054  -3.081   0.536   0.999  -3.437   0.016   0.110  -3.348
  -0.041   1.883  -1.570   0.683   0.929  -1.051   1.800   0.938  -0.862  -0.446
   0.851  -1.368  -1.322   0.859   0.607  -0.509   0.828   0.997   0.272   1.484
   1.025  -1.867   1.412   2.113  -1.918   1.485   0.676  -2.677   0.770   0.604
  -1.990   2.411   1.238  -0.262  -0.565   2.465  -0.181  -0.678   0.423  -0.139
  -1.620  -0.569  -0.212  -1.447   0.860   0.098  -2.992   1.413   1.037  -3.050
   1.506  -0.718  -3.323  -0.006   0.155  -3.652
  -3.547   1.520   1.054  -3.081   0.536   0.999  -3.437   0.016   0.110  -3.348
  -0.041   1.883  -1.570   0.683   0.929  -1.051   1.800   0.938  -0.862  -0.446
   0.851  -1.368  -1.322   0.859   0.607  -0.509   0.828   0.997   0.272   1.484
   1.025  -1.867   1.412   2.113  -1.918   1.485   0.676  -2.677   0.770   0.604
  -1.990   2.411   1.238  -0.262  -0.565   2.465  -0.181  -0.678   0.423  -0.139
  -1.620  -0.569  -0.212  -1.447   0.860   0.098  -2.992   1.413   1.037  -3.050
   1.506  -0.718  -3.323  -0.006   0.155  -3.652
  -3.547   1.520   1.054  -3.081   0.536   0.999  -3.437   0.016   0.110  -3.348
  -0.041   1.883  -1.570   0.683   0.929  -1.051   1.800   0.938  -0.862  -0.446
   0.851  -1.368  -1.322   0.859   0.607  -0.509   0.828   0.997   0.272   1.484
   1.025  -1.867   1.412   2.113  -1.918   1.485   0.676  -2.677   0.770   0.604
  -1.990   2.411   1.238  -0.262  -0.565   2.465  -0.181  -0.678   0.423  -0.139
  -1.620  -0.569  -0.212  -1.447   0.860   0.098  -2.992   1.413   1.037  -3.050
   1.506  -0.718  -3.323  -0.006   0.155  -3.652
  -3.547   1.520   1.054  -3.081   0.536   0.999  -3.437   0.016   0.110  -3.348
  -0.041   1.883  -1.570   0.683   0.929  -1.051   1.800   0.938  -0.862  -0.446
   0.851  -1.368  -1.322   0.859   0.607  -0.509   0.828   0.997   0.272   1.484
   1.025  -1.867   1.412   2.113  -1.918   1.485   0.676  -2.677   0.770   0.604
  -1.990   2.411   1.238  -0.262  -0.565   2.465  -0.181  -0.678   0.423  -0.139
  -1.620  -0.569  -0.212  -1.447   0.860   0.098  -2.992   1.413   1.037  -3.050
   1.506  -0.718  -3.323  -0.006   0.155  -3.652
  -3.547   1.520   1.054  -3.081   0.536   0.999  -3.437   0.016   0.110  -3.348
  -0.041   1.883  -1.570   0.683   0.929  -1.051   1.800   0.938  -0.862  -0.446
   0.851  -1.368  -1.322   0.859   0.607  -0.509   0.828   0.997   0.272   1.484
   1.025  -1.867   1.412   2.113  -1.918   1.485   0.676  -2.677   0.770   0.604
  -1.990   2.411   1.238  -0.262  -0.565   2.465  -0.181  -0.678   0.423  -0.139
  -1.620  -0.569  -0.212  -1.447   0.860   0.098  -2.992   1.413   1.037  -3.050
   1.506  -0.718  -3.323  -0.006   0.155  -3.652
  -3.547   1.520   1.054  -3.081   0.536   0.999  -3.437   0.016   0.110  -3.348
  -0.041   1.883  -1.570   0.683   0.929  -1.051   1.800   0.938  -0.862  -0.446
   0.851  -1.368  -1.322   0.859   0.607  -0.509   0.828   0.997   0.272   1.484
   1.025  -1.867   1.412   2.113  -1.918   1.485   0.676  -2.677   0.770   0.604
  -1.990   2.411   1.238  -0.262  -0.565   2.465  -0.181  -0.678   0.423  -0.139
  -1.620  -0.569  -0.212  -1.447   0.860   0.098  -2.992   1.413   1.037  -3.050
   1.506  -0.718  -3.323  -0.006   0.155  -3.652
  -3.547   1.520   1.054  -3.081   0.536   0.999  -3.437   0.016   0.110  -3.348
  -0.041   1.883  -1.570   0.683   0.929  -1.051   1.800   0.938  -0.862  -0.446
   0.851  -1.368  -1.322   0.859   0.607  -0.509   0.828   0.997   0.272   1.484
   1.025  -1.867   1.412   2.113  -1.918   1.485   0.676  -2.677   0.770   0.604
  -1.990   2.411   1.238  -0.262  -0.565   2.465  -0.181  -0.678   0.423  -0.139
  -1.620  -0.569  -0.212  -1.447   0.860   0.098  -2.992   1.413   1.037  -3.050
   1.506  -0.718  -3.323  -0.006   0.155  -3.652
  -3.547   1.520   1.054  -3.081   0.536   0.999  -3.437   0.016   0.110  -3.348
  -0.041   1.883  -1.570   0.683   0.929  -1.051   1.800   0.938  -0.862  -0.446
   0.851  -1.368  -1.322   0.859   0.607  -0.509   0.828   0.997   0.272   1.484
   1.025  -1.867   1.412   2.113  -1.918   1.485   0.676  -2.677   0.770   0.604
  -1.990   2.411   1.238  -0.262  -0.565   2.465  -0.181  -0.678   0.423  -0.139
  -1.620  -0.569  -0.212  -1.447   0.860   0.098  -2.992   1.413   1.037  -3.050
   1.506  -0.718  -3.323  -0.006   0.155  -3.652
  -3.547   1.520   1.054  -3.081   0.536   0.999  -3.437   0.016   0.110  -3.348
  -0.041   1.883  -1.570   0.683   0.929  -1.051   1.800   0.938  -0.862  -0.446
   0.851  -1.368  -1.322   0.859   0.607  -0.509   0.828   0.997   0.272   1.484
   1.025  -1.867   1.412   2.113  -1.918   1.485   0.676  -2.677   0.770   0.604
  -1.990   2.411   1.238  -0.262  -0.565   2.465  -0.181  -0.678   0.423  -0.139
  -1.620  -0.569  -0.212  -1.447   0.860   0.098  -2.992   1.413   1.037  -3.050
   1.506  -0.718  -3.323  -0.006   0.155  -3.652
  -3.547   1.520   1.054  -3.081   0.536   0.999  -3.437   0.016   0.110  -3.348
  -0.041   1.883  -1.570   0.683   0.929  -1.051   1.800   0.938  -0.862  -0.446
   0.851  -1.368  -1.322   0.859   0.607  -0.509   0.828   0.997   0.272   1.484
   1.025  -1.867   1.412   2.113  -1.918   1.485   0.676  -2.677   0.770   0.604
  -1.990   2.411   1.238  -0.262  -0.565   2.465  -0.181  -0.678   0.423  -0.139
  -1.620  -0.569  -0.212  -1.447   0.860   0.098  -2.992   1.413   1.037  -3.050
   1.506  -0.718  -3.323  -0.006   0.155  -3.652
  -3.547   1.520   1.054  -3.081   0.536   0.999  -3.437   0.016   0.110  -3.348
  -0.041   1.883  -1.570   0.683   0.929  -1.051   1.800   0.938  -0.862  -0.446
   0.851  -1.368  -1.322   0.859   0.607  -0.509   0.828   0.997   0.272   1.484
   1.025  -1.867   1.412   2.113  -1.918   1.485   0.676  -2.677   0.770   0.604
  -1.990   2.411   1.238  -0.262  -0.565   2.465  -0.181  -0.678   0.423  -0.139
  -1.620  -0.569  -0.212  -1.447   0.860   0.098  -2.992   1.413   1.037  -3.050
   1.506  -0.718  -3.323  -0.006   0.155  -3.652
  -3.547   1.520   1.054  -3.081   0.536   0.999  -3.437   0.016   0.110  -3.348
  -0.041   1.883  -1.570   0.683   0.929  -1.051   1.800   0.938  -0.862  -0.446
   0.851  -1.368  -1.322   0.859   0.607  -0.509   0.828   0.997   0.272   1.484
   1.025  -1.867   1.412   2.113  -1.918   1.485   0.676  -2.677   0.770   0.604
  -1.990   2.411   1.238  -0.262  -0.565   2.465  -0.181  -0.678   0.423  -0.139
  -1.620  -0.569  -0.212  -1.447   0.860   0.098  -2.992   1.413   1.037  -3.050
   1.506  -0.718  -3.323  -0.006   0.155  -3.652
  -3.547   1.520   1.054  -3.081   0.536   0.999  -3.437   0.016   0.110  -3.348
  -0.041   1.883  -1.570   0.683   0.929  -1.051   1.800   0.938  -0.862  -0.446
   0.851  -1.368  -1.322   0.859   0.607  -0.509   0.828   0.997   0.272   1.484
   1.025  -1.867   1.412   2.113  -1.918   1.485   0.676  -2.677   0.770   0.604
  -1.990   2.411   1.238  -0.262  -0.565   2.465  -0.181  -0.678   0.423  -0.139
  -1.620  -0.569  -0.212  -1.447   0.860   0.098  -2.992   1.413   1.037  -3.050
   1.506  -0.718  -3.323  -0.006   0.155  -3.652
  -3.547   1.520   1.054  -3.081   0.536   0.999  -3.437   0.016   0.110  -3.348
  -0.041   1.883  -1.570   0.683   0.929  -1.051   1.800   0.938  -0.862  -0.446
   0.851  -1.368  -1.322   0.859   0.607  -0.509   0.828   0.997   0.272   1.484
   1.025  -1.867   1.412   2.113  -1.918   1.485   0.676  -2.677   0.770   0.604
  -1.990   2.411   1.238  -0.262  -0.565   2.465  -0.181  -0.678   0.423  -0.139
  -1.620  -0.569  -0.212  -1.447   0.860   0.098  -2.992   1.413   1.037  -3.050
   1.506  -0.718  -3.323  -0.006   0.155  -3.652
  -3.547   1.520   1.054  -3.081   0.536   0.999  -3.437   0.016   0.110  -3.348
  -0.041   1.883  -1.570   0.683   0.929  -1.051   1.800   0.938  -0.862  -0.446
   0.851  -1.368  -1.322   0.859   0.607  -0.509   0.828   0.997   0.272   1.484
   1.025  -1.867   1.412   2.113  -1.918   1.485   0.676  -2.677   0.770   0.604
  -1.990   2.411   1.238  -0.262  -0.565   2.465  -0.181  -0.678   0.423  -0.139
  -1.620  -0.569  -0.212  -1.447   0.860   0.098  -2.992   1.413   1.037  -3.050
   1.506  -0.718  -3.323  -0.006   0.155  -3.652
  -3.547   1.520   1.054  -3.081   0.536   0.999  -3.437   0.016   0.110  -3.348
  -0.041   1.883  -1.570   0.683   0.929  -1.051   1.800   0.938  -0.862  -0.446
   0.851  -1.368  -1.322   0.859   0.607  -0.509   0.828   0.997   0.272   1.484
   1.025  -1.867   1.412   2.113  -1.918   1.485   0.676  -2.677   0.770   0.604
  -1.990   2.411   1.238  -0.262  -0.565   2.465  -0.181  -0.678   0.423  -0.139
  -1.620  -0.569  -0.212  -1.447   0.860   0.098  -2.992   1.413   1.037  -3.050
   1.506  -0.718  -3.323  -0.006   0.155  -3.652
  -3.547   1.520   1.054  -3.081   0.536   0.999  -3.437   0.016   0.110  -3.348
  -0.041   1.883  -1.570   0.683   0.929  -1.051   1.800   0.938  -0.862  -0.446
   0.851  -1.368  -1.322   0.859   0.607  -0.509   0.828   0.997   0.272   1.484
   1.025  -1.867   1.412   2.113  -1.918   1.485   0.676  -2.677   0.770   0.604
  -1.990   2.411   1.238  -0.262  -0.565   2.465  -0.181  -0.678   0.423  -0.139
  -1.620  -0.569  -0.212  -1.447   0.860   0.098  -2.992   1.413   1.037  -3.050
   1.506  -0.718  -3.323  -0.006   0.155  -3.652
  -3.547   1.520   1.054  -3.081   0.536   0.999  -3.437   0.016   0.110  -3.348
  -0.041   1.883  -1.570   0.683   0.929  -1.051   1.800   0.938  -0.862  -0.446
   0.851  -1.368  -1.322   0.859   0.607  -0.509   0.828   0.997   0.272   1.484
   1.025  -1.867   1.412   2.113  -1.918   1.485   0.676  -2.677   0.770   0.604
  -1.990   2.411   1.238  -0.262  -0.565   2.465  -0.181  -0.678   0.423  -0.139
  -1.620  -0.569  -0.212  -1.447   0.860   0.098  -2.992   1.413   1.037  -3.050
   1.506  -0.718  -3.323  -0.006   0.155  -3.652
  -3.547   1.520   1.054  -3.081   0.536   0.999  -3.437   0.016   0.110  -3.348
  -0.041   1.883  -1.570   0.683   0.929  -1.051   1.800   0.938  -0.862  -0.446
   0.851  -1.368  -1.322   0.859   0.607  -0.509   0.828   0.997   0.272   1.484
   1.025  -1.867   1.412   2.113  -1.918   1.485   0.676  -2.677   0.770   0.604
  -1.990   2.411   1.238  -0.262  -0.565   2.465  -0.181  -0.678   0.423  -0.139
  -1.620  -0.569  -0.212  -1.447   0.860   0.098  -2.992   1.413   1.037  -3.050
   1.506  -0.718  -3.323  -0.006   0.155  -3.652
  -3.547   1.520   1.054  -3.081   0.536   0.999  -3.437   0.016   0.110  -3.348
  -0.041   1.883  -1.570   0.683   0.929  -1.051   1.800   0.938  -0.862  -0.446
   0.851  -1.368  -1.322   0.859   0.607  -0.509   0.828   0.997   0.272   1.484
   1.025  -1.867   1.412   2.113  -1.918   1.485   0.676  -2.677   0.770   0.604
  -1.990   2.411   1.238  -0.262  -0.565   2.465  -0.181  -0.678   0.423  -0.139
  -1.620  -0.569  -0.212  -1.447   0.860   0.098  -2.992   1.413   1.037  -3.050
   1.506  -0.718  -3.323  -0.006   0.155  -3.652
  -3.547   1.520   1.054  -3.081   0.536   0.999  -3.437   0.016   0.110  -3.348
  -0.041   1.883  -1.570   0.683   0.929  -1.051   1.800   0.938  -0.862  -0.446
   0.851  -1.368  -1.322   0.859   0.607  -0.509   0.828   0.997   0.272   1.484
   1.025  -1.867   1.412   2.113  -1.918   1.485   0.676  -2.677   0.770   0.604
  -1.990   2.411   1.238  -0.262  -0.565   2.465  -0.181  -0.678   0.423  -0.139
  -1.620  -0.569  -0.212  -1.447   0.860   0.098  -2.992   1.413   1.037  -3.050
   1.506  -0.718  -3.323  -0.006   0.155  -3.652
  -3.547   1.520   1.054  -3.081   0.536   0.999  -3.437   0.016   0.110  -3.348
  -0.041   1.883  -1.570   0.683   0.929  -1.051   1.800   0.938  -0.862  -0.446
   0.851  -1.368  -1.322   0.859   0.607  -0.509   0.828   0.997   0.272   1.484
   1.025  -1.867   1.412   2.113  -1.918   1.485   0.676  -2.677   0.770   0.604
  -1.990   2.411   1.238  -0.262  -0.565   2.465  -0.181  -0.678   0.423  -0.139
  -1.620  -0.569  -0.212  -1.447   0.860   0.098  -2.992   1.413   1.037  -3.050
   1.506  -0.718  -3.323  -0.006   0.155  -3.652
