default_name                                                                    
  -1.615  -0.357   2.693  -0.547  -0.733   2.670  -0.554  -1.747   2.263  -0.086
  -0.641   3.663   0.314   0.061   1.700  -0.006   1.182   1.394   1.459  -0.520
   1.335   1.620  -1.480   1.640   2.564   0.132   0.664   2.733   1.099   1.099
   3.771  -0.755   0.858   4.550  -0.414   0.235   3.439  -1.741   0.539   4.069
  -0.785   1.912   2.354   0.485  -0.792   3.046   1.369  -1.307   1.215   0.056
  -1.445   0.857  -0.843  -1.107   0.579   0.665  -2.661   0.192   1.678  -2.477
   1.274   0.656  -3.494  -0.246   0.070  -3.019
  -1.522  -0.058   2.201  -0.646  -0.654   2.088  -0.838  -1.382   1.224  -0.492
  -1.125   3.022   0.520   0.247   1.761   0.420   1.451   1.608   1.609  -0.372
   1.409   1.578  -1.346   1.414   2.726   0.352   0.778   3.088   1.130   1.467
   3.923  -0.609   0.807   4.751  -0.120   0.299   3.712  -1.585   0.452   4.243
  -0.690   1.802   2.361   0.828  -0.630   3.090   1.625  -1.241   1.343   0.230
  -1.322   0.863  -0.582  -0.910   0.781   0.706  -2.593  -0.081   1.396  -2.378
   1.533   1.215  -3.153   0.605  -0.165  -3.185
  -1.681  -0.174   2.681  -0.693  -0.668   2.622  -0.789  -1.680   2.266  -0.180
  -0.778   3.606   0.263   0.176   1.757   0.015   1.376   1.552   1.413  -0.406
   1.401   1.514  -1.392   1.509   2.599   0.251   0.836   2.830   1.048   1.490
   3.794  -0.806   0.736   4.761  -0.323   0.610   3.493  -1.585   0.033   3.792
  -1.250   1.688   2.425   0.896  -0.563   3.264   1.704  -1.029   1.450   0.455
  -1.349   0.889  -0.367  -0.960   1.086   0.779  -2.684   0.342   0.142  -3.180
   0.565   1.683  -2.853   1.993   0.864  -3.314
  -1.418   0.345   2.846  -0.619  -0.349   2.617  -0.955  -0.990   1.812  -0.303
  -0.990   3.465   0.562   0.384   2.006   0.416   1.549   1.621   1.620  -0.320
   1.754   1.624  -1.295   1.978   2.774   0.286   1.033   3.002   1.145   1.576
   3.823  -0.748   1.097   4.826  -0.321   1.024   3.633  -1.536   0.302   3.759
  -1.255   2.070   2.550   0.691  -0.407   3.383   1.410  -0.982   1.516   0.200
  -1.088   0.987  -0.469  -0.524   1.036   0.675  -2.369   0.089   0.180  -2.667
   0.943   1.832  -2.269   1.745   0.412  -3.166
  -0.968   0.724   3.216  -0.083   0.099   3.162  -0.339  -0.943   3.113   0.505
   0.164   4.136   0.858   0.644   2.109   0.592   1.758   1.683   1.926  -0.141
   1.800   1.883  -1.049   2.191   3.045   0.185   0.890   3.576   1.032   1.399
   4.115  -0.936   0.943   4.832  -0.852   0.153   3.715  -1.920   0.633   4.619
  -0.938   1.911   2.581   0.710  -0.491   3.389   1.347  -1.099   1.391   0.296
  -0.988   0.699  -0.118  -0.323   1.014   0.629  -2.340   0.379  -0.106  -2.755
   0.540   1.634  -2.378   1.876   0.638  -3.059
  -0.291  -0.294   3.881  -0.108  -0.652   2.936  -1.024  -0.592   2.287   0.089
  -1.692   2.990   1.004   0.164   2.265   0.855   1.390   2.211   2.018  -0.476
   1.721   2.049  -1.537   1.759   2.920   0.122   0.754   3.439   0.935   1.197
   4.109  -0.868   0.502   4.880  -0.307  -0.111   3.874  -1.868  -0.047   4.539
  -1.151   1.464   2.316   0.639  -0.580   2.801   1.409  -1.420   1.121   0.089
  -0.906   0.686  -0.489  -0.288   0.595  -0.002  -2.305  -0.171  -0.722  -2.465
   0.020   0.928  -2.512   1.419  -0.107  -2.991
  -0.661  -0.268   3.755   0.095  -0.689   3.110  -0.501  -1.370   2.414   0.836
  -1.215   3.650   0.769   0.366   2.253   0.649   1.583   2.496   1.602  -0.247
   1.383   1.773  -1.213   1.576   2.600   0.430   0.573   2.930   1.305   1.099
   3.887  -0.475   0.431   4.654   0.178  -0.108   3.659  -1.338  -0.212   4.261
  -0.797   1.382   2.221   0.778  -0.852   2.803   1.673  -1.468   1.126   0.132
  -1.326   0.804  -0.636  -0.688   0.601   0.248  -2.683  -0.336  -0.316  -2.736
   0.551   1.319  -3.020   1.214  -0.402  -3.320
  -0.534   0.658   3.755   0.209  -0.116   3.348  -0.475  -0.869   3.070   0.851
  -0.666   3.974   0.961   0.475   2.162   0.763   1.643   1.934   1.885  -0.263
   1.557   2.064  -1.259   1.829   2.867   0.234   0.531   3.414   1.081   0.888
   3.998  -0.811   0.302   4.868  -0.437  -0.043   3.564  -1.483  -0.400   4.297
  -1.345   1.277   1.992   0.672  -0.704   2.563   1.417  -1.525   0.733   0.329
  -0.824   0.391  -0.275  -0.074   0.146   0.213  -2.198  -0.932  -0.030  -2.114
   0.209   1.214  -2.694   0.713  -0.404  -2.932
   0.388  -0.268   4.308   0.192  -0.496   3.263  -0.820  -0.252   3.013   0.327
  -1.587   3.136   1.071   0.268   2.273   0.940   1.484   2.066   1.888  -0.520
   1.569   2.021  -1.506   1.656   2.842   0.021   0.550   3.365   0.952   0.871
   3.917  -1.127   0.432   4.534  -0.896  -0.530   3.533  -2.151   0.414   4.657
  -1.076   1.265   2.047   0.404  -0.686   2.717   0.740  -1.704   0.667   0.248
  -0.843   0.013   0.078  -0.104  -0.076   0.497  -2.127  -1.126   0.350  -1.935
   0.124   1.502  -2.552   0.299  -0.318  -2.775
   0.373   0.793   3.922   0.551  -0.157   3.398  -0.249  -0.773   3.224   1.272
  -0.660   4.051   1.157   0.297   2.161   0.954   1.425   1.642   1.876  -0.692
   1.557   1.876  -1.618   1.969   2.630  -0.471   0.313   3.206   0.469   0.486
   3.663  -1.571   0.319   4.216  -1.501  -0.611   3.147  -2.548   0.291   4.326
  -1.387   1.205   1.799  -0.095  -0.942   2.429   0.543  -1.802   0.474  -0.320
  -0.944  -0.021  -0.632  -0.114  -0.401   0.225  -1.925  -1.401  -0.037  -1.647
  -0.235   1.266  -1.891  -0.114   0.039  -2.981
  -0.214  -0.472   3.530   0.900  -0.515   3.457   1.014  -1.491   3.773   1.213
  -0.004   4.350   1.466   0.055   2.169   1.167   1.231   1.790   2.206  -0.850
   1.477   2.371  -1.731   1.896   2.706  -0.493   0.166   3.114   0.437   0.308
   3.685  -1.517  -0.365   4.119  -1.094  -1.251   3.246  -2.509  -0.467   4.496
  -1.706   0.251   1.698  -0.119  -0.956   2.051   0.590  -1.931   0.502  -0.646
  -0.849   0.186  -0.938   0.095  -0.635  -0.462  -1.825  -1.265   0.298  -1.497
  -0.247  -0.348  -2.871  -1.297  -1.373  -1.881
   0.108  -0.181   4.183   1.064  -0.472   3.765   1.134  -1.541   3.932   1.890
   0.011   4.298   1.256  -0.233   2.269   0.888   0.889   1.869   2.081  -1.036
   1.596   2.416  -1.935   1.974   2.686  -0.592   0.318   3.381   0.271   0.456
   3.601  -1.700  -0.156   4.131  -1.232  -0.927   3.027  -2.558  -0.563   4.281
  -1.981   0.648   1.815  -0.204  -0.872   2.210   0.767  -1.575   0.634  -0.749
  -0.953   0.344  -1.300  -0.113  -0.237  -0.666  -2.100  -1.301  -0.852  -1.871
  -0.144   0.349  -2.459   0.034  -1.369  -2.922
   0.996  -0.033   4.529   0.839  -0.602   3.572  -0.224  -0.897   3.336   1.428
  -1.519   3.574   1.382   0.187   2.357   0.877   1.260   1.985   2.092  -0.553
   1.486   2.389  -1.442   1.807   2.502  -0.136   0.148   3.033   0.787   0.166
   3.364  -1.326  -0.392   3.661  -1.062  -1.409   2.870  -2.332  -0.304   4.207
  -1.467   0.310   1.361   0.030  -0.946   1.503   0.909  -1.824   0.260  -0.782
  -0.939   0.059  -1.277  -0.069  -0.625  -0.937  -2.077  -1.056   0.019  -2.312
  -0.078  -1.339  -2.969  -1.445  -1.748  -1.986
   1.882  -0.849   4.211   0.883  -0.542   3.682   0.360   0.250   4.191   0.100
  -1.236   3.401   1.232  -0.029   2.347   0.557   0.962   1.954   2.153  -0.610
   1.549   2.564  -1.446   1.892   2.832  -0.049   0.339   3.350   0.861   0.707
   4.050  -1.009   0.024   4.786  -0.664  -0.581   3.667  -2.029  -0.335   4.589
  -1.410   0.935   1.891   0.044  -0.909   2.295   0.773  -1.825   0.694  -0.512
  -0.805   0.659  -1.286  -0.185  -0.347  -0.412  -1.863  -0.864   0.565  -1.977
   0.010  -0.795  -2.788  -1.118  -1.103  -1.701
   1.040   0.085   4.486   0.807  -0.672   3.683  -0.238  -0.878   3.871   1.456
  -1.540   3.897   1.198   0.101   2.418   0.674   1.142   2.181   2.065  -0.591
   1.658   2.348  -1.482   2.103   2.755  -0.041   0.478   3.101   0.974   0.652
   3.923  -0.873   0.097   4.788  -0.257  -0.307   3.799  -1.529  -0.775   4.353
  -1.386   0.937   1.890   0.182  -0.755   2.209   1.040  -1.582   0.688  -0.400
  -0.802   0.545  -1.207  -0.184  -0.253  -0.198  -1.906  -1.200   0.234  -1.582
   0.220   0.573  -2.548  -0.439  -1.099  -2.518
   1.185  -0.572   4.562   0.498  -0.478   3.696  -0.366   0.137   3.944   0.116
  -1.555   3.549   1.165   0.130   2.449   0.705   1.139   1.945   2.074  -0.555
   1.880   2.282  -1.428   2.311   2.827  -0.186   0.656   3.367   0.678   1.013
   3.895  -1.359   0.398   4.752  -0.936  -0.139   3.439  -2.092  -0.226   4.235
  -1.875   1.224   1.943   0.133  -0.590   2.368   0.852  -1.485   0.744  -0.365
  -0.708   0.473  -0.869   0.077  -0.220  -0.245  -1.851  -1.211  -0.138  -1.305
  -0.225   0.453  -2.649  -0.338  -1.193  -2.326
   0.120   0.800   4.900   0.412  -0.087   4.270  -0.381  -0.817   4.389   1.229
  -0.563   4.805   0.791   0.357   2.849   0.171   1.247   2.330   1.629  -0.396
   2.121   1.886  -1.329   2.474   2.334  -0.048   0.842   2.771   0.947   0.910
   3.531  -0.996   0.552   3.963  -0.892  -0.434   3.262  -2.035   0.807   4.335
  -0.923   1.355   1.521   0.162  -0.480   2.083   0.622  -1.477   0.246  -0.316
  -0.671  -0.073  -0.815   0.150  -0.730   0.010  -1.698  -1.571  -0.758  -1.710
  -1.057   1.034  -1.413  -0.270   0.015  -2.666
  -0.081  -0.366   4.550   0.826  -0.634   4.000   0.943  -1.714   3.825   1.578
  -0.273   4.637   0.810   0.007   2.661   0.036   0.916   2.338   1.716  -0.572
   1.826   2.255  -1.355   2.263   2.369   0.198   0.785   2.429   1.220   1.112
   3.794  -0.388   0.572   4.206   0.405  -0.086   3.599  -1.383   0.204   4.385
  -0.349   1.521   1.553   0.344  -0.474   2.127   0.736  -1.545   0.243  -0.015
  -0.597   0.003  -0.644   0.043  -0.571   0.310  -1.857  -1.631  -0.042  -1.714
  -0.495   1.400  -1.972  -0.030  -0.127  -2.682
  -1.226  -1.281   3.647  -0.066  -1.145   3.854   0.432  -2.123   3.985   0.107
  -0.556   4.749   0.580  -0.238   2.750   0.237   0.925   2.628   1.627  -0.751
   2.107   1.960  -1.703   2.350   2.383   0.091   1.186   2.462   1.020   1.680
   3.740  -0.639   0.859   4.297  -0.075   0.073   3.443  -1.546   0.283   4.408
  -0.800   1.715   1.624   0.458  -0.098   2.316   0.956  -1.018   0.397   0.053
  -0.323  -0.135  -0.314   0.407  -0.221   0.484  -1.684  -1.265   0.905  -1.382
   0.279   1.318  -2.167  -0.388  -0.259  -2.490
  -0.483  -2.246   3.527   0.156  -1.353   3.801   1.028  -1.671   4.205  -0.357
  -0.872   4.619   0.567  -0.403   2.706   0.044   0.693   2.543   1.558  -0.794
   1.880   1.987  -1.671   2.094   2.390   0.122   1.065   2.413   1.142   1.512
   3.825  -0.378   1.261   4.634   0.269   0.957   3.856  -1.325   0.753   3.990
  -0.342   2.349   1.862   0.240  -0.380   2.523   0.820  -1.287   0.585  -0.110
  -0.614   0.146  -0.282   0.267  -0.262   0.088  -1.784  -0.901  -0.796  -1.804
  -0.712   0.998  -1.778   0.340   0.005  -2.721
   0.304  -1.974   3.556   0.509  -1.014   3.863   1.204  -1.124   4.711  -0.387
  -0.724   4.366   0.909  -0.113   2.736   0.323   0.899   2.474   1.769  -0.660
   1.940   1.986  -1.668   2.017   2.482   0.118   0.925   2.634   1.140   1.291
   3.780  -0.737   0.685   4.260  -0.194  -0.161   3.330  -1.764   0.433   4.422
  -0.793   1.520   1.736   0.304  -0.398   2.250   0.879  -1.325   0.533  -0.346
  -0.549   0.106  -0.789   0.276  -0.210  -0.292  -1.834  -1.171  -0.817  -1.774
  -0.324   0.790  -2.118   0.353  -0.689  -2.633
  -0.105  -1.359   3.992   0.600  -0.562   4.080   1.507  -0.876   4.663   0.128
   0.111   4.738   0.892   0.086   2.705   0.264   1.111   2.391   1.872  -0.552
   2.002   2.158  -1.490   2.299   2.522  -0.009   0.801   3.003   0.920   0.989
   3.748  -0.949   0.448   4.289  -0.550  -0.396   3.357  -1.830   0.145   4.407
  -1.095   1.293   1.630   0.303  -0.460   1.984   1.218  -1.238   0.479  -0.436
  -0.565   0.285  -1.019   0.233  -0.530  -0.260  -1.526  -1.143  -1.168  -1.830
  -1.150   0.489  -1.186  -0.001   0.034  -2.511
  -0.787  -1.199   3.961   0.174  -0.730   4.317   0.884  -1.494   4.670  -0.204
  -0.046   5.093   0.778  -0.027   3.049   0.616   1.197   2.813   1.543  -0.833
   2.259   1.903  -1.629   2.607   2.325  -0.240   1.103   2.912   0.642   1.425
   3.349  -1.356   0.674   3.971  -1.052  -0.192   2.719  -2.175   0.279   4.151
  -1.666   1.416   1.469   0.202  -0.159   1.777   1.120  -0.842   0.306  -0.390
  -0.388  -0.014  -1.031   0.288  -0.478  -0.326  -1.671  -1.304  -1.005  -1.680
  -0.877   0.664  -1.772   0.150  -0.418  -2.581
  -0.260  -1.784   3.889   0.067  -0.718   4.157   0.773  -0.657   4.983  -0.696
  -0.087   4.467   0.747  -0.064   3.068   0.774   1.138   2.965   1.479  -0.845
   2.269   1.446  -1.865   2.392   2.214  -0.376   1.128   2.947   0.334   1.590
   3.095  -1.461   0.532   3.941  -0.894   0.031   2.556  -2.108  -0.132   3.708
  -1.961   1.318   1.249   0.176   0.107   1.525   1.169  -0.578   0.181  -0.576
  -0.270  -0.143  -1.344   0.251  -0.432  -0.404  -1.584  -1.531  -0.507  -1.538
  -0.193   0.459  -2.004  -0.065  -1.329  -2.068
  -0.976  -0.613   3.875  -0.023  -0.200   4.160   0.536  -0.962   4.759  -0.107
   0.728   4.751   0.644   0.081   2.903   0.729   1.263   2.447   1.298  -0.928
   2.307   1.305  -1.783   2.806   2.187  -0.706   1.116   2.924   0.049   1.425
   2.808  -1.963   0.702   3.397  -1.698  -0.143   2.048  -2.715   0.379   3.469
  -2.369   1.551   1.482  -0.147  -0.133   2.032   0.730  -0.887   0.221  -0.588
  -0.199   0.140  -1.377   0.407  -0.748  -0.057  -1.134  -1.590  -0.590  -1.248
  -1.015   0.970  -0.842  -0.285   0.117  -2.105
  -0.419  -0.706   3.991   0.386   0.036   4.198   1.102  -0.595   4.748  -0.009
   0.925   4.755   1.144   0.556   2.972   0.985   1.696   2.473   1.698  -0.476
   2.288   1.627  -1.411   2.697   2.522  -0.294   1.161   3.352   0.419   1.288
   3.115  -1.715   0.697   3.778  -1.585  -0.110   2.233  -2.374   0.490   3.779
  -2.063   1.438   1.684   0.149  -0.085   2.350   0.659  -1.035   0.352  -0.065
  -0.168  -0.110  -0.683   0.522  -0.479   0.542  -1.233  -1.485   0.208  -1.140
  -0.544   1.648  -1.366  -0.044   0.287  -2.242
  -0.607  -0.433   3.470   0.248   0.134   3.905   0.699  -0.370   4.713  -0.024
   1.047   4.374   1.192   0.603   2.830   1.610   1.727   2.661   1.535  -0.432
   2.057   1.111  -1.299   2.197   2.422  -0.241   0.878   3.229   0.422   1.167
   3.136  -1.574   0.535   3.928  -1.350  -0.273   2.437  -2.344   0.101   3.677
  -2.027   1.284   1.797   0.417  -0.359   2.241   1.224  -1.202   0.440   0.094
  -0.617   0.078  -0.538   0.121  -0.463   0.905  -1.410  -1.328   0.930  -0.748
  -0.115   1.998  -1.545  -0.625   0.318  -2.265
   0.238  -1.007   4.268   0.405   0.105   4.213   0.938   0.326   5.087  -0.605
   0.524   4.196   1.366   0.581   3.110   1.868   1.745   3.141   1.579  -0.420
   2.179   1.172  -1.369   2.462   2.448  -0.181   1.013   3.218   0.446   1.399
   3.114  -1.550   0.676   3.926  -1.485  -0.024   2.290  -2.173   0.206   3.352
  -2.027   1.650   1.599   0.498  -0.120   2.216   1.300  -0.845   0.340   0.150
  -0.357  -0.170  -0.478   0.299  -0.496   0.593  -1.526  -1.467   1.000  -1.151
   0.014   1.380  -2.101  -0.715  -0.166  -2.258
   0.212  -0.699   4.249  -0.072   0.012   3.546  -0.428   0.877   4.095  -0.844
  -0.191   2.839   1.281   0.324   2.924   1.771   1.445   3.142   1.687  -0.646
   2.229   1.092  -1.514   2.192   2.531  -0.415   1.096   3.392   0.119   1.320
   3.008  -1.820   0.780   2.169  -2.549   0.601   3.660  -2.277   1.583   3.564
  -1.697  -0.244   1.779   0.315  -0.042   2.396   1.106  -0.723   0.503   0.045
  -0.289  -0.047  -0.561   0.361  -0.463   0.874  -1.032  -0.266   1.841  -0.637
  -0.266   0.949  -2.077  -1.430   0.374  -0.787
   0.489  -0.587   4.570   0.469   0.314   3.894   0.444   1.182   4.561  -0.503
   0.429   3.398   1.708   0.467   3.013   2.402   1.450   3.075   1.993  -0.550
   2.232   1.659  -1.526   2.370   2.904  -0.487   1.062   3.726   0.122   1.377
   3.294  -1.790   0.700   2.524  -2.426   0.216   3.757  -2.369   1.561   4.160
  -1.786  -0.054   2.183   0.221  -0.104   2.971   0.775  -0.964   0.869   0.381
  -0.137   0.379  -0.003   0.724   0.022   0.800  -1.213  -0.973   0.670  -0.865
   0.066   1.919  -1.383   0.432   0.440  -2.190
  -0.230  -0.437   4.189   0.791  -0.381   4.545   1.191  -1.400   4.857   0.955
   0.282   5.399   1.537   0.191   3.418   2.088   1.355   3.501   1.788  -0.700
   2.410   1.349  -1.534   2.513   2.839  -0.499   1.304   3.496   0.219   1.653
   3.558  -1.776   0.980   2.955  -2.440   0.269   3.832  -2.120   1.887   4.554
  -1.489   0.586   2.284   0.103  -0.002   3.054   0.767  -0.818   0.907   0.258
  -0.104   0.285   0.053   0.710   0.289   0.717  -1.355  -0.745   0.436  -1.464
   0.180   1.779  -1.309   0.716   0.517  -2.233
   0.333  -1.405   4.145   1.176  -0.869   4.503   1.839  -1.713   4.749   0.809
  -0.281   5.340   1.802  -0.076   3.412   1.981   1.083   3.574   2.154  -0.764
   2.322   1.787  -1.687   2.294   3.149  -0.359   1.299   3.930   0.379   1.615
   4.039  -1.559   1.196   3.555  -2.416   0.771   4.387  -1.712   2.265   4.921
  -1.340   0.611   2.640   0.197  -0.060   3.431   0.686  -0.888   1.310   0.010
  -0.245   0.701  -0.266   0.519   0.624   0.677  -1.330   0.014   0.109  -2.055
  -0.076   1.372  -0.898   1.376   1.075  -2.129
   0.008  -0.407   4.016   1.006  -0.549   4.386   1.233  -1.541   4.324   0.981
  -0.308   5.378   1.839   0.161   3.314   1.765   1.411   3.154   2.427  -0.689
   2.428   2.217  -1.578   2.651   3.386  -0.329   1.385   3.673   0.735   1.618
   4.592  -1.327   1.603   4.181  -2.323   1.643   4.938  -1.120   2.629   5.418
  -1.193   0.967   2.898  -0.333  -0.089   3.653  -0.102  -0.949   1.552  -0.406
  -0.345   0.856  -0.587   0.367   0.955  -0.273  -1.652   0.169  -1.121  -1.856
   0.511   0.695  -1.681   1.716  -0.419  -2.526
   0.721  -0.074   4.548   1.189  -0.814   3.944   0.383  -1.392   3.395   1.753
  -1.560   4.523   2.139  -0.193   2.983   2.206   1.032   2.839   2.847  -1.082
   2.322   2.792  -2.045   2.596   3.739  -0.825   1.195   4.114   0.197   1.526
   5.001  -1.778   1.018   4.702  -2.730   0.585   5.303  -2.063   2.092   5.845
  -1.363   0.451   3.010  -0.610  -0.183   3.721  -0.698  -1.129   1.654  -0.391
  -0.258   1.239  -0.329   0.635   1.017   0.189  -1.490   0.705  -0.671  -2.180
   0.156   0.622  -1.001   1.596   1.037  -1.839
   1.160   0.423   4.852   1.443  -0.310   4.169   0.574  -0.660   3.667   1.826
  -1.098   4.765   2.592   0.040   3.216   3.146   1.171   3.248   2.898  -0.904
   2.384   2.399  -1.791   2.470   3.847  -0.731   1.267   4.427   0.178   1.545
   4.748  -2.042   1.019   3.992  -2.821   0.922   5.523  -2.209   1.766   5.070
  -2.076   0.029   3.075  -0.350  -0.069   3.738   0.185  -1.048   1.690  -0.416
  -0.161   1.166  -0.634   0.700   0.939  -0.143  -1.413   1.411  -0.507  -2.306
   0.118  -0.685  -1.380   0.602   0.957  -1.374
   2.051   0.590   5.050   2.417  -0.322   4.681   1.488  -0.928   4.581   3.081
  -0.747   5.449   3.088   0.024   3.363   3.309   1.191   3.020   3.375  -0.939
   2.420   3.322  -1.863   2.728   4.036  -0.622   1.177   4.978  -0.032   1.428
   4.576  -1.906   0.563   3.782  -2.440   0.073   5.146  -2.316   1.444   5.254
  -1.528  -0.251   3.044   0.186   0.205   3.444   1.078  -0.560   1.778  -0.223
   0.205   1.517  -0.870   0.835   0.660   0.384  -0.624   0.789   0.016  -1.634
  -0.353   0.063  -0.172   0.659   1.491  -0.775
   2.237   0.879   5.254   1.899   0.047   4.676   0.848   0.104   4.302   2.036
  -0.943   5.169   2.771   0.256   3.439   3.198   1.356   3.252   2.862  -0.787
   2.648   2.234  -1.623   2.706   3.665  -0.570   1.319   4.641  -0.048   1.561
   3.934  -2.031   0.820   4.153  -2.669   1.610   4.853  -2.186   0.288   3.048
  -2.306   0.205   2.862   0.195   0.212   3.443   0.930  -0.606   1.531   0.150
   0.335   1.231  -0.158   1.133   0.651   0.596  -0.723   1.037   0.283  -1.758
  -0.330   0.033  -0.822   0.284   1.594  -0.552
   2.132   0.919   4.954   1.975  -0.010   4.455   0.864  -0.096   4.107   2.345
  -0.704   5.187   2.923   0.012   3.317   3.604   1.035   3.159   2.903  -0.977
   2.431   2.224  -1.755   2.642   3.547  -0.912   1.098   4.531  -0.510   1.366
   3.761  -2.436   0.653   4.291  -3.149   1.384   4.272  -2.344  -0.304   2.717
  -2.876   0.355   2.816  -0.070   0.063   3.430   0.653  -0.737   1.532  -0.034
   0.123   1.030  -0.595   0.772   0.639   0.710  -0.807   0.301   0.228  -1.793
  -0.246   1.016  -0.214   0.947   1.750  -1.165
   1.232   0.221   4.707   1.736  -0.635   4.350   0.919  -1.372   4.190   2.386
  -0.913   5.124   2.480  -0.219   3.098   2.842   0.898   2.893   2.918  -1.214
   2.315   2.701  -2.103   2.591   3.735  -1.150   1.086   4.675  -0.657   1.319
   4.044  -2.659   0.536   3.969  -3.269   1.485   5.050  -2.780   0.169   3.243
  -2.746  -0.264   3.179  -0.214  -0.018   4.015   0.341  -0.657   1.833  -0.040
  -0.022   1.281  -0.684   0.559   1.043   0.957  -0.674   0.973   0.799  -1.712
   0.044   0.815  -0.292   1.544   1.915  -0.420
   0.432  -0.227   4.184   1.272  -1.028   4.201   0.871  -2.033   3.899   1.603
  -1.215   5.228   2.354  -0.554   3.267   2.869   0.503   3.518   2.675  -1.342
   2.257   2.087  -2.161   2.084   3.635  -1.084   1.234   4.548  -0.778   1.748
   4.021  -2.438   0.560   4.618  -3.150   1.239   4.756  -2.317  -0.320   3.211
  -3.096   0.214   3.319   0.031   0.289   4.182   0.447  -0.509   2.055   0.397
   0.143   1.458   0.141   0.949   1.446   1.140  -0.974   0.377   1.163  -0.863
   1.817   2.169  -1.308   1.592   0.504  -1.839
   0.463  -1.676   4.123   1.484  -1.810   4.460   1.797  -2.934   4.461   1.473
  -1.356   5.447   2.407  -0.999   3.635   3.130  -0.099   4.093   2.605  -1.521
   2.415   1.977  -2.181   2.158   3.556  -1.128   1.349   4.543  -0.759   1.718
   3.849  -2.349   0.351   4.205  -3.178   1.012   4.470  -2.049  -0.462   2.836
  -2.632  -0.003   2.961   0.016   0.432   3.681   0.632  -0.350   1.655   0.305
   0.410   1.123   0.000   1.187   1.074   1.017  -0.657   0.309   1.664  -0.266
   1.780   1.533  -1.370   0.516   0.215  -1.117
   0.698  -2.085   4.338   1.636  -1.776   4.721   2.138  -2.639   5.097   1.540
  -1.215   5.691   2.406  -1.025   3.664   3.012   0.049   3.965   2.617  -1.572
   2.484   2.011  -2.317   2.312   3.612  -0.971   1.445   4.585  -0.918   1.924
   3.720  -2.147   0.414   3.714  -3.144   0.847   4.619  -2.031  -0.094   2.940
  -2.079  -0.304   3.198   0.257   0.573   4.096   0.963   0.055   1.908   0.523
   0.515   1.266   0.077   1.112   1.286   1.454  -0.444   0.631   2.261  -0.010
   1.934   1.983  -1.166   0.611   1.015  -1.105
   0.639  -1.958   3.379   1.190  -1.476   4.232   1.354  -2.141   5.041   0.544
  -0.648   4.685   2.450  -0.834   3.728   3.105   0.036   4.401   2.672  -1.261
   2.495   2.131  -1.944   2.042   3.812  -0.817   1.578   4.499  -0.264   2.190
   4.458  -2.091   1.008   4.450  -2.823   1.727   5.470  -1.871   0.659   3.760
  -2.521   0.243   3.271   0.324   0.619   4.034   0.830  -0.229   2.005   0.675
   0.632   1.304   0.215   1.188   1.398   1.596  -0.298   0.370   1.753   0.021
   1.937   2.488  -0.413   1.502   1.172  -1.297
   1.094  -2.336   3.891   1.341  -1.336   4.328   1.635  -1.493   5.368   0.463
  -0.770   4.131   2.564  -0.772   3.675   3.256   0.076   4.227   2.894  -1.421
   2.545   2.278  -2.068   2.029   4.007  -1.026   1.662   4.699  -0.579   2.287
   4.510  -2.242   0.877   4.572  -3.065   1.558   5.458  -1.932   0.485   3.725
  -2.510   0.187   3.530   0.220   0.780   4.286   0.780   0.011   2.287   0.721
   0.970   1.576   0.214   1.492   1.562   1.723   0.109   0.671   2.020   0.652
   2.032   2.617  -0.053   1.261   1.325  -0.789
  -0.016  -1.549   3.613   0.763  -1.577   4.311   1.054  -2.606   4.360   0.489
  -1.174   5.301   2.007  -0.898   3.682   2.601  -0.021   4.326   2.434  -1.378
   2.485   1.769  -1.991   2.148   3.643  -0.878   1.836   4.274  -0.517   2.631
   4.317  -2.030   0.990   4.312  -2.978   1.548   5.284  -1.760   0.714   3.768
  -2.067   0.033   3.305   0.398   0.895   4.237   1.066   0.480   2.065   0.691
   0.590   1.375   0.365   1.173   1.667   1.967  -0.119   0.886   1.721  -0.873
   1.366   2.673   0.630   2.486   2.479  -0.551
  -0.101  -0.986   3.893   0.721  -1.679   4.051   0.514  -2.435   3.337   0.806
  -2.094   5.046   2.007  -1.006   3.575   2.664  -0.374   4.401   2.427  -1.291
   2.353   1.933  -1.949   1.788   3.692  -0.811   1.787   4.457  -0.529   2.569
   4.311  -1.878   0.941   4.596  -2.796   1.635   5.179  -1.351   0.363   3.586
  -2.305   0.223   3.514   0.481   1.015   4.531   1.116   0.592   2.236   0.823
   0.652   1.528   0.203   0.993   1.766   2.058  -0.021   0.828   2.376   0.286
   2.491   2.874   0.163   1.839   1.940  -1.152
  -0.078  -1.590   3.422   0.667  -1.488   4.201   0.756  -2.447   4.678   0.410
  -0.773   4.976   1.994  -1.098   3.600   2.727  -0.348   4.299   2.263  -1.412
   2.357   1.692  -2.114   1.888   3.581  -1.098   1.637   4.469  -1.066   2.318
   3.921  -2.065   0.530   3.748  -3.143   0.784   4.980  -2.038   0.261   3.350
  -1.627  -0.315   3.465   0.307   1.087   4.497   0.961   0.726   2.287   0.941
   0.972   1.502   0.476   1.436   1.855   2.144   0.327   0.763   2.238   0.168
   2.231   2.980   0.992   2.365   2.195  -0.665
  -0.371  -1.005   2.989   0.441  -1.182   3.794   0.359  -2.163   4.167   0.100
  -0.400   4.465   1.892  -0.960   3.454   2.680  -0.574   4.366   2.232  -1.210
   2.176   1.439  -1.372   1.567   3.479  -0.914   1.556   4.326  -0.989   2.197
   3.672  -1.937   0.439   3.790  -2.918   0.921   4.557  -1.750  -0.056   2.887
  -2.023  -0.302   3.597   0.443   0.966   4.590   1.121   1.050   2.421   0.903
   0.479   1.568   0.430   0.845   2.221   2.282   0.052   1.888   2.965   0.844
   3.082   2.796  -0.380   1.460   2.276  -0.787
   0.379  -0.897   3.015   0.949  -1.640   3.636   0.730  -2.678   3.367   0.714
  -1.382   4.684   2.304  -1.227   3.173   3.123  -0.546   3.836   2.570  -1.623
   1.929   1.900  -2.156   1.410   3.801  -1.101   1.288   4.656  -1.300   1.943
   3.957  -1.994   0.009   3.832  -3.036   0.364   5.025  -1.963  -0.310   3.356
  -1.660  -0.832   3.701   0.402   0.867   4.719   1.100   0.830   2.455   0.903
   0.749   1.800   0.115   0.763   1.967   2.274   0.544   1.576   2.713   1.497
   2.803   2.957   0.233   1.111   2.256  -0.198
   0.009  -1.411   4.001   0.892  -1.994   4.003   0.780  -2.892   3.429   1.106
  -2.289   5.067   2.063  -1.244   3.392   2.760  -0.561   4.133   2.305  -1.555
   2.136   1.643  -2.107   1.683   3.387  -1.070   1.342   4.300  -1.285   1.858
   3.451  -1.835   0.004   3.966  -2.776   0.159   4.025  -1.225  -0.729   2.425
  -2.097  -0.296   3.383   0.410   1.063   4.453   1.007   0.971   2.205   1.019
   0.911   1.430   0.362   1.002   1.993   2.475   0.580   2.579   3.031   1.272
   2.246   2.687  -0.480   0.953   2.742   0.624
  -0.036  -1.342   3.804   0.830  -1.680   4.340   0.926  -2.781   4.501   0.801
  -1.101   5.241   2.122  -1.244   3.612   2.868  -0.382   4.094   2.223  -1.537
   2.336   1.695  -2.259   1.896   3.376  -1.156   1.538   4.257  -1.231   2.080
   3.521  -2.149   0.362   3.129  -3.090   0.646   4.607  -2.200   0.071   3.027
  -1.780  -0.509   3.332   0.356   1.147   4.397   0.987   0.875   2.141   0.933
   1.018   1.309   0.366   1.178   1.852   2.196   0.415   2.815   2.745   0.301
   1.327   2.047  -0.537   1.180   2.697   1.032
  -0.348  -0.942   3.327   0.258  -1.656   3.884   0.055  -2.613   3.454  -0.035
  -1.584   4.908   1.611  -1.206   3.505   2.270  -0.633   4.353   2.028  -1.639
   2.298   1.371  -2.319   1.865   3.275  -1.229   1.626   4.125  -1.413   2.191
   3.502  -2.044   0.380   3.519  -3.115   0.516   4.453  -1.741  -0.157   2.717
  -1.858  -0.308   3.225   0.298   1.248   4.307   0.868   0.999   2.052   0.941
   1.223   1.259   0.350   1.458   1.997   2.310   0.732   2.958   2.767   0.503
   1.351   2.457  -0.118   1.592   2.998   1.481
  -0.053  -1.238   4.043   0.788  -1.840   4.326   0.630  -2.891   4.067   0.982
  -1.726   5.359   1.969  -1.320   3.537   2.929  -0.961   4.186   1.963  -1.403
   2.222   1.152  -1.767   1.758   3.135  -1.091   1.381   4.004  -1.489   1.959
   3.142  -2.053   0.232   3.479  -2.991   0.616   3.911  -1.795  -0.513   2.113
  -2.147  -0.198   3.250   0.428   1.088   4.391   0.918   1.126   2.156   1.188
   0.946   1.301   0.660   1.048   2.037   2.524   0.454   2.946   3.105   0.536
   1.525   2.511  -0.530   1.291   2.965   1.135
  -0.281  -1.796   4.105   0.711  -2.299   4.145   0.596  -3.293   3.722   0.942
  -2.343   5.194   1.730  -1.438   3.478   2.550  -0.860   4.171   1.880  -1.502
   2.184   1.192  -1.917   1.565   3.061  -0.977   1.472   3.995  -1.370   1.912
   3.144  -1.587   0.065   3.089  -2.626   0.160   4.050  -1.370  -0.503   2.245
  -1.232  -0.512   3.263   0.521   1.427   4.391   0.990   1.298   2.159   1.368
   1.339   1.211   1.014   1.366   2.252   2.817   1.000   3.049   2.961   0.205
   1.283   3.154   0.610   2.562   3.393   1.879
  -0.746  -1.235   3.133   0.012  -1.890   3.649  -0.149  -2.928   3.290  -0.107
  -1.853   4.760   1.470  -1.432   3.400   2.189  -1.191   4.341   1.881  -1.487
   2.096   1.249  -1.894   1.483   3.197  -1.166   1.646   3.938  -1.434   2.415
   3.486  -1.916   0.283   3.672  -2.937   0.497   4.427  -1.546  -0.105   2.759
  -1.864  -0.597   3.344   0.378   1.412   4.448   0.805   1.340   2.246   1.106
   1.393   1.335   0.626   1.468   2.140   2.564   1.484   1.891   2.928   0.543
   1.379   2.903   2.167   3.064   3.009   1.848
  -0.184  -1.073   4.504   0.139  -1.617   3.630  -0.503  -1.452   2.813   0.242
  -2.683   3.875   1.533  -1.111   3.300   2.212  -0.537   4.146   1.918  -1.376
   2.057   1.315  -1.825   1.479   3.201  -1.147   1.504   3.908  -1.477   2.281
   3.224  -1.919   0.215   3.024  -3.029   0.261   4.167  -1.693  -0.239   2.500
  -1.524  -0.440   3.457   0.353   1.254   4.677   0.663   1.080   2.440   1.221
   1.226   1.579   0.748   1.492   2.516   2.597   0.739   3.158   2.699  -0.076
   1.548   2.920   0.368   2.892   3.278   1.549
  -0.318  -1.521   3.002   0.424  -1.681   3.770   0.500  -2.784   4.071   0.285
  -1.083   4.662   1.780  -1.305   3.172   2.559  -0.624   3.900   2.060  -1.645
   1.902   1.344  -2.071   1.315   3.408  -1.201   1.284   4.299  -1.407   1.894
   3.510  -1.944  -0.061   3.129  -2.985   0.070   4.459  -1.840  -0.448   2.845
  -1.294  -0.676   3.505   0.396   1.060   4.632   0.973   0.938   2.371   1.169
   1.084   1.478   0.734   1.102   2.155   2.610   0.972   3.044   3.185   0.626
   1.269   2.792   0.347   1.806   2.991   1.922
   0.284  -3.029   3.211   0.494  -2.063   3.565   0.449  -2.186   4.599  -0.241
  -1.341   3.301   1.831  -1.535   3.097   2.744  -1.185   3.895   1.966  -1.450
   1.767   1.351  -2.023   1.213   3.204  -0.903   1.103   4.025  -1.232   1.684
   3.085  -1.449  -0.291   3.098  -2.507  -0.392   3.922  -1.180  -0.947   2.205
  -1.028  -0.817   3.361   0.640   1.082   4.521   0.991   1.041   2.304   1.456
   1.199   1.385   0.976   1.211   2.324   2.800   0.635   3.365   3.108   0.411
   1.699   2.860  -0.269   1.872   3.503   1.332
  -0.220  -1.087   2.878   0.344  -2.025   3.145   0.074  -2.943   2.575   0.244
  -2.229   4.180   1.744  -1.684   2.871   2.537  -1.576   3.803   2.088  -1.260
   1.651   1.343  -1.351   0.950   3.387  -0.762   1.152   4.216  -1.068   1.787
   3.532  -1.348  -0.298   3.798  -2.444  -0.191   4.391  -0.837  -0.774   2.676
  -1.253  -1.008   3.423   0.785   0.969   4.526   1.276   0.686   2.336   1.559
   1.231   1.493   1.054   1.401   2.247   2.956   0.926   2.844   3.264   0.070
   1.253   3.322   0.686   2.634   3.571   1.730
  -0.158  -0.622   2.615   0.348  -1.435   3.062  -0.015  -2.394   2.689   0.334
  -1.388   4.131   1.845  -1.354   2.770   2.577  -1.108   3.734   2.219  -1.424
   1.483   1.492  -1.588   0.795   3.458  -0.940   1.023   4.266  -1.214   1.710
   3.701  -1.585  -0.306   3.795  -2.690  -0.244   4.672  -1.297  -0.671   2.905
  -1.341  -1.041   3.652   0.619   0.872   4.716   1.161   0.660   2.475   1.307
   0.918   1.638   0.751   1.071   2.178   2.730   0.838   3.088   3.309   0.464
   1.263   2.836   0.309   1.918   3.088   1.844
