default_name                                                                    
   22  0.3977500E+03
  -2.2886059  -5.1284333  -5.2783603  -2.5133045  -4.0958755  -5.0117622
  -3.5100498  -3.7663865  -5.3287086  -1.7361902  -3.4005149  -5.3866550
  -2.6220810  -3.8351438  -3.5447887  -3.2099113  -4.5615795  -2.7836224
  -2.0967621  -2.6097531  -3.2210205  -1.5697897  -2.1120487  -3.8917690
  -2.0874666  -2.0281026  -1.8914300  -1.4242712  -1.1046993  -1.9400892
  -3.4947582  -1.5258760  -1.5093015  -3.9068373  -0.9179805  -2.3042158
  -3.5130647  -0.8893029  -0.6402924  -4.1604221  -2.3630055  -1.4367560
  -1.5806987  -2.8688070  -0.7337582  -1.8030873  -2.5743402   0.4637315
  -0.6791907  -3.7823324  -1.0955391  -0.5754385  -4.1387063  -2.0622530
   0.2741646  -4.4214653  -0.2079579  -0.0924936  -4.8649609   0.7898938
   0.7762362  -5.1861455  -0.7011277   1.1135405  -3.7865140   0.0342151
  -1.9631153  -0.6672078  -0.0062525  -0.3395748  -0.4245474   0.0629559
  -0.5227302   1.0177344   1.2865526  -1.8307331  -0.8020002   0.0568208
  -0.1442594  -0.3070897  -0.1815218   0.0021997  -0.2008128   0.3164417
  -0.2729743  -0.2711993   0.0918471  -1.1967757  -0.1673063   0.7977377
  -0.1307087  -0.0855445   0.0859547   0.2218621   0.4642933  -0.0786224
   0.1143211  -0.1863059   0.1499715  -1.0409968  -0.6579309  -0.3214247
  -1.2324628   1.2213857  -0.5765689   1.6445791  -0.2707345   1.6280761
  -0.2644316   0.2619993   0.1694122   0.3186002  -0.1105332  -0.1960080
   0.2505295   0.1233097   0.1959368  -0.5078720  -0.9772119   0.4067725
   0.1674994  -0.4322612   0.1877360   1.1100188   0.0196597  -0.7914670
   0.4284032   0.7042286   0.0138100  -0.5880992  -1.4307577  -0.2324258
