default_name                                                                    
   22  0.4200000E+03
  -3.8932385   0.6990166  -0.7051334  -3.0388130   1.0214827  -0.0938316
  -3.3322656   0.9069561   0.9082390  -2.8210927   2.0526451  -0.2700357
  -1.8457861   0.0428737  -0.2848853  -1.1308056   0.0975171  -1.2729214
  -1.6260437  -0.7191532   0.7967764  -2.3811743  -0.6623703   1.4934925
  -0.4047227  -1.4645982   1.1346271  -0.3851153  -1.7810226   2.1714117
  -0.3264450  -2.7542547   0.2466021  -1.2000312  -3.3608633   0.4066331
   0.5847642  -3.2413390   0.4707455  -0.3244822  -2.4502248  -0.8341830
   0.8933919  -0.6227551   1.0087070   1.2585117   0.0573570   1.9487155
   1.5736935  -0.6006708  -0.1346833   1.2035566  -1.2189537  -0.8385880
   2.9658045  -0.0840408  -0.3435449   3.6502117  -0.9216445  -0.0620099
   3.0167676   0.1903637  -1.3761494   3.1416257   0.7750166   0.3326120
  -0.2540878  -0.1842362  -0.8804820  -0.0241317   0.0100696  -0.1224816
  -1.2706826  -1.2353777  -0.3038498  -1.0454756  -1.2608856  -0.3333530
  -0.2845393   0.3807365   0.0502239   0.2225145  -0.2655027   0.0000472
  -0.1796462  -0.1726176  -0.0304922  -0.1288416  -0.4290043   1.3634056
   0.2646569  -0.1637083   0.2265508   0.0486199  -0.2236888  -1.0063698
  -0.1105713  -0.0580607   0.4961434   0.7726896  -0.1232442   1.8901213
  -0.2267698  -0.5602557   0.1457322  -0.3847787   1.0083222  -0.5467553
  -0.0981037   0.0259742  -0.0642617   0.3255350  -0.0342429   0.0777111
  -0.0767888   0.1599771  -0.0984398   1.3478469   0.2503412   0.4890727
  -0.0786832   0.2716157  -0.3480706  -0.9776714  -1.6772218  -0.7790922
  -0.5611665   0.3335144   0.0100937   1.1872035   0.3519607  -1.0550691
