default_name                                                                    
  -2.933  -0.983   0.557  -2.636  -0.194  -0.195  -3.182   0.712  -0.251  -2.755
  -0.634  -1.177  -1.153   0.142   0.015  -0.697   1.219  -0.321  -0.414  -0.785
   0.632  -0.835  -1.704   0.857   0.936  -0.466   1.188   0.887   0.528   1.736
   1.332  -1.662   2.079   2.390  -1.569   2.385   0.995  -2.558   1.593   0.766
  -1.713   3.021   2.021  -0.283  -0.015   3.188  -0.003   0.248   1.720  -0.531
  -1.284   0.794  -0.725  -1.473   2.773  -0.808  -2.295   2.381  -1.089  -3.240
   3.415   0.116  -2.366   3.479  -1.567  -1.978
  -3.135  -0.400   0.579  -2.558  -0.402  -0.371  -3.135   0.324  -0.966  -2.373
  -1.360  -0.771  -1.209   0.162   0.007  -0.937   1.311  -0.345  -0.377  -0.678
   0.613  -0.639  -1.622   0.715   0.934  -0.382   1.145   0.985   0.594   1.587
   1.154  -1.478   2.139   2.173  -1.391   2.497   1.033  -2.474   1.692   0.438
  -1.443   2.954   2.099  -0.308   0.165   3.152   0.344   0.423   1.908  -0.910
  -1.011   1.064  -1.488  -1.122   2.900  -0.786  -2.118   2.765  -1.574  -2.903
   2.603   0.150  -2.592   4.001  -0.734  -1.755
  -3.057  -1.144   0.457  -2.675  -0.590  -0.411  -3.319   0.201  -0.664  -2.564
  -1.209  -1.319  -1.345  -0.028   0.045  -0.958   1.110  -0.357  -0.625  -0.721
   0.907  -0.968  -1.640   1.090   0.704  -0.329   1.414   0.582   0.617   1.892
   1.121  -1.282   2.540   1.969  -0.985   3.084   1.257  -2.301   2.037   0.367
  -1.438   3.232   1.801  -0.101   0.284   2.807   0.596   0.524   1.615  -0.722
  -0.871   0.735  -1.255  -0.992   2.554  -0.643  -1.963   3.224  -1.492  -2.091
   1.949  -0.780  -2.851   3.137   0.306  -2.144
  -3.299   0.589   0.041  -2.779  -0.284  -0.170  -2.822  -0.637  -1.213  -3.118
  -1.070   0.551  -1.379   0.091   0.015  -0.925   1.247  -0.187  -0.595  -0.840
   0.618  -1.047  -1.749   0.816   0.666  -0.601   1.243   0.530   0.329   1.796
   0.853  -1.650   2.270   1.761  -1.532   2.762   0.741  -2.674   1.824   0.146
  -1.342   2.999   1.912  -0.301   0.308   2.864   0.482   0.694   1.838  -0.744
  -0.903   1.100  -1.327  -1.108   2.844  -0.473  -1.891   3.680  -1.135  -1.617
   2.355  -0.665  -2.807   3.339   0.549  -1.805
  -3.526  -0.243   0.573  -2.890  -0.530  -0.292  -3.218  -0.050  -1.184  -2.997
  -1.653  -0.483  -1.468  -0.074  -0.062  -1.128   0.994  -0.503  -0.687  -0.901
   0.594  -1.126  -1.754   0.863   0.654  -0.641   1.182   0.622   0.284   1.639
   0.887  -1.639   2.402   1.925  -1.602   2.780   0.689  -2.654   1.991   0.112
  -1.416   3.117   1.772  -0.545   0.140   2.865  -0.130   0.556   1.556  -0.806
  -1.183   0.640  -1.168  -1.370   2.529  -0.746  -2.270   3.529  -0.693  -1.936
   2.395  -1.633  -2.831   2.298   0.021  -3.005
  -3.389   0.832  -1.062  -2.693   0.015  -0.830  -2.558  -0.477  -1.760  -3.265
  -0.614  -0.230  -1.333   0.365  -0.116  -0.868   1.507  -0.187  -0.773  -0.601
   0.514  -1.259  -1.445   0.534   0.505  -0.462   1.135   0.613   0.557   1.577
   0.669  -1.448   2.299   1.544  -1.142   2.832   0.849  -2.485   1.899  -0.227
  -1.341   2.944   1.691  -0.646   0.170   2.832  -0.607   0.655   1.427  -0.995
  -1.125   0.467  -0.965  -1.427   2.444  -1.108  -2.137   3.167  -0.374  -1.871
   2.787  -2.129  -2.219   2.064  -0.654  -3.041
  -3.119   0.446  -1.323  -2.470  -0.405  -0.967  -2.190  -1.038  -1.799  -3.064
  -0.877  -0.239  -1.221   0.211  -0.275  -0.823   1.317  -0.626  -0.560  -0.567
   0.592  -1.008  -1.481   0.729   0.674  -0.183   1.300   0.560   0.775   1.795
   0.793  -1.341   2.350   1.839  -1.332   2.802   0.632  -2.387   1.889  -0.010
  -1.244   3.141   2.061  -0.202   0.384   3.217  -0.040   0.840   1.927  -0.659
  -0.882   0.989  -0.873  -1.247   3.005  -0.961  -1.788   3.643  -0.067  -1.765
   3.519  -1.844  -1.420   2.580  -1.179  -2.754
  -2.810   0.863  -1.238  -2.138   0.000  -1.208  -1.708  -0.084  -2.190  -2.641
  -0.883  -0.831  -0.975   0.272  -0.323  -0.398   1.391  -0.367  -0.557  -0.693
   0.495  -1.079  -1.522   0.564   0.716  -0.508   1.327   0.590   0.499   1.844
   0.848  -1.506   2.461   1.622  -1.253   3.209   1.204  -2.386   1.926  -0.139
  -1.693   2.732   1.952  -0.463   0.371   2.986   0.079   0.777   1.882  -1.070
  -0.833   1.105  -1.571  -1.138   2.944  -1.026  -1.791   2.886  -0.105  -2.329
   3.971  -1.193  -1.266   2.986  -1.768  -2.530
  -2.284   0.606  -1.740  -1.985  -0.252  -1.200  -1.657  -0.917  -1.939  -2.757
  -0.618  -0.527  -0.817   0.203  -0.323  -0.415   1.374  -0.387  -0.402  -0.734
   0.560  -0.635  -1.699   0.547   0.825  -0.520   1.350   0.696   0.458   1.833
   1.022  -1.756   2.272   2.014  -1.925   2.737   0.727  -2.725   1.800   0.363
  -1.618   3.128   2.149  -0.486   0.514   3.175  -0.073   1.058   1.993  -0.812
  -0.769   1.081  -0.979  -1.218   3.094  -1.044  -1.714   3.353  -0.089  -2.204
   3.885  -1.513  -1.184   2.778  -1.704  -2.517
  -2.384  -0.335  -1.974  -2.371  -0.579  -0.943  -2.541  -1.643  -0.737  -3.253
  -0.019  -0.485  -1.155  -0.038  -0.234  -0.749   1.124  -0.578  -0.574  -0.787
   0.734  -0.956  -1.675   0.998   0.651  -0.476   1.517   0.456   0.501   1.976
   0.882  -1.507   2.580   1.742  -1.160   3.168   1.027  -2.462   2.171   0.057
  -1.639   3.252   1.791  -0.266   0.582   2.759   0.319   0.995   1.858  -1.017
  -0.558   1.065  -1.583  -0.710   2.940  -0.978  -1.535   3.123   0.046  -1.828
   3.793  -1.435  -1.114   2.548  -1.463  -2.483
  -2.772  -1.305  -1.070  -2.563  -0.523  -0.265  -2.900  -1.074   0.591  -3.209
   0.323  -0.339  -1.152  -0.043  -0.037  -0.753   1.060  -0.373  -0.333  -0.846
   0.620  -0.608  -1.783   0.936   0.769  -0.275   1.456   0.460   0.645   1.954
   0.900  -1.351   2.430   1.884  -1.368   3.033   0.950  -2.386   2.036   0.181
  -1.409   3.249   2.062  -0.130   0.607   3.110   0.334   1.142   2.044  -0.657
  -0.638   1.092  -0.831  -1.006   3.138  -0.795  -1.558   2.788  -0.397  -2.593
   4.055  -0.226  -1.317   3.552  -1.809  -1.521
  -3.167  -0.024  -0.442  -2.164  -0.262  -0.655  -1.914   0.138  -1.583  -2.068
  -1.334  -0.727  -1.056   0.330   0.182  -1.014   1.554   0.177  -0.210  -0.439
   0.816  -0.440  -1.386   0.666   0.950  -0.068   1.659   0.615   0.751   2.275
   1.264  -1.267   2.533   2.123  -0.920   3.142   1.699  -2.067   1.886   0.525
  -1.625   3.207   2.220   0.352   0.816   3.051   1.055   1.412   2.498  -0.043
  -0.399   1.817  -0.706  -0.686   3.707   0.195  -1.128   3.520   0.112  -2.210
   4.153   1.108  -0.854   4.443  -0.645  -0.940
  -3.123  -0.804  -0.012  -2.472  -0.313  -0.731  -2.975   0.458  -1.332  -2.115
  -1.091  -1.371  -1.411   0.390   0.149  -1.408   1.559   0.230  -0.660  -0.374
   0.986  -0.933  -1.378   1.064   0.550   0.008   1.663   0.250   0.906   2.165
   0.841  -1.108   2.646   1.738  -1.002   3.188   0.769  -2.133   2.244   0.055
  -1.117   3.351   1.838   0.475   0.816   2.868   0.915   1.474   2.026   0.145
  -0.454   1.337  -0.297  -1.112   3.284   0.390  -1.179   2.995   1.079  -2.109
   4.057   1.026  -0.578   3.673  -0.603  -1.419
  -3.547   0.589   0.255  -2.772   0.162  -0.414  -2.744   0.336  -1.538  -2.961
  -0.988  -0.336  -1.449   0.591   0.124  -1.146   1.729  -0.117  -0.738  -0.305
   0.833  -1.041  -1.223   0.994   0.444   0.154   1.558   0.191   1.111   2.137
   0.824  -0.833   2.627   1.282  -0.386   3.530   1.458  -1.586   2.149   0.004
  -1.368   3.030   1.613   0.766   0.674   2.570   1.382   1.241   1.609   0.427
  -0.624   0.779  -0.030  -0.892   2.733   0.524  -1.567   2.533   1.324  -2.314
   3.655   0.635  -1.038   2.666  -0.368  -2.133
  -3.500   0.566  -0.743  -2.554   0.207  -1.129  -2.321   0.347  -2.185  -2.671
  -0.827  -1.038  -1.524   0.871  -0.245  -1.335   2.060  -0.300  -0.889  -0.063
   0.546  -1.153  -1.056   0.353   0.211   0.252   1.437  -0.172   0.976   2.198
   0.556  -1.060   2.298   1.142  -0.696   3.161   1.254  -1.641   1.640  -0.349
  -1.537   2.564   1.431   0.933   0.750   2.229   1.565   1.452   1.673   0.584
  -0.541   0.966  -0.037  -0.937   2.787   1.034  -1.327   2.911   2.105  -1.237
   3.771   0.508  -0.985   2.726   0.935  -2.453
  -3.116   0.453  -1.798  -2.874   0.039  -0.842  -2.654  -1.057  -0.886  -3.776
   0.267  -0.238  -1.667   0.727  -0.231  -1.343   1.845  -0.518  -0.864  -0.088
   0.528  -1.246  -1.038   0.664   0.122   0.343   1.496  -0.225   1.051   2.228
   0.426  -0.968   2.286   1.129  -1.671   1.825  -0.528  -1.580   2.450   0.874
  -0.666   3.288   1.365   1.026   0.789   1.919   1.966   1.340   1.800   0.647
  -0.437   1.432  -0.246  -0.847   3.010   1.205  -1.170   3.175   2.259  -0.825
   3.825   0.531  -1.065   2.754   1.298  -2.204
  -3.523   0.898  -0.883  -2.821   0.087  -0.664  -2.323  -0.327  -1.498  -3.356
  -0.703  -0.138  -1.777   0.773   0.180  -1.582   2.014   0.170  -0.988   0.005
   0.877  -0.974  -0.983   0.717   0.258   0.455   1.542  -0.067   1.268   2.217
   0.697  -0.746   2.423   0.711  -1.644   1.703  -0.016  -0.894   3.250   1.675
  -0.565   2.866   1.414   0.995   0.648   2.170   1.823   1.192   1.524   0.392
  -0.546   0.679  -0.081  -0.802   2.529   0.579  -1.500   3.433   0.164  -1.151
   2.300   0.079  -2.424   2.780   1.613  -1.697
  -3.929   1.298  -0.179  -3.141   0.671  -0.425  -2.937   0.990  -1.488  -3.449
  -0.392  -0.160  -1.897   1.176   0.263  -1.677   2.400   0.145  -1.088   0.287
   0.882  -1.298  -0.724   0.747   0.152   0.626   1.507  -0.112   1.380   2.216
   0.399  -0.522   2.431   0.577  -1.508   1.940  -0.288  -0.441   3.256   1.416
  -0.289   2.916   1.260   1.011   0.621   2.227   1.589   1.110   1.244   0.652
  -0.659   0.509   0.060  -0.947   2.215   0.919  -1.709   3.017   0.131  -1.748
   1.739   1.076  -2.655   2.738   1.836  -1.479
  -3.817   1.553  -0.118  -3.148   0.788   0.226  -3.217  -0.057  -0.559  -3.617
   0.388   1.126  -1.778   1.387   0.500  -1.575   2.478   0.095  -0.857   0.529
   1.035  -1.214  -0.376   1.365   0.451   0.967   1.557   0.178   1.711   2.265
   1.004  -0.272   2.277   1.104  -1.140   1.646   0.406  -0.712   3.178   1.957
   0.026   2.673   1.354   1.437   0.399   2.278   2.249   0.680   1.245   1.047
  -0.854   0.383   0.522  -1.172   2.375   1.049  -1.819   3.238   0.539  -1.349
   2.077   0.457  -2.668   2.653   2.069  -2.181
  -3.481   2.124  -0.701  -3.089   1.131  -0.472  -2.834   0.585  -1.310  -3.790
   0.496   0.148  -1.856   1.417   0.436  -1.658   2.528   0.877  -0.993   0.416
   0.624  -1.384  -0.497   0.514   0.248   0.641   1.332  -0.001   1.440   2.045
   0.697  -0.630   2.060   0.855  -1.491   1.407  -0.151  -1.021   2.729   1.536
  -0.512   2.709   1.366   1.246   0.386   2.217   2.031   0.766   1.385   0.759
  -0.861   0.697  -0.018  -0.963   2.106   1.296  -2.068   2.211   0.493  -2.725
   1.545   2.084  -2.594   3.143   1.593  -1.949
  -3.210   1.455  -1.550  -3.035   0.719  -0.760  -2.910  -0.318  -0.975  -4.038
   0.784  -0.256  -1.912   1.274   0.131  -1.865   2.430   0.488  -1.059   0.361
   0.443  -1.452  -0.573   0.161   0.233   0.505   1.107   0.015   1.068   2.066
   0.762  -0.894   1.455   0.766  -1.531   0.610   0.254  -1.366   2.258   1.769
  -0.822   1.871   1.205   1.344   0.326   2.109   1.960   0.970   1.183   1.188
  -1.031   0.442   0.565  -1.452   2.364   1.374  -1.976   2.481   0.373  -2.455
   2.075   2.048  -2.780   3.278   1.646  -1.446
  -3.688   1.753  -1.109  -2.860   1.035  -1.134  -2.449   0.807  -2.107  -3.368
   0.117  -0.877  -1.775   1.298  -0.080  -1.767   2.281   0.668  -0.882   0.285
  -0.020  -1.020  -0.537  -0.664   0.385   0.306   0.706   0.240   0.642   1.740
   0.875  -1.206   0.946   0.554  -1.767   0.070   0.405  -1.782   1.770   1.909
  -1.244   1.095   1.505   1.040  -0.134   2.396   1.573   0.495   1.334   1.158
  -1.493   0.583   0.781  -2.064   2.214   1.955  -2.307   2.315   1.558  -3.340
   1.946   2.970  -2.279   3.256   2.059  -1.937
  -2.547   1.198  -2.573  -2.979   0.713  -1.715  -2.986  -0.369  -1.929  -3.914
   1.088  -1.346  -2.038   0.816  -0.462  -1.911   1.888   0.194  -1.031  -0.146
  -0.424  -1.022  -0.899  -1.066   0.163   0.118   0.417  -0.216   0.626   1.251
   0.469  -1.309   0.818   0.773  -1.795  -0.122  -0.386  -1.699   1.306   1.365
  -1.316   1.488   1.215   0.863  -0.276   2.303   1.095   0.307   0.969   1.377
  -1.517   0.030   1.248  -1.850   1.798   2.332  -2.187   1.899   2.171  -3.319
   1.597   3.318  -1.931   2.866   2.217  -1.903
  -2.523   0.927  -2.843  -2.933   0.847  -1.856  -3.406  -0.096  -1.811  -3.752
   1.575  -1.873  -1.970   0.978  -0.697  -2.144   1.907   0.095  -1.070   0.076
  -0.681  -1.158  -0.682  -1.358  -0.025   0.066   0.314  -0.381   0.671   1.125
   0.245  -1.315   0.895   1.056  -1.824   0.498  -0.720  -1.920   0.632   0.313
  -1.280   2.055   1.179   0.946  -0.103   2.100   1.172   0.707   1.175   1.531
  -1.325   0.422   1.269  -1.921   2.386   2.307  -1.808   2.122   2.890  -2.637
   2.597   3.024  -1.038   3.355   1.806  -2.180
  -3.052   1.420  -2.915  -3.196   0.810  -2.034  -3.321  -0.190  -2.365  -4.075
   1.189  -1.613  -2.044   0.977  -0.898  -2.234   1.834  -0.085  -1.009   0.093
  -0.905  -1.036  -0.649  -1.606  -0.011   0.018   0.213  -0.442   0.337   1.154
   0.239  -1.484   0.363   0.588  -1.803  -0.662  -0.707  -2.056   0.646   1.098
  -1.690   1.007   1.292   0.746  -0.085   2.165   0.845   0.790   1.404   1.293
  -1.294   0.729   1.090  -1.978   2.505   2.052  -1.881   2.152   2.915  -2.353
   3.073   2.529  -1.049   3.120   1.342  -2.403
  -4.043   1.127  -2.097  -3.089   0.799  -2.331  -2.635   1.332  -3.257  -3.102
  -0.241  -2.550  -2.180   0.956  -1.162  -2.534   1.582  -0.179  -1.061   0.295
  -1.233  -1.007  -0.513  -1.921  -0.132   0.298  -0.075  -0.511   0.888   0.852
   0.015  -1.190   0.325   0.901  -1.482  -0.265  -0.963  -1.635   0.049   0.172
  -1.210   1.390   1.246   0.967  -0.294   2.069   1.045   0.629   1.431   1.360
  -1.566   0.611   1.397  -2.185   2.583   1.886  -2.337   2.516   2.916  -2.823
   3.586   1.768  -1.783   2.856   1.136  -3.213
  -4.208   0.241  -2.042  -3.206  -0.102  -2.279  -2.899   0.130  -3.268  -3.134
  -1.127  -2.285  -2.191   0.425  -1.290  -2.622   1.296  -0.480  -0.950  -0.145
  -1.274  -0.629  -0.716  -2.078   0.045  -0.060  -0.246  -0.457   0.362   0.633
   0.442  -1.555   0.145   0.820  -1.991  -0.795  -0.517  -2.131   0.448   1.070
  -1.546   1.011   1.273   0.777  -0.482   2.168   0.748   0.407   1.337   1.542
  -1.611   0.473   1.355  -2.139   2.625   1.914  -2.180   3.200   1.084  -2.694
   2.395   2.687  -2.904   3.284   2.447  -1.500
  -3.265  -0.700  -2.621  -2.998   0.287  -2.591  -3.867   0.898  -2.334  -2.660
   0.562  -3.638  -1.927   0.604  -1.513  -2.181   1.484  -0.737  -0.787  -0.112
  -1.445  -0.700  -0.843  -2.216   0.296  -0.153  -0.412  -0.126   0.420   0.462
   0.459  -1.561   0.186   1.138  -2.047  -0.548  -0.564  -1.955  -0.060   0.765
  -1.661   1.152   1.626   0.645  -0.733   2.613   0.705   0.040   1.599   1.378
  -1.920   0.648   1.420  -2.354   2.679   2.007  -2.569   3.603   1.425  -2.487
   2.466   2.306  -3.506   2.771   2.954  -2.123
  -3.242  -0.437  -2.189  -2.572   0.367  -2.483  -3.246   1.127  -2.897  -2.149
   0.008  -3.416  -1.571   0.768  -1.425  -1.727   1.844  -0.981  -0.530  -0.084
  -1.252  -0.651  -0.849  -1.918   0.650  -0.028  -0.357   0.330   0.224   0.664
   1.329  -1.406  -0.151   2.089  -1.666  -0.898   0.617  -2.156  -0.140   1.825
  -1.368   0.873   1.628   1.097  -0.852   2.814   1.195  -0.269   1.502   1.535
  -2.086   0.597   1.375  -2.544   2.499   2.330  -2.837   3.437   1.824  -2.710
   2.159   2.375  -3.879   2.590   3.398  -2.710
  -2.735  -0.255  -2.541  -2.099   0.682  -2.642  -2.530   1.611  -2.777  -1.484
   0.563  -3.551  -1.328   0.684  -1.327  -1.567   1.328  -0.383  -0.288  -0.067
  -1.413  -0.431  -0.896  -1.990   0.964   0.023  -0.586   0.692   0.185   0.464
   1.584  -1.317  -0.575   1.970  -1.546  -1.604   1.027  -2.190  -0.189   2.432
  -1.195   0.028   1.870   1.197  -1.064   2.442   1.829  -0.235   1.833   1.530
  -2.470   1.222   0.842  -2.945   2.297   2.670  -3.110   1.610   3.504  -2.888
   3.228   2.928  -2.639   2.269   2.504  -4.189
  -3.406  -0.015  -2.334  -2.412  -0.225  -2.947  -2.420   0.499  -3.755  -2.259
  -1.183  -3.443  -1.325   0.265  -2.044  -1.591   0.959  -1.105  -0.167  -0.314
  -2.117   0.034  -1.032  -2.845   0.860  -0.128  -1.040   0.377   0.096  -0.141
   1.534  -1.449  -0.759   1.454  -2.155  -1.642   0.936  -1.929  -0.005   2.673
  -1.419  -0.591   1.794   1.030  -1.341   2.310   1.561  -0.350   1.887   1.567
  -2.611   1.357   1.212  -3.342   2.810   2.758  -3.010   2.352   3.648  -2.597
   3.821   2.503  -2.515   2.914   2.802  -4.127
  -2.902   1.100  -2.654  -2.235   0.255  -2.742  -2.038   0.040  -3.799  -2.649
  -0.669  -2.328  -0.994   0.673  -2.009  -1.055   1.687  -1.279   0.108   0.026
  -2.146  -0.007  -0.887  -2.703   1.306   0.172  -1.227   0.956   0.282  -0.158
   2.233  -1.111  -1.370   2.374  -1.547  -2.352   1.649  -2.065  -1.095   3.204
  -0.936  -0.921   2.167   1.379  -1.513   2.488   2.070  -0.594   2.258   1.843
  -2.735   2.004   1.160  -3.470   3.090   3.004  -3.012   2.984   3.300  -4.038
   2.975   3.860  -2.307   4.163   2.618  -2.974
  -2.011  -1.559  -2.741  -2.115  -0.412  -2.692  -3.089  -0.268  -2.239  -2.260
  -0.125  -3.693  -0.969   0.375  -2.013  -1.220   1.393  -1.408   0.302  -0.254
  -2.002   0.295  -1.283  -2.113   1.329   0.279  -1.096   0.895   0.560  -0.172
   2.411  -0.809  -0.835   2.836  -0.976  -1.807   1.922  -1.639  -0.397   3.209
  -0.408  -0.211   1.907   1.625  -1.607   2.202   2.418  -0.705   2.109   1.888
  -2.895   1.753   1.222  -3.607   2.977   3.001  -3.375   3.224   2.907  -4.457
   2.540   3.935  -3.210   3.941   2.821  -2.851
  -2.441  -1.351  -2.580  -2.119  -0.417  -2.859  -3.026   0.223  -2.772  -1.526
  -0.359  -3.783  -1.134   0.273  -1.878  -1.628   1.163  -1.098   0.080  -0.258
  -1.819   0.361  -0.904  -2.570   1.190   0.494  -1.080   0.867   0.885  -0.147
   2.136  -0.632  -0.902   2.440  -1.133  -1.862   1.538  -1.363  -0.368   3.060
  -0.252  -0.392   1.818   1.694  -1.903   2.205   2.678  -1.209   2.042   1.609
  -3.199   1.862   0.766  -3.659   2.570   2.742  -3.967   2.984   2.265  -4.834
   1.847   3.493  -4.079   3.497   3.217  -3.590
  -2.062  -1.073  -3.340  -2.342  -0.148  -2.742  -3.030  -0.543  -2.093  -2.806
   0.644  -3.448  -1.359   0.415  -1.824  -1.684   1.285  -1.008  -0.123   0.012
  -2.006   0.034  -0.734  -2.568   0.998   0.583  -1.260   0.644   0.786  -0.258
   2.112  -0.496  -1.154   2.653  -0.681  -2.081   1.766  -1.383  -0.701   2.915
  -0.099  -0.547   1.510   1.913  -1.813   1.944   2.821  -1.069   1.336   2.138
  -3.090   0.669   1.535  -3.531   1.965   3.169  -3.955   2.864   2.752  -4.526
   1.268   3.583  -4.737   2.164   4.069  -3.388
  -2.375   0.178  -3.559  -2.480   0.033  -2.463  -2.546  -1.025  -2.087  -3.362
   0.648  -2.168  -1.242   0.668  -1.908  -1.386   1.632  -1.158  -0.063   0.019
  -2.065  -0.135  -0.869  -2.536   1.219   0.311  -1.377   1.089   0.318  -0.257
   2.158  -0.934  -1.669   2.538  -1.036  -2.674   1.649  -1.857  -1.314   2.959
  -0.689  -1.046   1.861   1.669  -1.695   2.377   2.467  -0.876   1.689   2.021
  -2.979   1.294   1.317  -3.626   2.381   3.139  -3.660   3.421   3.101  -3.737
   1.914   3.314  -4.553   2.164   4.054  -3.075
  -2.367   1.228  -3.098  -2.371   0.664  -2.175  -2.408  -0.339  -2.470  -3.241
   0.923  -1.632  -1.028   1.065  -1.577  -0.873   2.047  -0.728  -0.024   0.193
  -1.910  -0.202  -0.523  -2.579   1.338   0.179  -1.234   1.192   0.315  -0.173
   1.943  -1.251  -1.454   2.157  -1.374  -2.477   1.310  -2.027  -1.088   2.825
  -1.316  -0.835   2.300   1.284  -1.607   3.288   1.610  -0.903   2.178   1.664
  -2.880   1.418   1.159  -3.369   2.742   2.880  -3.517   3.846   2.640  -3.664
   2.302   3.069  -4.532   2.481   3.679  -2.861
  -2.767   0.029  -2.897  -2.374  -0.103  -1.876  -2.275  -1.153  -1.673  -3.201
   0.222  -1.298  -1.165   0.712  -1.495  -1.221   1.859  -0.875   0.026   0.120
  -1.719  -0.108  -0.731  -2.272   1.331   0.328  -1.080   1.049   0.351  -0.059
   2.057  -0.990  -1.297   2.332  -0.995  -2.402   1.314  -1.746  -1.182   2.969
  -1.166  -0.595   2.138   1.580  -1.544   2.862   2.133  -0.798   2.284   1.856
  -2.856   1.594   1.436  -3.423   3.177   2.930  -3.462   4.229   2.777  -3.161
   3.045   2.982  -4.526   2.799   3.938  -3.136
  -2.479   0.141  -2.991  -2.269  -0.098  -1.967  -2.263  -1.215  -1.820  -3.027
   0.393  -1.320  -0.985   0.461  -1.540  -1.026   1.570  -0.957   0.113  -0.283
  -1.833   0.027  -1.072  -2.438   1.390  -0.006  -1.075   1.197  -0.089  -0.001
   2.286  -1.228  -1.401   2.383  -1.251  -2.446   1.808  -2.153  -1.031   3.303
  -1.141  -0.923   2.196   1.266  -1.416   2.969   1.661  -0.591   2.071   1.922
  -2.567   1.547   1.376  -3.262   2.507   3.285  -2.938   3.438   3.445  -2.571
   2.569   3.307  -4.055   1.735   3.978  -2.729
  -2.694   1.040  -2.012  -2.320   0.074  -1.730  -2.201  -0.489  -2.701  -2.905
  -0.394  -1.076  -0.999   0.358  -1.169  -0.994   1.174  -0.263   0.034  -0.153
  -1.786  -0.152  -0.822  -2.421   1.373  -0.035  -1.267   1.488  -0.262  -0.212
   2.173  -1.132  -2.036   2.024  -1.082  -3.180   1.811  -2.159  -1.626   3.202
  -1.081  -1.853   2.053   1.293  -1.621   2.616   1.918  -0.714   1.914   1.817
  -2.850   1.312   1.310  -3.554   2.350   3.041  -3.323   3.003   2.946  -4.202
   1.572   3.683  -3.756   2.999   3.537  -2.621
  -2.675   1.166  -1.833  -2.301   0.147  -1.772  -2.187  -0.272  -2.800  -2.993
  -0.586  -1.393  -1.067   0.189  -0.872  -0.945   0.933   0.065  -0.039  -0.461
  -1.434  -0.162  -0.859  -2.375   1.333  -0.378  -1.005   1.390  -0.654   0.143
   2.180  -1.445  -1.638   2.035  -1.504  -2.741   1.890  -2.355  -1.273   3.146
  -1.245  -1.132   2.001   0.912  -1.227   2.813   1.330  -0.364   1.821   1.558
  -2.343   0.996   1.187  -2.869   2.325   2.865  -2.615   3.337   2.929  -2.288
   2.424   3.095  -3.701   1.704   3.684  -2.246
  -2.637   1.087  -1.394  -2.256   0.562  -0.475  -2.495  -0.528  -0.475  -2.595
   1.037   0.408  -0.740   0.521  -0.361  -0.190   1.251   0.527  -0.033  -0.175
  -1.292  -0.458  -0.788  -1.945   1.430  -0.212  -1.289   1.701  -0.674  -0.321
   1.885  -1.031  -2.515   1.149  -1.194  -3.256   2.336  -1.957  -2.166   2.790
  -0.625  -2.919   2.034   1.199  -1.138   2.781   1.514  -0.155   1.881   1.982
  -2.180   1.406   1.595  -2.938   2.612   3.291  -2.378   3.566   3.050  -2.769
   2.134   4.074  -2.997   2.640   3.789  -1.432
  -2.647   0.859  -1.866  -2.480   0.817  -0.717  -2.920  -0.105  -0.321  -3.026
   1.681  -0.308  -1.036   0.856  -0.395  -0.672   1.435   0.575  -0.235   0.227
  -1.243  -0.666  -0.471  -1.850   1.216   0.046  -0.995   1.394  -0.455  -0.041
   1.781  -0.980  -2.067   1.234  -1.966  -2.063   2.848  -1.201  -1.913   1.683
  -0.426  -3.038   1.951   1.405  -0.966   2.521   1.783   0.044   1.744   2.227
  -1.949   1.036   1.929  -2.682   2.365   3.465  -2.082   3.438   3.290  -1.946
   2.278   3.862  -3.122   2.046   4.249  -1.386
  -2.813   0.568  -2.193  -2.646   0.375  -1.096  -2.758  -0.682  -0.842  -3.348
   1.012  -0.574  -1.223   0.598  -0.559  -0.981   1.348   0.369  -0.193   0.055
  -1.227  -0.351  -0.398  -2.056   1.160   0.260  -0.673   1.070   0.135   0.452
   2.078  -0.882  -1.292   1.506  -1.815  -1.393   2.955  -1.118  -0.671   2.348
  -0.594  -2.277   1.719   1.666  -0.802   2.668   1.971  -0.090   1.320   2.437
  -1.782   0.571   2.119  -2.273   1.999   3.678  -2.184   3.071   3.572  -1.843
   1.915   3.746  -3.194   1.697   4.637  -1.703
  -2.527   0.627  -2.066  -2.571   0.469  -1.056  -2.727  -0.550  -0.823  -3.342
   1.042  -0.475  -1.222   0.773  -0.465  -1.055   1.579   0.474  -0.192   0.114
  -1.030  -0.273  -0.522  -1.803   1.179   0.257  -0.535   1.222   0.087   0.540
   2.043  -0.913  -1.162   1.693  -1.894  -0.765   3.078  -0.698  -1.020   2.077
  -1.071  -2.280   1.711   1.684  -0.913   2.479   2.178  -0.130   1.260   2.436
  -1.956   0.646   1.984  -2.620   1.733   3.746  -2.255   1.909   4.282  -1.367
   2.759   3.666  -2.795   0.972   4.334  -2.811
  -2.502   0.121  -1.842  -2.429   0.456  -0.819  -2.932  -0.154  -0.100  -2.959
   1.424  -0.867  -1.008   0.727  -0.372  -0.826   1.428   0.572   0.036  -0.002
  -0.804  -0.116  -0.738  -1.518   1.358   0.311  -0.394   1.408   0.196   0.710
   2.299  -0.772  -0.981   2.013  -1.756  -0.745   3.229  -0.599  -0.422   2.608
  -0.515  -2.082   1.837   1.754  -0.686   2.811   2.226  -0.064   1.383   2.474
  -1.691   0.679   2.086  -2.268   2.057   3.600  -2.265   3.064   3.216  -2.592
   1.499   3.972  -3.134   2.208   4.396  -1.530
  -2.005   0.404  -2.008  -2.289   0.676  -0.998  -2.761  -0.168  -0.465  -3.060
   1.471  -0.978  -0.941   1.035  -0.310  -0.775   2.146   0.254   0.009   0.140
  -0.551  -0.306  -0.657  -1.028   1.390   0.373  -0.307   1.483   0.357   0.783
   2.126  -0.814  -0.858   1.583  -1.677  -0.744   3.107  -0.956  -0.430   2.195
  -0.660  -1.913   1.896   1.817  -0.725   2.580   2.379   0.141   1.444   2.348
  -1.889   0.622   1.862  -2.341   1.819   3.747  -2.312   2.151   3.692  -3.386
   1.005   4.461  -2.200   2.666   4.101  -1.646
  -2.603   0.566  -1.680  -2.413   0.575  -0.558  -2.597  -0.480  -0.293  -3.009
   1.276   0.053  -0.907   1.034  -0.425  -0.688   2.144  -0.016   0.028   0.075
  -0.736  -0.233  -0.779  -1.208   1.465   0.355  -0.517   1.657   0.327   0.522
   2.301  -0.750  -1.129   1.934  -1.706  -0.702   3.210  -0.699  -0.626   2.385
  -0.551  -2.238   2.035   1.773  -1.014   2.848   2.436  -0.310   1.477   2.236
  -2.188   0.942   1.562  -2.737   1.479   3.645  -2.721   0.556   3.647  -3.294
   1.379   4.351  -1.825   2.377   3.674  -3.318
  -2.675  -0.166  -1.939  -2.528   0.230  -0.872  -2.833  -0.625  -0.192  -3.225
   1.006  -0.705  -1.177   0.720  -0.395  -1.037   1.657   0.361  -0.136   0.155
  -1.022  -0.282  -0.460  -1.711   1.311   0.407  -0.641   1.396   0.585   0.385
   2.248  -0.809  -0.943   1.995  -1.646  -0.305   3.298  -0.630  -0.695   2.166
  -0.991  -2.019   1.815   1.672  -1.265   2.993   1.940  -0.930   1.082   2.368
  -2.136   0.115   2.102  -2.462   1.473   3.740  -2.512   0.828   4.180  -3.193
   1.696   4.369  -1.650   2.416   3.614  -3.088
  -2.667   0.197  -1.736  -2.374  -0.205  -0.793  -2.159  -1.244  -0.939  -3.093
  -0.145   0.025  -1.120   0.508  -0.395  -1.076   1.467   0.358  -0.052   0.010
  -0.984  -0.241  -0.868  -1.526   1.340   0.304  -0.592   1.297   0.694   0.399
   2.099  -0.986  -0.652   1.681  -1.898  -0.138   3.104  -0.716  -0.246   2.233
  -1.351  -1.642   2.000   1.466  -1.400   3.222   1.639  -1.281   1.148   2.329
  -1.907   0.170   2.211  -1.801   1.736   3.601  -2.431   1.085   4.171  -3.095
   2.010   4.295  -1.591   2.703   3.448  -2.965
  -3.233   0.740  -1.711  -2.608  -0.080  -1.399  -2.385  -0.696  -2.248  -2.958
  -0.766  -0.624  -1.245   0.485  -0.925  -1.171   1.410  -0.079  -0.193  -0.134
  -1.435  -0.170  -0.784  -2.164   1.156   0.193  -0.907   1.020   0.231   0.211
   2.019  -0.948  -1.114   1.599  -1.838  -0.706   2.993  -0.727  -0.665   2.206
  -1.059  -2.188   1.916   1.492  -1.373   3.082   1.810  -0.992   1.290   2.221
  -2.291   0.416   1.961  -2.627   1.785   3.496  -2.867   0.950   3.900  -3.423
   2.116   4.192  -2.101   2.531   3.268  -3.628
  -3.352   0.552  -0.692  -2.551   0.047  -1.346  -2.759   0.403  -2.354  -2.730
  -0.995  -1.258  -1.191   0.534  -0.901  -1.095   1.492  -0.167  -0.157  -0.101
  -1.377  -0.356  -0.905  -1.996   1.234   0.127  -1.018   1.321   0.113   0.065
   2.111  -1.017  -1.532   1.639  -1.967  -1.194   3.101  -0.893  -1.185   2.207
  -1.041  -2.563   1.827   1.500  -1.343   2.963   1.791  -0.898   1.143   2.265
  -2.216   0.327   1.846  -2.742   1.699   3.509  -2.695   1.014   4.073  -3.352
   1.972   4.237  -1.956   2.593   3.276  -3.291
  -2.478  -1.202  -0.620  -2.322  -0.424  -1.303  -3.073   0.312  -1.411  -2.208
  -0.890  -2.264  -1.052   0.305  -0.899  -1.116   1.174  -0.049   0.085  -0.123
  -1.401  -0.043  -0.937  -2.013   1.451   0.330  -0.990   1.418   0.419   0.109
   2.376  -0.718  -1.549   2.096  -1.693  -1.061   3.401  -0.517  -1.421   2.268
  -0.842  -2.634   1.885   1.753  -1.477   2.781   2.327  -0.893   1.213   2.349
  -2.442   0.587   1.714  -2.925   1.610   3.633  -3.048   0.851   3.901  -3.813
   1.671   4.463  -2.334   2.613   3.513  -3.403
  -2.434  -1.568  -1.070  -2.144  -0.653  -1.551  -2.892   0.019  -1.530  -1.732
  -0.854  -2.559  -0.955  -0.051  -0.793  -1.152   0.605   0.236   0.198  -0.211
  -1.343   0.184  -0.793  -2.147   1.503   0.286  -0.948   1.633   0.097   0.102
   2.545  -0.604  -1.684   2.453  -1.602  -1.199   3.543  -0.165  -1.528   2.205
  -0.537  -2.729   1.707   1.764  -1.293   2.376   2.385  -0.504   1.159   2.175
  -2.405   0.566   1.501  -2.862   1.236   3.555  -2.868   2.008   3.593  -3.669
   0.255   3.896  -3.278   1.425   4.218  -2.034
  -1.567  -1.849  -2.064  -2.026  -0.895  -1.778  -2.926  -1.003  -1.044  -2.351
  -0.438  -2.679  -0.913  -0.075  -1.224  -1.261   0.514  -0.155   0.347  -0.188
  -1.734   0.418  -0.889  -2.478   1.477   0.408  -1.020   1.359   0.324   0.019
   2.784  -0.260  -1.353   2.782  -1.227  -0.743   3.636   0.374  -1.056   2.813
  -0.505  -2.466   1.662   1.926  -1.390   2.265   2.697  -0.708   1.185   2.315
  -2.552   0.552   1.649  -2.949   1.359   3.610  -3.231   2.446   3.766  -3.326
   0.932   3.461  -4.250   0.996   4.418  -2.642
