default_name                                                                    
   22  0.3977500E+03
  -1.3011743  -1.8585655  -0.6273129  -1.2657400  -2.4817515   0.2605902
  -1.5923720  -3.4807080   0.0719805  -1.8181608  -2.0214344   1.0851666
   0.2341518  -2.5650950   0.5729138   0.8553365  -3.4914450   0.1860199
   0.7413447  -1.5461622   1.2511043   0.0601830  -0.9434419   1.7168763
   2.1823422  -1.1829875   1.5603123   2.0724652  -0.1741883   1.9509018
   2.7035142  -2.0579931   2.7251014   1.8858872  -2.0641146   3.4328222
   3.6289881  -1.7571243   3.2261613   2.8723436  -3.0539014   2.2923891
   3.2359620  -1.1293432   0.4310187   3.9628747  -0.1553626   0.4503630
   3.1531303  -1.9537222  -0.6536154   2.4446175  -2.6130028  -0.6745649
   3.7682493  -1.6852662  -1.9196547   4.8225071  -1.4324538  -1.8837381
   3.6929837  -2.5765976  -2.5362163   3.1578644  -0.9616960  -2.4624025
  -0.0499559  -1.4018989   1.5918696   0.2020485   0.0100665   0.1224896
   0.1226425  -0.1120799  -0.1987477  -0.0764090   0.1244812   0.9669545
   0.0312580   0.1109866  -0.1712766   0.0060957  -0.0599939   0.1846498
   0.0075229   0.0927513  -0.0441102  -0.3856361   0.7326633  -0.5163332
  -0.4284631   0.2138677  -0.0958191  -1.0881223  -0.4072631  -0.1729761
   0.0364155  -0.0420387   0.1369711  -0.0303076   0.9153675   0.4414072
  -0.3819711  -0.4456182   0.2610350  -0.3391484  -0.5717654   1.0904523
  -0.3933985   0.1805235  -0.1255859   0.0186771   0.2300326   0.1562045
  -0.2184939   0.3313815  -0.0380060  -1.8224546  -0.1294442  -1.0005029
   0.1617907   0.4009163  -0.0354119  -0.6668965   1.0825788   0.1845578
  -0.2692131   1.2612350   0.9678915  -0.3607974  -0.2871163  -0.4868811
