default_name                                                                    
  -3.410   1.768   0.099  -3.436   0.642  -0.062  -4.061   0.472  -0.938  -3.784
   0.152   0.853  -2.102   0.110  -0.507  -1.865  -0.290  -1.611  -1.132   0.202
   0.390  -1.385   0.398   1.369   0.250  -0.238   0.218   0.735  -0.044   1.136
   0.287  -1.785   0.045   1.308  -2.143   0.083  -0.086  -2.057  -0.981  -0.265
  -2.288   0.855   1.043   0.523  -0.894   2.251   0.687  -0.712   0.425   1.031
  -1.955  -0.589   0.710  -1.926   0.833   2.052  -2.968   0.483   1.756  -3.929
   0.270   2.965  -2.798   1.883   2.106  -3.084
  -3.335   1.556   0.867  -3.349   0.530   0.540  -4.137   0.448  -0.178  -3.359
  -0.075   1.451  -2.127   0.136  -0.167  -2.112  -0.202  -1.325  -1.052   0.284
   0.586  -1.280   0.361   1.561   0.388   0.007   0.232   0.880   0.209   1.134
   0.511  -1.489  -0.149   1.548  -1.688  -0.255   0.079  -1.912  -1.035   0.090
  -1.953   0.716   1.012   0.963  -0.867   2.199   1.186  -0.824   0.275   1.474
  -1.829  -0.750   1.446  -1.851   0.840   1.967  -3.115   0.794   1.279  -3.950
   0.254   2.850  -3.371   1.861   2.323  -2.898
  -3.220   1.295   0.801  -3.356   0.312   0.482  -4.201   0.296  -0.222  -3.418
  -0.405   1.360  -2.144   0.007  -0.380  -2.261  -0.479  -1.484  -0.985   0.202
   0.360  -1.113   0.495   1.312   0.412  -0.150   0.092   1.008   0.215   0.946
   0.715  -1.605   0.102   1.756  -1.804   0.399   0.414  -2.237  -0.819   0.084
  -2.126   0.810   1.005   0.585  -1.129   2.243   0.767  -1.017   0.240   1.049
  -2.144  -0.704   0.720  -2.310   0.709   2.172  -2.882   1.132   2.015  -3.866
  -0.182   2.848  -3.013   1.379   2.774  -2.305
  -3.466   0.442   1.319  -3.204  -0.492   0.817  -3.963  -0.604   0.070  -3.161
  -1.358   1.442  -1.971  -0.345   0.058  -2.036  -0.612  -1.182  -0.834   0.012
   0.662  -0.887   0.350   1.582   0.589  -0.109   0.206   1.174   0.248   1.081
   1.017  -1.582   0.061   2.097  -1.648   0.103   0.604  -2.015  -0.854   0.524
  -2.017   0.957   1.111   0.950  -0.834   2.288   1.384  -0.753   0.190   1.519
  -1.617  -0.694   0.992  -1.776   0.505   2.568  -2.633  -0.308   2.838  -3.293
   0.884   3.492  -2.189   1.180   2.167  -3.353
  -3.011   0.425   1.785  -3.063  -0.223   0.910  -3.720   0.386   0.214  -3.486
  -1.155   1.264  -1.719  -0.453   0.269  -1.608  -1.257  -0.694  -0.772   0.239
   0.818  -1.049   0.875   1.588   0.728   0.200   0.597   1.159   0.763   1.492
   1.227  -1.260   0.514   2.326  -1.101   0.499   0.820  -1.710  -0.426   0.864
  -1.815   1.397   1.171   1.041  -0.639   2.297   1.460  -0.645   0.346   1.146
  -1.668  -0.567   0.704  -1.498   0.410   2.256  -2.658  -0.589   2.388  -3.094
   0.779   3.168  -2.326   1.171   1.932  -3.459
  -2.628  -0.393   2.063  -2.827  -0.532   0.945  -3.389   0.301   0.624  -3.460
  -1.474   0.893  -1.388  -0.610   0.188  -1.301  -1.317  -0.872  -0.317  -0.043
   0.769  -0.564   0.449   1.541   1.115  -0.116   0.321   1.695   0.449   1.000
   1.599  -1.608   0.418   2.673  -1.658   0.080   1.109  -2.181  -0.412   1.342
  -2.096   1.386   1.456   0.675  -0.966   2.483   1.268  -0.980   0.598   0.668
  -1.974  -0.112  -0.040  -1.829   0.718   1.301  -3.289   0.345   2.316  -3.289
   1.713   1.282  -3.624   0.180   0.736  -4.060
  -2.648  -0.419   2.116  -2.729  -0.034   1.074  -2.738   1.036   1.289  -3.610
  -0.376   0.566  -1.504  -0.410   0.395  -1.494  -1.186  -0.569  -0.460   0.097
   0.915  -0.607   0.820   1.622   0.972   0.026   0.514   1.447   0.599   1.319
   1.408  -1.368   0.846   2.374  -1.551   0.403   0.799  -2.161   0.340   1.481
  -1.580   1.938   1.323   0.711  -0.858   2.368   1.304  -0.910   0.617   0.544
  -1.957  -0.141  -0.106  -1.913   0.764   1.395  -3.154   0.200   2.347  -3.030
   1.845   1.635  -3.247   0.354   0.949  -4.113
  -3.555  -0.394   1.641  -3.072   0.427   1.032  -2.916   1.274   1.740  -3.755
   0.668   0.194  -1.752  -0.217   0.538  -1.794  -1.102  -0.322  -0.694   0.210
   1.143  -0.814   0.959   1.823   0.749   0.002   0.815   1.330   0.461   1.638
   1.104  -1.482   0.958   2.213  -1.418   0.993   0.824  -2.026   0.077   0.791
  -1.928   1.885   1.160   0.642  -0.511   2.232   1.233  -0.611   0.364   0.391
  -1.525  -0.427  -0.237  -1.328   0.348   1.054  -2.862  -0.480   0.594  -3.304
   0.137   2.122  -2.986   1.297   0.857  -3.415
  -3.847  -0.045  -0.318  -3.149   0.487   0.253  -3.398   0.281   1.260  -3.038
   1.533  -0.005  -1.789  -0.108  -0.018  -1.686  -0.972  -0.864  -0.721   0.204
   0.786  -0.822   0.936   1.486   0.716  -0.069   0.471   1.265   0.317   1.295
   1.181  -1.516   0.591   2.260  -1.568   0.788   0.865  -2.154  -0.286   0.628
  -1.873   1.457   1.374   0.489  -0.769   2.320   1.270  -0.789   0.700   0.142
  -1.928  -0.198  -0.303  -1.852   0.799   0.808  -3.184  -0.120   0.846  -3.603
   0.955   1.850  -2.945   1.590   0.499  -3.805
  -4.009   0.345  -0.928  -3.350   0.481  -0.068  -3.660  -0.019   0.890  -3.359
   1.557   0.176  -1.885   0.061  -0.414  -1.679  -0.590  -1.353  -0.985   0.534
   0.409  -1.281   1.236   1.019   0.487   0.197   0.372   0.964   0.757   1.127
   0.876  -1.321   0.618   1.782  -1.599   0.280   0.134  -1.970   0.197   0.838
  -1.305   1.738   1.199   0.704  -0.973   2.053   1.640  -0.879   0.826   0.109
  -2.078   0.021  -0.468  -1.943   1.376   0.364  -3.454   0.703  -0.195  -4.179
   1.465   1.367  -3.673   2.395  -0.022  -3.685
  -4.317  -0.280  -0.281  -3.499   0.460  -0.022  -3.675   0.897   1.003  -3.523
   1.258  -0.766  -2.054  -0.165  -0.124  -1.890  -1.195  -0.821  -1.030   0.461
   0.392  -1.401   1.259   0.854   0.422   0.342   0.385   0.670   1.306   0.782
   0.768  -0.822   1.332   1.809  -1.104   1.194   0.079  -1.642   1.094   0.551
  -0.595   2.304   1.041   0.305  -1.050   2.194   0.754  -1.201   0.286  -0.106
  -2.117  -0.526  -0.618  -1.883   0.719   0.204  -3.519   0.177   1.044  -3.834
   1.773   0.355  -3.644   0.565  -0.649  -4.201
  -3.986  -0.371   0.091  -3.368   0.581   0.341  -3.509   0.726   1.386  -3.597
   1.486  -0.259  -2.012  -0.004   0.074  -1.825  -1.005  -0.638  -0.956   0.722
   0.643  -1.097   1.597   1.128   0.475   0.383   0.621   1.081   1.214   1.129
   0.643  -0.940   1.366   1.689  -1.074   1.672   0.493  -1.798   0.608  -0.095
  -1.114   2.201   1.143   0.366  -0.801   2.336   0.799  -0.961   0.441   0.196
  -1.879  -0.454  -0.247  -1.700   0.926   0.093  -3.293   0.172  -0.065  -3.970
   1.365   1.032  -3.699   1.730  -0.627  -3.366
  -3.788  -0.310   0.963  -3.241   0.425   0.363  -3.178   1.332   0.936  -3.800
   0.736  -0.562  -1.892  -0.097   0.055  -1.819  -0.910  -0.883  -0.803   0.487
   0.670  -1.088   1.324   1.159   0.576   0.151   0.622   0.992   0.723   1.488
   0.666  -1.247   1.053   1.662  -1.659   1.019   0.012  -1.864   0.476   0.239
  -1.410   2.107   1.431   0.422  -0.741   2.526   0.910  -0.662   0.977   0.090
  -1.948   0.082  -0.404  -1.903   1.566   0.504  -3.196   0.988   0.032  -4.017
   1.524   1.600  -3.180   2.643   0.073  -3.293
  -3.912   0.491  -0.536  -3.144   0.880   0.195  -3.516   0.558   1.126  -3.257
   1.973   0.278  -1.846   0.208  -0.204  -1.694  -0.538  -1.205  -0.786   0.627
   0.467  -0.920   1.191   1.261   0.684   0.172   0.407   1.238   0.789   1.144
   0.790  -1.215   0.800   0.288  -1.404   1.737   1.864  -1.475   0.947   0.351
  -1.797  -0.033   1.478   0.507  -0.910   2.502   1.094  -0.654   0.942   0.411
  -2.150  -0.032   0.022  -2.251   1.757   0.609  -3.374   2.119  -0.399  -3.627
   1.118   1.147  -4.118   2.501   1.315  -3.104
  -3.909   0.443  -0.495  -3.240   0.815   0.227  -3.517   0.443   1.211  -3.405
   1.859   0.155  -1.838   0.389  -0.134  -1.758  -0.487  -1.066  -0.778   0.857
   0.636  -1.007   1.518   1.341   0.619   0.396   0.571   1.163   0.697   1.512
   0.625  -1.113   0.856   0.066  -1.266   1.748   1.672  -1.399   1.065   0.192
  -1.813   0.185   1.411   0.810  -0.763   2.463   1.415  -0.700   0.965   0.370
  -1.882   0.134  -0.238  -1.810   1.241   0.905  -3.235   0.822   0.352  -4.118
   0.572   1.751  -3.198   2.293   1.346  -3.341
  -2.898   1.610  -0.204  -2.944   0.695   0.283  -3.841   0.079   0.010  -2.922
   0.772   1.408  -1.678  -0.025  -0.149  -1.657  -1.049  -0.869  -0.605   0.395
   0.546  -0.892   1.012   1.324   0.882   0.193   0.393   1.408   0.786   1.165
   1.397  -1.154   0.793   0.857  -1.460   1.674   2.454  -1.081   1.086   1.360
  -1.771  -0.080   1.491   0.768  -0.914   2.371   1.674  -0.947   1.074   0.141
  -2.066   0.423  -0.645  -2.065   1.738   0.493  -3.399   1.656  -0.344  -4.156
   1.244   1.482  -3.782   2.830   0.622  -3.305
  -3.426   1.346  -0.042  -3.071   0.444   0.381  -3.830  -0.217  -0.141  -3.209
   0.338   1.471  -1.703   0.051  -0.081  -1.704  -0.617  -1.093  -0.637   0.446
   0.586  -0.711   1.042   1.454   0.780   0.093   0.451   1.337   0.526   1.331
   0.995  -1.458   0.648   0.853  -1.663   1.691   2.050  -1.797   0.343   0.234
  -2.016   0.057   1.429   0.593  -0.833   1.853   1.767  -0.890   1.360  -0.215
  -1.876   0.913  -1.107  -1.744   1.733   0.203  -3.199   1.836  -0.729  -3.791
   0.956   0.778  -3.596   2.686   0.862  -3.248
  -3.609  -0.186  -0.885  -3.009   0.244  -0.055  -3.438  -0.101   0.852  -3.045
   1.283  -0.072  -1.578  -0.237  -0.270  -1.399  -1.098  -1.067  -0.647   0.253
   0.611  -1.096   0.931   1.259   0.822   0.189   0.642   1.072   0.937   1.310
   1.348  -1.210   1.065   0.778  -1.535   1.928   2.320  -1.025   1.489   1.233
  -2.031   0.232   1.483   0.689  -0.686   2.090   1.750  -0.672   1.193   0.048
  -1.774   0.563  -0.732  -1.707   1.902   0.247  -3.037   1.782  -0.728  -3.537
   1.341   0.960  -3.652   2.960   0.642  -2.981
  -3.461  -0.414  -0.564  -2.782   0.512  -0.472  -2.904   0.811   0.584  -2.854
   1.305  -1.181  -1.370  -0.181  -0.386  -0.963  -1.020  -1.147  -0.582   0.331
   0.508  -0.862   1.162   1.115   0.920   0.195   0.540   1.460   0.801   1.365
   1.412  -1.214   1.051   1.275  -1.408   2.111   2.470  -1.357   0.913   0.815
  -1.997   0.521   1.618   0.757  -0.704   2.061   1.920  -0.740   1.682  -0.065
  -1.778   0.963  -0.735  -1.897   2.220   0.435  -3.072   3.133  -0.160  -3.378
   1.364   0.487  -3.807   2.388   1.507  -3.067
  -2.971   0.657  -0.939  -2.176   1.098  -0.293  -2.486   1.312   0.693  -1.850
   2.007  -0.771  -1.032   0.080  -0.226  -0.916  -0.890  -0.890  -0.179   0.428
   0.747  -0.407   1.320   1.167   1.221  -0.035   0.788   1.770   0.630   1.465
   1.295  -1.388   1.371   1.988  -1.303   2.217   1.896  -1.980   0.669   0.337
  -1.835   1.536   1.898   0.337  -0.609   2.644   1.329  -0.665   1.710  -0.574
  -1.612   0.920  -1.281  -1.522   2.088  -0.227  -2.961   3.133  -0.044  -2.937
   1.873  -1.121  -3.536   1.779   0.775  -3.331
  -2.907   0.556  -0.991  -2.251   0.852  -0.173  -2.755   0.757   0.827  -1.960
   1.911  -0.423  -1.077  -0.109  -0.115  -1.009  -1.125  -0.737  -0.039   0.325
   0.616  -0.252   1.237   0.965   1.340  -0.063   0.675   1.821   0.580   1.374
   1.567  -1.515   1.293   2.639  -1.706   1.549   1.168  -2.314   0.645   1.076
  -1.411   2.212   2.075   0.300  -0.687   2.942   1.231  -0.739   1.859  -0.542
  -1.737   1.168  -1.251  -1.577   2.361  -0.338  -3.102   3.320  -0.755  -3.350
   1.747  -0.933  -3.836   2.282   0.775  -3.146
  -2.821   0.040   1.048  -2.384   0.650   0.267  -2.510   1.743   0.514  -3.051
   0.443  -0.599  -1.036   0.093  -0.044  -0.953  -0.815  -0.864   0.029   0.673
   0.575  -0.242   1.478   1.115   1.480   0.128   0.731   1.909   0.759   1.448
   1.386  -1.353   1.151   2.425  -1.746   1.195   0.807  -1.879   0.399   1.006
  -1.318   2.142   2.254   0.335  -0.689   3.332   0.993  -0.640   1.681  -0.172
  -1.789   0.883  -0.595  -1.615   2.151   0.039  -3.169   2.921  -0.695  -3.505
   1.334   0.023  -3.918   2.608   1.004  -3.246
  -3.237  -0.345   0.112  -2.560   0.561   0.135  -2.590   0.934   1.168  -3.002
   1.107  -0.745  -1.179   0.082  -0.148  -1.004  -0.868  -0.910  -0.213   0.713
   0.620  -0.404   1.304   1.324   1.297   0.434   0.637   1.825   1.065   1.387
   1.546  -1.043   1.221   2.493  -1.059   1.606   1.434  -1.802   0.515   0.910
  -1.234   2.051   2.024   0.711  -0.759   2.813   1.616  -0.796   1.765  -0.108
  -1.750   1.001  -0.785  -1.516   2.218   0.046  -3.162   2.920  -0.709  -3.570
   1.277  -0.066  -3.772   2.679   0.996  -3.439
  -2.357   0.876   1.236  -2.281   0.087   0.435  -2.735   0.466  -0.489  -2.871
  -0.794   0.722  -0.879  -0.228   0.076  -0.667  -0.702  -0.985   0.051   0.183
   0.993  -0.246   0.668   1.789   1.534   0.032   0.717   2.014   0.789   1.405
   2.158  -1.225   1.210   3.251  -1.303   1.081   1.690  -2.140   0.710   1.977
  -1.201   2.189   2.097   0.639  -0.632   2.843   1.610  -0.524   1.870   0.091
  -1.869   1.108  -0.411  -1.830   2.283   0.609  -3.184   2.264  -0.202  -3.952
   1.945   1.580  -3.473   3.310   0.735  -3.224
  -2.706  -0.663   1.276  -2.432  -0.066   0.425  -2.627   1.008   0.606  -2.982
  -0.355  -0.422  -1.029  -0.193   0.011  -0.741  -0.752  -1.083  -0.070   0.244
   0.855  -0.401   0.788   1.633   1.332   0.105   0.615   1.831   0.623   1.391
   1.713  -1.326   1.156   2.712  -1.573   0.746   0.980  -2.081   0.712   1.688
  -1.439   2.258   2.039   0.654  -0.643   2.805   1.522  -0.607   1.733   0.066
  -1.794   0.951  -0.643  -1.755   1.981   0.587  -3.174   1.330   0.058  -3.797
   1.771   1.669  -3.184   3.011   0.367  -3.374
  -3.179   0.027   0.943  -2.649   0.293   0.001  -2.498   1.331   0.082  -3.120
  -0.014  -0.944  -1.194  -0.219  -0.080  -0.889  -1.015  -0.854  -0.303   0.074
   0.900  -0.672   0.750   1.505   1.134   0.033   0.835   1.476   0.590   1.712
   1.481  -1.437   1.146   2.401  -1.398   1.689   1.423  -2.147   0.254   0.875
  -1.782   1.960   1.860   0.697  -0.359   2.624   1.696  -0.177   1.945  -0.004
  -1.487   1.291  -0.793  -1.568   2.523   0.594  -2.711   1.951   0.140  -3.559
   2.567   1.632  -2.610   3.543   0.361  -2.841
  -2.717   0.024   1.107  -2.453   0.117   0.116  -2.456   1.166  -0.165  -3.205
  -0.470  -0.505  -1.013  -0.284  -0.088  -0.802  -0.898  -1.144  -0.126   0.179
   0.768  -0.519   0.391   1.650   1.305  -0.054   0.811   1.652   0.511   1.704
   1.562  -1.535   0.985   2.613  -1.567   1.235   1.662  -2.200   0.093   0.984
  -2.058   1.738   2.162   0.527  -0.256   2.973   1.357   0.078   2.260   0.013
  -1.510   1.713  -0.844  -1.590   2.887   0.562  -2.758   2.335   1.467  -3.118
   3.981   0.574  -2.649   2.763  -0.136  -3.594
  -2.796  -0.086   0.542  -2.390   0.240  -0.366  -2.569   1.299  -0.620  -2.959
  -0.264  -1.175  -0.949  -0.123  -0.410  -0.575  -1.007  -1.104  -0.217   0.287
   0.589  -0.538   1.027   1.154   1.143   0.040   0.881   1.383   0.785   1.713
   1.422  -1.278   1.437   2.436  -1.582   1.436   0.923  -2.006   0.829   1.049
  -1.364   2.481   2.186   0.475  -0.177   2.975   1.503  -0.052   2.339  -0.278
  -1.290   1.826  -1.140  -1.354   3.480  -0.114  -2.221   3.531   0.852  -2.709
   4.379  -0.268  -1.689   3.384  -1.009  -2.875
  -3.259  -0.137  -0.832  -2.644   0.479  -0.191  -2.827   0.292   0.885  -2.929
   1.482  -0.249  -1.152   0.231  -0.355  -0.745  -0.102  -1.468  -0.322   0.406
   0.760  -0.721   0.888   1.488   1.151   0.053   1.017   1.352   0.676   1.874
   1.251  -1.335   1.612   2.182  -1.362   2.047   1.080  -2.051   0.847   0.428
  -1.467   2.300   2.062   0.433  -0.204   2.531   1.583  -0.303   2.287  -0.579
  -1.099   1.809  -1.480  -0.756   3.383  -0.779  -2.093   3.529   0.015  -2.827
   4.324  -0.838  -1.486   3.276  -1.792  -2.483
  -3.040   0.823  -0.832  -2.473   1.059   0.020  -2.784   0.465   0.885  -2.522
   2.154   0.159  -1.112   0.825  -0.260  -0.806   0.203  -1.250  -0.339   1.051
   0.776  -0.753   1.583   1.531   1.006   0.356   1.083   1.373   0.986   1.938
   0.683  -1.061   1.444   1.554  -1.606   1.769   0.459  -1.522   0.506  -0.270
  -1.250   2.080   2.007   0.523  -0.070   2.674   1.546  -0.143   2.023  -0.355
  -1.078   1.216  -0.875  -1.255   3.065  -0.403  -2.128   3.630   0.555  -2.170
   3.795  -1.152  -1.790   2.545  -0.604  -3.031
  -2.998   0.679  -1.048  -2.365   1.141  -0.348  -2.822   1.115   0.629  -2.187
   2.153  -0.726  -1.015   0.480  -0.242  -0.709  -0.199  -1.226  -0.377   0.479
   0.976  -0.900   0.449   1.785   0.905  -0.093   1.172   1.205   0.140   2.242
   0.659  -1.585   1.263   1.521  -2.050   1.621   0.611  -2.075   0.276  -0.244
  -2.051   1.742   2.083   0.297   0.307   2.833   1.192   0.646   2.294  -0.421
  -0.825   1.428  -0.874  -1.034   3.404  -0.253  -1.810   4.339  -0.626  -1.308
   3.289  -0.918  -2.667   3.782   0.697  -1.976
  -1.908   1.584  -1.388  -2.115   0.920  -0.510  -2.980   0.228  -0.538  -2.349
   1.523   0.405  -0.900   0.018  -0.300  -0.317  -0.619  -1.199  -0.410  -0.046
   0.959  -0.801   0.541   1.560   0.960  -0.333   1.464   0.954   0.126   2.356
   1.160  -1.873   1.763   2.183  -2.132   2.012   0.760  -2.342   0.765   0.389
  -2.165   2.555   2.056   0.476   0.669   2.379   1.588   1.075   2.547  -0.155
  -0.390   2.096  -1.087  -0.468   3.559   0.212  -1.406   3.908  -0.721  -1.843
   3.247   0.853  -2.203   4.433   0.559  -0.860
  -2.245   0.662  -1.834  -2.048   0.901  -0.765  -2.960   0.427  -0.394  -2.183
   2.046  -0.644  -0.701   0.238  -0.266  -0.196  -0.492  -1.071  -0.374   0.335
   1.030  -0.972   0.967   1.492   0.916  -0.250   1.509   1.114  -0.064   2.511
   0.889  -1.733   1.555   1.711  -2.130   2.212   0.817  -2.199   0.630  -0.089
  -1.886   1.982   2.115   0.361   0.782   2.874   1.152   1.408   2.611  -0.075
  -0.425   1.960  -0.796  -0.874   3.706   0.558  -1.086   4.072  -0.170  -1.863
   3.369   1.543  -1.535   4.683   0.702  -0.439
  -2.429   1.048  -1.137  -2.076   0.979  -0.142  -2.815   0.982   0.670  -1.499
   1.829  -0.048  -1.039  -0.140   0.084  -0.655  -0.691  -0.928  -0.311  -0.170
   1.237  -0.835   0.129   2.083   1.051  -0.674   1.411   1.195  -0.302   2.412
   1.096  -2.256   1.354   2.016  -2.621   1.752   0.779  -2.567   0.346   0.307
  -2.555   2.069   2.209  -0.042   0.594   2.536   1.163   0.939   2.698  -0.495
  -0.574   2.308  -1.371  -0.898   3.691   0.132  -1.376   4.673  -0.256  -1.194
   3.383  -0.149  -2.437   3.667   1.282  -1.162
  -3.051   0.573  -0.696  -2.187   1.225  -0.322  -2.486   1.672   0.654  -2.044
   2.093  -1.029  -0.919   0.303  -0.123  -0.345  -0.307  -1.023  -0.483   0.212
   1.138  -0.791   0.927   1.792   0.898  -0.327   1.498   1.005   0.080   2.459
   0.857  -1.791   1.777   0.179  -2.076   2.521   1.851  -1.989   2.132   0.635
  -2.302   0.854   2.016   0.121   0.574   2.527   1.229   0.762   2.342  -0.636
  -0.527   1.837  -1.483  -0.597   3.640  -0.532  -1.269   3.662  -1.195  -2.059
   3.749   0.504  -1.582   4.475  -0.802  -0.618
  -2.874   0.811  -1.295  -2.147   1.310  -0.698  -2.622   1.903   0.103  -1.916
   1.813  -1.516  -0.921   0.494  -0.326  -0.506  -0.462  -0.964  -0.230   0.919
   0.782  -0.546   1.783   1.216   1.047   0.353   1.141   1.294   0.879   2.076
   0.941  -1.065   1.616   0.152  -1.112   2.322   1.867  -1.454   1.971   0.491
  -1.574   0.793   2.222   0.632   0.114   2.824   1.759   0.150   2.637  -0.298
  -0.791   2.005  -1.055  -1.112   3.800  -0.049  -1.628   4.165  -1.047  -1.932
   3.390   0.435  -2.550   4.419   0.689  -1.095
  -3.189   1.272  -0.432  -2.425   1.533  -1.112  -1.996   2.529  -0.745  -2.630
   1.699  -2.172  -1.188   0.734  -0.822  -0.724  -0.042  -1.690  -0.586   0.825
   0.345  -1.194   1.146   1.106   0.601   0.020   0.783   0.858   0.280   1.743
   0.118  -1.445   0.962  -0.766  -1.346   1.597   0.820  -1.988   1.419  -0.249
  -1.826   0.104   1.936   0.279   0.049   2.602   1.250   0.391   2.486  -0.698
  -0.690   2.010  -1.543  -0.710   3.612  -0.660  -1.598   3.765  -1.590  -2.269
   3.518   0.226  -2.175   4.576  -0.452  -1.015
  -2.979   1.761   0.654  -2.556   1.643  -0.452  -2.495   2.622  -0.919  -3.195
   1.014  -1.097  -1.113   1.050  -0.371  -0.604   0.787  -1.450  -0.525   0.779
   0.805  -1.027   0.941   1.626   0.665  -0.014   1.193   0.847   0.389   2.216
   0.299  -1.526   1.318  -0.578  -1.748   1.992   1.163  -1.943   1.819   0.296
  -2.052   0.370   2.032   0.252   0.545   2.894   0.956   1.078   2.266  -0.552
  -0.573   1.529  -1.004  -1.075   3.601  -0.669  -1.179   3.769  -1.577  -1.781
   3.835   0.167  -1.825   4.423  -0.551  -0.414
  -2.156   2.805  -0.247  -2.210   1.660  -0.236  -2.573   1.370  -1.189  -3.033
   1.354   0.461  -0.985   0.853  -0.063  -0.417   0.544  -1.084  -0.523   0.659
   1.144  -1.107   1.028   1.880   0.527  -0.223   1.458   0.586   0.018   2.456
   0.022  -1.630   1.300  -0.615  -1.812   2.083   0.990  -2.255   1.581  -0.404
  -1.795   0.208   1.966  -0.069   0.788   2.779   0.640   1.400   2.127  -0.349
  -0.564   1.366  -0.934  -0.968   3.417  -0.282  -1.253   3.257  -0.656  -2.308
   3.810   0.771  -1.197   4.340  -0.914  -0.851
  -2.633   2.144   1.340  -2.627   1.653   0.449  -2.867   2.278  -0.454  -3.442
   0.865   0.557  -1.357   0.819   0.112  -1.061   0.446  -1.034  -0.731   0.401
   1.223  -0.902   0.949   2.095   0.279  -0.604   1.289   0.300  -0.727   2.400
  -0.163  -1.913   0.710  -1.112  -2.034   1.133   0.501  -2.727   1.083  -0.187
  -1.928  -0.373   1.769  -0.335   0.962   2.416   0.099   1.947   2.126  -0.481
  -0.326   1.440  -0.744  -1.004   3.541  -0.431  -0.683   3.755  -0.506  -1.737
   4.055   0.427  -0.328   4.053  -1.341  -0.173
  -2.068   2.534   1.262  -2.247   1.887   0.320  -2.351   2.412  -0.715  -3.176
   1.478   0.551  -1.287   0.684   0.144  -0.844   0.390  -0.995  -0.995  -0.041
   1.262  -1.627   0.137   2.035   0.032  -1.153   1.252   0.102  -1.397   2.287
  -0.306  -2.324   0.375  -1.351  -2.678   0.565   0.456  -3.088   0.717  -0.127
  -2.316  -0.702   1.431  -0.527   1.042   1.890   0.219   1.900   1.966  -0.804
  -0.176   1.521  -1.423  -0.798   3.025   0.007  -0.855   2.738   0.152  -1.867
   3.292   0.905  -0.245   3.978  -0.559  -0.805
  -2.897   1.093   1.413  -2.564   1.214   0.359  -2.548   2.244   0.142  -3.381
   0.838  -0.165  -1.423   0.315   0.080  -0.844   0.357  -0.959  -1.062  -0.567
   1.046  -1.576  -0.549   1.933   0.054  -1.500   0.940   0.289  -1.978   1.921
  -0.433  -2.662   0.025  -1.255  -3.234   0.402   0.363  -3.290  -0.202  -0.930
  -2.287  -0.945   1.528  -0.968   0.527   2.215  -0.439   1.377   1.867  -1.033
  -0.748   1.396  -1.630  -1.384   2.747  -0.052  -1.303   2.967  -0.363  -2.389
   2.347   0.971  -1.430   3.626   0.136  -0.736
  -1.872   1.471   1.235  -2.516   0.745   0.640  -2.950   1.340  -0.099  -3.330
   0.344   1.245  -1.652  -0.307   0.086  -1.313  -0.248  -1.105  -1.364  -1.236
   0.892  -1.608  -1.026   1.868  -0.056  -2.046   0.850   0.216  -2.247   1.929
  -0.398  -3.355   0.119  -1.193  -3.874   0.646   0.534  -3.993   0.227  -0.710
  -3.172  -0.906   1.202  -1.098   0.490   1.993  -0.902   1.481   1.588  -0.726
  -0.740   0.956  -0.753  -1.542   2.921  -0.336  -1.112   3.307  -1.187  -1.618
   2.885   0.452  -1.843   3.526  -0.018  -0.208
  -2.564   1.140   1.307  -2.833   0.683   0.330  -2.831   1.403  -0.575  -3.757
   0.112   0.401  -1.544  -0.169   0.120  -1.069  -0.229  -0.996  -1.099  -0.965
   1.103  -1.539  -0.756   2.051   0.051  -1.878   1.097   0.019  -2.072   2.115
  -0.388  -3.241   0.473  -1.317  -3.587   0.950   0.205  -4.130   0.729  -0.589
  -3.109  -0.574   1.416  -1.352   0.671   2.203  -0.835   1.557   1.666  -1.399
  -0.612   0.908  -1.776  -1.166   2.740  -0.670  -1.325   2.330   0.285  -1.778
   3.675  -0.327  -0.734   3.154  -1.193  -2.221
  -2.436   1.032   1.257  -2.778   0.603   0.347  -2.667   1.402  -0.254  -3.827
   0.218   0.419  -1.739  -0.388  -0.045  -1.399  -0.393  -1.281  -1.150  -1.081
   0.971  -1.428  -0.699   1.901  -0.196  -2.226   0.813  -0.216  -2.632   1.805
  -0.940  -3.296   0.095  -1.833  -3.489   0.737  -0.356  -4.183  -0.065  -1.230
  -3.011  -0.906   1.184  -1.744   0.304   1.979  -1.125   0.996   1.486  -2.049
  -0.961   0.764  -2.478  -1.551   2.742  -1.737  -1.733   2.458  -1.075  -2.606
   3.522  -1.274  -1.073   3.167  -2.680  -2.058
  -1.547   2.033   0.768  -2.188   1.206   0.740  -3.105   1.307   0.157  -2.420
   0.866   1.692  -1.303   0.067   0.187  -0.866   0.103  -0.972  -0.914  -0.885
   1.113  -1.296  -0.673   2.056   0.011  -2.043   0.870   0.117  -2.538   1.876
  -0.671  -2.988  -0.086  -1.668  -3.198   0.265  -0.209  -3.949  -0.026  -0.783
  -2.697  -1.107   1.501  -1.682   0.435   2.281  -1.170   1.270   1.635  -1.532
  -0.915   0.842  -1.915  -1.417   2.887  -1.275  -1.593   2.839  -1.412  -2.729
   3.125  -0.252  -1.341   3.757  -1.841  -1.128
  -2.612   1.735  -0.072  -2.002   1.416   0.744  -2.583   1.045   1.627  -1.191
   2.129   1.101  -1.279   0.230   0.254  -0.754   0.395  -0.847  -1.181  -0.889
   1.009  -1.717  -0.869   1.866  -0.272  -1.975   0.832  -0.233  -2.419   1.846
  -0.870  -3.021  -0.203  -1.991  -2.966  -0.014  -0.307  -3.954  -0.296  -0.889
  -2.402  -1.119   1.144  -1.511   0.582   1.952  -1.325   1.489   1.542  -1.531
  -0.685   0.843  -1.708  -1.419   2.822  -0.985  -1.098   3.351  -1.568  -1.838
   2.599  -0.061  -1.610   3.426  -0.678  -0.199
  -2.410   2.203  -0.242  -2.079   1.528   0.544  -2.944   1.205   1.075  -1.459
   2.196   1.239  -1.167   0.360   0.103  -0.518   0.452  -0.935  -1.042  -0.706
   0.954  -1.553  -0.749   1.800  -0.220  -1.901   0.721  -0.195  -2.520   1.638
  -0.813  -2.729  -0.398  -1.867  -3.033  -0.162  -0.246  -3.665  -0.493  -0.835
  -2.096  -1.353   1.206  -1.475   0.513   1.885  -1.102   1.473   1.739  -1.463
  -0.727   1.355  -1.936  -1.510   3.027  -0.813  -0.991   3.378  -1.056  -2.028
   2.810   0.236  -1.080   3.758  -1.112  -0.178
  -1.494   2.375   0.146  -2.078   1.529   0.476  -3.115   1.503   0.064  -2.053
   1.502   1.606  -1.254   0.387   0.007  -0.978   0.243  -1.191  -1.018  -0.629
   0.908  -1.273  -0.481   1.907  -0.279  -1.879   0.823  -0.315  -2.348   1.895
  -0.896  -2.902  -0.094  -1.897  -2.968   0.173  -0.410  -3.854  -0.057  -0.724
  -2.494  -1.076   1.191  -1.514   0.541   1.952  -1.198   1.423   1.587  -1.671
  -0.729   0.810  -1.815  -1.320   2.784  -1.067  -1.285   2.552  -0.651  -2.278
   3.122  -0.296  -0.681   3.558  -1.800  -1.365
  -2.148   2.129   0.543  -2.370   1.219  -0.020  -2.738   1.309  -0.950  -3.178
   0.777   0.565  -1.238   0.325  -0.151  -0.529   0.468  -1.141  -0.955  -0.567
   0.846  -1.603  -0.573   1.622  -0.101  -1.758   0.788  -0.005  -2.213   1.718
  -0.797  -2.865  -0.019  -1.776  -3.207   0.346  -0.133  -3.800  -0.026  -0.962
  -2.451  -0.986   1.365  -1.388   0.368   2.201  -1.206   1.220   1.604  -1.295
  -0.980   0.843  -1.301  -1.667   2.975  -1.208  -1.481   2.917  -1.105  -2.579
   3.583  -0.354  -1.164   3.552  -2.192  -1.302
  -2.392   1.509   1.163  -2.528   1.083   0.259  -2.299   1.891  -0.510  -3.529
   0.728   0.184  -1.491   0.021   0.090  -0.944  -0.070  -0.970  -1.280  -0.957
   1.038  -1.546  -0.813   1.970  -0.269  -2.052   0.827  -0.168  -2.555   1.832
  -0.796  -3.064  -0.201  -1.813  -3.245   0.074  -0.158  -4.033  -0.026  -0.657
  -2.693  -1.194   1.165  -1.554   0.602   1.788  -1.309   1.619   1.643  -1.430
  -0.641   1.103  -1.834  -1.356   2.919  -0.902  -1.002   2.869  -0.056  -1.781
   3.606  -0.604  -0.200   3.432  -1.688  -1.494
  -2.459   1.103   1.187  -2.704   0.805   0.178  -2.639   1.585  -0.568  -3.596
   0.190   0.213  -1.596  -0.133  -0.223  -1.263  -0.082  -1.371  -1.207  -0.939
   0.711  -1.538  -0.677   1.590  -0.174  -2.013   0.566  -0.100  -2.571   1.513
  -0.704  -3.065  -0.423  -1.686  -3.363  -0.106  -0.152  -3.983  -0.355  -0.676
  -2.709  -1.449   1.247  -1.360   0.449   1.878  -0.964   1.470   1.766  -1.363
  -0.776   1.108  -1.650  -1.511   3.099  -0.988  -1.122   3.155  -0.846  -2.152
   3.453  -0.096  -0.683   3.806  -1.780  -0.937
  -2.982   0.834   0.718  -2.997   0.320  -0.252  -3.176   1.130  -1.043  -3.731
  -0.504  -0.398  -1.680  -0.329  -0.456  -1.010  -0.068  -1.449  -1.343  -1.142
   0.532  -2.075  -1.244   1.278  -0.121  -1.962   0.671  -0.132  -2.362   1.670
  -0.164  -3.245  -0.148  -1.097  -3.695  -0.113   0.510  -3.979   0.251   0.022
  -3.161  -1.217   1.215  -1.170   0.472   1.665  -0.655   1.478   1.803  -1.186
  -0.744   1.340  -1.633  -1.506   3.226  -0.733  -1.085   3.568  -1.105  -2.052
   3.378   0.350  -1.115   3.934  -0.997  -0.324
  -3.026   1.170  -0.428  -3.161   0.227  -0.915  -3.339   0.424  -1.936  -4.104
  -0.218  -0.556  -1.861  -0.558  -0.856  -1.078  -0.485  -1.827  -1.598  -1.267
   0.247  -2.221  -1.149   1.000  -0.390  -2.030   0.554  -0.406  -2.139   1.618
  -0.505  -3.443  -0.034  -1.487  -3.760   0.266   0.282  -4.131   0.357  -0.490
  -3.493  -1.036   0.984  -1.329   0.354   1.444  -0.620   1.214   1.695  -1.532
  -0.809   1.144  -1.930  -1.604   3.148  -1.072  -1.078   3.465  -1.613  -1.947
   3.174  -0.069  -1.318   3.753  -1.528  -0.270
  -3.796   0.457   0.249  -3.424   0.090  -0.709  -3.205   0.903  -1.360  -4.065
  -0.620  -1.185  -2.052  -0.522  -0.591  -1.310  -0.518  -1.591  -1.709  -1.029
   0.615  -2.437  -1.102   1.267  -0.506  -1.852   0.896  -0.540  -1.950   1.984
  -0.720  -3.210   0.278  -1.518  -3.695   0.860   0.146  -3.948   0.396  -1.024
  -3.139  -0.702   0.766  -1.120   0.609   1.385  -0.593   1.540   1.319  -1.167
  -0.635   0.799  -1.546  -1.451   2.665  -0.731  -1.034   2.729  -0.688  -2.152
   2.847   0.261  -0.644   3.358  -1.541  -0.799
  -3.586   1.028  -0.109  -3.471   0.094  -0.687  -3.605   0.394  -1.694  -4.270
  -0.598  -0.443  -2.006  -0.460  -0.595  -1.109  -0.156  -1.370  -1.694  -1.063
   0.566  -2.560  -1.289   1.057  -0.366  -1.594   0.978  -0.336  -1.567   2.080
  -0.231  -3.113   0.575  -1.036  -3.746   0.984   0.710  -3.500   1.024  -0.230
  -3.265  -0.513   0.833  -0.682   0.565   1.308   0.258   1.260   1.381  -1.059
  -0.577   0.789  -1.618  -1.145   2.672  -0.658  -1.099   2.700  -0.959  -2.161
   2.771   0.448  -1.168   3.516  -1.180  -0.601
  -3.556   0.916  -0.324  -3.221  -0.014  -0.812  -3.445  -0.037  -1.922  -3.792
  -0.852  -0.436  -1.781  -0.354  -0.580  -1.021  -0.204  -1.493  -1.482  -0.848
   0.604  -2.163  -1.020   1.284  -0.241  -1.602   0.893  -0.352  -1.674   1.979
  -0.217  -3.059   0.341  -1.100  -3.511   0.805   0.711  -3.558   0.682  -0.222
  -3.001  -0.779   1.077  -0.821   0.588   1.657  -0.209   1.500   1.634  -1.006
  -0.661   1.191  -1.723  -1.299   2.681  -0.202  -1.243   3.307  -0.898  -1.856
   2.211   0.578  -1.822   3.377   0.221  -0.506
  -3.140   1.290   0.215  -3.070   0.485  -0.426  -3.211   0.851  -1.428  -3.856
  -0.301  -0.278  -1.675  -0.120  -0.372  -0.882   0.138  -1.316  -1.358  -0.892
   0.640  -2.096  -1.023   1.342  -0.115  -1.711   0.774  -0.037  -1.940   1.838
  -0.292  -3.033  -0.014  -1.023  -3.644   0.523   0.634  -3.589  -0.131  -0.644
  -2.882  -1.070   1.253  -0.983   0.652   1.600  -0.174   1.512   1.843  -1.135
  -0.542   1.395  -1.815  -1.198   3.163  -0.528  -0.984   3.448  -0.930  -1.970
   3.065   0.553  -1.093   3.686  -0.776  -0.061
  -3.922   0.233  -0.194  -3.105   0.875  -0.460  -2.984   1.697   0.225  -3.309
   1.376  -1.434  -1.833   0.051  -0.475  -1.112   0.163  -1.485  -1.626  -0.693
   0.600  -2.377  -0.693   1.312  -0.480  -1.576   0.753  -0.543  -1.866   1.846
  -0.461  -2.938  -0.025  -1.457  -3.347   0.225   0.311  -3.678   0.344  -0.392
  -2.716  -1.053   0.880  -0.829   0.587   1.276  -0.107   1.458   1.657  -1.081
  -0.425   1.236  -1.438  -1.237   2.973  -0.487  -0.547   3.680  -1.267  -0.887
   2.906   0.310  -1.261   3.391  -0.159   0.434
  -3.893   0.699  -0.705  -3.039   1.021  -0.094  -3.332   0.907   0.908  -2.821
   2.053  -0.270  -1.846   0.043  -0.285  -1.131   0.098  -1.273  -1.626  -0.719
   0.797  -2.381  -0.662   1.493  -0.405  -1.465   1.135  -0.385  -1.781   2.171
  -0.326  -2.754   0.247  -1.200  -3.361   0.407   0.585  -3.241   0.471  -0.324
  -2.450  -0.834   0.893  -0.623   1.009   1.259   0.057   1.949   1.574  -0.601
  -0.135   1.204  -1.219  -0.839   2.966  -0.084  -0.344   3.650  -0.922  -0.062
   3.017   0.190  -1.376   3.142   0.775   0.333
