default_name                                                                    
   2.128   4.018   4.119   1.683   4.871   3.626   1.967   5.693   4.185   0.597
   4.833   3.562   2.217   5.076   2.204   1.463   4.857   1.261   3.494   5.334
   2.016   3.934   5.674   2.852   4.277   5.158   0.795   4.676   6.107   0.470
   5.571   4.362   1.244   6.242   4.234   0.418   5.280   3.426   1.560   6.063
   4.881   2.083   3.587   4.607  -0.510   3.229   5.415  -1.350   3.374   3.238
  -0.630   3.748   2.598   0.020   2.805   2.626  -1.837   1.921   2.000  -1.691
   2.451   3.415  -2.528   3.561   2.068  -2.287
   2.448   5.000   4.272   1.680   5.240   3.583   1.273   6.189   3.804   0.873
   4.451   3.533   2.225   5.203   2.177   1.374   5.154   1.230   3.556   5.184
   2.051   4.086   5.405   2.918   4.436   5.084   0.907   4.752   6.124   0.805
   5.658   4.187   1.183   6.282   4.220   0.335   5.367   3.096   1.543   6.206
   4.656   1.944   3.778   4.689  -0.419   3.404   5.599  -1.229   3.529   3.377
  -0.581   3.898   2.838   0.195   3.172   2.653  -1.885   2.486   1.834  -1.607
   2.746   3.314  -2.640   4.052   2.303  -2.323
   1.040   6.083   4.050   1.831   5.338   4.021   1.277   4.434   4.349   2.630
   5.537   4.711   2.268   5.154   2.607   1.479   5.063   1.719   3.592   5.219
   2.447   4.143   5.205   3.266   4.380   5.317   1.182   4.567   6.388   0.972
   5.714   4.584   1.607   6.468   4.544   0.844   5.590   3.521   1.827   6.160
   5.113   2.471   3.880   4.738  -0.160   4.026   5.365  -1.208   3.288   3.519
  -0.236   3.036   3.064   0.628   3.055   2.845  -1.509   2.425   1.961  -1.349
   2.404   3.428  -2.128   4.039   2.672  -1.936
   0.397   5.077   3.843   1.478   5.047   3.975   1.760   4.067   4.342   1.851
   5.681   4.765   2.045   5.347   2.622   1.296   5.336   1.682   3.360   5.214
   2.481   3.944   5.269   3.350   4.172   5.618   1.279   3.912   6.695   1.049
   5.603   5.493   1.802   6.390   5.774   0.999   5.795   4.455   1.988   5.707
   5.992   2.778   3.992   4.821  -0.057   4.533   5.286  -1.064   3.204   3.695
  -0.071   2.919   3.251   0.803   2.796   3.026  -1.326   2.287   2.055  -1.172
   2.107   3.732  -1.801   3.794   2.945  -1.867
   0.649   4.297   3.722   1.474   5.013   3.873   2.208   4.767   4.698   1.066
   5.955   4.151   2.077   5.202   2.476   1.308   5.532   1.538   3.390   5.126
   2.409   3.804   4.557   3.076   4.237   5.284   1.236   4.394   6.398   1.063
   5.640   4.729   1.556   6.259   4.774   0.676   5.594   3.695   1.865   5.918
   5.364   2.315   3.801   4.809  -0.116   3.846   5.478  -1.174   3.305   3.515
  -0.142   3.076   3.062   0.776   2.907   2.666  -1.203   2.518   1.802  -0.686
   2.055   3.014  -1.785   3.748   2.414  -1.811
   1.073   6.029   4.100   1.790   5.263   3.934   1.373   4.279   4.075   2.556
   5.434   4.664   2.381   5.519   2.657   1.604   5.686   1.704   3.697   5.403
   2.511   4.342   5.328   3.312   4.431   5.514   1.249   4.654   6.584   1.134
   5.785   4.921   1.527   6.342   4.802   0.565   5.773   3.944   1.997   6.434
   5.552   2.117   3.814   5.050  -0.095   3.723   5.713  -1.107   3.498   3.759
  -0.119   3.479   3.286   0.764   3.163   2.963  -1.315   2.241   2.438  -1.225
   3.015   3.545  -2.248   4.038   2.427  -1.476
   1.000   5.268   4.555   2.056   5.043   4.312   2.316   3.979   4.530   2.612
   5.778   4.873   2.313   5.232   2.771   1.432   5.725   2.008   3.578   5.127
   2.473   4.279   5.016   3.232   4.164   5.647   1.259   4.016   6.691   1.345
   5.659   5.463   1.427   6.219   6.041   0.723   5.917   4.512   1.274   5.992
   5.730   2.395   3.579   5.256  -0.109   3.658   6.040  -1.062   3.106   4.000
  -0.200   2.947   3.479   0.689   2.668   3.395  -1.455   2.442   2.333  -1.242
   1.676   3.795  -1.785   3.465   3.547  -2.151
   0.662   4.465   3.950   1.747   4.482   3.911   1.999   3.417   3.717   2.019
   4.820   4.823   2.267   5.333   2.744   1.524   6.056   2.037   3.520   5.009
   2.424   4.098   4.508   3.017   4.205   5.573   1.332   4.062   6.608   1.513
   5.610   5.164   1.489   6.028   5.713   0.670   5.791   3.985   1.367   5.918
   5.439   2.501   3.568   5.178   0.045   3.534   5.987  -0.886   3.158   3.859
  -0.065   3.540   3.297   0.663   2.414   3.330  -1.204   1.913   2.474  -0.760
   1.550   3.927  -1.578   2.886   3.049  -2.152
   0.924   4.094   3.481   1.922   4.331   3.910   2.568   3.435   3.931   1.866
   4.894   4.918   2.486   5.225   2.819   1.749   5.971   2.171   3.799   5.299
   2.692   4.400   4.710   3.342   4.495   5.873   1.395   4.501   6.925   1.441
   6.018   5.461   1.384   6.562   6.027   0.649   6.069   4.424   1.060   6.452
   5.642   2.386   3.896   5.490   0.017   3.732   6.312  -0.886   3.521   4.221
  -0.080   3.398   3.693   0.812   2.990   3.521  -1.293   1.949   3.444  -1.185
   3.234   4.029  -2.166   3.508   2.632  -1.333
   0.646   4.676   3.357   1.695   4.682   3.644   2.188   3.697   3.589   1.880
   4.993   4.731   2.438   5.691   2.800   1.830   6.478   2.103   3.762   5.545
   2.813   4.094   4.815   3.396   4.646   6.022   1.766   4.656   7.074   1.818
   6.103   5.558   2.000   6.381   4.705   1.464   6.271   5.315   3.045   6.768
   6.444   1.875   4.344   5.736   0.357   4.616   6.607  -0.465   3.747   4.650
  -0.018   3.653   4.078   0.773   3.319   4.244  -1.308   2.348   4.727  -1.445
   4.062   4.734  -1.987   3.330   3.196  -1.409
   1.489   5.709   4.517   1.997   4.998   3.836   1.253   4.242   3.461   2.598
   4.506   4.522   2.800   5.780   2.874   2.078   6.420   2.082   4.152   5.685
   2.942   4.481   4.897   3.389   5.105   6.370   2.069   5.029   7.467   2.176
   6.478   5.849   2.557   6.481   4.749   2.641   6.724   6.312   3.570   7.240
   6.074   1.769   4.830   6.197   0.565   5.068   7.132  -0.263   4.760   4.957
   0.085   4.489   4.370   0.786   4.360   4.582  -1.248   3.314   5.064  -1.524
   5.133   5.098  -1.922   4.400   3.502  -1.196
   2.522   5.966   5.597   2.236   5.306   4.721   1.170   5.198   4.539   2.826
   4.429   4.994   2.828   5.803   3.435   2.206   6.519   2.643   4.165   5.637
   3.214   4.732   5.188   3.913   4.929   6.490   2.195   4.558   7.448   2.504
   6.443   6.272   2.523   6.820   5.289   2.295   6.702   6.386   3.658   7.055
   7.153   2.042   4.550   6.294   0.753   4.497   7.200  -0.037   4.270   5.058
   0.394   4.254   4.375   1.072   4.053   4.543  -0.999   3.528   5.219  -1.712
   4.957   4.309  -1.526   3.467   3.587  -0.953
   2.553   5.618   4.977   2.530   4.895   4.168   1.514   4.770   3.957   3.025
   4.035   4.386   3.171   5.635   3.034   2.435   6.046   2.130   4.521   5.905
   3.042   5.085   5.503   3.745   5.179   6.988   2.218   4.799   7.963   2.472
   6.685   6.939   2.571   7.047   5.885   2.545   7.013   7.404   3.496   7.315
   7.540   1.947   4.937   6.802   0.704   5.030   7.850   0.043   4.617   5.587
   0.109   4.396   4.845   0.736   4.367   5.180  -1.363   3.535   5.795  -1.901
   5.288   5.295  -1.918   3.996   4.202  -1.540
   1.704   4.766   3.835   2.761   4.836   3.683   3.212   3.920   3.347   3.217
   4.936   4.648   3.051   5.945   2.646   2.088   6.381   2.012   4.287   6.393
   2.680   4.941   5.802   3.313   4.970   7.335   1.785   4.878   8.436   1.995
   6.454   6.944   1.976   6.617   5.965   1.737   6.830   7.239   2.983   7.018
   7.499   1.197   4.578   7.088   0.272   4.577   8.077  -0.557   4.352   5.817
  -0.027   4.507   5.108   0.642   4.599   5.254  -1.358   4.625   6.112  -2.031
   5.485   4.613  -1.236   3.827   4.490  -1.638
   1.771   4.776   3.678   2.868   4.870   3.638   3.302   3.864   3.339   3.194
   5.123   4.704   3.291   5.980   2.633   2.450   6.714   2.115   4.633   6.096
   2.495   5.198   5.297   2.740   5.230   7.087   1.563   4.979   8.094   1.913
   6.759   6.751   1.754   6.810   5.709   1.730   7.160   7.058   2.671   7.380
   7.125   0.823   4.715   6.900   0.084   4.459   7.847  -0.637   4.582   5.628
  -0.300   4.607   4.988   0.454   4.561   5.141  -1.628   4.679   5.946  -2.325
   5.339   4.408  -1.739   3.567   4.629  -1.822
   2.059   4.265   2.798   2.749   4.904   3.327   3.648   4.428   3.561   2.285
   5.361   4.149   3.297   5.976   2.422   2.453   6.726   1.846   4.597   6.083
   2.330   5.189   5.559   2.889   5.082   7.109   1.446   4.767   8.041   1.707
   6.604   7.020   1.548   7.081   6.221   1.057   6.870   7.125   2.635   7.015
   7.831   1.043   4.750   6.788  -0.113   4.598   7.739  -0.878   4.579   5.556
  -0.551   4.482   4.808   0.098   4.059   5.283  -1.945   3.037   5.605  -2.149
   4.688   5.684  -2.703   3.945   4.243  -2.035
   2.734   4.212   2.081   2.867   4.840   2.939   3.562   4.441   3.605   1.866
   4.928   3.419   3.417   6.187   2.435   2.745   7.178   2.136   4.591   6.112
   1.983   5.095   5.221   2.088   5.245   7.056   1.147   5.041   8.043   1.431
   6.761   6.855   1.315   7.125   6.008   0.761   7.102   6.856   2.321   7.310
   7.641   0.793   4.721   7.095  -0.276   4.652   8.169  -0.902   4.518   5.914
  -0.857   4.528   5.036  -0.329   3.876   5.841  -2.214   2.825   5.813  -1.992
   4.159   6.704  -2.874   4.014   4.852  -2.735
   3.088   3.850   2.333   3.033   4.630   3.093   3.762   4.425   3.870   2.091
   4.736   3.660   3.512   5.962   2.397   2.638   6.803   2.246   4.773   5.973
   2.035   5.374   5.216   2.248   5.397   7.069   1.286   4.996   7.965   1.729
   6.926   6.950   1.599   7.526   6.363   0.887   7.255   6.608   2.640   7.383
   7.926   1.388   4.961   7.124  -0.215   5.376   8.101  -0.777   4.258   6.163
  -0.817   3.796   5.588  -0.233   3.730   5.980  -2.173   2.658   6.104  -2.144
   4.125   6.761  -2.942   3.910   5.013  -2.620
   2.637   4.448   2.544   2.978   5.236   3.213   3.696   4.758   3.866   2.146
   5.606   3.859   3.609   6.295   2.352   2.858   7.036   1.722   4.958   6.288
   2.125   5.522   5.635   2.696   5.668   7.414   1.441   5.469   8.424   1.906
   7.231   7.165   1.415   7.573   6.145   1.179   7.705   7.319   2.358   7.678
   7.876   0.801   5.238   7.212  -0.110   5.383   8.188  -0.895   4.790   6.060
  -0.643   4.619   5.268  -0.098   4.053   5.959  -1.859   2.969   6.268  -1.814
   4.523   6.552  -2.670   4.142   4.922  -2.165
   1.812   5.068   2.677   2.755   5.066   3.130   3.226   4.110   3.230   2.576
   5.351   4.179   3.503   6.181   2.394   2.791   7.144   2.071   4.849   6.139
   2.032   5.353   5.255   2.148   5.528   7.288   1.364   5.362   8.307   1.757
   7.009   7.139   1.580   7.366   6.108   1.602   7.316   7.602   2.539   7.411
   7.600   0.821   5.096   7.448  -0.110   5.010   8.605  -0.520   4.781   6.295
  -0.738   4.967   5.466  -0.205   4.695   5.935  -2.126   4.896   6.920  -2.666
   5.355   5.146  -2.347   3.721   5.481  -2.400
   2.438   4.847   3.324   3.348   4.612   2.830   3.262   3.792   2.172   4.071
   4.362   3.641   3.810   5.948   2.175   2.984   6.838   1.891   5.041   6.072
   1.863   5.629   5.218   2.083   5.644   7.102   0.993   5.571   8.112   1.340
   7.154   6.786   0.904   7.237   5.744   0.581   7.666   6.858   1.827   7.892
   7.330   0.320   5.082   7.201  -0.405   5.204   8.330  -0.929   4.366   6.250
  -0.963   4.250   5.412  -0.401   3.577   6.239  -2.167   2.701   6.932  -2.096
   4.212   6.502  -3.019   3.194   5.211  -2.207
   3.275   4.932   3.993   4.177   4.772   3.299   4.200   3.795   2.830   5.039
   5.046   3.907   4.125   5.906   2.367   3.120   6.499   1.922   5.359   6.136
   1.766   6.031   5.617   2.244   5.849   7.285   0.949   5.520   8.121   1.553
   7.399   7.214   1.021   7.715   6.541   0.124   7.837   6.863   1.926   7.703
   8.207   0.823   5.442   7.410  -0.523   5.507   8.542  -0.994   4.932   6.363
  -1.121   4.825   5.589  -0.495   4.192   6.412  -2.413   3.259   6.893  -2.326
   4.878   6.997  -3.139   4.126   5.392  -2.742
   4.134   3.897   2.925   4.355   4.886   3.231   5.310   4.730   3.725   3.633
   5.332   3.985   4.473   5.893   2.068   3.477   6.079   1.357   5.650   6.521
   1.812   6.367   6.225   2.433   6.062   7.760   0.949   5.532   8.635   1.371
   7.537   7.884   1.223   8.068   7.007   1.024   7.700   8.175   2.300   7.913
   8.760   0.620   5.600   7.690  -0.519   5.458   8.660  -1.171   5.319   6.440
  -0.942   5.371   5.733  -0.282   4.571   6.211  -2.122   4.656   6.958  -2.834
   4.800   5.171  -2.493   3.527   6.266  -1.793
   4.917   3.859   2.530   4.229   4.688   2.961   4.559   4.912   3.979   3.188
   4.288   2.845   4.422   5.999   2.109   3.507   6.612   1.556   5.668   6.399
   2.055   6.446   5.883   2.463   6.078   7.655   1.341   5.755   8.498   1.933
   7.629   7.734   1.362   7.933   6.861   0.841   8.037   7.751   2.319   7.931
   8.653   0.743   5.606   7.910  -0.089   5.389   9.094  -0.402   5.235   6.866
  -0.827   5.497   5.953  -0.393   4.570   6.856  -2.149   5.215   7.363  -2.890
   4.451   5.807  -2.336   3.698   7.445  -1.935
   3.887   3.716   2.547   4.030   4.592   3.100   4.960   4.330   3.633   3.230
   4.752   3.826   4.251   5.820   2.202   3.318   6.256   1.576   5.502   6.309
   2.137   6.168   6.007   2.822   5.789   7.463   1.304   5.328   8.295   1.801
   7.353   7.606   1.398   7.897   6.631   1.137   7.650   7.926   2.452   7.762
   8.436   0.635   5.419   7.452  -0.255   4.804   8.432  -0.600   5.741   6.515
  -1.094   6.417   5.811  -0.832   5.177   6.424  -2.457   5.748   5.682  -2.888
   4.095   6.110  -2.467   5.329   7.399  -2.946
   4.109   3.955   2.926   3.896   4.923   3.345   4.374   5.278   4.224   2.871
   4.921   3.658   4.211   6.006   2.336   3.294   6.700   1.925   5.487   6.267
   2.063   6.209   5.698   2.313   5.852   7.433   1.125   5.613   8.320   1.711
   7.360   7.622   0.954   7.842   6.609   0.753   7.703   8.061   1.884   7.531
   8.283   0.090   5.108   7.517  -0.273   5.135   8.643  -0.855   4.771   6.388
  -0.902   4.730   5.565  -0.271   4.814   6.156  -2.380   5.689   6.453  -2.835
   4.817   5.061  -2.586   4.000   6.645  -2.943
   2.860   4.295   2.742   3.699   4.946   3.172   4.603   4.340   2.948   3.654
   5.052   4.299   3.740   6.222   2.364   2.737   6.801   2.124   4.967   6.600
   2.085   5.671   5.899   2.265   5.357   7.834   1.475   4.767   8.648   1.718
   6.760   8.296   2.101   7.646   7.772   1.714   6.745   8.089   3.233   6.905
   9.295   1.831   5.297   7.847  -0.035   5.525   8.897  -0.695   4.987   6.694
  -0.603   5.197   5.891   0.006   4.747   6.466  -1.999   5.075   7.339  -2.665
   5.099   5.439  -2.219   3.720   6.460  -2.195
   4.580   4.124   3.216   4.010   4.991   3.580   4.527   5.285   4.556   2.979
   4.739   3.840   4.101   6.133   2.609   3.058   6.693   2.306   5.310   6.644
   2.217   6.113   6.137   2.504   5.497   7.798   1.302   4.826   8.511   1.710
   6.888   8.428   1.437   7.694   7.920   0.841   7.167   8.439   2.490   6.909
   9.530   1.167   5.023   7.844  -0.192   5.126   8.847  -0.932   4.539   6.689
  -0.697   4.355   5.991   0.052   3.878   6.583  -2.004   4.330   6.993  -2.856
   3.782   5.455  -2.100   2.860   6.850  -1.924
   4.013   4.343   1.927   3.869   4.939   2.804   4.577   4.629   3.611   2.847
   4.836   3.238   4.150   6.350   2.396   3.207   7.166   2.351   5.337   6.647
   1.909   5.855   5.814   1.763   5.624   7.908   1.254   5.034   8.663   1.673
   7.095   8.154   1.474   7.700   7.206   1.658   7.370   8.765   2.302   7.495
   8.604   0.622   5.114   7.921  -0.173   4.896   8.911  -0.735   4.878   6.804
  -0.759   5.111   5.876  -0.406   4.125   6.741  -1.994   4.620   7.198  -2.820
   3.996   5.705  -2.414   3.134   7.254  -1.780
   4.001   3.609   1.716   4.116   4.391   2.509   5.090   4.147   2.973   3.375
   4.051   3.285   4.045   5.832   2.235   2.961   6.445   2.256   5.266   6.400
   1.885   6.103   5.798   1.886   5.356   7.597   1.074   4.737   8.457   1.559
   6.914   7.957   1.179   7.502   7.196   0.656   7.100   8.095   2.215   7.088
   8.803   0.448   4.895   7.696  -0.466   4.688   8.787  -0.997   4.846   6.510
  -1.099   5.071   5.642  -0.640   4.245   6.168  -2.312   4.898   5.461  -2.883
   3.352   5.473  -2.152   3.944   6.935  -2.989
   5.518   4.290   3.266   4.426   4.577   3.105   3.789   4.868   3.956   3.928
   3.729   2.645   4.367   5.716   2.170   3.370   6.170   1.935   5.629   6.152
   1.811   6.381   5.766   2.287   5.806   7.531   1.281   5.225   8.137   1.975
   7.273   7.981   1.180   7.814   8.223   2.133   7.280   8.927   0.605   7.808
   7.137   0.622   5.124   7.854  -0.032   4.839   8.990  -0.442   4.812   6.840
  -0.866   5.167   5.997  -0.677   3.988   6.828  -2.071   4.484   7.231  -2.880
   3.812   5.741  -2.236   3.035   7.344  -1.885
   5.159   3.907   3.681   4.248   4.475   3.724   4.329   4.992   4.718   3.338
   3.858   3.486   4.271   5.531   2.571   3.307   5.844   1.897   5.507   6.004
   2.375   6.046   5.788   3.238   5.893   7.206   1.582   5.933   8.027   2.336
   7.263   6.913   1.123   7.863   6.651   1.980   7.680   7.861   0.756   7.358
   6.160   0.423   4.927   7.623   0.404   4.309   8.679   0.526   5.012   6.931
  -0.721   5.322   5.993  -0.712   4.296   7.368  -1.888   4.642   8.340  -2.208
   4.570   6.578  -2.695   3.184   7.283  -1.768
   3.485   3.709   3.424   4.385   4.290   3.624   5.165   3.588   3.594   4.341
   4.795   4.619   4.316   5.394   2.603   3.194   5.869   2.383   5.538   5.794
   2.151   6.312   5.207   2.502   5.847   7.196   1.858   5.488   7.787   2.831
   7.352   7.521   2.126   7.647   7.315   3.187   7.474   8.578   2.048   7.947
   7.063   1.447   5.403   7.802   0.466   5.695   8.999   0.188   4.711   7.104
  -0.500   5.025   6.128  -0.407   3.848   7.566  -1.631   3.559   8.637  -1.506
   4.351   7.739  -2.597   2.967   6.984  -1.720
   3.279   3.678   3.501   4.259   4.156   3.808   5.016   3.447   3.522   4.363
   4.353   4.829   4.534   5.392   2.990   3.646   6.145   2.860   5.780   5.615
   2.481   6.402   4.811   2.505   6.282   6.949   2.020   5.978   7.740   2.748
   7.811   6.793   1.810   8.235   6.483   2.769   8.256   7.681   1.368   7.937
   5.973   1.133   5.586   7.399   0.778   5.750   8.669   0.425   4.888   6.512
   0.031   5.059   5.577   0.314   4.271   6.772  -1.288   3.765   7.743  -1.218
   5.002   6.870  -2.087   3.653   5.978  -1.429
   4.099   3.679   3.993   4.720   3.934   3.147   4.297   3.575   2.226   5.671
   3.483   3.291   4.936   5.491   3.039   4.108   6.226   3.623   6.008   5.923
   2.287   6.657   5.221   2.025   6.253   7.253   1.763   5.791   8.078   2.372
   7.815   7.505   1.747   8.106   7.839   2.735   8.103   8.207   1.048   8.373
   6.544   1.566   5.682   7.415   0.352   5.366   8.552  -0.100   5.350   6.336
  -0.390   5.607   5.479   0.002   4.752   6.418  -1.831   3.735   6.099  -1.727
   4.617   7.420  -2.113   5.078   5.727  -2.516
   3.729   4.300   3.776   4.654   4.277   3.228   4.779   3.714   2.291   5.434
   3.885   3.835   4.983   5.706   2.878   4.208   6.607   3.154   6.270   6.065
   2.510   7.002   5.449   2.545   6.646   7.373   1.919   6.500   8.301   2.543
   8.251   7.343   1.836   8.664   7.553   2.802   8.731   8.281   1.471   8.559
   6.424   1.450   6.040   7.643   0.570   5.938   8.819   0.180   5.714   6.583
  -0.190   5.820   5.663   0.206   5.143   6.609  -1.558   4.067   6.655  -1.639
   5.376   7.631  -1.856   5.462   5.853  -2.165
   4.418   3.785   3.204   5.438   4.204   2.957   5.891   3.591   2.256   6.270
   3.992   3.683   5.348   5.653   2.519   4.302   6.367   2.616   6.454   6.100
   1.967   7.184   5.415   2.011   6.798   7.437   1.501   6.387   8.220   2.176
   8.286   7.654   1.324   8.564   7.861   2.383   8.464   8.600   0.751   8.871
   6.797   0.889   6.002   7.828   0.227   5.392   8.896   0.098   6.040   6.909
  -0.776   6.601   6.118  -0.561   5.167   6.658  -1.967   5.519   7.032  -2.902
   5.208   5.536  -2.078   4.201   7.006  -1.672
   4.709   3.888   3.387   5.692   4.389   3.357   6.163   3.767   2.604   6.152
   4.403   4.314   5.621   5.738   2.801   4.666   6.501   2.904   6.702   6.086
   2.094   7.558   5.549   2.010   6.807   7.434   1.603   6.363   8.213   2.223
   8.316   7.750   1.413   9.062   7.582   2.190   8.301   8.824   1.397   8.713
   7.481   0.401   6.228   7.637   0.184   5.895   8.806  -0.140   6.085   6.548
  -0.584   6.187   5.769  -0.060   5.354   6.545  -1.753   5.294   5.485  -1.967
   4.357   6.784  -1.448   5.851   7.134  -2.396
   5.351   3.430   3.638   6.177   4.201   3.347   6.916   3.644   2.842   6.495
   4.658   4.315   5.608   5.370   2.585   4.442   5.623   2.522   6.542   6.129
   2.114   7.506   5.898   2.287   6.458   7.575   1.556   5.916   8.185   2.286
   7.865   8.307   1.486   8.151   8.866   2.405   7.833   9.053   0.695   8.653
   7.607   1.274   5.698   7.761   0.205   5.377   8.899  -0.249   5.601   6.671
  -0.612   5.717   5.695  -0.244   5.107   6.773  -2.061   4.303   6.036  -2.112
   4.679   7.716  -2.321   5.958   6.598  -2.658
   4.942   3.648   2.577   5.736   4.366   2.810   6.681   3.963   2.339   5.837
   4.384   3.898   5.341   5.700   2.325   4.192   5.925   2.048   6.361   6.412
   1.944   7.247   6.137   2.314   6.270   7.786   1.452   5.923   8.377   2.189
   7.827   8.223   1.286   7.916   9.263   0.871   8.488   7.490   0.656   8.248
   8.275   2.391   5.543   7.930   0.149   4.723   8.851   0.011   5.597   6.929
  -0.735   6.085   6.089  -0.404   4.923   6.765  -2.010   4.469   5.754  -2.060
   4.149   7.531  -2.130   5.677   6.733  -2.737
   5.301   3.762   3.414   6.027   4.540   3.124   6.662   3.983   2.412   6.668
   4.726   4.042   5.469   5.781   2.388   4.284   5.918   2.168   6.393   6.725
   2.160   7.255   6.365   2.369   6.212   8.079   1.572   5.778   8.747   2.221
   7.601   8.589   1.427   7.632   9.570   0.965   8.282   7.936   0.785   8.096
   8.616   2.479   5.448   8.179   0.243   4.730   9.181   0.133   5.645   7.221
  -0.695   5.863   6.282  -0.317   4.982   7.196  -2.000   5.121   6.286  -2.609
   3.942   7.656  -1.906   5.628   7.869  -2.445
   4.361   4.404   3.858   5.266   4.735   3.424   5.741   3.902   2.836   5.889
   5.089   4.265   5.042   6.024   2.649   3.882   6.223   2.176   6.063   6.856
   2.453   6.953   6.687   2.857   5.981   8.255   1.804   5.302   8.852   2.469
   7.417   8.819   2.029   7.422   9.806   1.520   8.158   8.029   1.770   7.491
   8.968   3.133   5.407   8.434   0.354   4.867   9.464   0.012   5.591   7.439
  -0.490   5.964   6.606  -0.015   4.790   7.023  -1.632   4.920   5.881  -1.888
   3.864   6.945  -1.148   4.799   7.639  -2.509
   3.948   4.373   3.073   4.822   5.010   3.313   5.707   4.420   3.075   4.799
   5.291   4.351   4.657   6.257   2.430   3.589   6.657   1.965   5.770   6.973
   2.252   6.596   6.553   2.722   5.849   8.377   1.816   5.244   9.016   2.432
   7.321   8.841   1.976   7.456   9.845   1.494   7.943   8.032   1.664   7.619
   8.879   2.999   5.305   8.618   0.399   4.847   9.733   0.159   5.370   7.618
  -0.524   5.591   6.710  -0.306   5.318   7.947  -1.928   5.294   7.065  -2.527
   4.392   8.475  -2.157   6.209   8.561  -2.165
   4.023   4.593   3.335   4.857   5.187   3.521   5.729   4.824   2.920   5.060
   5.437   4.520   4.526   6.471   2.731   3.444   6.923   2.609   5.595   7.120
   2.319   6.454   6.681   2.555   5.529   8.451   1.803   4.751   8.925   2.464
   6.887   9.229   1.926   6.549  10.251   2.019   7.632   9.030   1.127   7.432
   9.108   2.939   4.981   8.492   0.345   4.412   9.527  -0.073   5.341   7.517
  -0.483   5.846   6.789  -0.018   5.266   7.521  -1.952   6.140   7.002  -2.380
   4.348   6.911  -2.161   5.287   8.460  -2.475
   3.609   4.343   2.532   4.450   4.952   2.974   5.313   4.400   2.619   4.490
   4.685   4.075   4.253   6.385   2.525   3.167   6.832   2.271   5.264   7.244
   2.450   6.188   6.875   2.804   5.162   8.579   1.841   4.306   9.178   2.268
   6.373   9.398   2.459   6.289  10.394   2.120   7.283   8.975   1.996   6.361
   9.352   3.498   5.116   8.535   0.302   4.708   9.518  -0.395   5.723   7.509
  -0.373   6.124   6.824   0.243   5.610   7.205  -1.823   5.677   6.159  -2.070
   4.687   7.584  -2.254   6.413   7.756  -2.302
   4.858   5.414   4.523   4.647   5.125   3.470   3.818   4.365   3.329   5.615
   4.828   3.071   4.319   6.441   2.662   3.261   6.586   1.994   5.337   7.307
   2.500   6.223   7.049   2.898   5.213   8.617   1.796   4.410   9.174   2.250
   6.513   9.374   2.015   6.477  10.284   1.297   7.386   8.739   1.814   6.589
   9.596   3.039   4.871   8.753   0.316   4.395   9.763  -0.161   5.370   7.857
  -0.533   6.150   7.304  -0.173   5.308   7.980  -1.932   5.899   7.244  -2.540
   4.250   7.969  -2.152   5.598   8.925  -2.278
   5.919   5.468   3.850   5.121   5.280   3.154   4.313   4.670   3.590   5.677
   4.826   2.356   4.554   6.611   2.670   3.321   6.774   2.450   5.538   7.457
   2.401   6.501   7.135   2.515   5.335   8.781   1.760   4.561   9.419   2.188
   6.654   9.532   2.043   6.668  10.489   1.454   7.518   8.924   1.886   6.524
   9.903   3.031   5.005   8.673   0.239   4.417   9.577  -0.395   5.474   7.622
  -0.406   5.863   6.941   0.232   5.531   7.497  -1.821   5.995   6.561  -2.110
   4.484   7.626  -2.213   6.087   8.280  -2.327
   6.220   5.116   3.201   5.123   5.381   3.172   4.683   5.120   4.139   4.690
   4.690   2.459   4.912   6.861   2.783   3.742   7.187   2.478   5.942   7.632
   2.575   6.845   7.371   2.919   5.813   8.968   1.972   5.166   9.566   2.644
   7.152   9.573   1.875   7.039  10.663   1.737   7.777   9.147   1.131   7.711
   9.457   2.845   5.302   9.016   0.470   4.477   9.781   0.016   5.921   8.122
  -0.322   6.616   7.572   0.137   5.756   8.068  -1.767   6.665   7.758  -2.141
   4.936   7.471  -2.130   5.772   9.092  -2.114
   5.721   5.139   2.365   5.345   5.670   3.255   6.152   5.586   3.965   4.393
   5.164   3.580   5.024   7.080   2.885   3.844   7.393   2.659   6.086   7.882
   2.603   7.023   7.474   2.719   5.871   9.191   1.977   5.133   9.704   2.546
   7.237   9.919   2.044   7.239  10.881   1.567   8.217   9.394   1.660   7.389
  10.035   3.090   5.266   9.126   0.509   4.292   9.775   0.187   5.924   8.416
  -0.358   6.851   8.095  -0.150   5.736   8.274  -1.838   5.731   7.217  -2.169
   4.820   8.685  -2.186   6.528   8.742  -2.426
   6.334   5.258   2.821   5.489   5.622   3.487   5.794   5.536   4.574   4.644
   4.969   3.269   5.109   7.006   2.921   3.909   7.237   2.732   6.088   7.853
   2.624   7.044   7.433   2.735   5.879   9.187   2.208   5.195   9.792   2.865
   7.277   9.776   2.306   7.335  10.848   1.972   7.910   9.281   1.625   7.752
   9.747   3.325   5.351   9.154   0.793   4.302   9.799   0.553   5.947   8.385
  -0.091   6.800   7.888   0.137   5.429   8.050  -1.443   6.315   7.861  -2.081
   4.750   7.209  -1.298   4.961   8.990  -1.840
   6.096   5.257   3.237   5.158   5.568   3.642   5.223   5.615   4.736   4.452
   4.852   3.353   4.841   6.883   2.929   3.630   7.226   2.821   5.908   7.604
   2.489   6.819   7.148   2.667   5.817   9.049   2.035   5.180   9.654   2.675
   7.184   9.798   2.054   7.013  10.808   1.685   7.835   9.313   1.326   7.617
   9.913   3.067   5.263   9.179   0.603   4.635  10.146   0.130   5.619   8.160
  -0.174   6.136   7.420   0.268   5.318   8.082  -1.584   5.923   8.768  -2.154
   5.426   7.130  -1.982   4.284   8.427  -1.757
   5.284   4.962   2.772   5.464   5.771   3.487   6.499   5.863   3.731   4.955
   5.579   4.433   5.025   7.099   2.815   3.893   7.261   2.480   5.927   8.049
   2.762   6.856   7.831   3.100   5.671   9.369   2.244   4.803   9.772   2.808
   6.968  10.292   2.400   6.672  11.357   2.470   7.607  10.121   1.537   7.512
  10.072   3.307   5.185   9.354   0.796   4.510  10.260   0.262   5.575   8.334
   0.017   6.136   7.618   0.480   5.204   8.056  -1.375   4.672   8.855  -1.854
   6.116   7.713  -1.841   4.549   7.210  -1.512
   4.999   5.252   3.810   5.691   5.875   3.305   5.900   5.370   2.370   6.565
   6.137   3.870   5.090   7.205   2.872   3.900   7.314   2.636   5.944   8.226
   2.792   6.948   8.141   2.908   5.660   9.578   2.300   4.794  10.057   2.808
   6.802  10.533   2.652   6.589  11.564   2.528   7.685  10.346   2.044   7.150
  10.372   3.663   5.262   9.634   0.822   4.383  10.334   0.356   5.774   8.753
   0.033   6.503   8.140   0.420   5.555   8.475  -1.337   4.518   8.556  -1.600
   6.194   9.080  -1.975   5.817   7.412  -1.539
   4.830   5.074   3.186   5.537   5.825   3.366   6.422   5.564   2.862   5.802
   5.895   4.409   4.978   7.124   2.852   3.835   7.254   2.436   5.836   8.145
   2.890   6.768   7.977   3.295   5.638   9.504   2.457   4.830   9.872   3.010
   6.828  10.384   2.770   6.510  11.379   2.571   7.661  10.075   2.056   7.125
  10.366   3.825   5.285   9.629   0.959   4.533  10.505   0.604   5.804   8.833
   0.038   6.429   8.145   0.369   5.453   8.760  -1.407   4.448   9.029  -1.750
   6.122   9.381  -1.997   5.413   7.676  -1.594
   4.645   4.747   2.352   5.049   5.371   3.131   6.162   5.309   3.045   4.696
   4.958   4.080   4.742   6.829   2.879   3.652   7.056   2.385   5.605   7.782
   3.095   6.519   7.533   3.538   5.475   9.226   2.729   4.700   9.566   3.405
   6.795   9.969   2.979   6.732  11.055   3.056   7.433   9.736   2.109   7.213
   9.575   3.901   4.963   9.490   1.248   4.125  10.375   1.038   5.424   8.636
   0.331   5.994   8.001   0.768   5.117   8.593  -1.120   4.443   7.772  -1.382
   4.782   9.526  -1.583   5.997   8.365  -1.647
   5.281   4.875   3.040   5.207   5.754   3.716   6.267   5.949   4.019   4.471
   5.590   4.508   4.782   6.968   2.903   3.695   6.939   2.356   5.714   7.919
   2.818   6.648   7.697   3.170   5.457   9.374   2.526   4.710   9.836   3.136
   6.735  10.079   2.950   6.633  11.163   2.730   7.578   9.778   2.325   6.946
   9.976   4.036   5.199   9.611   1.053   4.627  10.622   0.669   5.637   8.698
   0.171   6.032   7.843   0.604   5.488   8.820  -1.316   5.127   7.957  -1.860
   4.891   9.643  -1.539   6.538   8.959  -1.725
   5.419   5.056   2.688   5.520   5.855   3.433   6.605   5.782   3.529   4.909
   5.500   4.265   4.933   7.204   3.045   3.727   7.215   2.763   5.703   8.246
   3.026   6.586   8.178   3.464   5.323   9.644   2.647   4.429   9.839   3.150
   6.406  10.485   3.249   5.993  11.496   3.361   7.179  10.632   2.503   6.835
  10.274   4.221   5.131  10.052   1.220   4.424  10.969   1.001   5.820   9.314
   0.335   6.265   8.515   0.695   5.648   9.228  -1.122   5.472   8.236  -1.415
   4.670   9.718  -1.468   6.532   9.654  -1.680
   5.302   4.884   2.185   5.597   5.598   3.034   6.640   5.525   3.212   4.980
   5.354   3.881   5.273   7.033   2.675   4.157   7.321   2.197   6.182   8.031
   2.808   7.132   7.814   3.166   5.763   9.447   2.635   4.788   9.514   3.240
   6.703  10.493   3.288   6.340  11.557   3.270   7.684  10.449   2.796   6.931
  10.105   4.239   5.474   9.869   1.142   4.504  10.598   0.918   6.327   9.407
   0.228   7.190   8.948   0.465   6.249   9.833  -1.190   6.076   8.969  -1.728
   5.392  10.429  -1.396   7.141  10.376  -1.532
   4.975   5.086   3.244   5.791   5.647   2.751   6.056   5.192   1.878   6.721
   5.616   3.359   5.221   7.014   2.454   4.145   7.066   1.893   5.842   8.080
   2.951   6.667   7.957   3.475   5.540   9.461   2.670   4.577   9.618   2.979
   6.491  10.330   3.498   6.308  11.396   3.200   7.507  10.083   3.349   6.186
  10.312   4.553   5.559   9.788   1.176   4.710  10.464   0.552   6.663   9.298
   0.605   7.324   8.715   1.116   6.925   9.437  -0.827   6.927   8.459  -1.347
   6.120   9.969  -1.310   7.909   9.816  -1.004
   4.925   5.165   3.653   5.222   5.455   2.660   4.941   4.792   1.888   6.321
   5.606   2.766   4.641   6.900   2.392   3.605   7.056   1.750   5.353   7.946
   2.907   6.209   7.680   3.372   5.101   9.353   2.578   4.021   9.582   2.748
   6.001  10.116   3.623   5.839  11.203   3.516   7.103   9.896   3.485   5.696
   9.750   4.646   5.554   9.773   1.120   4.991  10.763   0.601   6.601   9.103
   0.549   7.061   8.461   1.174   7.062   9.224  -0.842   6.266   8.705  -1.446
   7.143  10.335  -1.109   8.037   8.660  -1.048
