default_name                                                                    
   22  0.3977500E+03
  -5.4594486  -1.5997072  -2.8393691  -4.9256036  -2.5182189  -2.6316531
  -4.3361005  -2.8240795  -3.4823639  -5.6847344  -3.2580790  -2.3666490
  -3.9770862  -2.3386976  -1.4383981  -3.6782588  -3.2433510  -0.7142936
  -3.4999823  -1.1182641  -1.1901887  -3.8973818  -0.3907223  -1.7523743
  -2.6477997  -0.6168052  -0.1175469  -2.3919421   0.3788151  -0.3325166
  -3.5035808  -0.5050068   1.1831114  -3.2409342   0.4166745   1.6866144
  -3.2852090  -1.3897902   1.7523126  -4.5385872  -0.4364699   0.9444231
  -1.1933834  -1.2896152  -0.0269519  -0.4604191  -1.2280246   0.9471823
  -0.6633704  -1.8799860  -1.0768190  -1.3452685  -1.9181079  -1.8022955
   0.5039275  -2.7202585  -1.1422308   0.7368790  -3.2283883  -0.2424191
   0.4123472  -3.4330222  -2.0061178   1.4407956  -2.1324065  -1.3065906
   0.5247700   0.0733664   0.0425279  -0.1854200  -0.2332820  -0.0103182
  -0.4790790   0.3441730  -0.1104576  -0.1153406  -0.3935515  -0.1225000
  -0.1082763   0.0811696   0.0031986   0.1213549  -0.1897172  -0.2064491
   0.1229623   0.1134432   0.2127070  -0.0868786  -0.4828307  -0.3607253
   0.0726581  -0.1738845   0.2650594  -0.8680806  -0.6087200   0.2961934
   0.0587939  -0.2691578  -0.2154357   0.0836383  -1.2182591   0.2884432
   1.4945811  -0.3487935   0.4288168   0.2332670  -0.3296714  -0.8700256
   0.2231005   0.0960413  -0.0143603   0.0744916   0.2144725   0.1580396
   0.1251890   0.0925634   0.3289406   0.0664406  -0.1462512  -0.1095866
  -0.0875344   0.0217767   0.1668179  -1.1810579   0.2981124   0.6685369
   0.6306037   0.6379317  -0.3763241  -0.3072660  -0.9271103  -0.9444823
