default_name                                                                    
   22  0.3977500E+03
  -3.4529306   3.0361105   0.6900386  -3.8414773   2.0475288   0.9867541
  -4.4688921   1.6547866   0.1411277  -4.3307678   2.2379849   1.9090905
  -2.7267994   1.1447790   1.1874864  -2.2904945   0.8810015   2.3248864
  -2.2412065   0.4226845   0.1605102  -2.5869878   0.7616180  -0.7820423
  -1.1682299  -0.6090239   0.1400769  -1.3410888  -1.2698160   1.0035648
  -1.3609826  -1.5504891  -1.1462989  -1.0102488  -1.0354930  -2.0643632
  -2.4097793  -1.8455444  -1.3198716  -0.8453642  -2.5095692  -0.9929217
   0.3408916  -0.2422096   0.2676115   1.1652031  -1.0816710  -0.0308823
   0.5941718   1.0415069   0.5157054  -0.1573736   1.6701038   0.7641607
   1.9358315   1.6211306   0.4321282   1.9779674   2.5969575   0.9475255
   2.7731140   0.9858946   0.8893581   2.3092318   1.8660215  -0.5703668
   0.6732445  -0.5869843   0.8968200  -0.1825626  -0.3157334  -0.1477573
  -1.4201893   0.8855199  -1.2927941   0.2249721   0.1898909  -0.3541743
  -0.1358498  -0.0919705   0.1116821  -0.0863149   0.1149703   0.0267679
   0.0652820   0.3478246   0.0783638  -0.4987063   1.6309770   0.0938803
  -0.1810498   0.1467479   0.7474242  -0.9310810   1.1455975  -0.3405228
   0.0425708  -0.2590759  -0.1781595  -0.7540414  -0.6904659  -0.4890245
   1.8911560  -0.4325886  -0.2212063  -1.0676565  -0.3931354  -0.6874168
   0.0708613   0.3647971  -0.0283874   0.1963038   0.1209877  -0.0541916
   0.0843582   0.1117551   0.1033907  -1.4162204   1.2795353   0.3320634
  -0.4546776  -0.0071302  -0.4791488  -0.1034255   0.6485464  -0.2897209
   1.3853027  -0.8287545  -0.8091689   0.8484988   1.3766465  -1.1920407
