default_name                                                                    
  -3.326  -1.887   1.415  -3.162  -0.820   1.635  -3.356  -0.483   2.680  -3.726
  -0.183   0.948  -1.675  -0.556   1.340  -1.042   0.158   2.145  -1.168  -1.096
   0.211  -1.729  -1.599  -0.445   0.255  -1.382   0.142   0.530  -1.805   1.118
   0.492  -2.463  -0.898   1.590  -2.603  -1.124   0.105  -2.202  -1.857  -0.011
  -3.394  -0.696   1.199  -0.138   0.069   2.338  -0.118   0.576   0.617   0.824
  -0.669  -0.220   0.469  -1.203   1.100   2.214  -0.843   0.372   2.890  -1.309
   1.609   2.630   0.058   1.880   2.095  -1.606
  -3.720  -0.939   2.188  -3.465  -0.529   1.245  -4.014   0.404   1.110  -3.782
  -1.161   0.402  -1.910  -0.449   1.126  -1.314   0.223   2.036  -1.293  -1.263
   0.283  -1.797  -1.646  -0.451   0.129  -1.369   0.249   0.432  -1.774   1.264
   0.417  -2.461  -0.824   1.480  -2.373  -1.050  -0.177  -2.336  -1.695   0.260
  -3.341  -0.316   0.992  -0.086   0.038   2.097  -0.012   0.643   0.510   1.004
  -0.584  -0.302   0.855  -1.167   1.116   2.393  -0.636   0.558   3.129  -1.277
   1.101   2.696   0.412   2.087   2.260  -1.008
  -3.684  -0.394   2.150  -3.376  -0.737   1.179  -3.707  -0.132   0.334  -3.791
  -1.755   1.136  -1.890  -0.768   1.256  -1.369  -0.502   2.320  -1.327  -1.199
   0.119  -1.883  -1.474  -0.624   0.125  -1.391  -0.105   0.498  -1.831   0.740
   0.244  -2.223  -1.385   1.269  -2.550  -1.501  -0.094  -1.635  -2.202  -0.437
  -3.044  -1.341   0.977  -0.084  -0.119   2.220  -0.254  -0.033   0.408   1.136
  -0.295  -0.573   1.195  -0.526   1.167   2.332  -0.543   0.514   3.143  -0.646
   1.910   2.640   0.204   1.694   2.256  -1.448
  -3.790   0.025   2.317  -3.517  -0.519   1.430  -3.919   0.097   0.682  -3.964
  -1.490   1.392  -2.031  -0.677   1.289  -1.323  -0.368   2.250  -1.520  -1.174
   0.179  -2.161  -1.659  -0.456  -0.044  -1.553   0.070   0.267  -2.006   1.053
  -0.030  -2.679  -0.932   1.004  -2.929  -1.131  -0.607  -2.423  -1.849  -0.522
  -3.434  -0.328   0.974  -0.396  -0.186   2.134  -0.547   0.022   0.556   0.844
  -0.556  -0.399   0.898  -0.658   1.166   2.067  -0.200   0.757   2.935  -0.763
   0.974   2.211   0.817   2.200   2.104  -0.525
  -3.998   0.214   2.280  -3.637  -0.206   1.318  -3.837   0.466   0.512  -4.143
  -1.155   1.168  -2.192  -0.467   1.462  -1.662   0.013   2.431  -1.614  -1.088
   0.457  -2.337  -1.374  -0.217  -0.287  -1.570   0.362   0.067  -2.078   1.256
  -0.076  -2.664  -0.723   0.953  -3.028  -0.775  -0.474  -2.342  -1.720  -0.782
  -3.458  -0.617   0.816  -0.532   0.147   1.933  -0.867   0.137   0.449   0.768
   0.052  -0.538   0.976  -0.066   1.263   1.755  -0.454   0.708   2.632  -0.596
   1.938   2.016   0.375   1.588   1.503  -1.443
  -3.784   0.721   2.238  -3.612  -0.020   1.415  -3.561   0.625   0.552  -4.412
  -0.755   1.414  -2.213  -0.662   1.688  -1.599  -0.369   2.730  -1.578  -1.152
   0.604  -2.044  -1.243  -0.290  -0.174  -1.635   0.521   0.099  -2.170   1.467
  -0.226  -2.583  -0.697   0.747  -3.093  -0.823  -0.303  -1.943  -1.642  -1.017
  -3.413  -0.732   0.925  -0.536   0.316   2.078  -0.969   0.486   0.523   0.681
  -0.022  -0.406   0.938   0.146   1.340   1.714  -0.645   0.787   2.228  -1.439
   1.562   2.488   0.084   2.183   1.286  -1.113
  -4.019   0.146   0.314  -3.754  -0.360   1.276  -4.310  -1.233   1.242  -3.972
   0.185   2.265  -2.226  -0.776   1.361  -1.561  -0.343   2.325  -1.686  -1.295
   0.300  -2.124  -1.259  -0.640  -0.377  -1.918   0.405  -0.290  -2.346   1.348
  -0.318  -3.137  -0.634   0.672  -3.528  -0.720  -0.578  -2.682  -1.653  -1.110
  -3.851  -0.358   0.768  -0.993   0.199   1.972  -1.381   0.429   0.507   0.236
  -0.189  -0.513   0.526  -0.297   1.391   1.172  -0.958   0.968   2.148  -0.905
   2.425   1.236  -0.485   1.437   0.949  -2.028
  -3.996   0.444   0.901  -3.690  -0.309   1.564  -4.073  -1.308   1.284  -3.885
  -0.182   2.611  -2.183  -0.416   1.431  -1.382   0.025   2.261  -1.753  -1.306
   0.568  -2.420  -1.804  -0.006  -0.380  -1.819   0.579  -0.147  -2.190   1.546
  -0.374  -3.030  -0.379   0.672  -3.243  -0.696  -0.917  -2.813  -1.231  -0.682
  -3.953   0.171   0.706  -0.784   0.091   1.933  -0.996   0.306   0.350   0.239
  -0.666  -0.683   0.434  -0.756   1.358   1.087  -1.331   0.988   2.027  -1.553
   2.164   1.320  -0.630   1.668   0.598  -2.247
  -3.925  -0.508   0.480  -3.544  -0.489   1.530  -3.954  -1.341   2.027  -3.856
   0.318   2.011  -2.055  -0.643   1.393  -1.299  -0.137   2.244  -1.630  -1.475
   0.488  -2.391  -1.923   0.012  -0.224  -1.982   0.424   0.132  -2.250   1.436
  -0.412  -3.294  -0.434   0.435  -3.941  -0.564  -0.770  -3.035  -1.460  -1.227
  -3.906   0.078   0.758  -0.983  -0.155   1.930  -1.132   0.187   0.299   0.088
  -0.840  -0.595   0.066  -1.268   1.154   1.205  -1.132   0.789   1.584  -2.145
   1.029   2.054  -0.443   2.175   1.054  -1.299
  -3.801   0.269   1.468  -3.412  -0.731   1.609  -3.868  -1.197   0.783  -3.713
  -1.110   2.544  -1.984  -0.828   1.476  -1.306  -0.399   2.449  -1.523  -1.424
   0.371  -2.246  -1.711  -0.315  -0.170  -1.797  -0.018   0.130  -2.544   0.684
  -0.247  -2.618  -1.276   0.533  -3.416  -1.333  -0.135  -1.960  -2.113  -1.202
  -3.016  -1.244   0.845  -0.599  -0.059   1.922  -0.720   0.535   0.377   0.634
  -0.456  -0.680   0.660  -0.743   1.182   1.775  -0.839   0.909   2.126  -1.894
   0.866   2.582  -0.206   2.236   1.657  -0.720
  -3.543  -0.282   0.470  -3.234  -1.074   1.173  -3.502  -2.012   0.875  -3.805
  -0.783   2.118  -1.754  -1.079   1.160  -1.197  -0.713   2.202  -1.094  -1.630
   0.153  -1.661  -1.960  -0.629   0.363  -1.683   0.094   0.685  -2.173   0.957
   0.677  -2.580  -1.075   1.647  -2.953  -0.961   0.646  -1.938  -1.952  -0.115
  -3.279  -1.215   1.084  -0.339   0.223   2.272  -0.402   0.673   0.656   0.762
  -0.411  -0.161   0.686  -0.889   1.490   1.926  -0.578   0.992   2.693  -1.216
   1.776   2.431   0.381   2.310   1.874  -1.213
  -3.428  -0.600   0.037  -3.294  -1.229   0.954  -3.786  -2.142   0.982  -3.555
  -0.797   1.926  -1.791  -1.384   1.111  -1.320  -0.926   2.172  -1.101  -1.840
   0.096  -1.643  -2.004  -0.761   0.335  -2.024   0.018   0.628  -2.615   0.851
   0.724  -2.680  -1.247   1.798  -2.973  -1.299   0.625  -1.974  -2.130   0.177
  -3.545  -1.502   1.191  -0.744   0.245   2.281  -0.748   0.854   0.666   0.381
  -0.194  -0.124   0.332  -0.824   1.244   1.680  -0.068   0.731   2.499   0.514
   2.278   1.620   0.266   1.180   2.239  -1.050
  -3.285  -0.005   1.040  -3.056  -1.045   1.230  -3.434  -1.698   0.451  -3.703
  -1.398   2.091  -1.632  -1.430   1.451  -1.044  -1.167   2.540  -1.043  -1.840
   0.481  -1.555  -2.333  -0.256   0.377  -1.956   0.380   0.799  -2.447   1.297
   0.703  -2.787  -0.916   1.801  -2.903  -0.972   0.311  -2.462  -1.861   0.408
  -3.807  -0.755   1.178  -0.634   0.322   2.418  -0.630   0.613   0.489   0.516
   0.115  -0.400   0.376  -0.367   1.176   1.802  -0.027   0.484   2.514  -0.466
   1.489   2.108   0.976   2.087   1.698  -0.718
  -3.476  -1.879   2.420  -3.110  -1.941   1.377  -3.585  -1.119   0.789  -3.299
  -3.052   1.098  -1.639  -1.774   1.390  -1.090  -1.145   2.382  -1.002  -2.169
   0.305  -1.612  -2.499  -0.467   0.476  -2.115   0.118   0.952  -2.735   0.900
   0.713  -2.764  -1.227   1.758  -3.126  -1.366   0.468  -1.981  -2.021   0.120
  -3.712  -1.389   1.166  -0.799   0.304   2.242  -0.690   0.943   0.589   0.353
   0.048  -0.354   0.362  -0.355   1.197   1.769   0.243   1.138   2.412  -0.630
   0.606   2.264   1.012   2.211   1.822   0.687
  -3.456  -0.599   1.274  -3.106  -1.645   1.166  -3.546  -2.172   0.315  -3.395
  -2.082   2.106  -1.604  -1.607   1.147  -1.015  -1.144   2.150  -0.920  -1.875
   0.024  -1.443  -2.211  -0.769   0.491  -1.936  -0.152   0.868  -2.756   0.420
   0.872  -2.348  -1.629   1.875  -2.462  -1.715   0.474  -1.636  -2.378   0.427
  -3.351  -1.844   1.222  -0.642   0.266   2.100  -0.610   1.104   0.690   0.512
  -0.177  -0.067   0.446  -0.753   1.186   1.842   0.010   0.234   2.397   0.172
   1.932   1.904   0.845   1.753   2.218  -0.794
  -3.458  -0.803   0.460  -3.086  -1.443   1.187  -3.224  -2.497   0.840  -3.647
  -1.347   2.093  -1.633  -1.323   1.291  -1.006  -1.245   2.335  -0.937  -1.587
   0.198  -1.489  -1.935  -0.563   0.634  -1.705   0.183   1.009  -2.404   1.011
   0.910  -2.296  -1.183   1.956  -2.476  -1.373   0.462  -1.671  -1.884   0.394
  -3.236  -1.296   1.371  -0.377   0.516   2.462  -0.370   1.086   0.614   0.711
   0.118  -0.348   0.601  -0.227   1.199   2.041   0.054   0.854   2.689   0.868
   2.292   1.842   0.152   1.091   2.666  -0.904
  -3.174  -0.306   0.857  -2.965  -1.373   0.709  -3.166  -1.589  -0.312  -3.626
  -2.093   1.244  -1.484  -1.645   1.027  -1.088  -1.555   2.232  -0.693  -1.852
  -0.043  -1.125  -1.846  -0.968   0.818  -1.823  -0.099   1.278  -2.398   0.672
   1.222  -2.316  -1.489   2.258  -2.140  -1.627   0.687  -1.736  -2.259   0.889
  -3.296  -1.647   1.441  -0.423   0.260   2.520  -0.427   0.954   0.765   0.713
   0.032  -0.225   0.665  -0.094   1.389   1.925   0.005   2.061   2.059   0.848
   2.058   1.934  -0.923   0.607   2.701  -0.025
  -3.069  -0.602   1.993  -2.834  -1.117   1.127  -3.047  -0.436   0.332  -3.517
  -1.955   1.147  -1.320  -1.331   1.146  -0.799  -1.578   2.235  -0.671  -1.319
   0.024  -1.304  -1.362  -0.847   0.769  -1.541  -0.133   1.081  -2.387   0.523
   1.219  -1.909  -1.602   2.239  -1.440  -1.837   0.403  -1.631  -2.303   1.409
  -2.974  -1.720   1.543  -0.323   0.203   2.711  -0.490   0.555   0.818   0.795
   0.293  -0.174   0.666   0.095   1.376   2.157   0.256   2.393   2.101  -0.172
   0.748   2.793  -0.365   1.507   2.417   1.302
  -3.313  -0.323   1.512  -2.900  -0.817   0.701  -3.036  -0.291  -0.297  -3.526
  -1.737   0.597  -1.449  -1.226   1.011  -1.078  -1.260   2.238  -0.633  -1.275
  -0.014  -1.079  -1.134  -0.969   0.787  -1.503   0.057   1.024  -2.170   0.959
   1.225  -2.227  -1.268   0.772  -1.741  -2.106   0.939  -3.316  -1.290   2.312
  -2.037  -1.318   1.599  -0.230   0.327   2.795  -0.372   0.618   1.078   0.966
   0.327   0.081   1.118   0.252   1.873   2.088   0.502   2.616   2.194  -0.364
   1.255   2.954   0.418   2.252   1.983   1.515
  -3.675  -1.208   0.986  -2.846  -0.745   0.389  -2.975   0.338   0.462  -3.052
  -0.957  -0.659  -1.408  -0.914   0.906  -1.206  -1.116   2.078  -0.475  -1.089
  -0.059  -0.711  -0.892  -0.985   0.894  -1.354   0.203   0.945  -2.075   1.041
   1.571  -2.005  -1.053   1.623  -1.311  -1.937   0.927  -2.764  -1.342   2.547
  -2.242  -0.777   1.737  -0.142   0.639   2.866  -0.328   1.127   1.192   1.100
   0.598   0.347   1.231   0.059   1.943   2.307   0.889   2.899   2.304   0.267
   1.442   3.168   0.488   2.029   2.452   1.885
  -3.517  -1.596   0.455  -2.840  -0.772   0.771  -3.198  -0.486   1.731  -2.892
   0.198   0.255  -1.336  -1.116   0.984  -0.867  -1.448   2.109  -0.551  -1.145
  -0.037  -1.004  -0.887  -0.962   0.919  -1.483   0.040   1.071  -2.371   0.632
   1.445  -1.737  -1.384   1.210  -0.840  -2.049   1.127  -2.710  -1.673   2.513
  -1.843  -1.274   1.753  -0.438   0.730   2.799  -0.767   1.351   1.418   0.844
   0.806   0.517   1.079   0.532   2.186   1.952   1.287   3.241   1.668   1.243
   1.835   2.859   0.820   2.035   2.004   2.357
  -3.166  -0.327   1.558  -2.407   0.067   0.908  -2.251   1.115   1.171  -2.821
   0.109  -0.082  -1.210  -0.776   1.087  -1.036  -1.431   2.100  -0.308  -0.891
   0.033  -0.467  -0.357  -0.716   1.075  -1.504   0.265   1.011  -2.274   1.042
   1.603  -2.361  -0.886   1.717  -1.842  -1.849   0.825  -3.122  -0.943   2.510
  -2.717  -0.509   2.060  -0.442   0.690   3.249  -0.682   0.980   1.584   0.798
   0.615   0.627   0.913   0.377   2.221   2.023   0.995   3.224   1.836   1.460
   2.426   2.616   0.025   1.565   2.647   1.664
  -3.236   0.126   1.102  -2.583  -0.178   0.283  -2.310   0.661  -0.380  -2.994
  -1.084  -0.274  -1.273  -0.634   0.859  -1.127  -0.783   2.129  -0.394  -1.000
  -0.078  -0.705  -1.152  -1.067   1.027  -1.272   0.288   0.875  -1.899   1.195
   1.708  -2.207  -0.825   1.782  -1.568  -1.723   1.206  -3.190  -0.916   2.746
  -2.496  -0.575   1.892  -0.121   0.666   2.878  -0.331   1.339   1.516   1.048
   0.208   0.705   1.069  -0.480   2.148   2.261   0.832   2.515   1.955   1.842
   3.063   2.623   0.361   1.603   3.162   0.885
  -2.979  -0.908   1.065  -2.404  -0.259   0.386  -2.669   0.796   0.396  -2.552
  -0.615  -0.607  -1.097  -0.555   0.994  -0.969  -0.335   2.186  -0.207  -1.075
   0.139  -0.586  -1.285  -0.825   1.084  -1.510   0.477   1.013  -2.310   1.215
   1.782  -2.097  -0.703   2.018  -1.304  -1.431   1.158  -2.606  -1.411   2.661
  -2.706  -0.424   1.887  -0.395   1.131   2.823  -0.536   1.929   1.578   0.870
   0.672   0.660   0.860   0.210   2.060   2.191   1.219   2.189   2.095   2.312
   3.104   2.245   0.782   1.387   2.993   0.880
  -3.242  -0.724   1.160  -2.597  -0.794   0.316  -2.606   0.062  -0.377  -2.701
  -1.735  -0.376  -1.273  -0.714   1.011  -1.068  -0.019   2.016  -0.309  -1.316
   0.331  -0.635  -2.089  -0.310   1.074  -1.554   0.763   1.315  -2.384   1.424
   1.797  -1.987  -0.485   1.501  -1.497  -1.367   1.442  -3.050  -0.695   2.918
  -1.828  -0.228   1.900  -0.237   1.299   2.687  -0.396   2.273   1.554   0.919
   0.682   0.919   0.718  -0.055   2.025   2.246   1.049   1.972   2.356   2.038
   3.013   2.155   0.760   1.400   2.839   0.448
  -2.971   0.664   0.200  -2.720  -0.451   0.233  -2.764  -0.913  -0.799  -3.421
  -0.942   0.939  -1.382  -0.512   0.866  -1.296  -0.147   2.028  -0.394  -1.000
   0.077  -0.562  -1.187  -0.849   0.835  -1.389   0.720   0.565  -1.956   1.567
   1.462  -2.411  -0.212   1.635  -1.918  -1.211   0.588  -3.091  -0.282   2.285
  -2.876   0.302   1.809  -0.269   1.169   2.726  -0.582   1.922   1.654   0.962
   0.642   0.951   1.117  -0.037   2.343   2.120   1.194   1.738   2.770   1.703
   3.172   1.877   1.895   2.878   2.667   0.393
  -2.647   1.113   0.466  -2.624   0.126   0.215  -2.743   0.013  -0.909  -3.518
  -0.461   0.577  -1.305  -0.241   0.854  -1.099  -0.023   2.020  -0.344  -0.741
   0.077  -0.674  -0.905  -0.860   0.862  -1.375   0.674   0.707  -2.069   1.538
   1.601  -2.164  -0.411   1.919  -1.497  -1.265   0.831  -2.941  -0.663   2.555
  -2.657  -0.062   1.771  -0.335   1.252   2.482  -0.571   2.146   1.764   0.869
   0.706   1.132   1.029   0.024   2.433   2.045   1.254   2.281   2.032   2.313
   3.498   1.995   1.031   1.831   2.902   0.932
  -3.538   0.851   0.842  -2.889   0.179   0.262  -2.700   0.772  -0.620  -3.452
  -0.714   0.005  -1.672  -0.190   0.972  -1.678  -0.198   2.168  -0.678  -0.568
   0.211  -0.731  -0.577  -0.758   0.489  -1.277   0.698   0.198  -2.062   1.423
   1.348  -1.789  -0.456   1.596  -1.135  -1.352   0.730  -2.594  -0.973   2.159
  -2.399  -0.114   1.465  -0.406   1.555   2.125  -0.838   2.506   1.703   0.850
   1.086   1.302   1.049   0.149   2.456   1.960   1.707   3.286   1.630   2.406
   3.036   2.488   1.070   1.685   2.590   2.208
  -2.015   1.255  -0.182  -2.663   0.581   0.366  -3.084   0.057  -0.408  -3.394
   1.081   0.989  -1.598  -0.185   1.124  -1.707  -0.366   2.300  -0.565  -0.504
   0.312  -0.631  -0.211  -0.598   0.729  -1.107   0.772   0.420  -1.915   1.357
   1.425  -1.702  -0.470   1.584  -0.974  -1.259   0.845  -2.515  -0.905   2.343
  -2.058  -0.338   1.674  -0.199   1.574   2.159  -0.741   2.617   1.891   1.043
   1.167   1.381   1.310   0.328   2.902   1.891   1.805   3.185   1.396   2.743
   3.793   2.177   1.142   2.516   2.788   2.258
  -2.550   1.517  -0.296  -2.861   0.557   0.118  -3.049  -0.105  -0.710  -3.767
   0.618   0.702  -1.770  -0.119   0.864  -1.871  -0.376   2.037  -0.663  -0.427
   0.242  -0.533  -0.193  -0.761   0.302  -1.380   0.743  -0.055  -2.050   1.497
   0.959  -2.135  -0.475   1.263  -1.440  -1.273   0.149  -2.781  -0.719   1.828
  -2.749  -0.185   1.353  -0.535   1.507   1.993  -0.947   2.464   1.588   0.702
   1.101   0.836   1.192   0.571   2.647   1.547   1.528   2.758   1.863   2.571
   3.555   1.004   1.224   2.910   2.373   0.816
  -2.986   1.386   0.430  -3.257   0.317   0.514  -3.461   0.033  -0.515  -4.096
   0.177   1.217  -2.080  -0.555   0.900  -1.985  -1.013   2.052  -1.042  -0.557
   0.047  -1.288  -0.150  -0.829   0.217  -1.230   0.324  -0.040  -2.042   1.005
   0.777  -1.738  -0.993   1.038  -0.835  -1.529   0.076  -2.402  -1.575   1.601
  -2.327  -0.739   1.330  -0.322   0.972   2.222  -0.815   1.618   1.457   1.035
   1.018   0.783   1.642   0.611   2.594   1.638   1.775   2.584   1.352   2.808
   3.553   1.251   1.302   2.598   2.697   1.610
  -2.540   1.889   0.331  -2.847   0.874   0.237  -2.974   0.598  -0.774  -3.742
   0.597   0.782  -1.782  -0.012   0.641  -1.905  -0.643   1.680  -0.722  -0.165
  -0.143  -0.669   0.434  -0.992   0.428  -1.010   0.219   0.117  -1.946   0.784
   1.037  -1.689  -1.117   1.501  -1.032  -1.800   0.340  -2.099  -1.783   1.803
  -2.356  -0.890   1.457  -0.277   1.052   2.080  -0.807   2.027   1.532   1.023
   0.866   0.880   1.403   0.132   2.689   1.938   1.358   2.330   2.025   2.404
   3.693   1.482   1.392   2.916   2.880   0.778
  -2.449   1.864  -0.597  -2.645   1.252   0.301  -3.546   0.621   0.074  -2.912
   1.863   1.194  -1.513   0.380   0.626  -1.506  -0.401   1.599  -0.416   0.480
  -0.169  -0.430   1.222  -0.881   0.754  -0.318  -0.138   0.339  -1.283  -0.014
   1.449  -0.363  -1.534   1.162   0.616  -1.908   1.074  -1.192  -2.123   2.491
  -0.523  -1.429   1.633   0.046   1.092   2.370  -0.850   1.601   1.805   1.252
   1.579   1.115   1.895   1.164   2.822   1.942   2.464   2.889   1.510   3.460
   3.719   2.086   2.020   2.569   3.008   2.722
  -3.468   0.823   0.189  -2.535   1.372   0.282  -2.519   2.191   0.898  -2.301
   1.859  -0.708  -1.491   0.427   0.750  -1.675  -0.272   1.690  -0.267   0.466
   0.187  -0.284   0.976  -0.661   0.965  -0.402   0.281   0.512  -1.311   0.614
   1.537  -0.630  -1.120   2.575  -0.314  -1.033   1.387   0.130  -1.911   1.589
  -1.588  -1.544   1.889   0.048   1.402   2.777  -0.709   1.819   2.097   1.364
   1.678   1.546   2.095   1.244   2.824   1.773   2.933   3.644   1.086   3.001
   3.221   2.800   2.740   2.110   1.667   3.782
  -3.706   1.039   0.631  -2.636   1.497   0.600  -2.603   2.425   1.159  -2.437
   1.813  -0.422  -1.451   0.660   1.118  -1.559   0.077   2.227  -0.380   0.491
   0.435  -0.445   0.776  -0.489   0.763  -0.295   0.682   0.395  -1.204   1.028
   1.432  -0.512  -0.670   1.714   0.389  -1.095   0.707  -0.836  -1.348   2.222
  -1.238  -0.635   1.768   0.243   1.689   2.643  -0.603   2.027   1.848   1.504
   2.171   1.553   2.254   1.580   2.826   1.946   3.180   3.023   1.203   3.981
   3.785   2.139   2.681   2.202   2.648   3.605
  -3.306   0.585   1.346  -2.563   1.305   1.055  -2.702   2.236   1.582  -2.593
   1.464   0.000  -1.322   0.501   1.404  -1.234  -0.027   2.472  -0.341   0.442
   0.483  -0.445   1.246  -0.190   1.028  -0.117   0.686   0.848  -1.158   1.173
   1.618  -0.320  -0.684   0.900  -0.368  -1.543   1.953  -1.340  -0.655   2.483
   0.352  -0.965   1.998   0.620   1.642   3.154   0.170   1.774   1.655   1.794
   2.197   0.726   2.075   2.093   2.455   2.543   3.197   2.729   1.883   3.977
   3.387   3.115   2.945   1.752   3.246   3.673
  -2.910   1.451  -0.205  -2.751   1.047   0.738  -3.361   0.116   0.875  -2.976
   1.888   1.452  -1.300   0.624   1.130  -1.275   0.004   2.231  -0.334   0.953
   0.265  -0.439   1.665  -0.485   0.938   0.213   0.469   0.674  -0.811   0.902
   1.603  -0.081  -0.875   0.975  -0.547  -1.631   2.352  -0.848  -0.583   2.233
   0.859  -1.154   1.893   0.826   1.577   2.870   0.145   2.116   1.574   2.037
   1.914   0.803   2.367   1.434   2.315   2.953   2.690   3.371   2.668   2.877
   2.557   3.837   1.960   1.831   3.343   3.520
  -2.672   1.640  -0.025  -2.691   0.910   0.809  -3.291   0.190   0.272  -3.360
   1.270   1.645  -1.281   0.364   1.200  -1.027  -0.181   2.224  -0.396   0.524
   0.225  -0.662   1.034  -0.580   0.988  -0.010   0.291   0.834  -0.974   0.785
   1.540  -0.185  -1.170   0.741  -0.491  -1.856   2.415  -0.839  -1.101   1.861
   0.832  -1.382   2.023   0.605   1.260   2.952  -0.068   1.611   1.811   1.822
   1.653   0.842   2.110   1.434   2.618   2.377   2.736   2.800   1.646   3.543
   3.574   2.847   2.462   2.032   3.132   3.210
  -1.959   2.304   1.637  -2.242   1.280   1.535  -2.935   1.161   0.672  -2.903
   1.080   2.421  -1.130   0.298   1.544  -1.055  -0.536   2.444  -0.190   0.231
   0.594  -0.518   0.498  -0.274   1.171  -0.461   0.833   1.056  -1.382   1.326
   1.767  -0.800  -0.593   1.086  -1.187  -1.331   2.651  -1.557  -0.483   2.171
   0.098  -1.093   2.138   0.361   1.732   3.282  -0.085   1.885   1.770   1.580
   2.114   1.010   1.951   1.667   2.601   2.602   2.777   2.357   3.642   2.596
   2.453   2.459   3.905   3.678   2.375   2.613
  -1.616   1.904   1.803  -2.115   1.100   2.147  -2.899   0.722   1.580  -2.439
   1.363   3.101  -1.153   0.008   2.198  -0.934  -0.577   3.299  -0.417  -0.116
   1.071  -0.637   0.331   0.188   0.932  -0.687   1.188   0.864  -1.694   1.747
   1.533  -0.983  -0.238   1.500  -2.041  -0.458   2.632  -0.899  -0.126   1.079
  -0.315  -0.955   2.007   0.316   1.864   2.974  -0.188   2.408   1.761   1.617
   1.849   0.946   1.931   1.271   2.480   2.620   2.676   3.481   2.949   2.199
   1.695   3.439   2.619   2.472   2.570   3.701
  -2.431   1.746   1.348  -2.585   0.788   1.875  -2.968   0.038   1.180  -3.271
   0.875   2.720  -1.211   0.323   2.364  -0.867   0.148   3.504  -0.362   0.025
   1.366  -0.511   0.180   0.392   1.024  -0.448   1.391   0.999  -1.366   1.904
   1.580  -0.611  -0.101   0.877  -1.201  -0.724   2.448  -1.227  -0.025   1.890
   0.359  -0.594   2.019   0.386   2.188   3.074  -0.231   2.503   1.808   1.689
   2.627   0.934   2.018   2.432   2.636   2.529   3.518   3.646   2.659   3.063
   2.168   3.549   3.614   2.760   2.066   4.557
  -2.756   0.857   3.659  -2.292   0.982   2.736  -2.037   1.986   2.350  -2.820
   0.466   2.005  -1.024   0.247   2.826  -0.650  -0.340   3.884  -0.297   0.253
   1.717  -0.488   0.734   0.846   1.016  -0.467   1.723   0.909  -1.500   2.265
   1.455  -0.787   0.286   0.592  -1.310  -0.185   2.352  -1.428   0.285   1.815
   0.105  -0.184   2.156   0.197   2.449   3.152  -0.435   2.899   1.981   1.480
   2.923   1.040   1.830   2.804   2.932   2.236   3.683   4.017   2.009   3.337
   2.599   3.336   3.667   2.851   1.787   4.674
  -2.769   1.689   3.325  -2.482   1.258   2.364  -2.346   2.043   1.690  -3.401
   0.770   2.093  -1.314   0.274   2.461  -1.179  -0.390   3.463  -0.354   0.258
   1.526  -0.344   1.008   0.840   0.893  -0.423   1.665   0.604  -1.399   2.141
   1.388  -0.673   0.247   0.758  -1.327  -0.336   2.436  -1.113   0.369   1.569
   0.233  -0.253   1.929   0.326   2.522   2.985  -0.229   2.927   1.605   1.626
   2.819   0.689   1.928   2.475   2.213   2.692   3.598   2.899   3.260   2.906
   1.454   3.452   3.604   2.584   2.288   4.614
  -2.699   1.580   1.848  -2.837   0.547   2.188  -3.250  -0.026   1.392  -3.505
   0.604   3.094  -1.506   0.090   2.649  -1.273  -0.062   3.833  -0.549   0.107
   1.684  -0.801   0.479   0.787   0.809  -0.388   1.866   0.554  -1.389   2.204
   1.416  -0.643   0.481   0.669  -1.034  -0.225   2.011  -1.544   0.564   1.992
   0.243   0.199   1.774   0.366   2.769   3.001   0.176   2.862   1.208   1.415
   3.447   0.234   1.545   3.546   1.994   2.481   4.081   2.941   2.644   3.529
   1.350   3.408   4.166   2.321   2.181   5.094
  -2.694   1.528   1.095  -2.738   0.645   1.723  -3.301   0.022   1.077  -3.184
   1.102   2.638  -1.399   0.107   2.103  -1.180  -0.310   3.251  -0.353   0.215
   1.230  -0.514   0.843   0.424   0.995  -0.357   1.432   0.943  -1.354   1.924
   1.610  -0.710   0.068   0.800  -1.307  -0.505   2.471  -1.308   0.317   1.739
   0.234  -0.374   1.857   0.647   2.262   3.115   0.468   2.358   1.204   1.676
   2.942   0.221   1.766   2.727   1.883   2.709   3.773   1.898   3.495   3.064
   1.346   2.918   4.712   2.922   2.302   4.111
  -2.355   2.316   2.013  -2.572   1.309   1.707  -3.023   1.232   0.723  -3.304
   0.985   2.420  -1.389   0.281   1.981  -1.477  -0.427   3.009  -0.338   0.471
   1.249  -0.501   1.225   0.606   1.016  -0.093   1.343   0.953  -1.113   1.777
   1.456  -0.229  -0.123   0.780  -0.890  -0.515   2.454  -0.638  -0.262   1.222
   0.634  -0.783   1.927   0.865   2.145   3.041   0.478   2.521   1.384   2.011
   2.504   0.444   2.102   2.126   1.941   3.010   3.430   2.493   3.869   2.994
   1.153   3.375   4.125   2.638   2.406   4.008
  -2.944   1.921   2.200  -2.955   0.871   1.973  -3.345   0.822   0.885  -3.693
   0.294   2.547  -1.525   0.329   2.131  -1.229  -0.227   3.163  -0.692   0.489
   1.105  -1.073   0.799   0.287   0.775   0.203   1.195   0.801  -0.817   1.634
   1.329  -0.025  -0.209   0.715  -0.808  -0.673   2.433  -0.421  -0.162   1.259
   0.893  -0.816   1.791   1.045   2.012   2.956   0.640   2.166   1.379   2.155
   2.548   0.437   2.316   2.350   2.115   2.846   3.607   1.326   3.226   4.301
   2.851   2.225   4.145   2.634   3.627   3.147
  -3.026   1.425   1.567  -2.919   0.364   1.529  -3.097  -0.052   0.498  -3.609
  -0.073   2.233  -1.534   0.079   1.900  -1.372  -0.568   2.924  -0.594   0.435
   1.030  -0.946   1.071   0.317   0.762   0.122   1.166   0.883  -0.926   1.346
   1.421   0.274  -0.215   0.952  -0.457  -0.899   2.515  -0.037  -0.289   1.229
   1.237  -0.633   1.404   0.821   2.415   2.024   0.120   3.224   1.243   2.149
   2.534   0.676   2.666   1.852   1.820   2.982   3.579   1.165   3.715   3.971
   2.144   2.487   4.484   2.686   3.505   3.140
  -2.941   1.404   0.697  -3.111   0.604   1.443  -3.656  -0.151   0.930  -3.572
   1.076   2.390  -1.804   0.020   1.775  -1.618  -0.579   2.821  -0.825   0.204
   0.930  -1.065   0.540   0.006   0.591  -0.138   1.209   0.648  -1.147   1.541
   1.439  -0.158  -0.084   1.247  -1.036  -0.711   2.505  -0.256   0.201   1.309
   0.812  -0.600   1.265   0.714   2.290   1.977   0.207   3.210   1.077   2.062
   2.212   0.495   2.440   1.411   1.556   2.968   3.229   0.858   3.789   3.377
   1.610   2.483   4.190   2.577   3.309   3.053
  -2.805   0.673  -0.198  -2.974   0.703   0.912  -3.845   0.117   1.215  -3.085
   1.751   1.185  -1.713   0.098   1.518  -1.759  -0.533   2.530  -0.608   0.443
   0.862  -0.562   1.109   0.091   0.720  -0.060   1.387   0.545  -1.080   1.849
   1.724  -0.221   0.215   1.340  -0.926  -0.496   2.706  -0.522   0.558   1.629
   0.744  -0.186   1.302   0.858   2.550   2.348   0.523   3.119   0.796   2.099
   2.758   0.080   2.421   2.073   1.210   3.102   3.767   0.380   3.616   4.241
   1.882   2.638   4.433   1.889   3.753   3.235
  -2.946   0.066  -0.293  -2.959   0.313   0.783  -3.868  -0.225   1.178  -3.057
   1.419   0.952  -1.690  -0.257   1.290  -1.736  -1.006   2.306  -0.597   0.328
   0.818  -0.711   1.126   0.203   0.710  -0.040   1.231   0.785  -1.138   1.433
   1.702   0.193   0.077   1.670  -0.605  -0.624   2.650   0.304   0.476   1.410
   1.202  -0.327   1.119   0.675   2.526   1.991   0.123   3.206   0.689   1.962
   2.757   0.041   2.438   2.250   1.176   2.828   3.836   0.709   2.544   4.792
   2.275   2.725   3.839   0.691   3.816   3.637
  -3.171  -0.171   0.252  -2.739   0.520   0.923  -3.334   0.722   1.854  -2.590
   1.533   0.464  -1.409  -0.120   1.354  -1.393  -1.002   2.273  -0.353   0.385
   0.728  -0.478   1.085  -0.012   1.055   0.084   1.023   1.178  -0.978   1.128
   1.794   0.566  -0.208   1.514   0.097  -1.157   2.878   0.306  -0.185   1.625
   1.720  -0.279   1.530   0.808   2.327   2.236   0.128   3.156   1.023   2.044
   2.545   0.560   2.461   1.728   1.184   2.978   3.668   0.590   2.663   4.555
   2.224   3.062   3.968   0.926   3.982   3.302
  -3.475   0.000   0.509  -2.876   0.836   0.740  -3.442   1.320   1.509  -2.711
   1.495  -0.061  -1.620   0.277   1.352  -1.706  -0.419   2.323  -0.474   0.482
   0.639  -0.512   0.888  -0.311   0.893   0.038   1.050   0.971  -1.044   1.319
   1.872   0.160  -0.184   1.682  -0.589  -0.909   2.955   0.000   0.235   1.749
   1.227  -0.574   1.443   0.907   2.229   2.264   0.450   3.042   1.072   2.191
   2.326   0.390   2.383   1.631   1.365   3.149   3.308   0.339   3.433   3.739
   2.100   2.737   3.978   1.726   4.055   2.799
  -3.088   0.551  -0.039  -2.853   0.971   0.892  -3.581   0.765   1.655  -2.791
   2.033   0.780  -1.552   0.358   1.379  -1.566  -0.141   2.538  -0.473   0.479
   0.585  -0.550   0.826  -0.361   0.796  -0.125   0.970   0.773  -1.182   1.332
   1.711  -0.194  -0.300   1.335  -1.001  -0.966   2.754  -0.361  -0.002   1.770
   0.747  -0.744   1.386   0.857   2.114   2.026   0.486   3.114   1.056   2.147
   2.114   0.411   2.403   1.415   1.557   3.274   2.990   1.383   4.267   2.565
   1.002   3.271   3.912   2.632   3.189   3.154
  -3.406  -0.089   0.458  -3.005   0.709   1.077  -3.665   0.830   1.900  -2.921
   1.668   0.540  -1.663   0.251   1.504  -1.559  -0.216   2.683  -0.621   0.444
   0.698  -0.728   0.967  -0.200   0.676  -0.119   1.048   0.423  -1.107   1.472
   1.474  -0.353  -0.297   1.158  -1.161  -0.934   2.519  -0.623  -0.091   1.442
   0.544  -0.929   1.532   0.631   2.185   2.484   0.014   2.724   1.346   1.924
   2.405   0.619   2.332   1.818   2.284   2.689   3.131   3.063   2.923   2.502
   1.819   3.574   3.513   2.678   2.080   3.969
  -3.415   0.342  -0.060  -3.050   0.857   0.841  -3.845   0.659   1.580  -2.999
   1.941   0.650  -1.769   0.225   1.388  -1.760  -0.352   2.474  -0.605   0.455
   0.655  -0.654   0.933  -0.212   0.666  -0.194   0.936   0.436  -1.128   1.335
   1.550  -0.448  -0.321   0.890  -0.947  -1.091   2.347  -1.240  -0.037   1.948
   0.452  -0.763   1.515   0.597   2.029   2.538   0.208   2.455   1.196   1.900
   2.147   0.439   2.166   1.583   1.972   2.885   2.847   2.976   2.904   2.370
   1.440   3.839   2.676   2.166   2.852   3.917
  -3.074   0.760  -0.081  -2.951   0.824   0.997  -3.638   0.043   1.300  -3.052
   1.799   1.420  -1.599   0.286   1.382  -1.531  -0.373   2.397  -0.616   0.435
   0.539  -0.786   0.786  -0.383   0.673  -0.182   0.906   0.575  -1.138   1.419
   1.295  -0.712  -0.444   0.717  -1.565  -0.928   2.218  -1.218  -0.263   1.452
   0.123  -1.139   1.618   0.749   1.792   2.706   0.267   2.255   1.317   2.062
   2.020   0.548   2.331   1.520   2.277   3.049   2.646   2.751   2.582   3.520
   3.038   3.316   1.925   1.695   3.971   2.849
  -2.701   0.581  -0.684  -2.783   0.641   0.428  -3.634   0.096   0.759  -2.872
   1.730   0.725  -1.577   0.001   0.997  -1.701  -0.626   2.010  -0.397   0.138
   0.301  -0.478   0.542  -0.627   0.878  -0.479   0.793   0.715  -1.353   1.481
   1.609  -1.120  -0.410   0.990  -1.886  -0.886   2.498  -1.566  -0.083   1.845
  -0.309  -1.175   1.811   0.576   1.562   2.999   0.312   1.839   1.408   1.791
   1.828   0.390   1.955   1.723   2.137   2.866   2.469   2.776   2.430   3.259
   2.713   3.347   1.651   1.543   3.655   2.888
  -2.428   0.935  -0.971  -2.687   0.837   0.100  -3.615   0.249   0.211  -2.870
   1.858   0.516  -1.660   0.128   0.897  -1.964  -0.381   2.024  -0.385   0.243
   0.452  -0.280   0.816  -0.367   0.860  -0.398   0.905   0.606  -1.144   1.638
   1.505  -1.186  -0.234   0.738  -1.843  -0.710   2.357  -1.814   0.193   1.924
  -0.518  -1.072   1.783   0.616   1.569   3.002   0.339   1.606   1.294   1.742
   2.065   0.305   1.871   1.840   2.076   2.768   2.729   2.875   2.317   3.238
   2.434   3.529   2.055   1.463   3.265   3.417
  -2.724   0.840  -0.611  -2.833   0.767   0.458  -3.814   0.302   0.668  -2.830
   1.742   0.897  -1.714  -0.032   1.023  -1.881  -0.745   1.991  -0.586   0.075
   0.309  -0.665   0.330  -0.670   0.676  -0.487   0.725   0.504  -1.288   1.455
   1.299  -1.089  -0.544   0.737  -2.033  -0.673   2.309  -1.433  -0.407   1.323
  -0.344  -1.372   1.591   0.630   1.374   2.830   0.407   1.485   1.040   1.759
   1.833   0.001   1.894   1.662   1.826   2.765   2.514   2.411   2.264   3.270
   2.332   3.262   1.630   1.156   3.570   2.925
