default_name                                                                    
   22  0.4200000E+03
  -1.3689274  -3.6336963   4.5807516  -1.5476769  -2.6054963   4.3423960
  -1.3894436  -2.1158490   5.3311109  -2.6239209  -2.4820916   3.9726730
  -0.6550996  -2.0584200   3.2812339  -0.8239790  -0.9539741   2.8178174
   0.4036625  -2.7954970   2.9923308   0.4991488  -3.7185990   3.4156104
   1.3233073  -2.4442594   1.9222527   1.7929808  -1.4951446   2.1322360
   2.5217558  -3.4397099   1.9346892   2.1961903  -4.3309542   1.3399314
   2.8671550  -3.7006615   2.9330683   3.3757626  -3.1655078   1.3168779
   0.7988883  -2.3849643   0.4722306   1.5236655  -2.0542957  -0.4896798
  -0.5168335  -2.6253626   0.2586153  -0.9727852  -2.9899248   1.0648949
  -1.2497723  -2.5609797  -1.0479624  -0.6675850  -2.7500526  -1.9059249
  -2.0611282  -3.3282615  -1.0951137  -1.6438900  -1.5634840  -1.1511797
  -1.0213305  -0.9734990  -0.2775227  -0.3398419   0.1732476   0.0056619
   1.2063487  -1.2683944  -0.8608129   0.6265517   0.3838196   0.8371646
   0.0756455   0.0283607  -0.0516729  -0.2717816   0.4036202  -0.1319176
   0.0798008  -0.1139959   0.0499007  -0.2637141  -0.9913624   0.2472045
   0.1449852   0.0166872   0.1174211  -0.3290416   0.8480372  -0.0498584
  -0.0755365   0.0168369  -0.1466738   1.1863935  -0.4566455  -0.4196877
  -0.3255936  -1.9516144   0.0797239  -0.4544785  -0.5696447  -0.7321185
  -0.1562670   0.1658696  -0.1066475  -0.1953497  -0.0094745  -0.1500573
   0.0741080   0.2289409  -0.1148395  -0.0901719  -0.2063938  -0.3718729
  -0.0814004   0.2314900  -0.2224588   0.3764186   0.9588576   0.0687045
  -0.8918398  -0.8015405   0.6297405  -0.1385608   0.3752614  -1.5484910
