default_name                                                                    
   22  0.4200000E+03
   4.9245003   5.1648170   3.6526670   5.2215703   5.4551732   2.6600203
   4.9407946   4.7919899   1.8875691   6.3205903   5.6056873   2.7664187
   4.6406226   6.8996485   2.3915017   3.6051788   7.0560987   1.7497004
   5.3528853   7.9458160   2.9066935   6.2091372   7.6801521   3.3722688
   5.1008517   9.3531198   2.5784805   4.0207549   9.5820449   2.7481567
   6.0008113  10.1164936   3.6227678   5.8393473  11.2033541   3.5162617
   7.1034192   9.8958040   3.4849694   5.6961733   9.7496190   4.6458173
   5.5539075   9.7732835   1.1202294   4.9909806  10.7631303   0.6012157
   6.6012863   9.1029083   0.5491168   7.0606691   8.4613842   1.1739366
   7.0616218   9.2243376  -0.8417338   6.2657719   8.7045564  -1.4455388
   7.1425138  10.3352443  -1.1085724   8.0369640   8.6596815  -1.0478538
  -0.4477554   0.2980717   0.8213488  -0.1319999   0.2290290  -0.1212420
  -0.9914527  -0.3655688   0.5904120  -0.7931717  -0.2347939  -0.2189579
  -0.0792320  -0.3393283  -0.2340101  -0.1956152   0.0574650   0.1038524
  -0.5175464   0.0086540  -0.0942397   0.7147634   0.6996921  -0.3343968
  -0.0315240  -0.0909279  -0.1395498  -0.2781636   0.2150906   0.5535531
   0.1818261  -0.0174148  -0.0227551   0.4577842   0.8500592  -0.4297760
   0.7932910   0.4012960  -0.5833335  -0.8913864   0.1736281   1.0009719
  -0.2027332   0.1110769   0.2058149   0.1173852   0.3081941  -0.2070247
   0.3343999   0.0102095  -0.0791865   0.2457398  -0.4735499  -1.0357887
  -0.0168164   0.1627058  -0.0626738   0.4818744  -0.5147244   0.3472293
  -1.2295331   0.4289890   0.5481716  -0.0713635   0.1488972   0.7712040
