default_name                                                                    
   22  0.4200000E+03
   2.7704910   0.6890052   1.4177527   1.8886301   0.3692183   1.8827177
   1.0131283   0.1659381   1.1857065   1.5572184   1.2200699   2.5164696
   2.1857486  -0.9016332   2.7055491   1.3033100  -1.6676270   2.9931877
   3.4871920  -1.1083285   3.0063717   3.9965296  -0.5077333   2.4693098
   4.1625758  -1.9130845   4.0347928   5.1819082  -2.0874361   3.6512467
   4.4408688  -0.9006006   5.1675167   5.3528289  -1.1919099   5.6333086
   3.5863194  -0.9289479   5.8836329   4.5111486   0.1212012   4.8311170
   3.6294375  -3.2441231   4.6136574   4.4164542  -4.2198774   4.6255188
   2.3529302  -3.2807279   5.0761918   1.8304314  -2.4352851   5.0632085
   1.6838288  -4.5165435   5.3758544   2.3000245  -5.1599471   5.8830893
   0.8085631  -4.2194067   6.0179588   1.4654081  -4.9241844   4.3846803
   0.2249853   1.1836376  -0.6192109   0.0920840  -0.1522592   0.0762720
  -0.9452442  -0.3649480  -1.6665199  -0.8649613   0.7078118  -0.7655329
  -0.3085864  -0.1723183   0.1884472  -0.2096858  -0.0969419  -0.1436871
  -0.0161645  -0.0458255  -0.1207213  -0.0527888  -0.8669350   0.4274986
   0.0408059   0.1845896  -0.0337625  -0.4220032   0.2729292   0.6127040
  -0.1635583  -0.0559747  -0.2669126   0.1445112  -0.1198661  -1.0638657
   1.3458938   0.2515895   0.7836462   1.5069869   0.1227702  -0.0190343
   0.4966291   0.1226022   0.3341422   0.2526564   0.1781653  -0.0801593
   0.1888789   0.1892432  -0.0285618  -0.3751819  -0.2391064   1.1963855
   0.5848748   0.0143752  -0.0705577  -0.2631731   0.2515493   1.3567414
   0.3074650  -0.3638184  -0.4934861  -0.3571759  -0.8411354  -1.4130315
