default_name                                                                    
   22  0.4200000E+03
   2.0119783   3.2296314   5.0252881   2.9223223   2.8894045   4.5556210
   3.8858690   2.9475910   5.0621825   2.8551603   3.6165412   3.7381208
   2.6710680   1.5211377   3.9256881   1.9207190   0.6679918   4.4881857
   3.2753831   1.2638589   2.7430671   3.8550317   1.9908522   2.3433420
   3.0261748   0.2353069   1.7378334   3.5503572   0.6355242   0.8535248
   3.7023823  -1.0690212   2.1133637   4.7425855  -0.8275837   2.4785541
   3.6431084  -1.7330164   1.2770262   3.0200067  -1.4829588   2.9043834
   1.5653229   0.0771858   1.3675882   1.1200039  -1.0209760   1.0510531
   0.7694910   1.1392292   1.4437017   1.1622905   2.0165014   1.7543226
  -0.6033972   1.1134237   1.0152447  -0.9426943   2.1443803   0.7362827
  -0.6789068   0.5724768   0.0677056  -1.1886709   0.7058768   1.8201379
   0.5618880   0.3972582   1.1104602  -0.0639620   0.0400828   0.1702280
  -0.2374659  -0.9908446   0.3422359  -0.3164408   0.8746290   0.0751000
  -0.0703502   0.2277963  -0.1143874   0.0657679   0.1922671  -0.0914090
  -0.4079108   0.0114457  -0.0077720   0.2481654  -0.2289846  -0.6712722
  -0.2247071  -0.1441213  -0.0929556  -0.5821553  -0.7251020  -0.7208734
  -0.0936624  -0.0897741   0.1355234  -0.3397503   0.7918697   0.5905656
   0.2541866   0.9210037  -0.0193338  -0.5432720  -1.0695110  -0.4847935
   0.1526152  -0.1387645  -0.0472782   0.1149136   0.1112489   0.0825053
  -0.0709397   0.0519037  -0.1714533  -1.3740513  -0.6444563   1.0011432
   0.1180078   0.2381286   0.4445485   0.6659456   0.5402319   1.6645254
   0.2716375   0.3312814  -0.5342733   0.4477934   0.6060187   0.3557014
