default_name                                                                    
  -4.092   0.670   2.291  -3.522   1.241   1.478  -3.560   2.334   1.704  -4.090
   1.032   0.542  -2.055   0.965   1.213  -1.222   1.886   1.472  -1.801  -0.183
   0.718  -2.549  -0.894   0.705  -0.458  -0.447   0.191   0.383  -0.101   0.784
  -0.282  -2.027   0.085   0.638  -2.304  -0.447  -1.068  -2.378  -0.531  -0.292
  -2.517   1.046  -0.189   0.144  -1.209   1.016   0.358  -1.555  -1.256   0.746
  -1.804  -2.183   0.455  -1.469  -1.228   1.147  -3.251  -0.275   1.262  -3.657
  -1.556   0.391  -3.932  -1.756   2.030  -3.347
  -4.267   0.827   1.733  -3.654   1.522   1.224  -3.741   2.459   1.753  -3.845
   1.685   0.151  -2.219   1.088   1.404  -1.350   1.916   1.697  -1.997  -0.034
   0.728  -2.747  -0.585   0.349  -0.709  -0.447   0.200   0.115  -0.209   0.822
  -0.683  -1.943   0.146   0.312  -2.236  -0.106  -1.339  -2.339  -0.650  -0.942
  -2.310   1.102  -0.309   0.115  -1.141   0.921   0.166  -1.397  -1.259   0.765
  -1.893  -2.237   0.662  -1.574  -1.113   1.330  -3.237  -0.424   2.203  -3.251
  -0.635   0.665  -3.912  -2.128   1.607  -3.588
  -4.324   0.763   1.146  -3.666   1.566   1.496  -3.820   1.622   2.588  -3.954
   2.465   0.951  -2.241   1.249   1.203  -1.399   2.087   1.648  -1.942   0.098
   0.609  -2.677  -0.517   0.381  -0.603  -0.277   0.012   0.185  -0.029   0.669
  -0.478  -1.858  -0.115   0.428  -2.068  -0.596  -1.292  -2.270  -0.684  -0.490
  -2.323   0.872  -0.274   0.399  -1.353   0.919   0.551  -1.678  -1.354   0.755
  -2.136  -2.341   0.611  -1.785  -1.438   1.517  -3.370  -0.466   2.049  -3.556
  -1.828   0.851  -4.192  -2.139   2.366  -3.231
  -3.947   2.505   0.803  -3.723   1.550   1.236  -4.455   0.870   0.894  -3.662
   1.667   2.286  -2.338   1.265   0.838  -1.500   2.170   0.834  -2.032   0.042
   0.515  -2.769  -0.602   0.588  -0.736  -0.333   0.158  -0.109  -0.059   1.019
  -0.567  -1.905  -0.004   0.451  -2.238  -0.369  -1.191  -2.266  -0.806  -0.624
  -2.399   1.059  -0.209   0.359  -1.109   0.963   0.286  -1.300  -1.048   0.932
  -1.982  -1.885   1.244  -1.629  -0.657   1.472  -3.323  -0.264   2.540  -3.069
   0.155   0.891  -3.822  -1.633   1.541  -3.980
  -4.616   1.201   0.252  -4.039   1.041   1.141  -4.456   0.241   1.722  -4.298
   1.944   1.752  -2.579   0.896   0.845  -1.682   1.698   1.182  -2.267  -0.248
   0.240  -3.031  -0.909   0.115  -0.873  -0.645  -0.082  -0.227  -0.438   0.872
  -0.641  -2.161  -0.335   0.326  -2.304  -0.694  -1.340  -2.568  -1.092  -0.669
  -2.692   0.547  -0.267   0.189  -1.262   0.931   0.244  -1.288  -1.182   0.833
  -2.049  -2.143   0.616  -1.831  -0.789   1.743  -3.160  -0.210   2.666  -2.863
  -0.337   1.315  -4.037  -1.758   2.041  -3.536
  -4.819   0.791   0.744  -3.947   0.545   1.362  -4.066  -0.486   1.827  -3.837
   1.169   2.296  -2.640   0.534   0.717  -1.889   1.526   0.852  -2.278  -0.508
   0.054  -2.884  -1.291  -0.055  -0.870  -0.760  -0.312  -0.277  -0.803   0.622
  -1.083  -2.184  -1.014  -0.106  -2.613  -1.191  -1.503  -2.274  -1.983  -1.660
  -2.873  -0.404  -0.149   0.216  -1.344   1.072   0.337  -1.340  -0.960   0.799
  -2.220  -1.942   0.682  -2.173  -0.468   1.945  -3.021  -0.277   2.815  -2.420
   0.514   1.766  -3.450  -1.048   2.222  -3.914
  -4.076  -0.107   1.759  -3.828   0.728   1.140  -4.094   1.606   1.651  -4.523
   0.624   0.317  -2.339   0.802   0.706  -1.636   1.781   0.942  -1.927  -0.309
   0.053  -2.697  -0.992  -0.115  -0.616  -0.533  -0.386   0.057  -0.475   0.492
  -0.544  -1.881  -1.035   0.408  -2.167  -1.483  -1.347  -1.949  -1.751  -0.700
  -2.710  -0.370  -0.101   0.440  -1.398   1.163   0.625  -1.377  -0.950   1.003
  -2.240  -1.997   0.824  -2.123  -0.557   1.776  -3.386  -0.798   1.278  -4.292
  -0.931   2.782  -3.335   0.498   1.853  -3.510
  -4.246  -0.281   0.455  -3.948   0.744   0.535  -4.387   1.271   1.395  -4.069
   1.344  -0.387  -2.472   0.786   0.690  -1.886   1.843   1.064  -1.864  -0.296
   0.292  -2.454  -1.037  -0.025  -0.463  -0.373  -0.038   0.044  -0.310   0.921
  -0.304  -1.842  -0.622   0.604  -1.981  -1.251  -1.163  -2.163  -1.210  -0.184
  -2.523   0.268  -0.069   0.712  -1.103   1.076   1.092  -0.972  -0.930   1.118
  -2.040  -1.844   0.731  -2.147  -0.487   1.789  -3.269  -1.303   2.227  -3.901
   0.323   2.440  -3.212  -0.153   1.001  -3.884
  -4.456   0.150   1.152  -4.095   0.920   0.547  -4.531   1.856   0.561  -4.400
   0.482  -0.481  -2.546   0.989   0.561  -1.893   1.810   1.166  -2.048  -0.015
  -0.155  -2.634  -0.694  -0.679  -0.591  -0.367  -0.266  -0.289  -0.286   0.698
  -0.618  -1.795  -0.808   0.374  -2.229  -0.720  -0.896  -1.802  -1.854  -1.248
  -2.326  -0.136   0.045   0.603  -1.260   1.216   0.952  -1.167  -0.756   1.181
  -2.177  -1.750   0.973  -2.149  -0.346   1.978  -3.358   0.696   1.646  -3.658
  -0.938   1.967  -4.265  -0.283   3.017  -3.120
  -4.632   1.256   0.669  -3.961   0.404   0.941  -4.272  -0.436   0.354  -4.219
   0.047   1.960  -2.451   0.517   0.705  -1.879   1.550   1.012  -1.752  -0.438
   0.185  -2.331  -1.308  -0.051  -0.271  -0.626  -0.140   0.172  -0.330   0.730
   0.006  -2.115  -0.512   1.063  -2.361  -0.822  -0.695  -2.361  -1.342  -0.358
  -2.831   0.276   0.178   0.397  -1.271   1.316   0.805  -1.325  -0.766   0.912
  -2.022  -1.674   0.701  -1.633  -0.532   1.907  -3.042   0.394   2.314  -3.320
  -0.952   1.403  -3.959  -1.188   2.755  -2.851
  -3.973   1.355   2.163  -3.845   0.492   1.573  -4.478   0.561   0.729  -4.032
  -0.382   2.139  -2.456   0.691   0.968  -1.663   1.492   1.478  -2.169  -0.323
   0.170  -2.940  -1.008   0.048  -0.817  -0.681  -0.211  -0.323  -0.270   0.687
  -0.585  -2.156  -0.151   0.120  -2.484  -0.835  -1.534  -2.627  -0.430  -0.423
  -2.395   0.889  -0.243  -0.054  -1.491   0.934  -0.030  -1.683  -1.176   0.658
  -2.209  -2.100   0.247  -2.260  -0.850   1.723  -3.149   0.046   2.367  -2.795
  -0.579   1.254  -4.092  -1.703   2.377  -3.440
  -4.563   1.222   2.334  -4.240   0.951   1.232  -4.357   1.826   0.610  -4.869
   0.103   1.030  -2.777   0.597   1.068  -1.892   1.279   1.532  -2.565  -0.457
   0.381  -3.380  -1.026   0.020  -1.221  -0.935  -0.110  -0.471  -0.907   0.682
  -1.365  -2.427  -0.413  -0.555  -2.844  -0.999  -2.420  -2.612  -0.754  -1.217
  -2.931   0.466  -0.664  -0.083  -1.235   0.567   0.024  -1.359  -1.438   0.778
  -1.889  -2.413   0.628  -1.873  -0.892   1.763  -2.894   0.129   1.364  -3.131
  -1.522   1.777  -3.821  -0.877   2.819  -2.440
  -4.471   1.970   2.351  -4.399   1.368   1.453  -4.593   2.011   0.631  -5.215
   0.679   1.436  -3.034   0.779   1.315  -2.064   1.355   1.842  -2.824  -0.311
   0.527  -3.720  -0.719   0.098  -1.542  -0.691   0.022  -0.866  -0.817   0.852
  -1.750  -2.011  -0.632  -0.666  -2.418  -0.846  -2.259  -1.839  -1.603  -2.291
  -2.609   0.068  -0.880   0.182  -1.036   0.262  -0.043  -1.353  -1.564   1.138
  -1.609  -2.501   1.037  -1.245  -1.126   2.066  -2.765  -0.488   1.662  -3.532
  -2.030   2.408  -3.281  -0.688   2.986  -2.313
  -4.338   0.887   2.994  -4.418   0.710   1.937  -4.998   1.543   1.515  -4.942
  -0.210   1.845  -3.002   0.729   1.344  -2.173   1.648   1.480  -2.846  -0.320
   0.608  -3.619  -0.953   0.585  -1.549  -0.754  -0.001  -0.745  -0.823   0.780
  -1.840  -2.042  -0.765  -1.004  -2.325  -1.421  -2.752  -1.927  -1.427  -1.893
  -2.867  -0.130  -1.051   0.320  -1.033   0.147   0.310  -1.346  -1.934   1.199
  -1.646  -2.905   1.152  -1.390  -1.530   2.360  -2.525  -1.232   1.871  -3.461
  -2.403   3.027  -2.772  -0.786   2.943  -2.030
  -4.378   2.116   2.534  -4.531   1.159   2.083  -5.324   1.133   1.305  -4.885
   0.575   2.887  -3.171   0.828   1.457  -2.276   1.699   1.380  -3.011  -0.420
   0.910  -3.831  -1.055   1.011  -1.754  -0.911   0.373  -1.045  -0.893   1.208
  -1.982  -2.410   0.005  -1.400  -2.602  -0.899  -2.976  -2.564  -0.344  -1.794
  -3.110   0.774  -1.100  -0.116  -0.868  -0.014  -0.401  -1.377  -2.001   0.708
  -1.496  -2.827   0.829  -0.949  -1.538   1.710  -2.486  -0.912   1.242  -3.261
  -2.320   2.206  -3.086  -0.966   2.451  -1.951
  -4.557   2.026   2.425  -4.694   1.191   1.744  -5.276   1.195   0.873  -5.239
   0.298   2.206  -3.258   0.812   1.360  -2.220   1.397   1.626  -3.202  -0.355
   0.759  -4.081  -0.808   0.568  -1.997  -0.979   0.348  -1.214  -0.811   1.099
  -2.125  -2.462   0.201  -1.236  -2.957  -0.234  -3.022  -2.783  -0.224  -2.168
  -2.877   1.210  -1.450  -0.482  -1.065  -0.315  -0.858  -1.440  -2.140   0.410
  -1.783  -3.035   0.685  -1.388  -1.735   0.910  -3.145  -0.874   1.552  -3.036
  -1.474   0.077  -3.748  -2.531   1.559  -3.658
  -5.035   1.039   2.382  -4.810   0.755   1.365  -4.953   1.603   0.623  -5.378
  -0.139   1.046  -3.284   0.590   1.287  -2.519   1.448   1.650  -2.812  -0.606
   0.873  -3.459  -1.397   0.879  -1.494  -0.901   0.364  -0.788  -0.207   0.947
  -1.238  -2.376   0.412  -0.126  -2.608   0.376  -1.701  -2.937  -0.450  -1.610
  -2.774   1.358  -1.322  -0.458  -1.054  -0.242  -0.561  -1.628  -2.366   0.135
  -1.696  -3.153   0.444  -1.093  -2.291   0.716  -3.013  -1.313   0.885  -3.350
  -2.735   0.054  -3.750  -2.864   1.637  -3.137
  -4.646   1.378   2.376  -4.572   1.092   1.281  -5.210   1.731   0.691  -5.039
   0.100   1.275  -3.116   0.875   0.998  -2.453   1.892   0.761  -2.734  -0.429
   0.849  -3.343  -1.208   0.929  -1.480  -0.676   0.151  -0.744  -0.150   0.778
  -1.240  -2.236   0.253  -0.150  -2.509   0.286  -1.840  -2.796  -0.511  -1.569
  -2.567   1.315  -1.348  -0.158  -1.357  -0.267  -0.433  -1.973  -2.340   0.534
  -1.985  -3.105   0.884  -1.422  -2.307   0.959  -3.345  -1.329   0.982  -3.763
  -2.886   0.243  -3.919  -2.801   1.893  -3.513
  -4.481   0.271   2.453  -4.353   0.999   1.609  -4.609   2.002   1.897  -5.086
   0.695   0.824  -2.969   0.899   0.939  -2.170   1.865   1.039  -2.639  -0.274
   0.386  -3.349  -0.900   0.507  -1.342  -0.672  -0.192  -0.584  -0.404   0.466
  -1.460  -2.176  -0.360  -0.611  -2.647  -0.867  -2.364  -2.358  -0.931  -1.489
  -2.722   0.615  -1.017   0.058  -1.546   0.160   0.086  -1.918  -2.101   0.460
  -2.206  -3.014   0.314  -1.817  -2.075   1.015  -3.641  -1.127   1.364  -3.955
  -2.211   0.105  -4.229  -2.822   1.745  -3.771
  -4.323   0.717   2.696  -4.479   0.969   1.648  -5.007   1.928   1.689  -5.222
   0.214   1.223  -3.163   1.012   0.891  -2.432   1.960   0.758  -2.659  -0.146
   0.571  -3.188  -0.939   0.870  -1.305  -0.351   0.178  -0.730   0.262   0.886
  -0.924  -1.725   0.321   0.163  -1.743   0.058  -1.542  -2.437  -0.205  -0.976
  -1.892   1.357  -0.970   0.114  -1.257   0.209   0.457  -1.570  -2.043   0.226
  -2.081  -2.930  -0.026  -1.787  -1.912   0.759  -3.464  -1.822  -0.012  -4.159
  -2.850   1.198  -3.652  -1.105   1.497  -3.504
  -4.372   0.369   2.500  -4.215   1.100   1.803  -4.376   1.958   2.457  -5.068
   1.140   1.051  -2.841   1.184   1.010  -2.230   2.285   0.837  -2.467  -0.046
   0.529  -3.048  -0.885   0.716  -1.126  -0.256  -0.019  -0.424   0.273   0.558
  -0.691  -1.616  -0.006   0.278  -1.763  -0.450  -1.479  -2.347  -0.401  -0.534
  -1.961   1.045  -0.908   0.395  -1.512   0.091   1.004  -1.922  -1.943   0.154
  -2.355  -2.789  -0.215  -1.893  -1.908   0.620  -3.751  -1.150   0.121  -4.260
  -2.891   0.493  -4.273  -1.595   1.709  -3.762
  -3.893   0.834   2.694  -4.295   1.052   1.768  -4.671   2.034   1.691  -5.065
   0.338   1.493  -3.052   0.873   0.862  -2.351   1.925   0.710  -2.621  -0.264
   0.428  -3.193  -1.085   0.800  -1.184  -0.549  -0.053  -0.486  -0.094   0.599
  -0.890  -2.025  -0.203   0.100  -2.347  -0.489  -1.526  -2.449  -0.955  -1.088
  -2.527   0.717  -0.933   0.070  -1.373   0.058   0.610  -1.639  -1.800  -0.215
  -2.277  -2.688  -0.503  -1.849  -1.855   0.190  -3.606  -0.853   0.143  -4.042
  -2.640  -0.416  -4.071  -2.112   1.256  -3.621
  -4.693   0.493   2.227  -4.382   1.116   1.417  -4.483   2.154   1.593  -4.876
   0.822   0.485  -2.948   0.836   1.088  -2.080   1.732   1.155  -2.714  -0.384
   0.751  -3.345  -1.147   1.024  -1.447  -0.746   0.061  -0.635  -0.317   0.678
  -1.345  -2.195  -0.145  -0.870  -2.421  -1.129  -2.359  -2.489  -0.337  -1.003
  -2.723   0.745  -1.273  -0.085  -1.290  -0.185   0.294  -1.569  -2.311  -0.022
  -2.153  -3.144  -0.599  -1.922  -2.241   0.311  -3.638  -1.845  -0.690  -4.037
  -3.217   0.454  -4.050  -1.510   1.040  -3.948
  -3.699   2.197   2.582  -3.858   1.406   1.892  -4.488   1.692   1.039  -4.405
   0.495   2.096  -2.610   1.037   1.296  -1.724   1.824   1.337  -2.495  -0.194
   0.745  -3.242  -0.833   0.731  -1.319  -0.607  -0.031  -0.432  -0.201   0.607
  -1.331  -2.155   0.032  -0.782  -2.580  -0.740  -2.341  -2.540  -0.116  -0.890
  -2.594   0.943  -1.235  -0.096  -1.407  -0.288   0.564  -1.789  -2.356  -0.141
  -2.141  -3.112  -0.746  -1.750  -2.413   0.191  -3.632  -2.521  -0.813  -4.152
  -3.315   0.743  -3.881  -1.459   0.603  -3.992
  -3.781   1.993   3.003  -3.574   0.999   2.710  -4.549   0.572   2.442  -3.113
   0.471   3.497  -2.589   1.053   1.576  -2.008   2.036   1.172  -2.287  -0.154
   1.039  -2.887  -0.883   1.132  -1.173  -0.406   0.072  -0.338   0.101   0.411
  -0.865  -1.948   0.179   0.140  -2.045   0.630  -0.748  -2.349  -0.866  -1.590
  -2.612   0.797  -1.389   0.049  -1.375  -0.426  -0.018  -2.103  -2.565   0.417
  -1.857  -3.324   0.422  -1.278  -2.905   0.761  -3.264  -2.375   0.046  -3.866
  -3.893   0.792  -3.537  -2.467   1.751  -3.495
  -3.705   1.766   2.735  -3.626   0.788   2.323  -4.556   0.875   1.737  -3.668
   0.010   3.133  -2.432   0.912   1.408  -1.791   1.951   1.357  -2.035  -0.268
   0.780  -2.493  -1.128   0.926  -0.970  -0.437  -0.129  -0.101   0.156   0.226
  -0.504  -1.885  -0.029  -0.049  -1.998   1.015   0.321  -2.128  -0.739  -1.361
  -2.557  -0.159  -1.319   0.034  -1.521  -0.466  -0.062  -2.425  -2.526   0.720
  -1.771  -3.141   1.079  -1.031  -3.088   0.976  -3.054  -3.026   0.092  -3.749
  -4.112   1.243  -2.879  -2.582   1.798  -3.685
  -4.765   0.954   1.526  -3.851   0.706   2.032  -3.950  -0.388   2.323  -3.827
   1.240   2.980  -2.606   0.745   1.237  -1.873   1.752   1.243  -2.284  -0.379
   0.556  -2.978  -1.053   0.696  -1.131  -0.517  -0.401  -0.324   0.130   0.052
  -0.622  -1.990  -0.510  -0.565  -2.357   0.484   0.365  -1.989  -1.038  -1.164
  -2.594  -1.124  -1.445  -0.021  -1.720  -0.593   0.072  -2.526  -2.704   0.345
  -1.943  -3.522   0.143  -1.235  -3.149   0.681  -3.303  -2.583   0.116  -4.059
  -4.184   0.386  -3.386  -3.029   1.805  -3.387
  -4.669   0.460   0.834  -3.962   0.870   1.554  -4.156   0.241   2.453  -4.165
   1.910   1.908  -2.557   0.719   0.996  -1.780   1.676   1.018  -2.338  -0.399
   0.282  -3.029  -1.128   0.356  -1.194  -0.629  -0.583  -0.280  -0.316  -0.068
  -1.207  -2.155  -0.807  -0.519  -2.666  -0.195  -0.956  -2.441  -1.869  -2.202
  -2.490  -0.811  -1.257   0.136  -1.890  -0.238   0.377  -2.512  -2.495   0.373
  -2.309  -3.222   0.034  -1.648  -2.869   0.821  -3.671  -3.940   0.739  -3.878
  -2.514   1.894  -3.701  -2.363   0.141  -4.389
  -4.135   1.947   1.608  -3.950   0.810   1.427  -4.638   0.347   0.596  -4.032
   0.231   2.289  -2.601   0.569   0.839  -1.648   1.322   1.043  -2.411  -0.690
   0.349  -3.157  -1.316   0.320  -1.174  -0.903  -0.462  -0.240  -0.653   0.043
  -0.944  -2.371  -0.830  -0.659  -2.855   0.120  -0.150  -2.427  -1.509  -1.860
  -2.709  -1.278  -1.129  -0.112  -1.787  -0.053  -0.018  -2.497  -2.302   0.314
  -2.251  -3.113   0.091  -1.702  -2.709   0.875  -3.532  -2.098   0.223  -4.178
  -3.836   0.864  -3.739  -2.372   1.914  -3.537
  -4.774   1.374   1.201  -4.052   0.586   1.553  -4.384  -0.385   1.157  -3.818
   0.516   2.630  -2.711   0.629   0.791  -2.060   1.613   0.748  -2.411  -0.534
   0.123  -2.934  -1.345   0.344  -1.093  -0.715  -0.471  -0.396  -0.384   0.299
  -0.777  -2.215  -0.567  -0.847  -2.601   0.469   0.206  -2.415  -1.049  -1.587
  -2.604  -1.157  -1.046   0.015  -1.870   0.137   0.273  -2.268  -2.108   0.177
  -2.547  -2.985  -0.017  -2.199  -2.222   1.371  -3.532  -1.727   2.140  -2.994
  -1.596   0.934  -4.320  -3.266   1.531  -3.984
  -4.347   1.142   1.708  -4.101   0.400   1.016  -4.867   0.311   0.145  -3.999
  -0.531   1.717  -2.765   0.644   0.423  -2.138   1.707   0.683  -2.147  -0.356
  -0.086  -2.704  -1.275  -0.204  -0.867  -0.552  -0.598  -0.188  -0.057   0.040
  -0.637  -2.074  -0.786  -0.994  -2.642   0.078   0.339  -2.374  -0.836  -1.104
  -2.478  -1.724  -0.781  -0.046  -2.172   0.334   0.215  -2.629  -1.986   0.237
  -2.837  -2.913   0.159  -2.460  -2.059   1.073  -4.000  -1.964   2.062  -3.596
  -1.255   0.919  -4.759  -3.036   0.967  -4.550
  -4.421   1.585   1.336  -4.258   0.668   0.729  -5.108   0.465   0.093  -4.247
  -0.096   1.508  -2.872   0.794   0.084  -2.272   1.893  -0.066  -2.254  -0.394
  -0.149  -2.465  -1.279   0.284  -0.998  -0.521  -0.882  -0.230  -0.242  -0.205
  -0.756  -2.025  -1.087  -0.983  -2.590  -0.186   0.348  -2.189  -1.390  -1.478
  -2.317  -1.852  -0.771   0.087  -2.264   0.348   0.392  -2.683  -1.911   0.333
  -2.907  -2.723  -0.014  -2.374  -2.169   1.021  -4.166  -1.199   0.858  -4.779
  -3.092   0.759  -4.749  -2.229   2.045  -3.871
  -4.397   2.049   1.501  -4.220   1.039   1.126  -5.070   0.722   0.561  -4.234
   0.299   1.953  -2.908   0.823   0.267  -2.303   1.786  -0.147  -2.414  -0.342
   0.146  -3.060  -1.149   0.217  -1.122  -0.582  -0.600  -0.391   0.211  -0.205
  -0.525  -1.869  -0.311  -1.167  -2.616  -0.858  -0.606  -2.084   0.765   0.486
  -2.010  -0.822  -1.011  -0.294  -2.070   0.098   0.235  -2.408  -2.005  -0.377
  -2.949  -2.884  -0.712  -2.548  -2.156   0.667  -4.005  -2.056   0.132  -4.946
  -3.128   1.185  -3.998  -1.418   1.468  -3.877
  -4.691   1.913   0.833  -4.504   0.865   0.750  -5.147   0.342   0.071  -4.558
   0.397   1.725  -3.098   0.796   0.241  -2.454   1.775   0.054  -2.518  -0.383
   0.004  -3.013  -1.203   0.314  -1.138  -0.646  -0.512  -0.353  -0.054  -0.096
  -0.816  -2.220  -0.424  -1.160  -2.709  -1.303  -1.052  -2.720   0.553   0.257
  -2.326  -0.584  -0.927  -0.339  -2.011   0.211  -0.280  -2.439  -2.014   0.008
  -2.716  -2.894   0.060  -2.202  -2.162   0.167  -4.151  -1.128   0.264  -4.462
  -2.484  -0.766  -4.506  -2.602   1.021  -4.436
  -4.760   2.213  -0.053  -4.512   1.152   0.269  -5.114   0.504  -0.363  -4.867
   1.056   1.274  -3.062   0.980   0.146  -2.348   1.947   0.131  -2.672  -0.320
  -0.022  -3.316  -1.093  -0.041  -1.196  -0.689  -0.314  -0.638   0.106   0.348
  -0.841  -2.050   0.090  -1.641  -2.669  -0.318  -1.008  -1.851   1.193   0.106
  -2.223  -0.301  -0.754  -0.325  -1.734   0.391  -0.177  -2.124  -1.733  -0.403
  -2.691  -2.489  -0.909  -2.315  -1.809   0.206  -4.022  -0.846   0.683  -4.244
  -2.083  -0.513  -4.880  -2.335   1.078  -4.103
  -4.530   1.315  -1.035  -4.608   1.271   0.134  -5.035   0.478   0.724  -4.938
   2.287   0.378  -3.151   0.999   0.575  -2.516   1.848   1.195  -2.686  -0.077
  -0.066  -3.391  -0.651  -0.378  -1.289  -0.385  -0.446  -0.584   0.190   0.177
  -1.098  -1.917  -0.180  -2.050  -2.400  -0.506  -0.962  -2.226   0.882  -0.166
  -2.143  -0.643  -1.009  -0.181  -1.974   0.183   0.154  -2.290  -2.024  -0.338
  -2.839  -2.903  -0.642  -2.549  -1.874  -0.469  -4.256  -1.859   0.547  -4.757
  -0.906  -0.984  -4.390  -2.618  -1.205  -4.676
  -4.525   2.905   0.508  -4.546   1.883   0.509  -4.938   1.663  -0.467  -4.988
   1.365   1.348  -3.123   1.425   0.335  -2.257   2.239   0.538  -2.871   0.132
  -0.031  -3.677  -0.463  -0.190  -1.530  -0.293  -0.396  -0.809   0.328   0.068
  -1.374  -1.750   0.062  -1.822  -2.494  -0.422  -1.890  -1.840   1.077  -0.322
  -1.939   0.325  -1.167  -0.131  -1.973   0.076  -0.042  -2.283  -2.149  -0.271
  -2.825  -3.019  -0.453  -2.598  -1.909  -0.305  -4.203  -1.560   0.701  -4.301
  -1.276  -1.058  -4.547  -2.813  -0.405  -4.838
  -4.841   2.553   1.178  -4.735   1.684   0.496  -5.256   1.689  -0.512  -5.121
   0.905   1.155  -3.322   1.269   0.184  -2.555   2.120  -0.323  -2.908  -0.035
   0.248  -3.563  -0.689   0.607  -1.679  -0.638  -0.335  -0.948  -0.035   0.241
  -1.514  -2.115   0.085  -0.805  -2.659  -0.607  -2.463  -2.764   0.072  -1.112
  -2.213   1.117  -1.329  -0.495  -1.796  -0.182  -0.100  -2.225  -2.314  -0.700
  -2.670  -3.202  -0.889  -2.260  -2.188  -0.443  -4.057  -1.833   0.608  -4.263
  -1.619  -1.282  -4.486  -3.126  -0.387  -4.667
  -5.230   2.538  -0.179  -5.012   1.438   0.056  -5.335   0.729  -0.704  -5.510
   1.190   0.996  -3.539   1.271   0.137  -2.864   2.247  -0.017  -3.125   0.024
   0.012  -3.825  -0.635  -0.095  -1.703  -0.268  -0.300  -1.054   0.427   0.232
  -1.355  -1.681   0.255  -0.343  -1.931  -0.164  -2.150  -2.483   0.083  -1.046
  -1.476   1.295  -1.409  -0.357  -1.855  -0.227  -0.478  -2.240  -2.497  -0.260
  -2.615  -3.457  -0.396  -2.260  -2.384   0.308  -3.994  -2.407   1.416  -3.867
  -1.456   0.012  -4.487  -3.221   0.093  -4.589
  -4.360   2.230   1.638  -4.386   1.174   1.209  -5.292   0.891   0.658  -4.337
   0.692   2.111  -3.201   0.988   0.332  -2.485   1.889  -0.021  -3.047  -0.309
  -0.053  -3.918  -0.941   0.057  -1.766  -0.756  -0.492  -0.944  -0.183   0.000
  -1.381  -2.243  -0.144  -0.534  -2.458  -0.683  -2.275  -2.883  -0.303  -1.075
  -2.140   0.907  -1.385  -0.405  -1.916  -0.222  -0.287  -2.253  -2.462  -0.209
  -2.814  -3.369  -0.662  -2.577  -2.519   0.387  -4.091  -2.966   1.356  -4.105
  -1.514   0.576  -4.535  -3.033  -0.354  -4.672
  -4.543   2.153   1.454  -4.442   1.245   0.878  -4.970   1.387  -0.110  -4.912
   0.494   1.543  -2.988   0.938   0.456  -2.196   1.852   0.624  -2.665  -0.326
   0.169  -3.435  -0.992   0.178  -1.375  -0.783  -0.334  -0.554  -0.248   0.148
  -1.197  -2.263  -0.140  -0.150  -2.483  -0.191  -1.813  -2.936  -0.845  -1.345
  -2.617   0.819  -1.090  -0.606  -1.872   0.043  -0.656  -2.286  -2.043  -0.232
  -2.658  -2.913   0.159  -2.219  -1.946  -0.141  -4.181  -1.342   0.675  -4.459
  -1.335  -1.002  -4.529  -2.916   0.141  -4.631
  -5.081   1.408   1.612  -4.786   0.958   0.482  -4.774   1.541  -0.468  -5.312
   0.163   0.204  -3.348   0.474   0.621  -2.530   0.955   1.331  -3.044  -0.613
  -0.059  -3.717  -1.186  -0.502  -1.662  -1.052  -0.355  -0.822  -0.565   0.169
  -1.630  -2.522   0.023  -0.645  -2.995   0.101  -2.266  -3.055  -0.605  -2.167
  -2.499   1.034  -1.258  -0.916  -1.887  -0.086  -0.774  -2.055  -2.237  -0.816
  -2.854  -3.155  -0.592  -2.447  -2.031  -1.196  -4.245  -1.043  -1.656  -4.363
  -2.871  -1.889  -4.342  -2.106  -0.234  -4.758
  -4.921   2.073   0.732  -4.881   1.016   0.538  -5.486   0.742  -0.379  -5.376
   0.518   1.363  -3.463   0.473   0.572  -2.617   1.322   0.995  -3.187  -0.797
   0.300  -3.941  -1.514   0.296  -1.823  -1.312  -0.172  -1.106  -0.763   0.434
  -1.716  -2.738   0.128  -0.771  -3.137  -0.142  -2.572  -3.299  -0.283  -1.824
  -2.748   1.239  -1.470  -1.009  -1.658  -0.237  -0.937  -1.920  -2.490  -0.766
  -2.532  -3.448  -0.680  -2.086  -2.239  -0.523  -3.997  -1.292  -1.001  -4.204
  -3.128  -0.916  -4.635  -2.104   0.589  -4.158
  -5.385   1.966   0.690  -5.155   0.836   0.620  -5.812   0.347  -0.204  -5.499
   0.344   1.442  -3.685   0.476   0.652  -2.911   1.400   0.759  -3.368  -0.786
   0.255  -4.166  -1.391   0.112  -2.105  -1.291  -0.373  -1.330  -0.927   0.249
  -2.250  -2.832  -0.215  -1.372  -3.165  -0.698  -3.024  -3.209  -0.930  -2.312
  -3.029   0.854  -1.867  -0.932  -1.847  -0.701  -0.711  -2.147  -2.901  -0.798
  -2.762  -3.842  -1.179  -2.510  -2.765   0.040  -3.993  -1.818   0.502  -3.946
  -2.882  -0.643  -4.846  -3.503   0.838  -4.045
  -4.978   1.714  -0.174  -4.627   0.966   0.544  -5.267   0.031   0.666  -4.626
   1.478   1.559  -3.164   0.656   0.366  -2.376   1.555   0.071  -2.989  -0.647
   0.072  -3.762  -1.228   0.415  -1.937  -1.221  -0.747  -1.048  -0.809  -0.385
  -1.974  -2.729  -0.616  -1.079  -3.329  -1.051  -3.027  -2.997  -1.017  -1.947
  -2.896   0.345  -1.996  -0.901  -2.231  -0.903  -0.838  -2.826  -3.156  -0.452
  -2.754  -3.912  -0.640  -2.135  -3.400   0.055  -4.144  -3.285   1.130  -4.030
  -2.870  -0.530  -4.887  -4.481  -0.148  -4.548
  -5.405   1.354  -0.085  -4.866   0.632   0.600  -5.460  -0.288   0.629  -4.756
   1.044   1.595  -3.443   0.401   0.005  -2.642   1.349  -0.133  -3.137  -0.899
  -0.096  -3.729  -1.621   0.298  -1.996  -1.355  -0.860  -1.109  -0.782  -0.535
  -1.769  -2.872  -0.549  -1.592  -3.015   0.517  -0.907  -3.312  -1.150  -2.612
  -3.498  -0.925  -2.050  -1.029  -2.403  -0.972  -0.867  -3.043  -3.261  -0.704
  -3.001  -4.168  -0.862  -2.480  -3.418  -0.221  -4.389  -2.470   0.094  -4.843
  -3.753  -0.988  -5.067  -3.999   0.649  -4.527
  -4.738   1.930   1.035  -4.768   0.845   0.790  -5.623   0.608   0.176  -4.859
   0.275   1.742  -3.513   0.547  -0.006  -2.908   1.519  -0.439  -3.065  -0.674
  -0.186  -3.730  -1.417   0.159  -1.882  -0.953  -0.914  -1.106  -0.414  -0.391
  -1.509  -2.434  -0.676  -1.631  -2.610   0.372  -0.511  -2.503  -0.933  -2.238
  -2.995  -1.233  -1.891  -0.494  -2.427  -0.829  -0.364  -3.008  -3.090  -0.275
  -2.957  -3.904  -0.167  -2.371  -3.224   0.121  -4.363  -2.923   1.180  -4.605
  -2.597  -0.553  -4.923  -4.193  -0.089  -4.788
  -4.700   1.677   1.440  -4.688   0.713   0.950  -5.491   0.439   0.375  -4.645
  -0.122   1.648  -3.462   0.648   0.071  -2.876   1.700  -0.248  -3.059  -0.589
  -0.353  -3.575  -1.448  -0.168  -1.791  -0.701  -1.133  -1.118   0.003  -0.696
  -1.277  -2.112  -0.825  -1.151  -2.252   0.210  -0.272  -2.197  -1.238  -1.907
  -2.879  -1.243  -1.888  -0.324  -2.635  -0.920  -0.252  -3.373  -3.102  -0.264
  -3.121  -3.806  -0.485  -2.444  -3.522   0.290  -4.360  -4.573   0.414  -4.475
  -3.133   1.288  -4.375  -3.082  -0.244  -5.265
  -4.599   1.760   0.942  -4.436   0.717   0.833  -5.120   0.409   0.038  -4.614
   0.247   1.751  -3.020   0.571   0.372  -2.276   1.553   0.348  -2.755  -0.622
  -0.207  -3.339  -1.446   0.041  -1.618  -0.803  -1.116  -0.791  -0.206  -0.797
  -1.264  -2.351  -1.069  -0.982  -2.570  -0.032  -0.348  -2.532  -1.660  -2.099
  -3.018  -1.447  -1.809  -0.411  -2.605  -0.914  -0.274  -3.374  -3.078  -0.193
  -3.080  -3.735  -0.094  -2.351  -3.607  -0.081  -4.458  -4.674  -0.345  -4.498
  -3.636   0.976  -4.888  -2.947  -0.666  -5.140
  -5.151   1.285   0.829  -4.338   0.726   1.264  -4.840  -0.221   1.470  -4.041
   1.259   2.187  -3.206   0.580   0.259  -2.583   1.595  -0.109  -3.010  -0.671
  -0.246  -3.624  -1.401   0.006  -1.798  -0.981  -1.008  -0.916  -0.627  -0.491
  -1.628  -2.514  -0.993  -1.664  -2.864   0.018  -0.626  -2.650  -1.413  -2.369
  -2.997  -1.597  -1.808  -0.419  -2.480  -0.762  -0.082  -3.058  -2.968  -0.296
  -3.076  -3.719  -0.715  -2.521  -3.202   0.232  -4.465  -4.073  -0.144  -4.951
  -3.238   1.338  -4.439  -2.303  -0.050  -5.018
  -5.403   0.181   0.556  -4.676   0.858   0.909  -4.476   0.585   1.910  -5.207
   1.725   0.845  -3.381   0.809   0.094  -2.595   1.777   0.065  -3.106  -0.437
  -0.329  -3.857  -1.111  -0.232  -1.768  -0.815  -0.873  -0.865  -0.446  -0.294
  -1.792  -2.398  -0.688  -1.780  -2.590   0.387  -0.882  -2.777  -1.103  -2.736
  -2.914  -1.119  -1.633  -0.347  -2.305  -0.508  -0.173  -2.854  -2.716  -0.032
  -3.001  -3.639  -0.317  -2.535  -2.825   0.571  -4.235  -3.847   1.048  -4.239
  -2.077   1.285  -4.374  -2.658  -0.085  -5.118
  -5.185   1.449   0.047  -4.566   0.809   0.718  -5.022  -0.113   1.135  -4.263
   1.328   1.632  -3.269   0.604   0.072  -2.454   1.575   0.124  -2.998  -0.658
  -0.348  -3.772  -1.306  -0.179  -1.710  -1.023  -0.951  -0.883  -0.589  -0.336
  -1.537  -2.583  -1.065  -1.587  -2.974  -0.061  -0.607  -3.004  -1.383  -2.303
  -3.120  -1.733  -1.630  -0.452  -2.394  -0.481  -0.337  -2.877  -2.740  -0.019
  -2.993  -3.596  -0.084  -2.468  -2.802   0.748  -4.222  -3.806   0.629  -4.631
  -2.668   1.778  -3.943  -2.092   0.456  -5.039
  -5.635   0.640  -0.101  -4.916   0.790   0.728  -4.998   0.074   1.472  -5.025
   1.745   1.138  -3.434   0.635   0.277  -2.754   1.646   0.249  -2.989  -0.553
  -0.142  -3.696  -1.263  -0.264  -1.707  -0.967  -0.744  -0.926  -0.514  -0.126
  -1.546  -2.499  -0.510  -1.945  -2.783   0.481  -0.464  -2.523  -0.459  -2.000
  -3.162  -1.310  -1.564  -0.505  -2.245  -0.405  -0.415  -2.747  -2.694  -0.160
  -2.910  -3.519  -0.569  -2.489  -2.779   0.289  -4.298  -3.711   0.842  -4.420
  -1.995   0.984  -4.540  -2.840  -0.558  -4.928
  -5.503   0.669   0.034  -4.858   0.820   0.938  -5.046  -0.004   1.604  -5.083
   1.814   1.301  -3.383   0.727   0.478  -2.577   1.690   0.456  -3.091  -0.449
  -0.132  -3.819  -1.195  -0.105  -1.779  -0.789  -0.653  -0.956  -0.450   0.064
  -1.744  -2.290  -0.693  -2.100  -2.683   0.261  -0.693  -2.578  -1.029  -2.393
  -2.767  -1.431  -1.469  -0.214  -2.061  -0.339   0.086  -2.445  -2.493  -0.012
  -2.874  -3.367  -0.296  -2.434  -2.526   0.477  -4.229  -3.503   0.884  -4.504
  -1.678   1.230  -4.342  -2.279  -0.291  -4.964
  -5.410   0.722  -0.301  -4.786   0.955   0.561  -5.049   0.243   1.325  -4.850
   1.921   1.018  -3.332   0.792   0.083  -2.660   1.770  -0.319  -2.945  -0.468
  -0.099  -3.596  -1.265   0.094  -1.667  -0.939  -0.659  -0.845  -0.622   0.025
  -1.472  -2.423  -0.644  -1.277  -2.860   0.305  -0.562  -2.643  -1.174  -2.312
  -2.891  -1.133  -1.254  -0.479  -2.087  -0.154  -0.023  -2.429  -2.296  -0.514
  -2.922  -3.198  -0.706  -2.454  -2.339  -0.415  -4.395  -2.751  -1.298  -4.874
  -3.034   0.324  -4.725  -1.340  -0.127  -4.836
