default_name                                                                    
   22  0.4200000E+03
  -2.7243754   0.8400901  -0.6106907  -2.8328067   0.7667894   0.4578954
  -3.8135185   0.3019944   0.6683152  -2.8303342   1.7415992   0.8973353
  -1.7142883  -0.0324928   1.0233026  -1.8808544  -0.7451686   1.9905367
  -0.5862454   0.0750081   0.3086265  -0.6648363   0.3304347  -0.6702956
   0.6763455  -0.4865035   0.7253286   0.5042762  -1.2877241   1.4545715
   1.2988444  -1.0891733  -0.5435048   0.7373607  -2.0325019  -0.6733288
   2.3087895  -1.4331842  -0.4070718   1.3232467  -0.3436838  -1.3723910
   1.5905058   0.6303791   1.3742623   2.8298189   0.4073057   1.4850327
   1.0398308   1.7594038   1.8328481   0.0007472   1.8944749   1.6622690
   1.8262438   2.7653590   2.5141469   2.4112465   2.2643225   3.2696118
   2.3316539   3.2622326   1.6299944   1.1559739   3.5696073   2.9253752
  -0.1439839  -0.6501681   0.1029566   0.2095820   0.1951285   0.2123501
   0.0492881   1.0600230  -1.2497446  -0.7610117  -0.0180940  -0.0605813
   0.1117275  -0.2023882  -0.1358868   0.0901392  -0.0467277   0.0955618
   0.0906958   0.1045254   0.1386708   1.3142551  -0.0020105  -0.5195756
  -0.3166506   0.1176316   0.0699547   0.0904151  -0.7476579   0.2725764
   0.0249302   0.0050168   0.1804860   0.2662649  -1.3847087   0.4100034
  -1.4922534  -0.2691179   0.2147865  -0.1414343   0.8017451  -0.6567013
  -0.0989828  -0.1339429  -0.0551704   0.0358227  -0.2000060  -0.4848952
   0.1874437  -0.1783786   0.0782408  -1.1117648  -0.2978466  -0.3670378
   0.0159573  -0.2524079   0.0560474   1.3894219   1.5597292   0.2080454
  -0.6039432   0.7323399  -0.0107517   0.5426402   0.4157504   0.5459682
