default_name                                                                    
  -4.114   1.677   2.619  -3.321   2.238   2.013  -2.818   3.071   2.541  -3.842
   2.608   1.139  -2.367   1.228   1.437  -2.584   0.813   0.250  -1.386   0.805
   2.223  -1.364   1.193   3.155  -0.487  -0.263   1.923   0.338  -0.090   2.616
  -1.165  -1.557   2.368  -0.561  -2.412   2.283  -1.925  -1.790   1.627  -1.513
  -1.583   3.405   0.168  -0.301   0.534   0.304  -1.348  -0.140   0.608   0.890
   0.109   0.274   1.678   0.628   1.083   1.074  -1.298   0.786   2.045  -1.702
   2.169   0.884  -1.402   0.580   0.366  -1.918
  -2.952   2.147   3.080  -2.853   2.306   1.964  -2.229   3.187   1.878  -3.843
   2.478   1.560  -2.210   1.132   1.326  -2.551   0.651   0.219  -1.222   0.643
   1.994  -0.860   1.248   2.780  -0.446  -0.619   1.794   0.335  -0.531   2.514
  -1.284  -1.839   2.212  -0.742  -2.730   1.961  -2.317  -1.811   1.783  -1.338
  -1.904   3.304   0.218  -0.681   0.436   0.272  -1.667  -0.313   0.579   0.516
  -0.082   0.533   1.278   0.591   0.940   0.830  -1.485   0.336   1.659  -1.939
   2.047   1.050  -1.482   0.788  -0.036  -2.080
  -3.350   2.703   2.413  -2.541   2.775   1.653  -1.656   3.178   2.020  -2.945
   3.445   0.833  -2.211   1.457   1.086  -2.583   1.049  -0.018  -1.315   0.812
   1.868  -1.122   1.282   2.748  -0.692  -0.445   1.656   0.057  -0.700   2.403
  -1.778  -1.571   1.789  -1.370  -2.528   1.579  -2.583  -1.381   1.046  -2.102
  -1.530   2.843   0.123  -0.464   0.364   0.285  -1.518  -0.257   0.624   0.656
  -0.139   0.476   1.489   0.408   0.995   0.871  -1.589   1.036   1.918  -1.892
   2.021   0.376  -1.688   0.296   0.231  -2.200
  -3.290   2.588   2.340  -2.838   2.762   1.346  -2.007   3.450   1.368  -3.507
   3.282   0.671  -2.329   1.381   0.881  -2.591   1.025  -0.301  -1.510   0.702
   1.678  -1.151   1.132   2.545  -0.866  -0.655   1.333  -0.044  -0.790   2.066
  -1.950  -1.780   1.432  -1.522  -2.761   1.623  -2.684  -1.663   0.659  -2.442
  -1.564   2.347  -0.049  -0.678  -0.015   0.003  -1.719  -0.688   0.525   0.453
  -0.446   0.326   1.234   0.147   1.324   0.681  -1.603   2.360   0.728  -1.308
   1.088  -0.017  -2.369   1.080   1.596  -2.089
  -3.241   2.382   2.324  -2.634   2.475   1.399  -1.751   3.036   1.700  -3.237
   3.035   0.650  -2.031   1.212   0.744  -2.626   0.711  -0.206  -1.143   0.472
   1.505  -0.918   0.742   2.412  -0.608  -0.873   1.176   0.113  -0.947   1.978
  -1.713  -1.932   1.473  -1.306  -2.811   1.817  -2.221  -2.173   0.548  -2.422
  -1.644   2.314   0.074  -0.871  -0.214  -0.019  -1.879  -0.951   0.879   0.150
  -0.626   0.974   0.845   0.100   1.532   0.355  -1.882   2.100   1.217  -1.892
   2.243  -0.449  -1.989   0.891   0.370  -2.790
  -1.926   2.312   2.741  -2.089   2.436   1.627  -1.271   3.116   1.316  -2.998
   2.889   1.415  -1.896   1.146   0.961  -2.553   0.844  -0.030  -0.971   0.444
   1.558  -0.459   0.847   2.407  -0.441  -0.888   1.069   0.313  -1.137   1.735
  -1.425  -2.017   1.384  -0.807  -2.927   1.221  -2.279  -2.049   0.692  -1.691
  -2.058   2.497   0.045  -0.990  -0.407  -0.052  -2.102  -1.055   0.339   0.225
  -0.954   0.208   1.032  -0.322   1.076   0.358  -2.172   2.058   0.690  -1.963
   1.238  -0.572  -2.681   0.531   0.856  -2.955
  -1.179   2.788   2.206  -2.185   2.537   1.807  -2.585   3.325   1.250  -2.841
   2.340   2.632  -1.966   1.196   0.987  -2.520   1.058  -0.104  -1.061   0.352
   1.485  -0.533   0.797   2.201  -0.620  -0.984   0.923   0.253  -1.318   1.474
  -1.713  -2.061   1.196  -1.432  -3.010   0.693  -2.698  -1.733   0.773  -1.735
  -2.247   2.283  -0.005  -0.955  -0.482   0.043  -1.969  -1.124   0.509   0.180
  -0.948   0.389   1.025  -0.428   0.935   0.325  -2.288   1.237   1.344  -2.426
   1.835  -0.320  -2.359   0.094   0.144  -3.089
  -0.681   3.044   2.365  -1.625   2.533   2.313  -2.324   3.216   1.906  -1.805
   2.297   3.393  -1.600   1.340   1.375  -2.495   1.099   0.491  -0.671   0.468
   1.639   0.020   0.627   2.305  -0.448  -0.828   0.930   0.559  -1.095   1.260
  -1.426  -1.996   1.388  -0.756  -2.857   1.370  -2.164  -2.194   0.640  -1.788
  -1.902   2.447  -0.080  -0.968  -0.554  -0.394  -2.000  -1.217   0.474   0.091
  -1.202   0.667   0.883  -0.633   1.002   0.109  -2.528   1.042   1.148  -2.766
   2.050  -0.361  -2.588   0.275  -0.302  -3.270
  -0.995   3.373   1.937  -1.842   2.706   1.839  -2.545   3.263   1.347  -2.167
   2.518   2.834  -1.519   1.444   1.066  -2.076   1.292  -0.024  -0.690   0.526
   1.610  -0.214   0.830   2.448  -0.315  -0.778   1.085   0.414  -1.169   1.759
  -1.573  -1.663   1.275  -1.342  -2.717   0.894  -2.423  -1.269   0.655  -1.729
  -1.585   2.321   0.023  -0.831  -0.492  -0.193  -1.827  -1.198   0.704   0.220
  -1.020   1.056   0.832  -0.289   1.126   0.298  -2.413   1.095   1.433  -2.658
   2.113  -0.003  -2.606   0.344  -0.281  -3.031
  -0.714   3.277   1.485  -1.677   2.784   1.462  -2.302   3.446   0.903  -2.121
   2.596   2.417  -1.632   1.527   0.657  -2.374   1.419  -0.367  -0.751   0.654
   1.060  -0.097   1.016   1.700  -0.334  -0.721   0.729   0.595  -1.000   1.309
  -1.444  -1.679   1.160  -1.091  -2.736   0.953  -2.318  -1.770   0.503  -1.578
  -1.547   2.175   0.073  -0.714  -0.807  -0.144  -1.713  -1.530   0.769   0.350
  -1.272   1.046   1.011  -0.544   1.502   0.247  -2.545   1.078   0.876  -3.329
   2.407   0.793  -2.261   1.736  -0.791  -2.826
  -0.824   3.588   1.272  -1.603   2.924   1.644  -2.624   3.245   1.637  -1.546
   2.811   2.779  -1.573   1.561   0.900  -2.400   1.284   0.037  -0.610   0.677
   1.263  -0.014   1.055   1.998  -0.428  -0.709   0.792   0.488  -0.927   1.403
  -1.583  -1.586   1.338  -1.326  -2.604   1.098  -2.585  -1.417   0.945  -1.508
  -1.542   2.448   0.012  -0.665  -0.684  -0.399  -1.490  -1.491   0.932   0.243
  -1.026   0.895   0.954  -0.411   1.718   0.393  -2.232   1.159   0.138  -3.070
   1.850   1.450  -2.315   2.691  -0.254  -2.179
  -1.133   2.537   2.736  -1.881   2.781   1.897  -1.479   3.753   1.429  -2.858
   2.909   2.175  -1.709   1.508   1.095  -2.461   1.349   0.057  -1.029   0.499
   1.631  -0.799   0.794   2.581  -0.736  -0.832   0.973   0.084  -1.336   1.483
  -2.117  -1.702   1.083  -1.970  -2.696   0.625  -2.908  -1.195   0.696  -2.348
  -1.852   2.169  -0.274  -0.810  -0.465  -0.688  -1.631  -1.297   0.336   0.288
  -0.892   0.573   0.910  -0.118   0.839   0.589  -2.221   1.811   0.264  -2.296
   0.409   0.198  -3.114   0.962   1.642  -2.302
  -0.824   3.158   2.453  -1.746   2.634   2.043  -2.340   3.469   1.484  -2.279
   2.194   2.949  -1.490   1.576   1.028  -1.882   1.779  -0.120  -0.758   0.525
   1.510  -0.660   0.526   2.507  -0.619  -0.761   0.740   0.361  -1.220   1.005
  -1.655  -1.696   1.244  -1.391  -2.740   0.945  -2.724  -1.407   0.961  -1.599
  -1.689   2.299  -0.426  -0.828  -0.734  -0.931  -1.679  -1.453   0.408   0.102
  -1.205   0.958   0.616  -0.461   0.881   0.353  -2.598   0.478  -0.450  -3.239
   0.645   1.335  -2.979   1.962   0.400  -2.624
  -2.545   1.948   3.017  -2.013   2.575   2.213  -1.230   3.239   2.643  -2.764
   3.146   1.690  -1.461   1.659   1.167  -1.454   2.055  -0.009  -0.796   0.589
   1.604  -0.887   0.456   2.569  -0.322  -0.575   0.888   0.677  -0.660   1.280
  -1.165  -1.743   1.375  -0.617  -2.624   1.081  -2.164  -1.745   1.019  -1.194
  -1.751   2.487  -0.067  -0.433  -0.646  -0.768  -1.090  -1.370   0.785   0.502
  -1.020   1.356   0.884  -0.243   1.028   0.859  -2.365   2.150   1.030  -2.606
   0.655   0.130  -3.094   0.519   1.737  -2.567
  -1.439   2.733   3.013  -1.645   3.163   2.035  -0.909   4.025   1.835  -2.738
   3.416   1.979  -1.322   2.036   1.034  -2.073   1.865   0.059  -0.424   1.119
   1.307  -0.077   1.174   2.181  -0.195  -0.218   0.666   0.743  -0.602   0.967
  -1.255  -1.157   1.201  -1.286  -1.992   0.440  -2.245  -0.698   1.130  -0.820
  -1.510   2.169  -0.020  -0.052  -0.892  -0.224  -1.061  -1.585   0.507   1.070
  -1.424   0.707   1.821  -0.727   0.952   1.235  -2.824   1.959   0.762  -3.073
   0.205   0.922  -3.530   1.150   2.351  -2.958
   0.003   4.176   1.334  -0.895   3.565   1.624  -1.840   4.160   1.682  -0.597
   3.361   2.639  -0.997   2.249   0.862  -1.882   2.026   0.059   0.003   1.443
   1.223   0.615   1.917   1.807   0.232   0.097   0.810   1.154  -0.246   1.253
  -0.945  -0.817   1.344  -0.693  -1.866   1.202  -1.839  -0.591   0.860  -0.978
  -0.771   2.412   0.319  -0.080  -0.717  -0.334  -0.914  -1.323   1.167   0.655
  -1.440   1.771   1.311  -0.995   1.388   0.684  -2.894   1.922  -0.245  -3.123
   0.495   0.731  -3.535   1.961   1.519  -3.179
   0.611   3.385   2.079  -0.440   3.378   2.088  -0.953   4.012   1.352  -0.904
   3.528   3.049  -0.737   2.044   1.431  -1.848   1.879   0.981   0.253   1.123
   1.356   1.223   1.305   1.625   0.119  -0.187   0.718   1.037  -0.703   0.930
  -0.961  -1.084   1.312  -0.732  -2.172   1.168  -1.911  -0.771   0.802  -0.975
  -0.949   2.368   0.154  -0.173  -0.869  -0.202  -1.265  -1.375   0.645   0.816
  -1.566   0.997   1.605  -1.159   0.670   0.885  -3.025   0.516  -0.100  -3.447
  -0.169   1.619  -3.330   1.573   1.317  -3.296
   0.531   3.291   2.316  -0.415   3.361   1.788  -0.350   4.141   0.965  -1.264
   3.650   2.397  -0.603   2.010   1.290  -1.681   1.733   0.705   0.384   1.149
   1.355   1.250   1.397   1.796   0.358  -0.197   0.761   1.280  -0.737   1.127
  -0.858  -1.029   1.457  -0.556  -2.084   1.412  -1.790  -0.782   0.901  -0.935
  -0.745   2.509   0.438  -0.339  -0.786  -0.048  -1.372  -1.317   0.829   0.742
  -1.480   1.182   1.575  -1.031   0.679   0.882  -2.942   0.954  -0.104  -3.366
  -0.392   1.193  -3.117   1.358   1.698  -3.290
   1.011   4.071   1.012   0.276   3.573   1.709  -0.518   4.234   2.066   0.777
   3.389   2.682  -0.206   2.317   1.194  -1.362   2.136   0.824   0.771   1.370
   1.258   1.633   1.657   1.657   0.708  -0.040   0.764   1.706  -0.432   1.005
  -0.192  -0.987   1.543   0.174  -1.027   2.564  -0.103  -1.989   1.186  -1.288
  -0.740   1.485   0.528  -0.123  -0.712   0.407  -1.299  -1.283   0.650   0.980
  -1.439   0.730   1.795  -0.849   0.680   1.050  -2.863   1.463   0.355  -3.239
  -0.302   0.751  -3.283   0.857   2.033  -3.197
  -0.539   4.415   1.156  -0.051   3.615   1.627  -0.503   3.537   2.588   1.067
   3.706   1.826  -0.406   2.380   0.904  -1.340   2.207   0.246   0.458   1.389
   1.158   1.136   1.544   1.999   0.480  -0.052   0.648   1.480  -0.456   0.899
  -0.557  -0.910   1.391  -0.448  -0.663   2.504  -0.480  -1.986   1.235  -1.596
  -0.557   1.091   0.423  -0.234  -0.881  -0.248  -1.154  -1.313   0.820   0.784
  -1.618   1.109   1.573  -1.088   1.143   0.769  -3.066   2.158   1.045  -3.153
   0.970  -0.226  -3.591   0.721   1.590  -3.589
   0.590   3.975   0.461  -0.159   3.585   1.092  -1.052   4.087   0.878   0.174
   3.495   2.126  -0.503   2.110   0.799  -1.644   1.825   0.426   0.503   1.157
   0.846   1.404   1.422   1.247   0.318  -0.137   0.282   1.304  -0.558   0.467
  -0.659  -0.978   1.189  -0.528  -0.817   2.267  -0.385  -1.961   0.943  -1.696
  -0.746   1.009   0.350  -0.331  -1.236   0.143  -1.465  -1.794   0.760   0.682
  -1.973   0.872   1.541  -1.467   1.221   0.494  -3.352   1.935  -0.339  -3.481
   0.439   0.017  -3.988   1.485   1.390  -3.888
   1.206   3.370   1.086   0.267   3.347   0.602   0.410   3.864  -0.308  -0.458
   3.907   1.204  -0.312   2.005   0.437  -1.442   1.947   0.078   0.440   0.913
   0.635   1.295   1.033   1.154   0.162  -0.445   0.240   1.008  -1.018   0.522
  -1.041  -1.044   1.092  -0.808  -0.769   2.111  -1.116  -2.143   0.986  -1.926
  -0.620   0.773  -0.031  -0.532  -1.315  -0.852  -1.274  -1.868   0.680   0.362
  -2.002   1.211   0.952  -1.354   0.969   0.299  -3.401   1.301  -0.714  -3.705
   0.110   0.570  -4.032   1.586   1.121  -3.600
   1.140   3.824   0.169   0.273   3.516   0.717  -0.565   4.339   0.804   0.510
   3.202   1.779  -0.280   2.163   0.162  -1.249   2.190  -0.545   0.338   1.050
   0.573   1.177   1.105   1.088  -0.088  -0.340   0.144   0.756  -0.878   0.532
  -1.267  -0.854   0.920  -0.975  -1.161   1.987  -1.460  -1.803   0.438  -1.978
   0.043   0.937  -0.135  -0.551  -1.368  -0.810  -1.468  -1.898   0.530   0.345
  -2.196   1.021   1.091  -1.751   0.897   0.356  -3.615   1.652  -0.315  -4.004
  -0.102   0.434  -4.050   1.274   1.316  -3.912
  -0.264   3.961   1.157   0.290   3.089   1.289   0.060   2.824   2.279   1.291
   3.238   0.957  -0.268   2.162   0.310  -1.162   2.503  -0.372   0.179   0.889
   0.548   0.841   0.753   1.223  -0.294  -0.325  -0.115   0.345  -1.098   0.250
  -1.763  -0.803   0.193  -1.999  -0.334   1.219  -1.758  -1.864   0.439  -2.419
  -0.398  -0.567  -0.056  -0.519  -1.622  -0.587  -1.465  -2.204   0.672   0.317
  -2.366   1.171   1.048  -1.792   1.002   0.270  -3.810   1.284  -0.765  -4.147
   0.134   0.780  -4.363   1.841   0.980  -4.081
  -0.448   3.973   0.791  -0.151   3.013   1.270  -0.768   2.848   2.259   0.936
   3.100   1.471  -0.496   2.000   0.294  -1.277   2.292  -0.530   0.174   0.836
   0.359   1.027   0.837   0.812  -0.162  -0.481  -0.259   0.506  -1.272   0.066
  -1.494  -1.049   0.282  -1.392  -1.174   1.381  -1.710  -2.103  -0.112  -2.325
  -0.299   0.119  -0.012  -0.467  -1.790  -0.372  -1.519  -2.405   0.513   0.602
  -2.404   0.604   1.393  -1.794   1.025   0.521  -3.764   0.219   0.554  -4.544
   1.733   1.328  -3.946   1.421  -0.501  -3.954
  -0.826   3.581   1.920  -0.038   2.868   1.613   0.251   2.210   2.478   1.041
   3.216   1.421  -0.360   1.870   0.515  -1.002   2.269  -0.472   0.150   0.594
   0.544   0.616   0.401   1.459  -0.182  -0.588  -0.282   0.523  -1.421  -0.106
  -1.557  -1.085   0.234  -1.431  -1.319   1.289  -1.952  -1.907  -0.451  -2.266
  -0.302   0.145  -0.058  -0.451  -1.799  -0.645  -1.298  -2.522   0.560   0.620
  -2.231   0.813   1.288  -1.537   0.865   0.724  -3.653  -0.136   0.713  -4.187
   1.411   1.624  -3.936   1.385  -0.187  -3.997
   0.207   3.742   1.023   0.402   2.764   1.360   0.031   2.715   2.377   1.452
   2.634   1.362  -0.128   1.570   0.516  -1.215   1.707  -0.018   0.578   0.453
   0.411   1.318   0.281   1.122   0.146  -0.854  -0.312   0.820  -1.679  -0.129
  -1.217  -1.348   0.340  -1.186  -1.215   1.470  -1.347  -2.428   0.088  -2.151
  -0.878  -0.030  -0.091  -0.548  -1.844  -0.681  -1.404  -2.566   0.430   0.580
  -2.309   0.846   1.105  -1.543   0.589   0.783  -3.759   0.619   1.866  -3.875
   1.498   0.271  -4.140  -0.278   0.490  -4.388
  -0.593   3.132   1.808   0.257   2.651   1.462   0.891   2.344   2.305   0.809
   3.432   0.891  -0.107   1.486   0.507  -1.192   1.570  -0.072   0.705   0.441
   0.338   1.647   0.614   0.592   0.388  -0.822  -0.380   1.310  -1.416  -0.515
  -0.692  -1.632   0.492  -0.556  -1.584   1.540  -0.595  -2.660   0.097  -1.704
  -1.285   0.199  -0.132  -0.706  -1.891  -0.840  -1.640  -2.424   0.146   0.449
  -2.630   0.931   1.001  -2.366  -0.540   0.981  -3.831  -1.069   1.830  -3.691
   0.158   1.144  -4.616  -1.079   0.099  -4.045
  -0.136   2.753   1.900   0.530   2.599   1.027   1.424   2.145   1.359   0.841
   3.484   0.452  -0.221   1.512   0.263  -1.317   1.752  -0.226   0.427   0.427
  -0.001   1.320   0.280   0.475  -0.113  -0.798  -0.642   0.763  -1.419  -0.419
  -1.250  -1.286   0.209  -1.044  -1.022   1.282  -1.281  -2.340   0.023  -2.127
  -0.731   0.070  -0.229  -0.745  -2.195  -0.721  -1.698  -2.726   0.072   0.396
  -2.707   0.299   1.175  -2.063   0.205   0.589  -4.154   0.803   1.409  -4.438
   0.728  -0.285  -4.581  -0.750   0.744  -4.728
   1.068   2.413   2.024   0.557   2.748   1.112   1.279   3.133   0.419  -0.053
   3.672   1.128  -0.253   1.603   0.454  -1.413   1.825   0.165   0.405   0.431
   0.279   1.412   0.442   0.496  -0.178  -0.776  -0.397   0.579  -1.423  -0.426
  -1.241  -1.425   0.514  -0.835  -1.703   1.419  -1.558  -2.408   0.146  -2.025
  -0.604   0.722  -0.739  -0.609  -1.888  -1.336  -1.554  -2.432  -0.188   0.384
  -2.700   0.614   1.086  -2.309  -0.695   0.494  -4.080  -0.139  -0.063  -4.848
  -1.715   0.300  -4.038  -0.615   1.562  -4.388
   1.569   2.573   1.041   0.619   2.871   0.561   0.776   3.384  -0.413   0.016
   3.564   1.202  -0.454   1.821   0.231  -1.534   2.163  -0.282   0.045   0.579
   0.257   0.990   0.653   0.697  -0.384  -0.686  -0.346   0.274  -1.466  -0.067
  -1.728  -1.088   0.349  -1.348  -1.295   1.361  -2.195  -1.996  -0.011  -2.470
  -0.332   0.244  -0.493  -0.660  -1.862  -1.150  -1.595  -2.457   0.094   0.390
  -2.525   0.703   0.998  -1.899  -0.202   0.759  -3.941  -0.389  -0.111  -4.551
  -1.161   1.273  -3.968   0.594   1.313  -4.384
   1.789   2.415   0.479   0.661   2.478   0.699   0.583   3.243  -0.015   0.503
   2.848   1.704  -0.185   1.383   0.169  -1.319   1.677  -0.188   0.338   0.230
   0.080   1.298   0.112   0.399  -0.108  -0.956  -0.568   0.726  -1.687  -0.669
  -1.260  -1.551   0.247  -1.025  -1.445   1.311  -1.638  -2.504   0.038  -2.133
  -0.874   0.137  -0.505  -0.648  -2.082  -1.285  -1.335  -2.736   0.150   0.485
  -2.635   0.797   0.996  -2.072  -0.069   1.064  -3.973   0.537   0.796  -4.814
  -1.104   0.826  -4.162   0.029   2.126  -3.974
   1.026   2.774   0.759   0.396   2.051   1.286  -0.349   2.644   1.870   1.165
   1.637   1.897  -0.162   1.041   0.412  -1.225   1.220  -0.175   0.559  -0.005
   0.153   1.365  -0.085   0.768   0.115  -1.159  -0.713   0.972  -1.787  -0.716
  -0.898  -1.978   0.131  -0.498  -2.321   1.026  -1.228  -2.898  -0.392  -1.856
  -1.493   0.367  -0.334  -0.817  -2.103  -1.040  -1.639  -2.749  -0.089   0.352
  -2.611   0.726   0.912  -2.190  -0.565   0.911  -3.930  -0.238   0.140  -4.701
  -1.603   1.031  -4.072  -0.098   1.912  -4.112
   0.261   3.069   1.303   0.073   2.116   1.664  -0.815   2.294   2.403   1.039
   1.819   2.168  -0.399   1.174   0.574  -1.557   1.339   0.196   0.447   0.161
   0.281   1.297   0.026   0.861  -0.066  -0.999  -0.582   0.723  -1.751  -0.727
  -1.156  -1.809   0.269  -0.986  -2.064   1.345  -1.560  -2.763  -0.146  -2.005
  -1.199   0.375  -0.502  -0.781  -2.002  -1.111  -1.651  -2.652  -0.065   0.410
  -2.596   0.171   1.197  -1.998  -0.154   0.630  -4.068   0.325  -0.215  -4.552
  -1.223   0.661  -4.315   0.347   1.528  -4.526
  -0.137   2.770   2.226   0.712   2.390   1.639   1.428   1.968   2.304   1.244
   3.204   1.156  -0.008   1.418   0.656  -1.077   1.632   0.214   0.634   0.226
   0.459   1.491   0.164   0.974   0.223  -1.074  -0.290   1.160  -1.729  -0.427
  -0.740  -1.868   0.606  -0.266  -2.083   1.563  -1.012  -2.804   0.276  -1.607
  -1.311   0.656  -0.383  -0.850  -1.702  -1.106  -1.773  -2.187  -0.003   0.264
  -2.337   0.464   0.946  -1.754  -0.384   0.804  -3.552   0.578   1.174  -3.974
  -0.781   0.065  -4.257  -1.145   1.606  -3.383
   0.156   2.977   1.918   0.890   2.617   1.203   1.706   2.124   1.666   1.209
   3.520   0.680   0.186   1.673   0.264  -0.983   1.934  -0.181   0.682   0.381
   0.237   1.578   0.219   0.752  -0.057  -0.788  -0.466   0.667  -1.564  -0.371
  -1.107  -1.353   0.433  -0.753  -1.881   1.301  -1.744  -1.919  -0.254  -1.803
  -0.573   0.850  -0.494  -0.670  -1.958  -1.337  -1.445  -2.416   0.030   0.331
  -2.661   0.687   0.871  -2.104  -0.419   0.672  -3.973  -0.079   1.641  -4.278
  -0.133  -0.215  -4.646  -1.469   0.684  -3.988
   0.814   2.908   1.683   1.221   2.039   1.164   2.009   1.467   1.690   1.711
   2.288   0.250   0.160   1.175   0.566  -0.932   1.662   0.248   0.388  -0.148
   0.349   1.330  -0.398   0.793  -0.466  -1.143  -0.346   0.142  -2.050  -0.369
  -1.747  -1.452   0.509  -1.403  -2.226   1.191  -2.673  -1.828  -0.039  -2.052
  -0.714   1.083  -0.610  -0.681  -1.823  -1.443  -1.316  -2.498   0.035   0.358
  -2.361   0.758   0.797  -1.799  -0.153   0.833  -3.758  -0.985   1.486  -3.786
   0.697   1.477  -4.043  -0.236  -0.007  -4.415
   0.957   2.262   2.288   1.277   1.682   1.502   2.007   0.959   1.854   1.632
   2.338   0.650   0.053   1.007   0.959  -1.035   1.623   0.854   0.315  -0.239
   0.484   1.288  -0.537   0.520  -0.570  -1.164  -0.336   0.030  -2.061  -0.375
  -1.826  -1.489   0.454  -2.455  -2.047  -0.139  -2.423  -0.594   0.752  -1.585
  -2.011   1.333  -0.856  -0.684  -1.778  -1.881  -1.194  -2.336  -0.047   0.241
  -2.306   0.690   0.567  -1.724   0.160   0.525  -3.718   1.279   0.760  -3.684
  -0.221  -0.188  -4.464  -0.397   1.537  -3.847
   1.549   0.701   2.162   1.281   1.452   1.364   2.172   1.428   0.741   1.164
   2.346   1.980  -0.013   1.073   0.654  -0.984   1.859   0.440   0.030  -0.232
   0.283   0.821  -0.767   0.563  -0.946  -1.026  -0.519  -0.522  -2.007  -0.603
  -2.239  -1.181   0.289  -2.383  -2.204   0.114  -3.044  -0.691  -0.347  -2.317
  -0.846   1.415  -1.074  -0.533  -2.049  -1.767  -1.165  -2.875  -0.481   0.716
  -2.342  -0.051   1.201  -1.528  -0.387   1.175  -3.751  -0.243   2.197  -3.826
   0.341   0.658  -4.419  -1.428   1.137  -4.134
   0.811   2.204   1.834   1.173   1.201   1.449   1.184   0.485   2.195   2.081
   1.343   0.853  -0.025   0.784   0.556  -0.786   1.609   0.097   0.128  -0.491
   0.192   0.969  -0.960   0.492  -0.781  -1.240  -0.692  -0.306  -2.180  -0.757
  -2.142  -1.449   0.065  -2.837  -2.070  -0.460  -2.577  -0.492   0.173  -2.020
  -2.064   1.016  -1.018  -0.698  -2.148  -1.890  -1.098  -2.868  -0.283   0.383
  -2.416   0.374   0.662  -1.794  -0.398   1.286  -3.607  -0.887   2.229  -3.206
   0.519   1.563  -4.145  -1.217   0.935  -4.322
   1.713   2.601   1.182   1.718   1.496   1.003   1.823   0.962   1.955   2.468
   1.263   0.387   0.455   1.071   0.433  -0.538   1.745   0.435   0.513  -0.097
  -0.265   1.338  -0.622  -0.197  -0.495  -0.800  -1.066  -0.049  -1.841  -1.321
  -1.837  -0.999  -0.138  -2.301  -1.907  -0.472  -2.587  -0.249  -0.129  -1.607
  -1.240   0.912  -0.803  -0.143  -2.316  -1.210  -0.914  -3.198  -0.737   1.225
  -2.466  -0.628   1.777  -1.583  -0.816   1.918  -3.727  -1.899   1.826  -3.905
  -0.554   3.016  -3.774  -0.327   1.398  -4.430
   1.256   2.518   1.907   1.397   1.492   1.559   1.018   0.960   2.424   2.490
   1.350   1.410   0.453   1.276   0.416  -0.217   2.195  -0.085   0.437   0.070
  -0.167   1.198  -0.486   0.091  -0.557  -0.553  -1.008  -0.107  -1.498  -1.159
  -1.828  -0.842  -0.170  -2.422  -1.626  -0.648  -2.376  -0.020  -0.295  -1.554
  -1.323   0.743  -0.846  -0.065  -2.473  -1.718  -0.715  -3.015  -0.255   1.035
  -3.052   0.557   1.378  -2.657  -0.676   1.452  -4.423   0.156   1.531  -5.159
  -1.506   0.817  -4.863  -1.200   2.452  -4.302
   1.483   2.756   1.385   1.744   1.764   1.009   1.979   1.047   1.816   2.620
   1.936   0.316   0.516   1.357   0.185  -0.428   2.081  -0.192   0.536   0.054
  -0.245   1.276  -0.630   0.133  -0.459  -0.549  -1.195  -0.075  -1.477  -1.430
  -1.515  -1.088  -0.316  -2.145  -1.849  -0.862  -2.096  -0.323   0.145  -1.003
  -1.667   0.431  -1.017   0.066  -2.527  -1.962  -0.411  -3.135  -0.191   0.958
  -3.050   0.691   1.162  -2.569  -0.572   1.722  -4.202   0.272   2.283  -4.548
  -0.643   1.048  -4.976  -1.324   2.548  -4.037
   2.135   2.444  -0.053   1.632   2.081   0.780   1.274   2.905   1.454   2.368
   1.495   1.266   0.395   1.355   0.326  -0.581   1.993   0.100   0.458   0.080
  -0.014   1.234  -0.535   0.214  -0.620  -0.487  -0.818  -0.377  -1.544  -1.093
  -1.926  -0.604   0.032  -2.656  -1.039  -0.639  -2.461   0.295   0.360  -1.783
  -1.325   0.827  -0.882   0.218  -2.215  -1.775  -0.183  -2.988  -0.076   1.079
  -2.752   0.780   1.314  -2.283  -0.304   1.755  -4.058   0.029   1.187  -4.923
  -1.372   2.062  -4.228   0.364   2.635  -4.243
   2.150   2.184   0.045   1.605   1.908   0.951   1.553   2.805   1.597   2.091
   1.201   1.643   0.216   1.400   0.503  -0.730   2.249   0.537   0.105   0.169
   0.022   0.929  -0.382   0.041  -1.066  -0.307  -0.777  -0.752  -1.291  -1.131
  -2.108  -0.597   0.244  -2.896  -1.262  -0.176  -2.502   0.337   0.704  -1.547
  -1.198   0.949  -1.431   0.482  -2.027  -2.232   0.002  -2.811  -0.671   1.515
  -2.395   0.139   1.715  -1.898  -0.792   2.295  -3.642  -1.230   1.823  -4.519
  -1.550   3.096  -3.374   0.203   2.749  -3.859
   2.367   1.343   0.484   1.620   2.151   0.709   1.722   3.007   0.097   1.676
   2.349   1.803   0.316   1.519   0.394  -0.721   2.119   0.707   0.270   0.309
  -0.215   1.074  -0.147  -0.546  -0.923  -0.303  -0.847  -0.413  -1.126  -1.379
  -1.836  -1.047   0.170  -2.413  -1.605  -0.479  -2.479  -0.357   0.709  -1.135
  -1.616   0.857  -1.636   0.510  -1.964  -2.616   0.036  -2.515  -1.140   1.732
  -2.323  -0.349   2.077  -1.792  -1.514   2.532  -3.522  -0.682   2.922  -4.014
  -2.075   1.975  -4.309  -2.203   3.301  -3.123
   2.171   2.364  -0.168   1.728   1.843   0.721   1.677   2.440   1.626   2.467
   0.984   1.000   0.393   1.315   0.375  -0.578   1.908   0.802   0.260   0.150
  -0.246   1.176  -0.117  -0.647  -0.959  -0.301  -0.841  -0.693  -1.270  -1.337
  -1.852  -0.782   0.372  -2.596  -1.442  -0.094  -2.299  -0.019   0.980  -1.239
  -1.389   1.013  -1.777   0.568  -1.881  -2.924   0.334  -2.220  -1.244   1.748
  -2.270  -0.427   2.002  -1.772  -1.732   2.602  -3.353  -1.014   2.912  -4.125
  -2.521   1.980  -3.869  -2.219   3.401  -2.843
   2.758   0.460   0.391   2.189   1.408   0.535   2.553   2.208  -0.130   2.265
   1.649   1.592   0.666   1.140   0.195  -0.158   1.910   0.690   0.263   0.183
  -0.650   0.904  -0.568  -0.881  -1.076  -0.205  -1.116  -0.840  -1.035  -1.835
  -1.829  -0.935   0.040  -2.778  -1.297  -0.393  -2.225  -0.249   0.790  -1.189
  -1.706   0.581  -1.838   0.870  -1.900  -2.996   0.775  -2.155  -1.239   1.989
  -2.211  -0.242   1.920  -2.263  -1.839   3.238  -2.664  -2.583   3.174  -3.429
  -2.416   3.517  -1.798  -1.159   4.099  -2.823
   2.275   2.196  -0.514   1.961   1.508   0.294   2.296   2.053   1.237   2.581
   0.659   0.258   0.507   1.171   0.246  -0.279   1.901   0.879   0.110   0.142
  -0.513   0.964  -0.292  -0.908  -1.201  -0.314  -0.952  -1.186  -1.205  -1.608
  -1.965  -0.763   0.302  -2.881  -1.244   0.054  -2.326   0.128   0.829  -1.321
  -1.500   0.894  -1.853   0.696  -1.903  -2.882   0.382  -2.515  -1.263   1.839
  -2.177  -0.370   1.936  -1.748  -1.870   2.972  -2.868  -1.449   3.074  -3.854
  -2.988   2.919  -2.923  -1.421   3.945  -2.466
   2.464   1.780  -0.902   2.207   1.228  -0.044   2.596   1.873   0.825   2.740
   0.252  -0.095   0.698   1.139   0.030   0.056   2.115   0.373   0.191   0.010
  -0.486   0.872  -0.732  -0.693  -1.172  -0.215  -0.775  -1.163  -1.247  -1.097
  -2.057  -0.232   0.464  -2.974  -0.675   0.106  -2.171   0.795   0.927  -1.513
  -0.868   1.188  -1.726   0.650  -1.908  -2.688   0.225  -2.569  -1.027   1.746
  -2.282  -0.150   2.044  -1.866  -1.569   2.755  -3.184  -0.821   3.038  -3.914
  -2.385   2.460  -3.758  -1.663   3.615  -2.500
   2.740   2.126  -0.497   2.211   1.538   0.259   2.465   1.897   1.284   2.543
   0.595   0.213   0.688   1.541   0.047   0.107   2.608   0.103   0.194   0.425
  -0.386   0.868  -0.277  -0.698  -1.211   0.113  -0.740  -1.127  -0.975  -0.967
  -2.088   0.245   0.495  -3.097   0.055   0.068  -1.978   1.241   1.025  -1.886
  -0.581   1.136  -1.743   0.814  -1.988  -2.881   0.561  -2.368  -0.961   1.682
  -2.661  -0.103   1.927  -2.132  -1.386   2.474  -3.824  -1.459   1.843  -4.735
  -2.355   2.938  -3.675  -0.588   3.148  -3.914
   2.827   1.499  -0.022   2.080   1.585   0.771   2.210   2.543   1.054   1.993
   0.803   1.526   0.719   1.514   0.017   0.246   2.586  -0.281   0.191   0.327
  -0.225   0.747  -0.474  -0.013  -1.231   0.053  -0.586  -1.213  -0.945  -0.808
  -2.114   0.193   0.610  -3.131  -0.076   0.401  -2.046   1.122   1.120  -1.795
  -0.523   1.304  -1.683   0.731  -1.959  -2.841   0.450  -2.356  -0.966   1.607
  -2.663  -0.218   1.993  -2.102  -1.045   2.040  -4.044  -1.617   1.392  -4.697
  -1.474   3.078  -4.063  -0.042   2.092  -4.375
   2.367   2.686   0.218   1.879   1.830   0.621   1.787   2.105   1.704   2.595
   1.031   0.523   0.540   1.601  -0.031  -0.160   2.630  -0.328   0.171   0.348
  -0.307   0.873  -0.306  -0.046  -1.095  -0.193  -0.909  -0.895  -1.260  -1.079
  -2.181  -0.258   0.190  -3.114  -0.612  -0.250  -2.368   0.732   0.618  -1.742
  -0.854   0.892  -1.555   0.387  -2.262  -2.648   0.022  -2.778  -0.774   1.283
  -2.822   0.102   1.481  -2.378  -1.015   1.963  -4.068  -0.565   2.990  -4.024
  -0.509   1.416  -4.888  -2.143   1.915  -4.206
   2.433   2.706   0.874   2.027   1.703   0.631   1.964   1.198   1.560   2.715
   1.221  -0.063   0.677   1.787   0.041   0.246   2.783  -0.427   0.040   0.588
  -0.081   0.514  -0.180   0.306  -1.312   0.256  -0.613  -1.345  -0.854  -0.701
  -2.376   0.739   0.413  -3.367   0.347   0.262  -2.496   1.854   0.314  -2.154
   0.385   1.412  -1.744   0.679  -2.060  -2.768   0.249  -2.656  -0.860   1.380
  -2.764  -0.065   1.769  -2.220  -1.115   2.016  -4.044  -0.247   1.842  -4.707
  -1.921   1.465  -4.577  -1.425   3.042  -3.886
   2.423   2.766   0.199   1.844   1.956   0.649   1.676   2.092   1.708   2.380
   1.108   0.365   0.553   1.967  -0.108   0.173   2.992  -0.730  -0.087   0.731
  -0.074   0.309  -0.073   0.436  -1.330   0.437  -0.676  -1.444  -0.625  -0.636
  -2.441   1.074   0.236  -3.426   0.668  -0.156  -2.268   2.143   0.119  -2.342
   0.836   1.284  -1.651   0.754  -2.189  -2.655   0.254  -2.712  -0.685   1.396
  -2.883   0.082   1.813  -2.387  -0.720   1.796  -4.312   0.281   1.917  -4.698
  -1.343   1.032  -4.883  -1.251   2.729  -4.385
