default_name                                                                    
   22  0.3977500E+03
  -3.5470000   1.5200000   1.0540000  -3.0810000   0.5360000   0.9990000
  -3.4370000   0.0160000   0.1100000  -3.3480000  -0.0410000   1.8830000
  -1.5700000   0.6830000   0.9290000  -1.0510000   1.8000000   0.9380000
  -0.8620000  -0.4460000   0.8510000  -1.3680000  -1.3220000   0.8590000
   0.6070000  -0.5090000   0.8280000   0.9970000   0.2720000   1.4840000
   1.0250000  -1.8670000   1.4120000   2.1130000  -1.9180000   1.4850000
   0.6760000  -2.6770000   0.7700000   0.6040000  -1.9900000   2.4110000
   1.2380000  -0.2620000  -0.5650000   2.4650000  -0.1810000  -0.6780000
   0.4230000  -0.1390000  -1.6200000  -0.5690000  -0.2120000  -1.4470000
   0.8600000   0.0980000  -2.9920000   1.4130000   1.0370000  -3.0500000
   1.5060000  -0.7180000  -3.3230000  -0.0060000   0.1550000  -3.6520000
   0.0000000   0.0000000   0.0000000   0.0000000   0.0000000   0.0000000
   0.0000000   0.0000000   0.0000000   0.0000000   0.0000000   0.0000000
   0.0000000   0.0000000   0.0000000   0.0000000   0.0000000   0.0000000
   0.0000000   0.0000000   0.0000000   0.0000000   0.0000000   0.0000000
   0.0000000   0.0000000   0.0000000   0.0000000   0.0000000   0.0000000
   0.0000000   0.0000000   0.0000000   0.0000000   0.0000000   0.0000000
   0.0000000   0.0000000   0.0000000   0.0000000   0.0000000   0.0000000
   0.0000000   0.0000000   0.0000000   0.0000000   0.0000000   0.0000000
   0.0000000   0.0000000   0.0000000   0.0000000   0.0000000   0.0000000
   0.0000000   0.0000000   0.0000000   0.0000000   0.0000000   0.0000000
   0.0000000   0.0000000   0.0000000   0.0000000   0.0000000   0.0000000
