default_name                                                                    
  -3.813   1.944   1.661  -3.321   1.053   1.213  -3.307   1.248   0.076  -3.815
   0.153   1.474  -1.857   1.021   1.547  -1.305   1.982   2.126  -1.216  -0.061
   1.139  -1.776  -0.826   0.751   0.181  -0.341   1.476   0.372   0.171   2.391
   0.345  -1.829   1.727   1.187  -1.895   2.476   0.728  -2.348   0.772  -0.549
  -2.361   1.952   1.267   0.256   0.533   2.491   0.187   0.805   0.831   0.858
  -0.594  -0.161   0.778  -0.856   1.713   1.587  -1.524   1.511   1.346  -2.588
   1.406   2.609  -1.451   2.735   1.456  -1.236
  -3.847   1.539   1.066  -3.544   0.741   1.663  -3.957  -0.231   1.300  -4.077
   0.934   2.639  -2.037   0.725   1.711  -1.474   1.747   2.089  -1.365  -0.412
   1.412  -1.901  -1.195   1.249   0.168  -0.599   1.621   0.288  -0.244   2.696
   0.417  -2.115   1.598   1.432  -2.344   1.834   0.175  -2.540   0.621  -0.218
  -2.634   2.282   1.185   0.190   0.647   2.290   0.485   1.083   0.830   0.647
  -0.562  -0.061   0.300  -0.950   1.489   1.646  -1.436   0.953   1.960  -2.291
   1.728   2.571  -0.943   2.338   1.068  -1.618
  -3.672   0.172   0.133  -3.487   0.485   1.167  -4.038  -0.182   1.765  -3.727
   1.556   1.200  -2.020   0.321   1.508  -1.439   1.087   2.352  -1.343  -0.651
   0.991  -1.846  -1.398   0.544   0.062  -0.865   1.350   0.292  -0.698   2.361
   0.451  -2.324   0.976   1.354  -2.699   1.300   0.524  -2.372  -0.099  -0.248
  -3.084   1.299   1.020   0.136   0.701   2.215   0.177   0.995   0.560   0.983
  -0.273  -0.432   0.902  -0.476   1.238   2.074  -1.057   0.971   2.095  -2.127
   0.734   2.964  -0.710   2.318   2.052  -0.973
  -3.906  -0.241   0.144  -3.825   0.569   0.946  -4.561   0.331   1.707  -3.961
   1.596   0.447  -2.439   0.407   1.478  -1.999   1.216   2.279  -1.647  -0.626
   0.998  -2.022  -1.254   0.275  -0.257  -0.975   1.331  -0.087  -0.799   2.381
  -0.047  -2.492   1.086   0.917  -2.926   1.231  -0.198  -2.731   0.020  -0.729
  -3.040   1.652   0.810  -0.085   0.691   1.990  -0.045   0.987   0.301   0.780
  -0.256  -0.669   0.698  -0.487   0.948   1.865  -1.053   0.233   2.208  -1.842
   1.091   2.776  -0.460   1.891   1.607  -1.518
  -3.992   0.481  -0.231  -4.005   0.520   0.875  -4.614  -0.350   0.980  -4.554
   1.353   1.290  -2.585   0.389   1.515  -2.212   1.201   2.349  -1.869  -0.684
   1.186  -2.338  -1.438   0.720  -0.438  -0.809   1.452  -0.188  -0.798   2.557
  -0.060  -2.226   1.072   0.989  -2.384   1.082  -0.287  -2.421   0.027  -0.783
  -2.800   1.601   0.537   0.184   0.780   1.697   0.324   1.198   0.057   0.896
  -0.261  -0.984   0.888  -0.293   0.928   1.805  -0.942   1.909   1.339  -1.074
   0.341   2.197  -1.802   0.974   2.715  -0.313
  -4.925   0.545   1.624  -4.281   0.682   0.775  -4.411   1.664   0.357  -4.401
  -0.080  -0.007  -2.832   0.666   1.258  -2.503   1.482   2.066  -2.076  -0.295
   0.765  -2.522  -0.937   0.147  -0.716  -0.640   1.203  -0.650  -0.592   2.291
  -0.519  -2.045   0.690   0.114  -2.712   1.234  -0.126  -1.940  -0.301  -1.438
  -2.569   0.628   0.435   0.352   0.761   1.392   0.450   1.529   0.331   1.114
  -0.318  -0.382   0.896  -1.003   1.234   2.106  -0.853   2.186   1.619  -1.173
   0.834   2.716  -1.706   1.409   2.825  -0.047
  -4.659   1.434  -0.088  -4.446   0.592   0.446  -4.794  -0.276  -0.116  -5.166
   0.660   1.246  -3.068   0.534   0.996  -2.741   1.085   2.067  -2.305  -0.389
   0.416  -2.657  -0.918  -0.422  -0.984  -0.819   0.883  -1.022  -0.879   1.969
  -0.680  -2.168   0.169   0.436  -2.349   0.274  -0.944  -2.054  -0.855  -1.302
  -2.949   0.606   0.136   0.301   0.665   1.202   0.143   1.269  -0.151   1.361
  -0.125  -1.079   1.393  -0.584   0.853   2.321  -0.396   1.754   1.803  -0.717
   0.487   3.096  -1.050   0.937   2.933   0.533
  -4.969   1.277   0.675  -4.544   0.625   1.339  -4.934  -0.344   1.002  -4.965
   0.947   2.294  -3.080   0.604   1.420  -2.457   1.233   2.306  -2.527  -0.378
   0.683  -3.064  -0.642  -0.159  -1.166  -0.779   0.940  -1.068  -0.947   2.036
  -0.735  -1.960   0.120   0.172  -2.232   0.574  -0.600  -1.602  -0.840  -1.507
  -2.714   0.187  -0.124   0.389   0.747   0.920   0.266   1.346  -0.358   1.386
  -0.138  -1.310   1.357  -0.536   0.730   2.269  -0.669   1.727   2.149  -0.201
   0.836   2.185  -1.716   0.503   3.288  -0.466
  -4.302   1.794  -0.207  -4.423   0.959   0.553  -5.011   0.189   0.052  -5.049
   1.146   1.446  -3.124   0.498   1.176  -2.664   0.947   2.220  -2.445  -0.522
   0.539  -2.865  -0.768  -0.380  -1.081  -0.965   0.855  -1.209  -1.175   1.935
  -0.867  -2.179  -0.099   0.143  -2.550   0.133  -0.883  -1.892  -1.135  -1.650
  -2.954   0.015   0.006   0.177   0.787   0.929   0.138   1.636  -0.021   1.026
  -0.230  -0.661   0.751  -1.057   1.157   1.782  -0.675   2.106   1.250  -0.581
   1.026   2.073  -1.708   1.333   2.721  -0.138
  -4.691   0.549  -0.024  -4.669   0.511   1.090  -5.289  -0.414   1.405  -4.951
   1.365   1.604  -3.288   0.345   1.407  -2.787   1.048   2.337  -2.617  -0.626
   0.710  -3.105  -1.125   0.012  -1.263  -1.090   1.043  -1.238  -1.324   2.115
  -0.834  -2.375   0.404   0.040  -2.761   0.962  -0.441  -2.160  -0.612  -1.687
  -2.979   0.509  -0.081  -0.107   0.655   1.002  -0.175   1.205  -0.354   0.787
  -0.229  -1.274   0.659  -0.626   0.461   1.877  -0.740   1.157   2.071   0.078
   1.247   1.534  -1.454  -0.164   2.698  -1.042
  -4.851   0.936   0.073  -4.733   1.022   1.121  -5.312   0.245   1.605  -5.119
   1.892   1.500  -3.331   0.685   1.618  -2.848   1.045   2.680  -2.574  -0.092
   0.850  -3.107  -0.316   0.003  -1.374  -0.858   1.067  -1.348  -1.170   2.093
  -1.387  -2.042   0.126  -0.460  -2.660   0.241  -1.325  -1.635  -0.882  -2.333
  -2.579   0.319  -0.087  -0.070   0.961   0.961  -0.279   1.632  -0.151   0.937
   0.135  -1.052   1.106  -0.282   0.985   1.614  -0.351   1.611   1.747   0.488
   1.529   1.144  -1.119   0.652   2.549  -0.780
  -5.011   1.592   1.365  -4.748   0.587   1.214  -4.815   0.271   0.167  -5.412
  -0.029   1.869  -3.294   0.291   1.736  -2.855   0.815   2.738  -2.604  -0.578
   0.994  -3.165  -1.279   0.412  -1.182  -0.977   1.285  -1.053  -1.314   2.258
  -1.101  -2.369   0.587  -0.159  -2.765   0.829  -0.985  -2.304  -0.577  -1.848
  -3.102   0.888  -0.128   0.061   0.824   1.022  -0.124   1.106  -0.640   1.161
   0.266  -1.604   1.222  -0.017   0.141   2.351  -0.034  -0.474   3.111  -0.555
   0.439   2.858   0.933   1.042   2.079  -0.679
  -5.115   1.021   1.074  -4.893   0.087   1.605  -5.295  -0.652   0.950  -5.550
   0.148   2.491  -3.449   0.034   1.901  -3.069   0.798   2.787  -2.702  -0.846
   1.275  -3.241  -1.374   0.605  -1.209  -0.921   1.389  -1.036  -1.067   2.477
  -0.820  -2.225   0.678   0.224  -2.496   0.732  -0.959  -2.289  -0.411  -1.267
  -3.190   1.153  -0.250   0.171   0.806   0.932   0.098   1.120  -0.847   1.116
   0.102  -1.808   0.994  -0.184  -0.088   2.271  -0.287  -0.757   3.097  -0.583
   0.638   2.647   0.450   0.441   1.991  -1.256
  -5.196   0.994   2.300  -4.799  -0.028   2.230  -5.046  -0.408   1.185  -5.317
  -0.652   2.977  -3.307   0.127   2.364  -2.865   0.914   3.175  -2.686  -0.550
   1.420  -3.182  -1.007   0.693  -1.254  -0.790   1.394  -1.125  -1.095   2.456
  -1.134  -2.053   0.408  -0.054  -2.231   0.173  -1.581  -1.781  -0.576  -1.527
  -2.950   0.790  -0.429   0.364   0.839   0.749   0.564   1.098  -1.166   1.301
   0.122  -2.133   1.087  -0.027  -0.605   2.516  -0.529  -1.027   2.680  -1.568
  -0.781   3.431   0.035   0.444   2.349  -0.617
  -4.654  -0.081   3.755  -4.584  -0.359   2.720  -5.392   0.031   2.099  -4.642
  -1.465   2.927  -3.221  -0.032   2.284  -2.702   0.957   2.809  -2.586  -0.868
   1.418  -3.103  -1.680   1.056  -1.104  -0.830   1.306  -0.727  -0.995   2.352
  -0.816  -2.111   0.515   0.290  -2.270   0.473  -1.322  -2.050  -0.510  -1.290
  -3.025   0.924  -0.476   0.405   0.625   0.760   0.535   0.678  -1.336   1.276
   0.119  -2.373   1.091   0.238  -0.939   2.622  -0.311  -0.470   2.571  -1.268
  -1.841   3.205  -0.432  -0.295   3.076   0.443
  -4.690  -0.083   3.842  -4.687  -0.184   2.774  -5.233   0.638   2.175  -5.143
  -1.047   2.400  -3.230  -0.089   2.562  -2.596   0.740   3.117  -2.649  -0.953
   1.660  -3.291  -1.614   1.226  -1.175  -0.995   1.391  -0.588  -0.884   2.352
  -0.780  -2.384   0.883   0.300  -2.435   0.899  -1.070  -2.615  -0.168  -1.251
  -3.159   1.504  -0.585   0.155   0.529   0.585   0.266   0.273  -1.521   0.935
   0.010  -2.432   0.865   0.351  -1.211   2.047  -0.785  -0.253   1.946  -1.215
  -2.018   2.164  -1.559  -1.324   2.948  -0.162
  -5.553   0.210   3.210  -5.088   0.070   2.226  -5.139   0.896   1.482  -5.499
  -0.853   1.867  -3.571  -0.082   2.333  -2.949   0.281   3.339  -2.944  -0.755
   1.326  -3.528  -1.045   0.627  -1.515  -0.886   1.125  -1.053  -0.819   2.107
  -1.210  -2.280   0.462  -0.206  -2.267   0.146  -1.901  -2.468  -0.356  -1.241
  -3.114   1.121  -0.825   0.202   0.222   0.389   0.220   0.121  -1.653   1.163
  -0.325  -2.624   1.247  -0.053  -1.063   2.107  -1.184  -0.021   1.945  -1.455
  -1.550   2.163  -2.145  -1.165   3.112  -0.751
  -5.486   0.493   2.990  -5.150   0.140   2.054  -5.403   0.834   1.232  -5.680
  -0.755   1.806  -3.714  -0.271   2.094  -3.154  -0.013   3.155  -3.134  -0.875
   1.079  -3.737  -1.312   0.354  -1.772  -1.184   1.138  -1.400  -1.025   2.214
  -1.562  -2.597   0.673  -0.508  -2.798   0.659  -1.767  -2.757  -0.332  -1.962
  -3.343   1.328  -0.968  -0.120   0.265   0.259  -0.333   0.044  -1.588   0.860
  -0.360  -2.552   0.855  -0.358  -0.876   2.047  -0.843  -1.324   2.494  -1.746
  -1.073   2.882  -0.040   0.135   1.682  -0.990
  -5.403  -0.109   3.190  -5.117  -0.486   2.188  -5.419   0.035   1.270  -5.489
  -1.538   2.190  -3.565  -0.553   2.174  -2.903   0.047   2.993  -2.905  -1.291
   1.210  -3.538  -1.866   0.690  -1.518  -1.421   1.003  -1.006  -1.330   1.935
  -1.273  -2.924   0.551  -0.294  -3.034   0.134  -1.895  -3.059  -0.272  -1.481
  -3.586   1.384  -0.757  -0.378   0.127   0.375  -0.534  -0.351  -1.453   0.757
   0.049  -2.361   0.726   0.517  -1.082   1.933  -0.664  -1.649   1.719  -1.589
  -1.471   2.784  -0.110  -0.026   1.982  -0.916
  -4.884   1.191   2.387  -4.963   0.133   1.890  -5.153   0.162   0.839  -5.833
  -0.551   2.339  -3.553  -0.447   2.010  -2.825  -0.065   2.946  -3.087  -1.434
   1.184  -3.702  -1.725   0.401  -1.605  -1.630   0.944  -1.119  -1.454   1.888
  -1.443  -3.083   0.655  -0.371  -3.396   0.714  -1.741  -3.257  -0.432  -1.971
  -3.655   1.404  -1.019  -0.625   0.032   0.120  -0.789  -0.267  -1.720   0.536
  -0.195  -2.680   0.463  -0.349  -1.020   1.776  -0.706  -0.379   1.647  -1.585
  -1.699   2.522  -1.159  -0.560   2.316   0.110
  -5.452   0.865   2.312  -5.335   0.124   1.539  -5.653   0.646   0.693  -5.948
  -0.725   1.845  -3.884  -0.158   1.668  -3.202   0.410   2.568  -3.388  -0.965
   0.756  -4.002  -1.414   0.156  -1.939  -1.345   0.724  -1.627  -1.508   1.719
  -1.657  -2.725   0.017  -0.622  -2.767  -0.278  -2.267  -2.832  -0.842  -1.923
  -3.561   0.651  -1.090  -0.247   0.008   0.133  -0.342  -0.133  -1.611   0.882
  -0.296  -2.617   0.906  -0.155  -0.936   2.081  -0.661  -0.299   2.160  -1.538
  -1.728   2.872  -0.686  -0.302   2.316   0.151
  -6.036   0.293   2.139  -5.481  -0.071   1.245  -5.734   0.602   0.446  -5.866
  -1.016   0.838  -3.977  -0.159   1.397  -3.484   0.644   2.211  -3.343  -0.970
   0.589  -3.858  -1.481  -0.122  -1.975  -1.308   0.606  -1.657  -1.476   1.630
  -1.931  -2.621  -0.229  -0.863  -2.944  -0.259  -2.185  -2.482  -1.307  -2.563
  -3.400   0.286  -1.151  -0.182  -0.051  -0.015  -0.182   0.252  -1.738   0.725
  -0.798  -2.685   0.549  -0.932  -1.097   1.767  -1.598  -0.479   1.334  -2.388
  -1.864   2.313  -2.106  -0.463   2.438  -0.968
  -5.935   0.023   2.026  -5.558   0.015   1.065  -5.723   0.904   0.573  -6.091
  -0.892   0.740  -4.045  -0.274   1.178  -3.374   0.587   1.746  -3.467  -1.214
   0.464  -4.003  -1.788  -0.235  -2.004  -1.511   0.500  -1.753  -1.625   1.472
  -1.915  -2.706  -0.369  -0.871  -3.082  -0.477  -2.110  -2.409  -1.413  -2.723
  -3.433  -0.246  -1.070  -0.437  -0.116   0.132  -0.402   0.200  -1.643   0.554
  -0.833  -2.616   0.621  -0.940  -0.946   1.691  -1.352   0.075   1.439  -1.716
  -1.485   2.244  -2.138  -0.698   2.371  -0.489
  -6.027  -1.180   0.723  -5.774  -0.277   0.267  -6.282   0.676   0.720  -6.049
  -0.404  -0.758  -4.264  -0.213   0.595  -3.791   0.602   1.343  -3.599  -1.299
   0.156  -4.196  -2.036  -0.202  -2.140  -1.509   0.430  -2.146  -1.582   1.529
  -1.751  -2.857  -0.094  -2.306  -3.588   0.518  -0.656  -2.921  -0.024  -2.003
  -2.863  -1.143  -1.215  -0.320   0.063  -0.113  -0.404   0.562  -1.528   0.664
  -0.736  -2.518   0.984  -0.865  -0.583   1.707  -1.186   0.323   1.224  -1.857
  -1.085   2.416  -1.834   0.076   2.096  -0.352
  -5.896  -2.110   0.406  -5.712  -1.112   0.824  -6.289  -1.081   1.754  -6.100
  -0.512   0.047  -4.293  -0.668   0.991  -4.125   0.216   1.795  -3.277  -1.288
   0.319  -3.482  -2.149  -0.117  -1.844  -1.162   0.629  -1.596  -1.174   1.687
  -1.289  -2.434  -0.029  -1.658  -3.269   0.494  -0.254  -2.278  -0.002  -1.501
  -2.400  -1.035  -1.016   0.088   0.042   0.041   0.387   0.620  -1.464   0.713
  -1.111  -2.211   0.242  -1.624  -0.943   2.080  -1.492  -1.145   2.187  -2.545
  -1.614   2.896  -1.162   0.066   2.352  -1.346
  -5.826  -2.325   0.980  -5.752  -1.280   0.729  -6.452  -0.722   1.289  -5.978
  -1.227  -0.373  -4.320  -0.704   1.003  -4.241   0.291   1.650  -3.285  -1.319
   0.432  -3.492  -2.053  -0.239  -1.885  -1.179   0.941  -1.849  -1.162   2.073
  -1.201  -2.448   0.539  -1.657  -3.222   1.041  -0.176  -2.537   0.894  -1.314
  -2.637  -0.516  -0.994  -0.048   0.359   0.181   0.083   0.686  -1.498   0.790
  -0.528  -2.394   0.421  -0.812  -0.853   1.903  -1.108  -1.176   1.965  -2.150
  -1.252   2.830  -0.624   0.182   1.965  -1.160
  -5.960  -1.952   0.026  -5.829  -1.031   0.628  -6.432  -0.941   1.527  -6.028
  -0.141  -0.057  -4.349  -0.894   1.002  -4.021   0.042   1.777  -3.398  -1.631
   0.512  -3.633  -2.522   0.113  -1.959  -1.410   0.764  -1.727  -1.594   1.797
  -1.178  -2.481   0.018  -1.769  -3.429   0.248  -0.124  -2.590   0.339  -1.180
  -2.442  -1.135  -1.256   0.005   0.471  -0.115   0.386   0.822  -1.892   0.609
  -0.566  -2.766   0.275  -0.880  -1.241   1.530  -1.519  -1.883   1.507  -2.458
  -1.360   2.542  -1.039  -0.299   1.336  -1.763
  -6.381  -1.776   1.101  -5.712  -1.166   0.545  -6.111  -0.125   0.439  -5.726
  -1.594  -0.344  -4.270  -1.171   0.931  -3.929  -0.652   1.968  -3.371  -1.772
   0.162  -3.663  -2.221  -0.722  -1.885  -1.727   0.346  -1.848  -2.212   1.263
  -1.147  -2.632  -0.546  -1.272  -3.707  -0.337  -0.143  -2.353  -0.406  -1.304
  -2.502  -1.617  -1.172  -0.354   0.287  -0.258  -0.111   1.146  -1.727   0.482
  -0.593  -2.559   0.099  -1.045  -1.060   1.698  -0.934  -1.653   2.529  -0.606
  -0.206   1.793  -0.323  -0.723   1.794  -1.980
  -6.050  -0.481   1.892  -5.507  -0.549   0.916  -5.697   0.545   0.583  -5.885
  -1.207   0.143  -4.087  -0.886   1.057  -3.535  -0.335   1.967  -3.407  -1.760
   0.292  -4.040  -2.427  -0.299  -1.878  -1.895   0.358  -1.628  -2.221   1.374
  -1.295  -3.080  -0.523  -0.247  -2.912  -0.850  -1.996  -3.142  -1.330  -1.585
  -4.049   0.008  -1.029  -0.613   0.064   0.068  -0.414   0.585  -1.550   0.416
  -0.579  -2.318   0.222  -1.175  -1.082   1.890  -0.663  -0.991   2.243   0.408
  -0.018   2.012  -1.093  -1.775   2.576  -1.061
  -6.184  -0.252   1.382  -5.666  -0.549   0.502  -5.550   0.233  -0.285  -6.005
  -1.419  -0.024  -4.199  -0.915   0.972  -3.746  -0.303   1.873  -3.533  -1.786
   0.245  -3.940  -2.239  -0.602  -2.119  -2.001   0.362  -1.829  -2.122   1.417
  -1.817  -3.323  -0.433  -0.815  -3.549  -0.586  -2.072  -3.259  -1.476  -2.405
  -4.091   0.046  -1.269  -0.834  -0.184  -0.089  -0.731   0.072  -1.920   0.080
  -0.803  -2.793  -0.236  -1.220  -1.475   1.495  -0.964  -1.572   2.166  -0.106
  -0.425   1.545  -1.343  -2.090   1.934  -1.710
  -6.534  -1.478   1.266  -6.036  -0.673   0.816  -6.277   0.314   1.170  -6.468
  -0.538  -0.261  -4.552  -0.871   0.716  -3.788  -0.028   1.276  -4.029  -1.780
  -0.145  -4.745  -2.310  -0.566  -2.600  -2.167  -0.136  -2.463  -2.536   0.898
  -2.287  -3.463  -0.967  -1.569  -4.039  -0.352  -1.967  -3.204  -1.906  -3.217
  -3.941  -0.936  -1.568  -0.988  -0.326  -0.624  -1.119   0.468  -1.665  -0.104
  -1.297  -2.559  -0.059  -1.899  -0.552   0.753  -1.587  -0.370   1.504  -0.775
   0.295   0.122  -1.648  -0.771   1.355  -2.542
  -6.817  -0.638   0.173  -6.075   0.088   0.087  -6.224   0.938   0.684  -6.155
   0.465  -0.943  -4.742  -0.470   0.503  -4.042  -0.131   1.478  -4.294  -1.399
  -0.317  -4.592  -1.490  -1.310  -3.028  -2.070   0.075  -3.181  -2.625   0.968
  -2.694  -3.342  -0.862  -1.890  -3.962  -0.501  -2.331  -3.119  -1.907  -3.583
  -3.922  -0.925  -1.741  -1.233   0.202  -0.912  -1.486   1.068  -1.524  -0.300
  -0.756  -2.180  -0.272  -1.501  -0.597   0.762  -0.871   0.219   0.482  -1.454
  -1.136   1.540  -1.505  -0.265   1.065   0.090
  -6.663  -0.922  -0.645  -6.149  -0.208  -0.104  -6.842   0.100   0.726  -6.231
   0.631  -0.693  -4.704  -0.675   0.274  -4.018  -0.149   1.101  -4.164  -1.680
  -0.418  -4.721  -2.036  -1.213  -3.091  -2.395   0.257  -3.273  -2.546   1.269
  -2.936  -3.636  -0.631  -2.221  -4.252  -0.103  -2.615  -3.381  -1.612  -3.944
  -4.111  -0.684  -1.756  -1.543   0.387  -1.025  -1.627   1.382  -1.618  -0.712
  -0.686  -2.330  -0.828  -1.442  -0.640   0.375  -0.788  -0.048   0.259  -1.659
  -1.153   1.395  -0.765   0.104   0.352   0.035
  -6.542  -0.590  -1.151  -5.967   0.161  -0.561  -6.554   0.486   0.286  -5.558
   1.027  -1.144  -4.838  -0.571   0.228  -4.629  -0.233   1.396  -4.128  -1.567
  -0.392  -4.459  -1.840  -1.261  -2.874  -2.348   0.073  -3.003  -2.828   0.984
  -2.778  -3.585  -0.800  -2.325  -4.411  -0.229  -2.317  -3.342  -1.793  -3.798
  -3.995  -0.917  -1.618  -1.520   0.310  -1.058  -1.638   1.434  -1.348  -0.642
  -0.694  -2.050  -0.608  -1.342  -0.342   0.428  -0.579   0.441   0.406  -1.414
  -0.833   1.431  -0.526   0.192   0.143   0.299
  -6.103  -0.112  -1.286  -5.856   0.526  -0.411  -6.856   0.590   0.026  -5.549
   1.602  -0.575  -4.763  -0.186   0.432  -4.322   0.216   1.493  -4.020  -1.146
  -0.172  -4.152  -1.355  -1.108  -2.961  -1.881   0.516  -3.275  -1.926   1.560
  -2.948  -3.344  -0.091  -2.378  -3.905   0.711  -2.522  -3.417  -1.044  -3.929
  -3.767  -0.083  -1.627  -1.085   0.491  -0.879  -1.113   1.543  -1.298  -0.378
  -0.638  -1.958  -0.353  -1.446  -0.107   0.603  -0.702   0.449   0.449  -1.562
  -0.418   1.630  -0.787   0.580   0.492   0.104
  -6.857   0.064   0.349  -5.886   0.617   0.372  -6.056   1.594   0.918  -5.515
   0.871  -0.669  -4.857  -0.245   1.025  -4.795  -0.120   2.268  -4.150  -1.095
   0.298  -4.360  -0.946  -0.719  -2.891  -1.777   0.729  -2.955  -2.142   1.742
  -2.592  -3.047  -0.109  -1.680  -3.520   0.196  -2.207  -2.827  -1.127  -3.355
  -3.700  -0.120  -1.573  -0.901   0.616  -0.609  -1.043   1.403  -1.566   0.026
  -0.343  -2.444   0.304  -0.697  -0.446   0.897  -0.557   0.594   0.403  -0.809
  -0.820   1.337  -1.458  -0.215   1.516   0.241
  -5.541   1.170  -1.100  -5.903   0.749  -0.190  -6.738   0.159  -0.473  -6.407
   1.603   0.436  -4.771  -0.016   0.530  -4.637   0.067   1.722  -3.982  -0.889
  -0.120  -4.078  -0.988  -1.088  -2.738  -1.538   0.468  -2.997  -1.906   1.447
  -2.428  -2.769  -0.337  -1.503  -3.192   0.026  -2.316  -2.544  -1.373  -3.214
  -3.421  -0.341  -1.586  -0.574   0.558  -0.659  -0.559   1.423  -1.524   0.257
  -0.479  -2.461   0.348  -1.117  -0.319   1.013  -0.835   0.619   0.440  -1.059
  -0.508   1.644  -1.802   0.040   1.783  -0.046
  -6.158   0.024  -1.186  -5.924   0.587  -0.289  -6.756   0.557   0.466  -5.665
   1.705  -0.559  -4.780  -0.084   0.489  -4.468   0.235   1.703  -4.075  -1.039
  -0.051  -4.293  -1.291  -1.019  -2.847  -1.759   0.352  -2.857  -2.126   1.353
  -2.903  -3.013  -0.463  -2.140  -3.750  -0.237  -3.021  -2.916  -1.582  -3.883
  -3.537  -0.325  -1.521  -0.927   0.259  -0.502  -1.296   0.831  -1.483   0.261
  -0.432  -2.378   0.556  -0.728  -0.339   0.936  -0.740   0.367   0.191  -1.080
  -0.450   1.476  -1.656  -0.051   1.698   0.001
  -6.397   0.818  -0.608  -5.696   1.186   0.149  -6.373   1.144   1.118  -5.388
   2.168  -0.112  -4.544   0.281   0.266  -3.976   0.521   1.343  -4.116  -0.781
  -0.498  -4.668  -1.036  -1.325  -3.153  -1.835   0.064  -3.496  -2.029   1.128
  -3.404  -3.041  -0.837  -3.026  -3.965  -0.272  -2.850  -2.881  -1.744  -4.467
  -3.152  -1.092  -1.601  -1.315   0.151  -0.949  -1.998   0.984  -1.289  -0.190
  -0.482  -2.095   0.263  -0.867   0.048   0.521  -0.283   0.801   0.359  -1.037
  -0.155   1.608  -0.437   0.416   0.473   0.753
  -5.820   1.450  -0.780  -5.254   1.795   0.054  -5.984   2.051   0.826  -4.739
   2.541  -0.482  -4.259   0.759   0.458  -3.631   0.952   1.574  -3.931  -0.231
  -0.356  -4.543  -0.233  -1.163  -3.181  -1.498  -0.064  -3.512  -1.732   1.007
  -3.894  -2.538  -0.965  -3.386  -2.301  -1.919  -4.949  -2.381  -1.283  -3.623
  -3.560  -0.616  -1.667  -1.245  -0.068  -0.885  -2.068   0.403  -1.276   0.009
  -0.466  -1.856   0.733  -0.879   0.042   0.566  -0.208   0.632   0.199  -0.968
   0.017   1.629  -0.294   0.354   0.434   0.844
  -6.416   0.611  -0.034  -5.504   1.196  -0.074  -5.636   2.130   0.435  -5.184
   1.438  -1.130  -4.331   0.261   0.495  -4.142   0.419   1.687  -3.773  -0.689
  -0.330  -4.010  -0.728  -1.332  -2.651  -1.621   0.069  -2.907  -2.036   1.043
  -2.638  -2.726  -1.027  -1.966  -2.386  -1.851  -3.667  -2.993  -1.386  -2.421
  -3.697  -0.442  -1.247  -1.026   0.165  -0.386  -1.814   0.549  -0.986   0.240
  -0.317  -1.635   0.704  -0.950   0.282   0.905  -0.240   0.905   0.406  -0.989
   0.318   1.999  -0.451   0.634   0.694   0.770
  -6.055   1.070   0.279  -5.043   1.513   0.191  -5.049   2.295   1.021  -4.791
   2.064  -0.696  -3.977   0.499   0.489  -3.426   0.592   1.608  -3.841  -0.397
  -0.452  -4.179  -0.340  -1.384  -2.844  -1.498  -0.275  -2.986  -2.049   0.635
  -2.829  -2.480  -1.502  -2.517  -1.711  -2.383  -3.821  -2.845  -1.760  -2.170
  -3.251  -1.358  -1.378  -0.989  -0.141  -0.536  -1.641   0.476  -1.077   0.319
  -0.432  -1.811   0.862  -0.779   0.302   0.873  -0.609   0.981   0.129  -0.830
   0.340   1.692  -1.433   0.518   1.494   0.305
  -6.127   1.160   0.788  -5.251   1.727   0.636  -5.358   2.517   1.314  -5.192
   2.060  -0.399  -4.004   0.882   0.926  -3.241   1.016   1.895  -3.838  -0.158
   0.081  -4.539  -0.237  -0.626  -2.754  -1.217   0.021  -2.920  -1.775   0.903
  -3.055  -2.105  -1.147  -2.859  -1.425  -1.924  -4.081  -2.452  -1.257  -2.462
  -3.063  -1.103  -1.323  -0.810  -0.127  -0.487  -1.668   0.055  -1.053   0.441
  -0.444  -1.853   1.042  -0.638   0.240   0.991  -0.685   1.003   0.345  -1.179
   0.036   1.822  -1.351   0.659   1.343   0.222
  -5.889   1.659   0.427  -4.949   1.901   0.965  -5.232   2.313   1.891  -4.379
   2.682   0.357  -3.956   0.758   1.212  -3.279   0.721   2.192  -3.662  -0.156
   0.205  -4.300  -0.219  -0.559  -2.699  -1.299   0.420  -2.897  -1.871   1.297
  -2.917  -2.463  -0.688  -2.711  -2.007  -1.668  -3.962  -2.865  -0.660  -2.223
  -3.254  -0.510  -1.200  -0.742   0.275  -0.307  -1.520   0.427  -0.904   0.429
  -0.300  -1.603   1.140  -0.389   0.340   0.820  -0.846   0.501   0.242  -1.762
   0.019   1.750  -1.274   1.132   0.638  -0.150
  -5.410   2.213   0.732  -4.391   2.356   0.449  -3.812   3.258   0.715  -4.268
   2.336  -0.617  -3.512   1.193   0.972  -2.928   1.355   2.033  -3.430   0.033
   0.220  -4.093  -0.124  -0.462  -2.543  -1.032   0.690  -2.781  -1.224   1.756
  -2.863  -2.418   0.143  -2.559  -2.290  -0.958  -3.950  -2.646   0.151  -2.329
  -3.268   0.667  -1.002  -0.659   0.517  -0.130  -1.232   1.071  -0.817   0.246
  -0.334  -1.516   0.514  -0.950   0.427   0.893  -0.745   0.998   0.327  -1.424
   0.166   1.841  -1.234   1.199   1.145  -0.105
  -5.016   2.700   0.622  -4.393   2.172  -0.063  -3.910   2.865  -0.748  -5.080
   1.643  -0.677  -3.343   1.325   0.622  -2.842   1.514   1.738  -3.087   0.290
  -0.140  -3.669   0.115  -0.953  -2.252  -0.841   0.387  -2.519  -1.044   1.423
  -2.607  -2.065  -0.390  -2.563  -1.859  -1.468  -3.629  -2.291  -0.291  -2.274
  -2.972   0.083  -0.749  -0.603   0.411   0.002  -1.355   0.980  -0.218   0.353
  -0.385  -0.867   0.714  -1.162   1.077   0.916  -0.191   1.202   1.937  -0.662
   1.121   1.126   0.843   1.847   0.145  -0.407
  -4.661   2.743   1.202  -4.305   2.131   0.408  -4.086   2.729  -0.480  -5.237
   1.594   0.158  -3.249   1.203   0.859  -2.725   1.393   1.952  -3.046   0.068
   0.200  -3.709  -0.092  -0.576  -2.007  -0.958   0.470  -2.204  -1.437   1.353
  -2.188  -2.020  -0.639  -1.835  -1.572  -1.537  -3.299  -2.341  -0.721  -1.460
  -2.794  -0.432  -0.508  -0.466   0.328   0.483  -1.087   0.800  -0.225   0.686
  -0.307  -1.049   1.224  -0.612   1.127   1.363  -0.534   1.090   2.405  -0.442
   1.816   1.057   0.253   1.546   1.191  -1.552
  -3.579   3.073   1.543  -3.899   2.315   0.838  -3.920   2.621  -0.137  -4.898
   1.915   1.141  -2.898   1.191   0.990  -2.038   1.286   1.860  -2.903   0.208
   0.082  -3.418   0.350  -0.787  -1.957  -0.934   0.156  -2.227  -1.620   0.963
  -2.104  -1.826  -1.067  -1.996  -1.232  -1.969  -3.075  -2.266  -1.169  -1.315
  -2.578  -1.016  -0.450  -0.560   0.408   0.168  -1.288   1.259  -0.030   0.513
  -0.224  -0.682   0.699  -0.967   1.109   1.318  -0.097   1.093   1.997  -0.953
   1.080   1.925   0.775   1.972   0.640  -0.064
  -4.347   2.902   1.432  -4.253   2.136   0.664  -3.817   2.640  -0.228  -5.217
   1.655   0.351  -3.219   1.152   1.108  -2.676   1.193   2.224  -2.870   0.290
   0.128  -3.574   0.127  -0.579  -1.972  -0.865   0.337  -2.374  -1.533   1.152
  -1.939  -1.622  -1.023  -1.756  -1.016  -1.910  -2.765  -2.273  -1.104  -1.089
  -2.213  -0.901  -0.549  -0.416   0.693   0.156  -1.089   1.489  -0.127   0.763
   0.268  -0.831   1.377  -0.162   1.260   1.135   0.444   1.538   2.023  -0.148
   1.337   1.235   1.498   1.922   0.321   0.173
  -4.069   2.868   1.591  -3.964   2.100   0.778  -3.447   2.546  -0.014  -4.946
   1.741   0.661  -3.088   0.966   1.160  -2.460   0.878   2.220  -2.888   0.123
   0.164  -3.673   0.107  -0.535  -1.919  -0.989   0.257  -2.282  -1.582   1.061
  -2.198  -1.730  -1.003  -2.127  -1.031  -1.848  -3.270  -2.076  -1.079  -1.457
  -2.474  -1.076  -0.419  -0.666   0.358   0.378  -1.352   0.962  -0.052   0.524
  -0.151  -0.825   1.105  -0.429   1.316   0.991  -0.097   1.399   1.624  -1.034
   1.548   1.628   0.794   2.032   0.180  -0.180
  -4.048   2.472   1.521  -4.281   1.530   1.245  -4.794   1.719   0.346  -4.933
   1.120   2.018  -2.957   0.759   1.267  -2.223   0.905   2.207  -2.760  -0.108
   0.307  -3.513  -0.256  -0.394  -1.791  -1.174   0.203  -2.019  -1.972   0.975
  -1.926  -1.806  -1.200  -1.600  -1.103  -2.009  -3.008  -2.024  -1.333  -1.326
  -2.713  -1.279  -0.345  -0.638   0.305   0.596  -1.388   0.731  -0.055   0.610
  -0.197  -0.859   1.131  -0.403   1.174   1.199  -0.250   1.062   2.072  -0.889
   1.622   1.511   0.722   1.830   0.458  -0.640
  -4.193   2.532   1.091  -4.140   1.569   1.550  -5.007   0.944   1.173  -4.246
   1.844   2.661  -2.758   0.857   1.372  -1.901   0.907   2.276  -2.777  -0.018
   0.393  -3.601  -0.060  -0.238  -1.755  -1.023   0.084  -1.817  -1.753   0.809
  -2.041  -1.605  -1.279  -2.194  -0.761  -1.995  -2.938  -2.181  -1.297  -1.251
  -2.238  -1.651  -0.286  -0.668   0.233   0.550  -1.465   0.695   0.005   0.539
  -0.253  -0.735   1.009  -0.636   1.312   1.216  -0.310   1.827   1.000  -1.231
   1.199   2.373  -0.196   1.949   0.892   0.497
  -4.141   2.166   0.596  -3.526   2.058   1.511  -4.174   1.790   2.359  -2.920
   2.953   1.797  -2.506   0.916   1.340  -1.857   0.568   2.343  -2.359   0.285
   0.184  -2.933   0.517  -0.604  -1.485  -0.915   0.057  -1.756  -1.518   0.929
  -1.845  -1.813  -1.103  -2.130  -1.192  -1.929  -2.702  -2.469  -0.835  -1.030
  -2.367  -1.500  -0.019  -0.600   0.192   0.813  -1.466   0.491   0.362   0.636
   0.002  -0.326   1.363  -0.101   1.712   1.135  -0.145   1.679   2.017  -0.873
   1.991   1.509   0.847   2.463   0.442  -0.573
  -3.354   2.808   0.808  -3.433   1.989   1.552  -4.415   1.480   1.373  -3.276
   2.346   2.575  -2.463   0.848   1.352  -2.027   0.237   2.360  -2.246   0.432
   0.109  -2.587   1.049  -0.669  -1.420  -0.746  -0.310  -1.742  -1.653   0.317
  -1.577  -1.044  -1.793  -1.512  -0.152  -2.333  -2.537  -1.560  -1.924  -0.761
  -1.723  -2.101   0.064  -0.494   0.055   0.712  -1.343   0.636   0.527   0.747
  -0.116  -0.052   1.444  -0.577   1.841   1.141   0.410   1.752   1.993   1.050
   2.364   0.283   0.895   2.537   1.311  -0.399
  -3.485   2.880   0.718  -3.808   2.010   1.206  -4.580   1.418   0.702  -4.140
   2.305   2.236  -2.624   1.021   1.366  -2.168   0.783   2.469  -2.300   0.476
   0.184  -2.829   0.764  -0.679  -1.324  -0.691  -0.110  -1.543  -1.371   0.632
  -1.563  -1.366  -1.471  -1.648  -0.631  -2.302  -2.479  -1.946  -1.568  -0.786
  -2.124  -1.639   0.167  -0.379   0.063   0.966  -1.347   0.160   0.574   0.889
   0.102  -0.091   1.616   0.143   1.953   1.327   0.139   2.035   2.263   0.676
   2.601   0.618   0.721   2.395   1.383  -0.872
  -3.413   2.969   0.499  -3.735   2.167   1.238  -4.607   1.749   0.749  -4.044
   2.521   2.181  -2.671   1.066   1.459  -2.340   0.707   2.631  -2.204   0.491
   0.331  -2.558   0.871  -0.540  -1.226  -0.550   0.238  -1.355  -1.011   1.206
  -1.515  -1.562  -0.816  -1.399  -1.209  -1.859  -2.541  -1.911  -0.570  -0.860
  -2.407  -0.652   0.282  -0.095   0.251   1.199  -0.925   0.068   0.538   1.236
   0.478  -0.123   1.791   0.908   1.842   1.855   0.280   1.787   2.925   0.531
   2.671   1.379   0.853   2.101   1.804  -0.826
  -3.803   2.770   0.682  -4.047   1.911   1.318  -4.798   1.346   0.832  -4.482
   2.240   2.252  -2.854   1.046   1.516  -2.257   0.990   2.632  -2.331   0.575
   0.335  -2.919   0.582  -0.565  -1.229  -0.439   0.305  -1.316  -1.011   1.211
  -1.533  -1.566  -0.713  -1.556  -1.197  -1.740  -2.434  -2.127  -0.533  -0.823
  -2.330  -0.686   0.189   0.229   0.242   1.160  -0.533   0.160   0.285   1.545
   0.276  -0.523   2.099   0.069   1.520   2.246   0.310   1.245   3.295   0.436
   1.995   2.029   1.274   2.101   2.023  -0.571
  -4.003   2.335  -0.201  -4.085   1.839   0.819  -4.707   0.994   0.659  -4.595
   2.574   1.451  -2.743   1.316   1.294  -2.164   1.699   2.319  -2.134   0.571
   0.363  -2.346   0.603  -0.623  -1.078  -0.441   0.602  -1.134  -0.923   1.548
  -1.321  -1.578  -0.372  -1.173  -1.161  -1.356  -2.332  -2.022  -0.263  -0.587
  -2.359  -0.270   0.361   0.191   0.471   1.402  -0.444   0.349   0.450   1.544
   0.567  -0.396   2.045   0.846   1.688   2.225   0.593   1.537   3.353   0.736
   2.254   1.898   1.456   2.231   2.089  -0.323
  -3.650   2.309  -0.292  -3.847   2.071   0.701  -4.655   1.368   0.904  -4.028
   2.868   1.383  -2.594   1.451   1.250  -2.042   1.816   2.234  -2.126   0.459
   0.438  -2.756   0.194  -0.384  -0.988  -0.428   0.738  -1.022  -0.898   1.701
  -1.206  -1.574  -0.206  -0.851  -1.398  -1.176  -2.243  -1.866  -0.254  -0.706
  -2.468   0.200   0.405   0.202   0.535   1.353  -0.613   0.524   0.627   1.511
   0.390  -0.245   2.053   0.449   1.891   2.302   0.235   1.854   3.064  -0.590
   2.135   2.893   1.075   2.757   1.604   0.056
  -3.260   2.786  -0.629  -3.456   2.301   0.307  -4.118   1.407   0.157  -3.911
   3.009   1.030  -2.175   1.786   0.789  -1.698   2.172   1.855  -1.626   0.808
   0.133  -2.067   0.539  -0.778  -0.595  -0.124   0.606  -0.647  -0.217   1.688
  -0.837  -1.568  -0.059  -1.129  -1.490  -1.113  -1.690  -2.045   0.589   0.008
  -2.189   0.106   0.833   0.425   0.397   1.780  -0.364   0.409   0.964   1.783
   0.181   0.025   2.207   0.089   2.171   2.603  -0.036   1.830   3.573  -0.349
   2.689   2.714   0.876   2.802   2.136  -0.722
