default_name                                                                    
   22  0.3977500E+03
   0.6640097   1.0053224   3.0078533  -0.1006456   0.2416359   2.6604405
  -0.7974320   0.6951898   1.9715985  -0.7333798  -0.1273121   3.4540017
   0.6493829  -0.9501242   1.9019714   0.5310961  -1.0364196   0.6593603
   1.4218281  -1.7033575   2.6884660   1.5463850  -1.4791630   3.6226380
   2.2264908  -2.8280037   2.2482577   2.8440529  -3.1702856   3.1330354
   1.3419475  -4.0729702   2.0684232   1.8914567  -4.9287602   1.9051764
   0.7246432  -3.9302353   1.1622746   0.9235216  -4.2133310   3.0709430
   3.2078624  -2.5727908   1.0287546   3.3969629  -3.4328763   0.1696521
   3.8437364  -1.4084301   1.0182687   3.6203924  -0.8545289   1.8443042
   4.7919850  -0.8965447   0.1112615   5.7520407  -1.2037902   0.4142422
   4.6990000  -1.2100991  -0.9135719   4.6764725   0.1794505  -0.1236066
   0.2986794   0.5285683  -0.9782784   0.0741502   0.0496854   0.0805661
  -0.8533996  -0.4483264   0.2320377  -0.6091935  -0.5063342  -1.4576450
   0.0545680  -0.0714357   0.0480854  -0.1993570   0.1413796  -0.0287944
  -0.1366729  -0.2476789   0.1154443  -0.1991207   0.3503145   0.2170627
   0.4690323   0.0543555  -0.2662824  -0.5764429   0.7231723   1.4483932
  -0.0838179   0.0586274   0.2131993   0.2166431  -0.3551285  -1.0975385
   0.5776391   1.0951276   0.9548450  -0.1140070  -1.1422657   1.0134918
  -0.3095505  -0.1449278  -0.2380516  -0.1691275  -0.0124004  -0.1637317
  -0.2586576   0.0000028   0.2444262   0.8159938  -0.3387623   0.2635492
   0.0857170  -0.0581283   0.1210184   0.6970413   0.1218567   1.4169659
  -0.4995857   0.4219405   1.3007745  -0.2999253  -0.1966397   0.8078910
