default_name                                                                    
  -4.234   1.134   1.053  -3.258   1.615   1.119  -2.962   1.559   2.172  -3.448
   2.606   0.612  -2.228   0.789   0.301  -2.523   0.491  -0.891  -1.132   0.290
   0.974  -0.807   0.719   1.785  -0.303  -0.699   0.317   0.514  -0.787   1.061
  -0.989  -2.072   0.364  -0.363  -2.769  -0.043  -1.880  -1.986  -0.236  -1.188
  -2.339   1.442   0.393  -0.257  -0.949   0.863  -1.015  -1.810   0.540   1.076
  -1.140   0.213   1.688  -0.393   1.248   1.606  -2.292   0.619   1.381  -3.238
   1.440   2.641  -2.182   2.230   1.178  -2.367
  -4.231   1.699   0.731  -3.268   1.630   1.221  -3.320   1.204   2.245  -2.706
   2.558   1.335  -2.380   0.779   0.309  -2.692   0.500  -0.862  -1.285   0.214
   0.809  -1.079   0.305   1.714  -0.303  -0.615   0.021   0.554  -0.804   0.631
  -0.886  -2.134  -0.223  -0.072  -2.753  -0.703  -1.840  -2.257  -0.826  -1.123
  -2.626   0.724   0.228   0.070  -1.258   0.840  -0.547  -2.103   0.220   1.426
  -1.389  -0.275   1.913  -0.652   0.798   2.241  -2.458   0.201   3.113  -2.635
   1.779   2.646  -2.189   0.815   1.715  -3.483
  -4.258   1.157   0.727  -3.284   1.604   1.065  -3.113   1.268   2.077  -3.040
   2.670   1.049  -2.232   0.875   0.201  -2.311   0.808  -1.057  -1.193   0.231
   0.845  -1.223   0.065   1.830  -0.204  -0.594   0.139   0.513  -0.880   0.905
  -0.838  -1.961  -0.311  -0.128  -2.593  -0.769  -1.677  -1.828  -0.863  -1.085
  -2.487   0.587   0.604   0.144  -1.015   1.203  -0.479  -1.932   0.512   1.530
  -1.084  -0.056   2.044  -0.410   1.213   2.432  -1.998   1.754   3.221  -1.416
   2.008   1.887  -2.482   0.557   2.925  -2.779
  -3.794   1.173   1.483  -3.088   1.823   0.929  -2.497   2.290   1.644  -3.684
   2.512   0.391  -2.120   1.048   0.123  -2.185   1.077  -1.143  -1.094   0.559
   0.833  -1.216   0.645   1.841  -0.044  -0.158   0.310   0.624  -0.094   1.209
  -0.650  -1.577   0.261   0.087  -2.384   0.093  -1.335  -1.662  -0.651  -1.254
  -1.857   1.163   0.730   0.362  -0.964   1.313  -0.426  -1.687   0.628   1.669
  -1.283  -0.083   2.222  -0.873   1.231   2.252  -2.464   1.926   2.951  -2.007
   1.888   1.492  -3.030   0.419   2.746  -3.080
  -3.051   2.178   2.269  -3.116   2.446   1.225  -2.733   3.506   1.150  -4.135
   2.511   0.917  -2.165   1.659   0.334  -2.413   1.351  -0.833  -1.063   1.189
   0.917  -0.753   1.506   1.838  -0.219   0.112   0.510   0.552  -0.013   1.226
  -1.002  -1.201   0.649  -0.311  -2.031   0.919  -1.603  -1.405  -0.184  -1.725
  -1.086   1.527   0.467   0.142  -0.862   1.070  -0.805  -1.433   0.719   1.397
  -1.285   0.367   2.106  -0.627   1.313   1.782  -2.552   1.288   2.828  -2.646
   2.332   1.480  -2.533   0.690   1.323  -3.315
  -2.851   2.812   2.038  -3.237   2.322   1.136  -3.263   3.202   0.510  -4.154
   1.847   1.384  -2.291   1.484   0.421  -2.599   0.933  -0.646  -1.111   1.239
   0.955  -0.858   1.773   1.749  -0.072   0.222   0.541   0.772   0.417   1.211
  -0.631  -1.161   0.970   0.178  -1.839   1.035  -1.498  -1.485   0.356  -0.944
  -1.158   1.952   0.624   0.430  -0.869   1.349  -0.482  -1.269   0.572   1.663
  -1.433  -0.176   2.358  -1.180   1.403   2.014  -2.606   0.980   2.660  -3.274
   2.301   2.549  -2.242   1.679   1.200  -3.206
  -2.568   2.865   2.366  -2.884   2.632   1.326  -2.739   3.557   0.695  -3.909
   2.364   1.506  -2.125   1.451   0.715  -2.639   0.961  -0.314  -0.988   1.021
   1.240  -0.787   1.428   2.128  -0.037   0.102   0.569   0.889   0.302   1.091
  -0.385  -1.408   0.715   0.263  -2.099   0.037  -1.489  -1.590   0.522  -0.061
  -1.704   1.729   0.447   0.555  -0.888   0.815  -0.250  -1.722   0.293   1.878
  -1.149  -0.124   2.397  -0.364   0.874   2.606  -2.178   0.382   3.483  -2.315
   1.930   2.851  -2.227   0.735   2.107  -3.126
  -2.317   2.325   2.583  -2.988   2.061   1.771  -3.358   2.976   1.387  -3.844
   1.549   2.163  -2.240   1.288   0.680  -2.634   1.120  -0.460  -1.006   0.998
   1.052  -0.742   1.306   2.021  -0.099   0.112   0.409   0.704   0.040   1.133
  -0.685  -1.304   0.314   0.102  -2.131   0.241  -1.379  -1.374  -0.573  -1.338
  -1.523   1.147   0.554   0.694  -0.858   1.173  -0.097  -1.587   0.339   2.003
  -1.206  -0.225   2.591  -0.531   1.004   2.707  -2.297   1.271   3.714  -2.049
   1.978   2.181  -2.471   0.409   2.893  -3.217
  -3.156   2.026   2.418  -3.338   2.164   1.286  -3.003   3.146   1.031  -4.387
   2.118   1.057  -2.522   1.175   0.473  -2.985   0.641  -0.515  -1.316   0.755
   0.977  -1.064   1.054   1.921  -0.318  -0.110   0.379   0.368  -0.295   1.230
  -0.951  -1.435   0.046  -0.047  -2.099  -0.054  -1.552  -1.352  -0.842  -1.530
  -1.796   0.817   0.407   0.552  -0.842   1.077  -0.106  -1.621   0.418   1.871
  -0.939   0.125   2.389  -0.137   1.128   2.687  -1.892   1.057   3.780  -1.593
   2.191   2.535  -1.866   0.701   2.467  -2.890
  -3.792   1.215   2.075  -3.457   1.914   1.347  -2.995   2.746   1.778  -4.250
   2.414   0.776  -2.567   1.133   0.423  -2.783   0.925  -0.800  -1.481   0.736
   1.040  -1.298   1.018   1.974  -0.301   0.050   0.468   0.382   0.017   1.274
  -0.601  -1.476   0.302   0.195  -1.909  -0.229  -1.563  -1.552  -0.316  -0.986
  -1.900   1.174   0.455   0.709  -0.704   1.525   0.208  -1.187   0.033   1.917
  -1.032  -0.521   2.287  -0.263   0.688   2.946  -1.853   0.123   3.928  -1.885
   1.563   3.104  -1.281   0.847   2.709  -2.891
  -3.790   1.171   1.807  -3.308   1.959   1.176  -2.742   2.769   1.663  -4.006
   2.461   0.487  -2.329   1.035   0.554  -2.635   0.493  -0.559  -1.231   0.691
   1.170  -1.105   1.157   2.120  -0.106  -0.105   0.676   0.613   0.086   1.443
  -0.468  -1.614   0.598   0.246  -2.137  -0.043  -1.511  -1.780   0.100  -0.625
  -2.184   1.517   0.773   0.474  -0.475   1.630  -0.194  -1.057   0.775   1.865
  -0.482   0.066   2.312   0.127   1.607   2.768  -1.465   2.582   3.070  -1.011
   1.748   2.334  -2.462   1.023   3.716  -1.612
  -3.967   0.985   1.599  -3.250   1.595   1.124  -2.780   2.236   1.844  -3.739
   2.244   0.321  -2.205   0.762   0.621  -2.447   0.267  -0.458  -1.186   0.372
   1.364  -1.283   0.624   2.357  -0.027  -0.354   0.859   0.540  -0.513   1.746
  -0.405  -1.780   0.433   0.547  -2.345   0.305  -0.721  -1.795  -0.564  -1.164
  -2.295   1.100   0.997   0.406  -0.166   1.896  -0.168  -0.810   0.836   1.728
  -0.222   0.255   2.122   0.542   1.493   2.702  -1.113   2.277   2.297  -1.741
   0.705   3.113  -1.636   1.959   3.473  -0.451
  -3.848   1.283   1.273  -2.839   1.694   1.226  -2.546   1.827   2.292  -2.730
   2.589   0.653  -1.985   0.610   0.622  -2.107   0.156  -0.531  -0.942   0.219
   1.334  -0.851   0.581   2.267   0.191  -0.495   0.728   0.992  -0.426   1.507
  -0.067  -1.929   0.366   0.749  -2.555   0.035  -0.868  -1.945  -0.379  -0.434
  -2.464   1.174   1.005   0.305  -0.406   2.017  -0.185  -0.972   0.769   1.616
  -0.471  -0.083   1.946  -0.054   1.640   2.533  -1.234   2.329   2.188  -1.946
   0.885   3.096  -1.811   2.132   3.241  -0.543
  -3.595   1.474   1.428  -2.632   1.328   1.878  -2.615   0.952   2.930  -2.282
   2.387   1.982  -1.690   0.584   1.024  -1.741   0.796  -0.173  -0.664   0.034
   1.610  -0.747   0.102   2.577   0.481  -0.709   1.057   1.126  -0.968   1.770
  -0.032  -1.979   0.467   0.910  -2.665   0.462  -0.300  -1.865  -0.590  -0.916
  -2.358   0.896   1.301   0.067   0.004   2.028  -0.432  -0.913   1.317   1.404
   0.129   0.996   1.697   1.047   1.745   2.505  -0.782   2.152   2.102  -1.579
   0.807   2.985  -1.006   2.487   3.090  -0.272
  -3.451   1.582   1.550  -2.532   1.099   2.026  -2.946   0.228   2.543  -2.154
   1.670   2.813  -1.467   0.619   1.033  -1.448   0.860  -0.163  -0.449  -0.087
   1.626  -0.606  -0.248   2.637   0.724  -0.774   0.921   1.410  -1.016   1.696
   0.140  -2.035   0.317   0.916  -2.776  -0.121  -0.655  -1.733  -0.333  -0.387
  -2.639   1.030   1.501   0.093  -0.130   2.230  -0.536  -0.884   1.498   1.436
  -0.137   1.059   2.006   0.631   2.201   2.056  -1.246   1.587   2.207  -2.170
   2.595   3.077  -1.013   3.026   1.456  -1.538
  -2.858   2.193   1.814  -2.158   1.544   2.321  -2.903   0.963   2.834  -1.412
   2.115   2.934  -1.429   0.721   1.289  -1.888   0.665   0.154  -0.332   0.115
   1.770  -0.178   0.109   2.776   0.627  -0.652   0.949   1.383  -0.932   1.627
  -0.017  -2.029   0.502   0.592  -2.705  -0.133  -0.899  -1.920  -0.189  -0.379
  -2.626   1.378   1.452   0.072  -0.174   2.064  -0.504  -1.023   1.431   1.402
  -0.024   0.917   1.856   0.686   2.375   2.315  -0.736   1.610   2.989  -1.153
   2.905   3.069  -0.060   3.075   1.984  -1.422
  -3.013   2.408   2.565  -2.369   1.579   2.808  -2.953   0.839   3.222  -1.602
   1.934   3.532  -1.728   1.080   1.559  -2.056   1.400   0.414  -0.632   0.335
   1.728  -0.537   0.102   2.724   0.257  -0.432   0.826   1.092  -0.799   1.465
  -0.507  -1.567   0.033   0.309  -2.128  -0.373  -1.173  -1.108  -0.683  -1.084
  -2.146   0.766   0.927   0.391  -0.287   1.329  -0.122  -1.349   0.975   1.749
  -0.141   0.467   2.249   0.581   1.790   2.574  -1.063   1.413   3.583  -0.924
   2.862   2.514  -0.798   1.634   2.226  -2.063
  -2.484   2.517   2.641  -2.134   1.501   2.667  -2.876   0.742   3.053  -1.224
   1.508   3.326  -1.657   0.951   1.391  -1.879   1.550   0.325  -0.803  -0.098
   1.431  -0.676  -0.649   2.262  -0.049  -0.653   0.270   0.770  -1.274   0.731
  -1.026  -1.684  -0.328  -0.516  -2.359  -1.084  -1.888  -1.145  -0.743  -1.529
  -2.381   0.373   0.766   0.392  -0.590   1.376  -0.063  -1.517   0.905   1.645
  -0.151   0.382   1.963   0.656   1.791   2.635  -0.652   2.020   3.318   0.198
   2.641   2.057  -1.056   1.302   3.106  -1.475
  -2.119   2.711   2.800  -2.078   1.566   2.830  -2.941   1.251   3.277  -1.376
   1.228   3.629  -1.705   0.953   1.510  -2.249   1.268   0.436  -0.664   0.101
   1.491  -0.415  -0.369   2.346   0.097  -0.433   0.261   0.904  -1.046   0.672
  -0.655  -1.482  -0.524   0.095  -2.193  -0.846  -1.242  -1.012  -1.357  -1.226
  -2.062   0.140   0.782   0.655  -0.640   1.371   0.291  -1.717   0.674   1.958
  -0.310   0.003   2.186   0.392   1.673   2.954  -0.639   2.143   3.526   0.115
   2.529   2.320  -1.063   1.156   3.597  -1.337
  -1.817   1.782   3.604  -2.555   1.748   2.914  -2.963   2.751   2.842  -3.352
   1.146   3.358  -1.963   1.151   1.563  -2.254   1.666   0.506  -1.025   0.188
   1.685  -0.785  -0.184   2.601  -0.226  -0.375   0.580   0.600  -0.900   1.024
  -0.961  -1.449  -0.328  -0.248  -2.235  -0.761  -1.368  -1.071  -1.190  -1.691
  -1.993   0.288   0.596   0.632  -0.252   1.405   0.238  -1.132   0.455   1.938
   0.066  -0.328   2.212   0.695   1.522   2.838  -0.102   2.102   2.948   0.877
   2.164   2.571  -0.905   1.177   3.893  -0.343
  -2.318   1.538   3.601  -2.973   1.205   2.720  -3.799   1.948   2.624  -3.422
   0.200   2.865  -2.076   1.155   1.457  -2.137   1.995   0.527  -1.196   0.077
   1.529  -1.096  -0.402   2.384  -0.241  -0.619   0.528   0.443  -1.127   1.184
  -1.066  -1.663  -0.270  -0.431  -2.259  -0.882  -1.659  -1.065  -0.961  -1.732
  -2.309   0.382   0.603   0.290  -0.393   1.100  -0.149  -1.513   0.613   1.590
  -0.013   0.406   1.810   0.932   1.321   2.640  -0.783   1.825   3.332  -0.070
   2.049   2.193  -1.497   0.581   3.208  -1.391
  -1.851   2.586   2.755  -2.300   1.534   2.653  -3.371   1.624   2.428  -2.066
   0.841   3.450  -1.662   1.097   1.328  -1.837   1.809   0.332  -0.899   0.014
   1.359  -0.705  -0.276   2.376  -0.227  -0.661   0.207   0.388  -1.483   0.594
  -1.457  -1.243  -0.531  -1.229  -1.995  -1.215  -2.027  -0.505  -1.084  -2.102
  -1.734   0.150   0.673   0.369  -0.614   1.128  -0.013  -1.658   0.985   1.581
  -0.193   0.780   1.692   0.794   1.786   2.657  -0.893   2.862   2.426  -0.689
   1.691   2.472  -2.030   1.441   3.747  -0.666
  -1.889   1.314   3.567  -2.566   1.463   2.695  -2.931   2.498   2.854  -3.279
   0.672   2.769  -1.909   1.383   1.399  -1.834   2.299   0.736  -1.331   0.194
   1.242  -1.505  -0.445   2.008  -0.490  -0.364   0.189  -0.035  -1.198   0.785
  -1.269  -1.020  -0.965  -0.478  -1.560  -1.466  -1.706  -0.199  -1.550  -2.056
  -1.726  -0.708   0.821   0.432  -0.335   1.207   0.055  -1.411   1.192   1.623
   0.238   0.728   1.861   1.136   1.949   2.703  -0.358   2.841   2.399  -0.909
   1.317   3.289  -1.008   2.270   3.407   0.450
  -2.221   2.575   3.125  -2.668   1.706   2.735  -3.745   2.002   2.485  -2.538
   0.872   3.449  -1.956   1.423   1.479  -2.176   2.224   0.530  -1.291   0.285
   1.319  -1.055  -0.143   2.182  -0.569  -0.158   0.142  -0.021  -1.065   0.427
  -1.622  -0.743  -0.816  -1.100  -1.319  -1.569  -2.311   0.107  -1.170  -2.145
  -1.514  -0.257   0.525   0.686  -0.584   0.839   0.445  -1.803   1.023   1.760
  -0.002   0.598   1.868   0.941   2.415   2.313  -0.040   3.184   1.637   0.248
   2.712   2.568  -1.018   2.356   3.273   0.495
  -2.159   1.762   3.337  -2.865   1.232   2.645  -3.850   1.587   2.618  -2.889
   0.167   2.962  -2.279   1.271   1.261  -2.413   2.277   0.525  -1.589   0.151
   0.897  -1.250  -0.396   1.671  -0.908  -0.150  -0.354  -0.331  -0.968   0.047
  -1.945  -0.822  -1.301  -1.462  -1.193  -2.177  -2.802  -0.300  -1.647  -2.322
  -1.760  -0.857   0.114   0.914  -0.973   0.586   0.761  -2.099   0.541   1.919
  -0.236   0.069   2.035   0.695   1.673   2.863  -0.458   2.492   2.317  -0.569
   1.612   3.530  -1.271   1.836   3.349   0.494
  -2.735   1.393   3.367  -3.492   1.227   2.619  -4.194   1.992   2.716  -4.148
   0.345   2.771  -2.819   1.271   1.235  -3.092   2.178   0.383  -1.981   0.257
   0.928  -1.697  -0.403   1.710  -1.224   0.019  -0.372  -0.701  -0.944  -0.318
  -2.279  -0.464  -1.387  -1.677  -0.893  -2.283  -2.822   0.407  -1.825  -2.801
  -1.327  -1.036   0.038   1.022  -0.839   0.893   0.623  -1.680   0.008   2.272
  -0.364  -0.907   2.584   0.035   0.926   3.358  -0.638   1.290   3.725   0.371
   1.750   3.029  -1.240   0.423   4.244  -1.078
  -4.185   0.375   2.711  -3.446   1.136   2.860  -2.659   0.656   3.526  -3.893
   1.989   3.400  -2.748   1.475   1.550  -2.924   2.495   0.876  -2.085   0.409
   1.187  -2.160  -0.279   1.831  -1.427   0.049  -0.065  -0.739  -0.665   0.213
  -2.430  -0.715  -0.972  -1.893  -1.025  -1.874  -3.138  -0.014  -1.421  -2.878
  -1.473  -0.327  -0.423   1.130  -0.600   0.173   0.969  -1.644  -0.118   2.225
   0.076  -0.678   2.435   0.928   0.701   3.263  -0.466   1.304   2.956  -1.328
   0.015   3.971  -0.733   1.348   3.545   0.396
  -3.294  -0.153   3.012  -3.141   0.896   2.864  -2.443   1.183   3.729  -3.888
   1.525   3.103  -2.610   1.160   1.493  -2.804   2.145   0.828  -1.853   0.169
   0.958  -1.745  -0.602   1.556  -1.242   0.100  -0.356  -0.575  -0.780  -0.329
  -2.324  -0.271  -1.323  -2.067  -0.248  -2.382  -3.260   0.290  -1.189  -2.686
  -1.280  -1.083  -0.346   1.225  -0.860   0.050   1.134  -2.019   0.022   2.219
   0.014  -0.196   2.241   0.956   0.942   3.320  -0.232   1.886   3.087   0.139
   0.879   3.685  -1.298   0.506   4.215   0.296
  -3.344  -0.253   3.358  -3.447   0.786   3.129  -2.797   1.266   3.833  -4.475
   1.084   3.378  -2.918   1.022   1.684  -3.255   2.058   1.044  -2.074   0.112
   1.132  -1.787  -0.666   1.787  -1.449   0.131  -0.252  -0.647  -0.689  -0.303
  -2.439  -0.288  -1.306  -1.968  -0.565  -2.222  -3.248   0.558  -1.437  -2.891
  -1.148  -0.909  -0.698   1.418  -0.717  -0.230   1.557  -1.868  -0.699   2.401
   0.220  -1.258   2.234   1.092  -0.033   3.706   0.251   0.023   4.062   1.273
   0.913   3.807  -0.381  -0.717   4.386  -0.210
  -4.455   0.562   3.212  -3.499   1.128   3.226  -2.898   0.754   4.044  -4.090
   1.971   3.503  -2.875   1.140   1.890  -2.977   2.175   1.135  -1.915   0.257
   1.523  -1.761  -0.387   2.255  -1.336   0.140   0.122  -0.541  -0.647   0.356
  -2.307  -0.512  -0.833  -1.929  -1.293  -1.360  -2.860   0.323  -1.364  -2.937
  -1.166  -0.122  -0.640   1.309  -0.680  -0.065   1.079  -1.735  -0.540   2.540
  -0.135  -1.121   2.610   0.734   0.242   3.713  -0.612   0.444   4.546   0.178
   1.242   3.267  -0.791  -0.275   4.146  -1.501
  -3.651   0.584   3.920  -3.130   1.513   3.699  -2.156   1.689   4.160  -3.731
   2.401   3.965  -2.821   1.595   2.308  -3.345   2.431   1.517  -1.937   0.737
   1.795  -1.374   0.220   2.463  -1.738   0.527   0.312  -0.971  -0.236   0.293
  -2.934  -0.132  -0.335  -2.549  -0.667  -1.145  -3.789   0.495  -0.555  -3.368
  -0.911   0.229  -1.210   1.684  -0.548  -1.151   1.436  -1.746  -0.938   2.913
  -0.025  -1.091   2.876   0.974  -0.688   4.181  -0.629  -0.753   4.968   0.151
   0.332   4.198  -1.022  -1.372   4.550  -1.450
  -3.359   0.920   4.412  -3.236   1.850   3.887  -2.620   2.539   4.311  -4.210
   2.300   4.091  -2.974   1.642   2.388  -3.699   2.199   1.570  -1.982   0.901
   2.017  -1.328   0.596   2.810  -1.781   0.387   0.608  -0.799  -0.156   0.642
  -2.823  -0.708   0.248  -2.505  -1.166  -0.741  -3.927  -0.412   0.337  -2.651
  -1.552   0.889  -1.662   1.404  -0.501  -1.759   1.093  -1.779  -1.407   2.693
  -0.237  -1.315   2.817   0.772  -0.865   3.678  -1.020  -0.012   4.264  -0.593
  -0.357   3.230  -1.902  -1.666   4.258  -1.308
  -3.538   1.093   4.709  -3.458   1.955   4.072  -2.562   2.586   4.371  -4.425
   2.414   4.398  -3.284   1.685   2.571  -4.083   2.137   1.784  -2.365   0.816
   2.182  -2.026   0.284   2.887  -2.028   0.342   0.817  -1.097  -0.038   0.988
  -3.002  -0.774   0.353  -2.725  -1.301  -0.547  -3.957  -0.241   0.140  -3.183
  -1.404   1.230  -1.920   1.382  -0.339  -2.002   1.162  -1.584  -1.704   2.692
  -0.076  -1.939   3.097   0.786  -1.431   3.713  -1.143  -0.367   3.711  -1.362
  -2.049   3.621  -2.028  -1.623   4.622  -0.646
  -4.147   0.923   4.613  -3.452   1.651   4.085  -2.458   1.488   4.368  -3.772
   2.770   4.191  -3.506   1.394   2.608  -4.270   2.079   1.863  -2.511   0.714
   2.064  -2.147   0.126   2.770  -2.102   0.208   0.705  -1.055   0.085   0.699
  -2.854  -1.183   0.422  -2.308  -2.010   0.031  -3.723  -1.113  -0.162  -3.192
  -1.508   1.404  -2.129   1.270  -0.376  -2.576   0.996  -1.508  -1.725   2.527
  -0.091  -1.492   2.678   0.865  -1.566   3.596  -1.001  -1.540   3.243  -2.060
  -2.481   4.243  -0.951  -0.756   4.180  -0.784
  -3.858   0.414   4.280  -3.469   1.379   3.868  -2.538   1.456   4.383  -4.076
   2.275   4.199  -3.362   1.374   2.307  -4.076   2.103   1.594  -2.254   0.794
   1.827  -1.728   0.310   2.469  -1.893   0.503   0.429  -0.741   0.571   0.379
  -2.215  -1.049   0.161  -1.814  -1.429  -0.795  -3.280  -1.104   0.293  -1.725
  -1.487   0.951  -2.224   1.502  -0.722  -2.510   1.047  -1.881  -2.106   2.830
  -0.413  -1.936   3.090   0.519  -2.265   3.888  -1.365  -2.446   3.453  -2.411
  -3.140   4.398  -0.896  -1.512   4.615  -1.315
  -2.535   1.758   4.213  -3.265   1.106   3.785  -4.244   1.237   4.223  -2.859
   0.079   4.054  -3.340   1.333   2.230  -4.338   1.912   1.673  -2.311   0.731
   1.613  -1.415   0.741   2.105  -2.176   0.293   0.241  -1.196  -0.247   0.038
  -3.139  -0.881   0.088  -2.809  -1.489  -0.669  -4.070  -0.443   0.180  -3.026
  -1.411   1.013  -2.282   1.344  -0.954  -2.049   0.919  -2.144  -2.540   2.596
  -0.567  -2.753   2.950   0.368  -2.517   3.723  -1.549  -3.496   3.762  -2.053
  -2.341   4.692  -1.144  -1.922   3.430  -2.438
  -3.801   2.125   4.128  -3.557   1.207   3.821  -4.374   0.494   4.184  -2.539
   0.969   4.109  -3.542   1.077   2.294  -4.547   1.529   1.626  -2.430   0.503
   1.782  -1.605   0.464   2.423  -2.140   0.318   0.291  -1.214  -0.258   0.333
  -3.068  -0.650  -0.329  -2.559  -1.206  -1.116  -3.900  -0.112  -0.704  -3.348
  -1.413   0.489  -1.895   1.562  -0.590  -1.236   1.553  -1.608  -2.487   2.675
  -0.210  -3.102   2.653   0.609  -2.462   3.938  -0.983  -2.966   3.826  -1.936
  -2.982   4.736  -0.388  -1.449   4.262  -1.040
  -3.187   1.752   4.085  -3.841   1.055   3.561  -4.833   1.391   3.897  -3.720
   0.069   3.843  -3.577   1.125   2.072  -4.475   1.513   1.325  -2.394   0.561
   1.565  -1.658   0.399   2.266  -2.145   0.297   0.094  -1.109  -0.136   0.132
  -3.179  -0.615  -0.587  -2.707  -1.224  -1.372  -4.018  -0.029  -1.052  -3.799
  -1.096   0.143  -1.925   1.470  -0.765  -1.162   1.377  -1.757  -2.249   2.695
  -0.315  -2.870   2.888   0.505  -2.040   3.948  -1.111  -1.467   3.859  -2.030
  -2.977   4.262  -1.313  -1.535   4.738  -0.421
  -3.309   1.235   3.923  -4.047   0.803   3.196  -4.950   1.371   3.598  -4.255
  -0.192   3.296  -3.620   1.221   1.827  -4.013   2.155   1.160  -2.661   0.465
   1.340  -2.443  -0.383   1.859  -2.220   0.332  -0.039  -1.250  -0.255  -0.011
  -3.308  -0.479  -0.794  -2.971  -1.221  -1.548  -4.025   0.153  -1.279  -3.782
  -1.022  -0.106  -1.813   1.555  -0.879  -1.556   1.459  -2.083  -1.672   2.746
  -0.259  -1.582   2.696   0.781  -1.508   4.084  -0.795  -0.968   4.081  -1.693
  -2.547   4.464  -0.934  -0.970   4.619  -0.040
  -2.885   0.198   3.871  -3.732   0.714   3.356  -4.006   1.506   3.951  -4.530
  -0.112   3.318  -3.382   1.178   1.961  -3.929   2.108   1.332  -2.347   0.642
   1.418  -2.132  -0.142   2.007  -1.945   0.372   0.040  -0.857   0.080   0.084
  -2.686  -0.892  -0.544  -1.989  -1.597  -0.927  -3.375  -0.584  -1.348  -3.322
  -1.438   0.198  -1.740   1.583  -0.941  -1.612   1.320  -2.153  -1.642   2.849
  -0.457  -1.947   2.938   0.472  -1.047   4.070  -0.857  -0.988   3.984  -2.008
  -1.785   4.938  -0.680  -0.061   4.233  -0.508
  -4.820   0.451   2.816  -4.067   1.236   2.885  -3.363   0.692   3.463  -4.677
   2.055   3.266  -3.604   1.449   1.428  -4.169   2.266   0.813  -2.542   0.750
   0.950  -1.983   0.161   1.566  -2.217   0.388  -0.400  -1.365  -0.355  -0.289
  -3.326  -0.390  -1.025  -3.038  -0.744  -2.054  -4.192   0.225  -1.219  -3.551
  -1.171  -0.412  -1.830   1.584  -1.298  -1.335   1.384  -2.410  -2.091   2.842
  -0.991  -2.764   3.036  -0.328  -1.337   3.986  -1.628  -1.647   4.114  -2.670
  -1.452   4.929  -1.099  -0.279   3.611  -1.855
  -4.110   1.251   3.404  -3.558   0.774   2.639  -3.903  -0.265   2.637  -2.615
   0.765   3.198  -3.281   1.135   1.266  -3.963   2.012   0.735  -2.305   0.452
   0.676  -1.699  -0.173   1.249  -2.058   0.425  -0.742  -1.142  -0.193  -0.779
  -3.173  -0.364  -1.501  -3.044  -0.158  -2.642  -4.160  -0.110  -1.173  -3.093
  -1.463  -1.234  -1.837   1.758  -1.552  -1.244   1.605  -2.638  -2.130   2.971
  -1.017  -2.714   3.113  -0.144  -1.350   4.185  -1.515  -0.599   4.035  -2.285
  -1.978   4.876  -2.060  -0.738   4.643  -0.665
  -4.534   0.912   2.719  -3.485   0.730   2.557  -3.228  -0.291   2.728  -2.953
   1.393   3.181  -3.237   1.076   1.124  -4.093   1.733   0.572  -2.219   0.409
   0.509  -1.510   0.001   1.068  -2.064   0.182  -0.951  -1.058  -0.240  -1.056
  -3.088  -0.817  -1.581  -2.778  -1.054  -2.578  -4.087  -0.421  -1.607  -3.025
  -1.668  -0.879  -1.843   1.488  -1.787  -1.198   1.316  -2.846  -2.264   2.678
  -1.286  -2.616   2.674  -0.273  -2.376   3.882  -2.004  -1.801   3.902  -2.916
  -3.426   3.921  -2.337  -2.015   4.654  -1.357
  -4.032   2.053   2.913  -3.260   1.318   2.484  -3.376   0.421   3.078  -2.198
   1.682   2.700  -3.439   1.158   1.020  -4.340   1.714   0.326  -2.439   0.492
   0.492  -1.816   0.189   1.216  -2.170   0.321  -0.921  -1.185  -0.200  -0.816
  -3.263  -0.600  -1.441  -3.174  -0.636  -2.520  -4.255  -0.226  -1.219  -3.091
  -1.634  -1.058  -2.013   1.579  -1.778  -1.338   1.548  -2.828  -2.476   2.767
  -1.272  -3.153   2.601  -0.489  -2.163   4.114  -1.788  -1.235   4.187  -2.377
  -2.981   4.434  -2.362  -2.034   4.759  -0.974
  -4.292   1.857   3.068  -3.322   1.657   2.563  -2.791   0.856   3.066  -2.790
   2.610   2.604  -3.619   1.296   1.153  -4.552   1.802   0.492  -2.742   0.450
   0.507  -2.032   0.198   1.104  -2.489   0.348  -0.951  -1.643  -0.178  -0.941
  -3.610  -0.370  -1.604  -3.288  -0.293  -2.601  -4.549   0.223  -1.444  -3.747
  -1.454  -1.269  -2.015   1.568  -1.687  -1.240   1.371  -2.642  -2.150   2.827
  -1.258  -2.851   2.851  -0.520  -1.505   4.061  -1.827  -0.473   3.862  -2.031
  -1.880   4.455  -2.736  -1.449   4.892  -1.145
  -3.920   0.148   2.806  -3.586   1.197   2.561  -2.700   1.356   3.029  -4.409
   1.902   2.798  -3.437   1.307   1.061  -4.403   1.845   0.366  -2.465   0.581
   0.518  -1.788   0.180   1.167  -2.254   0.459  -0.986  -1.441  -0.245  -1.024
  -3.457  -0.151  -1.728  -3.338  -0.244  -2.794  -4.339   0.393  -1.570  -3.579
  -1.212  -1.338  -1.795   1.652  -1.746  -1.056   1.550  -2.735  -2.176   2.877
  -1.360  -2.730   2.964  -0.613  -1.783   4.031  -2.161  -0.719   4.189  -2.030
  -2.052   3.735  -3.165  -2.349   4.883  -1.693
  -4.321   0.814   2.956  -3.566   1.476   2.507  -2.573   1.255   2.846  -3.846
   2.534   2.753  -3.586   1.289   0.996  -4.572   1.671   0.330  -2.515   0.684
   0.436  -1.737   0.305   1.042  -2.265   0.377  -1.004  -1.305  -0.047  -0.894
  -3.215  -0.769  -1.323  -2.937  -1.216  -2.267  -4.266  -0.442  -1.303  -3.176
  -1.585  -0.532  -2.031   1.505  -2.022  -1.201   1.336  -2.930  -2.678   2.654
  -1.738  -3.461   2.607  -1.078  -2.556   3.938  -2.511  -1.604   4.487  -2.348
  -2.733   3.870  -3.565  -3.259   4.636  -2.119
  -5.078   0.455   2.618  -4.055   0.909   2.410  -3.382   0.125   2.788  -3.962
   1.779   3.004  -3.699   1.137   0.902  -4.382   1.908   0.246  -2.556   0.549
   0.410  -1.985   0.199   1.179  -1.998   0.370  -0.901  -0.975  -0.090  -0.817
  -2.803  -0.691  -1.566  -2.207  -1.334  -2.284  -3.559  -0.182  -2.146  -3.291
  -1.360  -0.803  -1.727   1.668  -1.789  -1.007   1.595  -2.851  -2.313   2.822
  -1.460  -2.740   2.872  -0.520  -2.493   3.985  -2.297  -2.851   4.810  -1.683
  -1.630   4.045  -3.016  -3.314   3.658  -3.044
  -4.179   0.700   3.010  -3.851   1.532   2.392  -2.945   1.846   2.736  -4.438
   2.377   2.457  -3.727   1.172   0.913  -4.608   1.556   0.157  -2.524   0.618
   0.617  -1.935   0.424   1.442  -2.052   0.416  -0.719  -1.013   0.116  -0.717
  -2.742  -0.688  -1.474  -2.254  -1.052  -2.366  -3.646  -0.251  -2.011  -2.994
  -1.504  -0.807  -1.909   1.590  -1.704  -1.089   1.508  -2.663  -2.594   2.753
  -1.454  -3.150   2.810  -0.612  -2.582   3.971  -2.291  -1.646   4.487  -2.051
  -2.740   3.666  -3.348  -3.416   4.654  -2.047
  -3.756   0.628   2.990  -4.389   1.320   2.468  -4.089   2.336   2.704  -5.412
   1.194   2.747  -4.195   1.201   0.952  -4.989   1.664   0.154  -2.978   0.746
   0.570  -2.314   0.540   1.286  -2.409   0.544  -0.819  -1.393   0.190  -0.635
  -3.108  -0.590  -1.535  -2.463  -1.084  -2.250  -4.072  -0.205  -1.901  -3.368
  -1.337  -0.829  -2.167   1.864  -1.624  -1.311   1.873  -2.549  -2.867   2.968
  -1.487  -3.684   3.021  -0.839  -2.667   4.230  -2.232  -1.712   4.325  -2.781
  -3.327   4.265  -3.094  -2.895   5.047  -1.535
  -3.862   0.664   3.092  -4.297   1.519   2.610  -3.929   2.487   3.032  -5.378
   1.384   2.811  -4.100   1.470   1.163  -5.010   1.782   0.410  -2.973   0.858
   0.742  -2.295   0.620   1.515  -2.446   0.704  -0.652  -1.362   0.476  -0.485
  -3.134  -0.534  -1.307  -2.527  -0.775  -2.204  -4.153  -0.413  -1.700  -2.984
  -1.443  -0.613  -2.408   1.895  -1.598  -1.619   1.956  -2.568  -3.159   2.956
  -1.364  -3.904   2.837  -0.588  -3.015   4.301  -1.901  -2.113   4.746  -1.556
  -2.892   4.282  -2.991  -3.867   4.947  -1.693
  -4.667   0.358   2.984  -4.723   1.341   2.563  -3.895   1.856   2.949  -5.706
   1.759   2.906  -4.321   1.391   1.105  -5.220   1.758   0.351  -3.200   0.738
   0.759  -2.643   0.260   1.486  -2.570   0.645  -0.647  -1.533   0.380  -0.460
  -3.263  -0.538  -1.371  -2.822  -0.815  -2.346  -4.231  -0.177  -1.790  -3.328
  -1.494  -0.767  -2.482   1.926  -1.540  -1.568   2.026  -2.343  -3.329   2.979
  -1.297  -3.948   2.899  -0.517  -3.167   4.309  -1.853  -4.080   4.933  -1.645
  -2.355   4.879  -1.340  -2.987   4.330  -2.945
  -4.756  -0.087   2.892  -4.808   0.970   2.576  -4.146   1.421   3.305  -5.781
   1.494   2.750  -4.337   1.179   1.089  -5.163   1.286   0.185  -3.075   0.909
   0.807  -2.580   0.729   1.616  -2.363   0.693  -0.404  -1.366   0.420  -0.144
  -3.089  -0.402  -1.159  -2.436  -0.522  -2.041  -4.033  -0.033  -1.463  -3.254
  -1.312  -0.522  -2.231   1.912  -1.338  -1.377   1.934  -2.226  -3.012   2.993
  -1.263  -3.753   2.918  -0.593  -2.968   4.164  -2.175  -3.595   4.986  -1.850
  -1.970   4.450  -2.401  -3.343   3.802  -3.146
  -4.256   0.021   2.713  -4.486   1.077   2.434  -3.829   1.731   3.078  -5.549
   1.289   2.522  -4.161   1.290   0.970  -5.059   1.616   0.147  -2.906   1.088
   0.645  -2.279   0.827   1.406  -2.367   0.893  -0.727  -1.300   0.701  -0.560
  -2.959  -0.362  -1.402  -2.264  -0.676  -2.106  -3.923  -0.099  -1.755  -2.974
  -1.221  -0.651  -2.378   2.144  -1.681  -1.488   2.314  -2.496  -3.366   3.067
  -1.600  -4.056   2.920  -0.864  -3.480   4.280  -2.413  -4.429   4.561  -2.289
  -2.774   5.097  -2.085  -3.254   4.113  -3.477
  -3.643   1.011   3.519  -4.225   1.667   2.758  -3.855   2.706   2.897  -5.205
   1.487   3.022  -4.046   1.293   1.321  -5.042   1.161   0.595  -2.803   1.243
   0.975  -2.121   1.387   1.662  -2.187   0.976  -0.396  -1.113   0.967  -0.301
  -2.560  -0.414  -0.905  -1.797  -0.748  -1.474  -3.506  -0.248  -1.465  -2.728
  -1.179  -0.161  -2.553   2.048  -1.451  -1.909   2.198  -2.442  -3.706   2.796
  -1.320  -4.317   2.600  -0.608  -4.070   3.922  -2.160  -5.223   4.050  -2.202
  -3.712   4.780  -1.568  -3.629   3.908  -3.166
