default_name                                                                    
   22  0.3977500E+03
  -5.7410213  -5.0553874   4.4876739  -5.6392421  -4.0159582   4.2914747
  -5.9890362  -3.4911207   5.1211547  -6.2952945  -3.6877532   3.4748027
  -4.2823482  -3.5194987   4.0190406  -3.3656148  -4.2777082   3.7549508
  -4.1602815  -2.1763376   3.8742046  -5.0185679  -1.6322111   3.7890129
  -2.9496300  -1.4534234   3.6699674  -3.3040875  -0.4339967   3.7988138
  -1.9978963  -1.6706450   4.8969183  -1.6257729  -2.6950890   4.9249445
  -2.5607625  -1.4927127   5.8440172  -1.1664082  -0.9865116   4.8367339
  -2.2114745  -1.6518852   2.3677171  -0.9675865  -1.5295285   2.3440620
  -2.9081687  -2.1851699   1.3791212  -3.8946695  -2.3728689   1.5924801
  -2.2828536  -2.8413736   0.2321658  -1.5872160  -2.2190251  -0.3434589
  -1.8455087  -3.7391590   0.5189766  -3.1289687  -3.1224445  -0.3435174
  -0.8877016  -1.4074046  -0.0975665  -0.0089969  -0.3431301   0.1076026
   0.8654931  -0.3435464  -1.2915529   0.0204512   0.1107581  -0.1923634
  -0.2451145   0.0909107  -0.2954120  -0.0200626   0.2354223   0.3189493
   0.2196801  -0.0769324  -0.2589541   0.0194139  -0.7175229   0.8351036
  -0.0420576   0.1320174   0.1344110  -0.2974373   0.8649414   0.0452270
  -0.1466875  -0.2115831   0.4243859   0.7985507  -0.2317455   1.9139918
   1.1831898  -0.3111037  -0.7697782   0.9689989  -1.3965850   0.4810161
   0.1041924  -0.5071454  -0.1430140   0.0072555  -0.2081218   0.0041631
   0.0035407  -0.0713432  -0.0084395  -0.2952828  -0.3100067   0.2007680
  -0.1517990  -0.1775191  -0.2203101   1.2579414   0.6007114  -0.0033226
   0.5325369   0.2429843   0.7484295   0.1898145  -0.7324215  -0.4794397
