default_name                                                                    
  -1.661   2.343   0.396  -1.900   2.316  -0.607  -1.310   3.015  -1.189  -2.967
   2.559  -0.782  -1.567   1.011  -1.165  -2.322   0.560  -2.033  -0.529   0.392
  -0.633   0.078   0.928   0.017  -0.047  -0.903  -0.870   0.981  -0.958  -0.462
  -0.865  -1.867  -0.062  -0.411  -2.836  -0.125  -1.854  -1.870  -0.548  -0.990
  -1.560   0.976   0.165  -1.237  -2.385   0.247  -2.380  -2.791   0.308  -0.182
  -3.272   0.318   0.776  -2.850   0.754  -0.380  -4.668   0.063  -1.056  -5.089
   0.655   0.481  -5.267   1.786  -0.843  -4.757
  -1.853   2.220   0.332  -1.743   2.300  -0.810  -0.876   2.933  -1.010  -2.647
   2.801  -1.189  -1.502   0.873  -1.274  -2.501   0.285  -1.688  -0.286   0.378
  -0.982   0.400   0.927  -0.527   0.002  -1.089  -1.244   1.029  -1.210  -0.954
  -0.775  -1.991  -0.303  -0.414  -3.011  -0.177  -1.856  -2.010  -0.480  -0.552
  -1.635   0.674   0.088  -1.557  -2.786  -0.016  -2.723  -3.151   0.336  -0.551
  -3.663   0.393   0.461  -3.400   0.222  -0.746  -5.130  -0.830  -0.910  -5.259
   0.635   0.058  -5.730   0.777  -1.661  -5.498
  -2.720   2.369  -1.212  -1.653   2.237  -1.375  -1.162   2.615  -0.474  -1.339
   2.675  -2.304  -1.525   0.681  -1.403  -2.481  -0.054  -1.540  -0.293   0.240
  -1.223   0.442   0.883  -0.807   0.146  -1.149  -1.528   1.210  -1.172  -1.349
  -0.483  -2.113  -0.514  -0.088  -3.087  -0.686  -1.557  -2.109  -0.592  -0.125
  -1.750   0.452   0.124  -1.514  -3.035   0.242  -2.697  -3.327  -0.036  -0.558
  -3.931  -0.240   0.359  -3.623  -0.112  -0.821  -5.386  -1.039  -0.484  -5.804
   0.743  -0.232  -5.831   0.136  -1.808  -5.594
  -2.221   2.732  -2.075  -1.570   2.370  -1.249  -2.116   2.596  -0.301  -0.584
   2.916  -1.298  -1.356   0.935  -1.389  -2.280   0.228  -1.747  -0.082   0.437
  -1.266   0.587   1.191  -1.058   0.347  -0.998  -1.452   1.458  -1.186  -1.420
  -0.246  -1.899  -0.261   0.091  -2.915  -0.268  -1.309  -1.897  -0.203   0.257
  -1.532   0.681  -0.007  -1.560  -2.828   0.126  -2.758  -3.173  -0.274  -0.664
  -3.807  -0.454   0.220  -3.512   0.053  -0.847  -5.219  -0.106   0.002  -5.884
   1.129  -0.937  -5.379  -0.336  -1.733  -5.577
  -2.328   2.909  -1.491  -1.325   2.526  -1.528  -0.684   2.821  -0.648  -0.812
   2.958  -2.402  -1.227   0.997  -1.652  -2.289   0.416  -1.874  -0.022   0.385
  -1.505   0.778   0.953  -1.602   0.265  -1.051  -1.718   1.266  -1.339  -1.533
  -0.347  -1.859  -0.674   0.071  -2.871  -0.740  -1.355  -1.924  -0.808  -0.019
  -1.448   0.267  -0.046  -1.572  -3.172  -0.162  -2.777  -3.428  -0.308  -0.648
  -4.053  -0.190   0.337  -3.820  -0.745  -1.152  -5.342  -0.665  -0.251  -5.936
  -0.117  -1.927  -5.831  -1.772  -1.605  -5.379
  -1.631   3.022  -1.671  -0.921   2.421  -1.093  -1.131   2.451  -0.045   0.126
   2.743  -1.141  -0.990   0.994  -1.559  -2.156   0.553  -1.778   0.166   0.286
  -1.788   0.985   0.759  -1.526   0.295  -1.135  -2.158   1.436  -1.348  -2.120
  -0.240  -1.997  -1.069  -0.188  -3.055  -1.356  -1.310  -1.836  -0.961   0.343
  -1.723  -0.196  -0.047  -1.520  -3.543   0.220  -2.677  -3.831  -0.348  -0.480
  -4.363  -0.478   0.446  -4.033  -0.885  -0.700  -5.675  -1.687   0.017  -5.725
  -0.117  -0.546  -6.444  -1.425  -1.666  -5.765
  -1.990   2.627  -1.368  -1.576   1.877  -0.657  -2.370   1.664   0.134  -0.700
   2.422  -0.210  -1.260   0.683  -1.479  -1.993   0.021  -2.124   0.036   0.338
  -1.531   0.665   0.968  -1.038   0.588  -0.885  -2.192   1.626  -0.705  -2.472
   0.561  -2.064  -1.167   0.910  -2.943  -1.714  -0.458  -2.185  -0.817   1.072
  -1.827  -0.207  -0.042  -1.283  -3.587  -0.290  -2.463  -3.913  -0.204  -0.266
  -4.366   0.135   0.610  -3.947  -0.936  -0.215  -5.666  -0.822   0.815  -5.972
  -0.562  -0.815  -6.465  -2.005  -0.520  -5.417
  -0.542   2.712  -1.407  -0.919   1.997  -0.685  -1.906   2.219  -0.373  -0.201
   1.903   0.206  -0.974   0.676  -1.428  -2.035   0.082  -1.733   0.275   0.317
  -1.785   1.011   0.889  -1.385   0.691  -0.932  -2.584   1.695  -0.836  -2.844
   0.568  -2.094  -1.644   0.699  -3.079  -2.087  -0.411  -2.054  -1.049   1.342
  -1.940  -0.969  -0.028  -1.194  -3.923  -0.144  -2.299  -4.412  -0.754  -0.229
  -4.513  -0.564   0.707  -4.151  -1.900  -0.346  -5.466  -2.570   0.508  -5.468
  -1.432  -0.300  -6.413  -2.563  -1.251  -5.474
  -0.566   2.323  -0.457  -1.478   1.752  -0.490  -2.302   2.310  -0.887  -1.747
   1.401   0.529  -1.159   0.493  -1.292  -2.042  -0.279  -1.589   0.140   0.426
  -1.609   0.727   1.064  -1.134   0.721  -0.704  -2.377   1.633  -0.183  -2.726
   1.087  -1.998  -1.518   1.771  -2.758  -2.042   0.136  -2.412  -1.227   1.529
  -1.783  -0.528  -0.117  -1.101  -3.634  -0.033  -2.264  -4.104  -0.837  -0.128
  -4.288  -0.857   0.838  -3.873  -1.903  -0.325  -5.278  -2.864   0.329  -5.199
  -1.379  -0.261  -6.285  -2.240  -1.323  -5.332
  -1.110   2.502  -1.035  -1.353   1.633  -0.329  -2.393   1.769  -0.067  -0.845
   1.636   0.600  -1.190   0.280  -0.994  -2.079  -0.567  -0.990  -0.018   0.144
  -1.602   0.564   0.999  -1.549   0.484  -0.985  -2.363   1.324  -0.695  -2.961
   1.012  -2.010  -1.423   1.330  -2.758  -2.061   0.251  -2.406  -0.784   1.816
  -1.692  -0.746  -0.479  -1.489  -3.489  -0.415  -2.650  -3.894  -1.222  -0.467
  -4.038  -1.142   0.506  -3.691  -1.944  -0.571  -5.437  -2.032   0.466  -5.867
  -1.419  -1.130  -6.136  -2.945  -0.883  -5.251
  -0.133   2.210   0.242  -1.182   1.952  -0.064  -1.569   2.811  -0.539  -1.791
   1.776   0.812  -1.127   0.706  -0.906  -2.094  -0.051  -0.944  -0.038   0.564
  -1.614   0.758   1.185  -1.384   0.324  -0.636  -2.427   1.161  -0.443  -3.035
   0.838  -1.802  -1.481   0.994  -2.689  -2.146   0.060  -1.943  -0.806   1.803
  -1.609  -1.013  -0.767  -1.100  -3.379  -0.971  -2.276  -3.650  -1.323  -0.057
  -4.116  -1.151   0.852  -3.771  -2.202  -0.268  -5.316  -1.976   0.423  -6.099
  -2.051  -1.285  -5.742  -3.256  -0.068  -5.196
  -1.689   1.922   0.822  -1.481   2.102  -0.267  -0.498   2.742  -0.284  -2.268
   2.532  -0.909  -1.124   0.760  -0.942  -1.811  -0.210  -0.660  -0.094   0.733
  -1.719   0.333   1.586  -1.883   0.340  -0.482  -2.393   1.157  -0.214  -3.117
   1.104  -1.286  -1.361   1.795  -1.855  -1.912   0.534  -1.986  -0.721   1.692
  -0.632  -0.655  -0.694  -1.025  -3.353  -0.667  -2.177  -3.698  -1.538  -0.143
  -3.968  -1.500   0.816  -3.643  -2.177  -0.501  -5.233  -1.500  -0.620  -6.006
  -2.697  -1.391  -5.057  -2.850   0.161  -5.586
  -1.982   1.394   0.830  -1.029   1.441   0.283  -0.270   1.510   1.025  -1.115
   2.362  -0.411  -1.056   0.302  -0.704  -1.867  -0.609  -0.605  -0.029   0.347
  -1.547   0.572   1.140  -1.522   0.403  -0.647  -2.478   1.419  -0.335  -2.839
   0.806  -1.952  -1.755   1.059  -2.662  -2.454  -0.009  -2.353  -1.227   1.611
  -1.821  -1.080  -0.559  -0.933  -3.660  -0.464  -1.979  -4.365  -1.585  -0.144
  -3.946  -1.866   0.596  -3.300  -2.471  -0.422  -5.171  -1.887  -0.390  -6.077
  -3.081  -1.394  -5.085  -3.360   0.296  -5.259
  -2.126   0.712   1.030  -1.414   1.048   0.288  -0.513   1.276   0.984  -1.893
   1.809  -0.233  -1.056   0.035  -0.732  -1.555  -1.045  -0.843  -0.161   0.425
  -1.539   0.135   1.398  -1.544   0.546  -0.473  -2.539   1.241   0.178  -3.072
   1.322  -1.587  -1.739   2.037  -2.098  -2.327   0.623  -2.029  -1.038   1.980
  -1.027  -0.982  -0.344  -1.202  -3.667   0.062  -2.143  -4.369  -1.493  -0.658
  -3.989  -1.816  -0.033  -3.226  -2.404  -1.061  -5.055  -2.925  -0.140  -5.407
  -1.830  -1.614  -5.781  -3.177  -1.747  -4.833
  -3.325   0.713   0.052  -2.376   1.130  -0.349  -1.941   1.891   0.239  -2.527
   1.644  -1.371  -1.425   0.040  -0.747  -1.821  -1.104  -0.581  -0.227   0.403
  -1.313  -0.152   1.416  -1.450   0.645  -0.428  -2.230   1.522   0.245  -2.420
   1.257  -1.555  -1.344   2.242  -1.779  -1.821   0.647  -2.510  -1.375   1.385
  -1.199  -0.276   0.043  -0.909  -3.580   0.758  -1.542  -4.424  -1.303  -0.912
  -3.674  -1.653  -0.390  -2.867  -2.220  -1.332  -4.804  -1.994  -0.737  -5.732
  -2.035  -2.353  -4.979  -3.308  -1.190  -4.417
  -3.257   0.365   0.792  -2.430   0.903   0.392  -1.889   1.507   1.128  -2.817
   1.579  -0.411  -1.554  -0.079  -0.466  -1.490  -1.313  -0.221  -0.745   0.523
  -1.307  -0.643   1.527  -1.245   0.388  -0.098  -2.096   0.910   0.665  -2.702
   1.484  -0.723  -1.188   2.308  -1.072  -1.829   1.053  -1.562  -0.708   1.868
  -0.006  -0.522  -0.215  -1.094  -3.043   0.608  -1.848  -3.611  -1.510  -0.823
  -3.428  -1.954  -0.118  -2.948  -2.040  -1.458  -4.713  -2.549  -0.718  -5.289
  -1.203  -1.950  -5.285  -2.725  -2.281  -4.521
  -2.482   0.246   1.466  -2.304   0.781   0.511  -1.703   1.762   0.657  -3.169
   1.166   0.058  -1.537  -0.143  -0.387  -1.768  -1.338  -0.336  -0.739   0.494
  -1.261  -0.767   1.488  -1.477   0.327  -0.215  -1.998   1.054   0.512  -2.312
   1.265  -0.959  -1.022   2.165  -1.251  -1.566   0.862  -1.912  -0.678   1.558
  -0.338  -0.131  -0.145  -0.920  -3.258   0.653  -1.296  -4.052  -1.447  -1.091
  -3.397  -2.030  -0.625  -2.665  -2.000  -1.774  -4.560  -2.751  -1.214  -5.122
  -1.303  -2.218  -5.273  -2.732  -2.657  -4.309
  -1.694   0.242   1.433  -2.157   0.451   0.546  -2.179   1.588   0.407  -3.139
  -0.029   0.538  -1.362  -0.091  -0.642  -1.536  -1.261  -0.890  -0.524   0.743
  -1.232  -0.555   1.738  -0.963   0.525   0.256  -2.204   0.863   1.179  -2.727
   1.783  -0.195  -1.414   2.573  -0.622  -1.999   1.585  -0.952  -0.620   2.212
   0.666  -0.947  -0.036  -0.769  -3.242   0.619  -1.750  -3.554  -1.220  -0.373
  -3.777  -1.599   0.510  -3.344  -2.097  -1.247  -4.629  -3.227  -1.007  -4.630
  -1.707  -1.054  -5.688  -1.917  -2.310  -4.356
  -3.069   0.554   0.496  -2.007   0.604   0.687  -1.620   0.119   1.668  -1.860
   1.743   0.753  -1.257   0.052  -0.427  -1.406  -1.097  -0.804  -0.389   0.866
  -1.060  -0.339   1.841  -0.727   0.484   0.608  -2.178   0.565   1.563  -2.692
   1.827   0.224  -1.575   2.580   0.159  -2.423   1.679  -0.696  -1.062   2.111
   0.925  -0.755  -0.123  -0.430  -3.237   0.698  -1.145  -3.824  -1.435  -0.484
  -3.520  -1.999   0.095  -2.916  -2.169  -1.330  -4.439  -3.277  -1.269  -4.223
  -1.971  -1.050  -5.481  -1.792  -2.330  -4.303
  -2.136   0.502   1.726  -1.778   1.265   0.939  -1.010   1.956   1.348  -2.637
   1.871   0.681  -1.226   0.481  -0.241  -1.264  -0.717  -0.210  -0.683   1.159
  -1.207  -0.756   2.103  -1.109   0.241   0.767  -2.270   0.193   1.692  -2.965
   1.635   0.629  -1.590   2.309   0.204  -2.340   1.534   0.040  -0.742   1.992
   1.543  -1.285  -0.250  -0.403  -3.136   0.583  -0.996  -3.840  -1.531  -0.525
  -3.326  -2.052  -0.022  -2.645  -2.237  -1.410  -4.308  -3.159  -1.031  -4.589
  -1.520  -1.638  -5.130  -2.637  -2.306  -3.785
  -1.897   0.345   1.915  -1.664   1.026   1.006  -1.068   1.893   1.389  -2.545
   1.344   0.562  -0.939   0.372  -0.104  -0.698  -0.841  -0.049  -0.656   1.133
  -1.144  -0.892   2.077  -1.086  -0.003   0.730  -2.390  -0.219   1.600  -3.025
   1.528   0.657  -1.979   2.130   0.227  -2.803   1.456  -0.197  -1.239   2.060
   1.578  -1.644  -0.745  -0.490  -3.081  -0.154  -1.475  -3.429  -2.044  -0.370
  -3.221  -2.537   0.393  -2.796  -2.833  -1.304  -4.056  -3.823  -1.053  -3.885
  -2.565  -1.147  -5.143  -2.777  -2.392  -3.806
  -3.054   1.430   0.908  -1.955   1.414   1.050  -1.682   1.300   2.089  -1.656
   2.464   0.722  -1.156   0.448   0.153  -1.275  -0.806   0.203  -0.592   1.033
  -0.877  -0.471   2.020  -0.683  -0.041   0.497  -2.194  -0.188   1.297  -2.874
   1.466   0.374  -1.920   1.985   0.076  -2.814   1.747  -0.413  -1.201   1.882
   1.274  -1.604  -0.715  -0.753  -3.031  -0.036  -1.611  -3.546  -2.040  -0.873
  -3.041  -2.589  -0.219  -2.521  -2.759  -1.930  -3.771  -2.861  -1.525  -4.788
  -2.245  -2.878  -3.819  -3.679  -1.967  -3.275
  -2.943   1.874   1.115  -2.067   1.292   1.467  -2.579   0.873   2.238  -1.435
   1.955   1.889  -1.420   0.490   0.379  -0.961  -0.668   0.558  -1.094   1.151
  -0.706  -1.469   2.079  -0.813  -0.222   0.543  -1.825  -0.258   1.240  -2.710
   1.328   0.585  -1.483   1.853   0.005  -2.252   1.610   0.116  -0.520   1.605
   1.617  -1.358  -0.832  -0.888  -2.278  -0.112  -1.804  -2.498  -2.081  -0.845
  -2.552  -2.547  -0.105  -2.176  -2.774  -1.719  -3.506  -3.051  -1.232  -4.346
  -2.240  -2.611  -3.682  -3.748  -2.013  -3.113
  -3.497   1.929   0.996  -2.389   1.923   1.197  -2.209   1.543   2.176  -2.070
   2.934   1.279  -1.429   1.027   0.273  -0.839   0.030   0.699  -1.249   1.361
  -1.015  -1.731   2.162  -1.436  -0.381   0.722  -2.053  -0.541   1.217  -2.977
   1.087   0.953  -1.569   1.839   0.796  -2.397   1.321   0.476  -0.662   1.255
   2.012  -1.320  -0.800  -0.719  -2.366   0.105  -1.578  -2.412  -2.075  -0.979
  -2.335  -2.586  -0.136  -2.397  -2.647  -2.218  -2.876  -3.680  -2.262  -2.966
  -2.130  -2.424  -3.866  -2.442  -3.060  -2.176
  -3.158   2.645   0.320  -2.617   2.063   1.074  -3.249   1.406   1.600  -2.204
   2.782   1.755  -1.490   1.357   0.472  -0.893   0.271   0.863  -1.153   1.797
  -0.727  -1.575   2.623  -1.067  -0.374   1.089  -1.688  -0.379   1.700  -2.656
   1.121   1.331  -1.331   1.813   1.085  -2.089   1.530   0.583  -0.632   1.362
   2.349  -1.003  -0.878  -0.333  -2.142  -0.056  -1.114  -2.689  -2.066  -0.726
  -1.848  -2.481  -0.019  -1.385  -2.742  -1.957  -2.219  -3.781  -1.901  -1.957
  -2.678  -2.109  -3.325  -2.226  -2.805  -1.754
  -3.427   1.915   1.353  -2.489   2.397   1.100  -1.923   2.771   2.053  -2.764
   3.111   0.443  -1.555   1.387   0.413  -1.245   0.335   0.856  -1.228   1.816
  -0.804  -1.577   2.733  -1.011  -0.256   1.043  -1.651  -0.289   1.454  -2.586
   1.153   1.210  -1.218   1.805   0.846  -2.009   1.436   0.744  -0.339   1.352
   2.293  -1.076  -0.665  -0.453  -1.889   0.180  -1.327  -2.051  -1.956  -0.718
  -1.905  -2.640   0.034  -1.691  -2.566  -2.083  -2.041  -2.977  -2.319  -1.027
  -3.410  -2.013  -2.696  -1.858  -2.837  -2.453
  -2.971   2.312   1.310  -1.948   2.475   1.251  -1.687   2.405   2.329  -1.632
   3.519   0.972  -1.184   1.388   0.520  -0.816   0.322   1.107  -0.984   1.542
  -0.748  -1.278   2.406  -1.143  -0.208   0.674  -1.700  -0.303   1.096  -2.612
   1.301   0.872  -1.330   1.925   0.393  -2.044   1.600   0.319  -0.428   1.634
   1.883  -1.510  -0.817  -0.783  -1.911  -0.134  -1.709  -2.417  -2.087  -0.923
  -1.411  -2.389  -0.188  -0.775  -2.937  -2.025  -1.747  -3.597  -2.508  -1.024
  -3.526  -1.677  -2.640  -2.452  -2.785  -2.275
  -2.545   2.644   0.711  -1.548   2.358   1.168  -1.715   2.022   2.182  -0.659
   3.117   1.183  -0.996   1.267   0.352  -0.738   0.199   0.846  -0.916   1.492
  -0.984  -1.093   2.435  -1.336  -0.349   0.579  -1.915  -0.425   0.940  -2.896
   1.175   0.518  -1.732   1.666  -0.066  -2.539   1.340  -0.142  -0.887   1.676
   1.502  -1.563  -0.982  -0.793  -2.048  -0.374  -1.699  -2.632  -2.154  -1.062
  -1.409  -2.414  -0.448  -0.679  -2.833  -2.277  -1.572  -2.121  -3.122  -1.872
  -3.483  -2.582  -0.728  -3.605  -2.163  -2.417
  -2.120   3.132   0.534  -1.257   2.770   0.997  -1.693   2.434   1.990  -0.464
   3.573   1.122  -0.613   1.560   0.322  -0.314   0.677   1.097  -0.537   1.647
  -1.068  -0.807   2.467  -1.583  -0.072   0.513  -1.892  -0.431   0.788  -2.915
   1.492   0.392  -1.888   1.771  -0.477  -2.587   1.838  -0.037  -0.964   2.120
   1.224  -2.059  -0.912  -0.778  -1.825  -0.398  -1.830  -2.306  -2.235  -0.556
  -1.479  -2.548   0.354  -1.397  -3.313  -1.496  -1.240  -3.749  -1.769  -2.217
  -2.801  -2.332  -0.679  -4.141  -1.125  -0.752
  -1.671   2.052   2.301  -1.390   2.531   1.438  -0.701   3.259   1.713  -2.235
   2.886   0.788  -0.752   1.359   0.717  -0.531   0.299   1.330  -0.496   1.545
  -0.564  -0.729   2.491  -0.866  -0.073   0.506  -1.565   0.192   0.935  -2.604
   1.315  -0.006  -1.168   1.593  -0.651  -1.944   1.277  -0.399  -0.213   1.948
   0.906  -1.230  -1.037  -0.643  -1.898  -0.767  -1.489  -2.754  -2.233  -0.657
  -1.353  -2.515   0.254  -0.810  -3.356  -1.465  -1.875  -3.340  -1.213  -2.941
  -3.229  -2.591  -1.828  -4.170  -1.085  -1.417
  -1.655   3.188   2.093  -1.854   3.097   1.024  -1.375   3.953   0.642  -2.950
   3.104   1.052  -1.181   1.815   0.349  -0.860   1.015   1.193  -0.875   1.867
  -0.931  -1.187   2.787  -1.278  -0.152   0.937  -1.807  -0.060   1.287  -2.862
   1.205   0.627  -1.332   1.830   0.226  -2.151   1.166   0.058  -0.396   1.829
   1.326  -0.934  -0.947  -0.354  -1.936  -0.416  -1.428  -2.165  -2.272  -0.326
  -1.830  -2.671   0.610  -1.833  -3.025  -1.459  -2.499  -3.770  -1.093  -3.227
  -2.335  -2.271  -2.941  -3.715  -1.944  -1.765
  -2.180   3.130   2.332  -2.060   3.252   1.254  -1.486   4.074   0.997  -3.105
   3.445   1.011  -1.329   2.045   0.607  -1.102   1.034   1.266  -1.011   2.108
  -0.740  -1.147   2.988  -1.170  -0.196   1.092  -1.509  -0.196   1.455  -2.530
   1.317   1.224  -1.020   1.743   2.257  -1.260   2.021   0.546  -1.462   1.514
   1.215  -0.022  -0.609  -0.399  -1.613   0.197  -1.259  -1.909  -1.900  -0.729
  -1.466  -2.573   0.023  -1.224  -2.539  -1.725  -2.164  -2.298  -1.665  -3.248
  -2.266  -2.715  -1.683  -3.529  -1.453  -1.886
  -3.109   2.618  -0.012  -2.208   2.887   0.559  -2.391   3.071   1.654  -1.790
   3.820   0.189  -1.206   1.869   0.332  -0.999   0.919   1.152  -0.662   1.750
  -0.850  -0.751   2.533  -1.491   0.147   0.618  -1.416   0.415   0.897  -2.497
   1.513   0.435  -0.581   2.236   1.348  -0.592   2.019  -0.347  -1.084   1.271
   0.116   0.501  -0.458  -0.737  -1.668   0.315  -1.598  -2.184  -1.781  -0.992
  -1.461  -2.393  -0.332  -0.973  -2.498  -2.201  -2.065  -3.597  -2.144  -1.905
  -2.276  -2.278  -3.097  -2.149  -3.179  -1.839
  -2.651   2.729   1.036  -1.860   2.776   0.331  -1.059   3.501   0.548  -2.181
   3.162  -0.628  -1.283   1.480  -0.064  -1.496   0.575   0.721  -0.449   1.349
  -1.119  -0.463   2.112  -1.691   0.414   0.201  -1.563   0.870   0.680  -2.460
   1.537   0.051  -0.547   2.149   0.921  -0.412   2.195  -0.807  -0.815   1.216
  -0.365   0.425  -0.216  -1.225  -1.994   0.411  -2.312  -2.189  -1.573  -1.140
  -1.901  -2.052  -0.212  -1.749  -2.451  -2.239  -1.558  -2.903  -2.001  -0.630
  -3.149  -2.397  -2.342  -1.922  -3.253  -1.505
  -2.483   3.214   0.757  -2.039   3.000  -0.270  -1.341   3.796  -0.419  -2.750
   3.173  -1.064  -1.349   1.622  -0.292  -1.475   0.856   0.675  -0.530   1.342
  -1.265  -0.248   2.200  -1.819   0.124   0.179  -1.606   0.516   0.389  -2.633
   1.341   0.102  -0.667   2.145  -0.456  -1.205   1.109  -0.178   0.387   1.736
   1.105  -0.714  -0.625  -1.124  -1.949   0.032  -2.143  -2.311  -1.965  -1.153
  -1.975  -2.390  -0.305  -1.646  -2.717  -2.381  -2.058  -2.129  -3.211  -2.315
  -3.436  -2.380  -1.175  -3.328  -2.277  -2.971
  -2.085   3.136   0.480  -1.835   2.939  -0.554  -1.156   3.742  -0.896  -2.812
   2.727  -0.965  -1.157   1.596  -0.753  -1.362   0.775   0.038  -0.502   1.366
  -1.855  -0.410   2.077  -2.579   0.230   0.230  -2.216   0.619   0.216  -3.212
   1.416   0.222  -1.298   2.128  -0.490  -1.715   1.123  -0.047  -0.289   1.907
   1.276  -1.215  -0.562  -1.069  -2.508  -0.052  -2.147  -2.535  -1.884  -1.011
  -2.461  -2.332  -0.117  -2.168  -2.707  -2.208  -2.683  -2.592  -3.070  -1.951
  -3.785  -1.936  -2.728  -2.511  -2.486  -3.685
  -2.529   2.870   0.761  -2.032   2.880  -0.193  -1.266   3.735  -0.207  -2.856
   2.910  -0.884  -1.208   1.619  -0.521  -1.146   0.730   0.346  -0.627   1.459
  -1.700  -0.562   2.079  -2.413  -0.018   0.183  -2.131   0.274   0.370  -3.194
   1.339  -0.141  -1.394   2.195   0.133  -2.079   1.509  -1.042  -0.841   1.598
   0.592  -0.689  -0.904  -1.114  -2.384  -0.255  -2.221  -2.509  -2.099  -1.011
  -2.564  -2.528  -0.057  -2.592  -2.917  -2.234  -2.888  -2.271  -2.837  -3.528
  -3.100  -2.871  -1.987  -3.796  -1.897  -3.479
  -2.670   3.070   0.274  -2.060   3.059  -0.680  -1.358   3.936  -0.724  -2.707
   3.261  -1.598  -1.250   1.741  -0.737  -1.385   0.816   0.037  -0.573   1.442
  -1.797  -0.371   2.227  -2.397   0.169   0.194  -2.173   0.534   0.299  -3.216
   1.376   0.070  -1.226   1.818  -0.926  -1.394   1.156   0.209  -0.132   2.280
   0.681  -1.360  -0.721  -1.123  -2.298  -0.197  -2.246  -2.161  -2.010  -0.887
  -2.393  -2.330   0.027  -2.240  -3.168  -1.852  -2.262  -3.234  -2.697  -2.946
  -3.165  -2.385  -1.288  -4.088  -1.353  -2.286
  -2.582   2.824  -0.260  -1.960   2.826  -1.109  -1.548   3.701  -1.313  -2.577
   2.438  -1.879  -0.894   1.781  -0.963  -0.543   1.191   0.115  -0.493   1.310
  -2.178  -0.786   1.840  -2.979   0.210  -0.045  -2.324   0.492  -0.025  -3.353
   1.631   0.018  -1.603   2.313  -0.612  -2.056   1.489  -0.152  -0.513   2.083
   0.984  -1.795  -0.760  -1.131  -1.952  -0.447  -2.193  -1.383  -1.961  -0.907
  -2.509  -2.176   0.035  -2.829  -3.131  -1.842  -2.515  -3.889  -1.585  -3.237
  -2.955  -2.907  -2.383  -3.711  -1.633  -1.582
  -2.460   3.613  -0.387  -1.910   3.419  -1.334  -1.282   4.316  -1.340  -2.676
   3.259  -2.088  -1.076   2.244  -1.173  -0.782   1.859  -0.033  -0.639   1.648
  -2.252  -0.963   2.016  -3.061   0.137   0.315  -2.163   0.380   0.036  -3.286
   1.542   0.510  -1.618   2.066  -0.393  -2.074   1.589   0.474  -0.529   1.821
   1.551  -1.868  -0.750  -0.881  -1.803  -0.385  -1.974  -1.297  -2.058  -0.724
  -2.046  -2.317   0.295  -2.335  -3.143  -1.671  -2.116  -3.994  -1.360  -2.606
  -2.738  -2.561  -2.503  -3.624  -1.906  -1.214
  -1.976   3.643   0.006  -1.606   3.340  -1.058  -1.118   4.269  -1.451  -2.440
   3.061  -1.808  -0.796   2.105  -1.030  -0.551   1.558   0.030  -0.345   1.649
  -2.178  -0.702   2.056  -2.991   0.243   0.331  -2.363   0.523   0.285  -3.415
   1.644   0.177  -1.853   2.027  -0.839  -2.061   1.615   0.287  -0.768   2.439
   0.873  -2.247  -0.670  -0.847  -2.072  -0.351  -2.023  -2.305  -1.987  -0.517
  -1.760  -2.127   0.523  -1.675  -2.997  -1.446  -2.081  -2.966  -1.587  -3.097
  -2.964  -2.425  -1.632  -4.066  -0.993  -2.067
  -1.401   3.228   0.543  -1.292   3.068  -0.532  -0.448   3.703  -0.750  -2.056
   3.141  -1.211  -0.757   1.632  -0.713  -0.734   0.834   0.193  -0.363   1.444
  -2.008  -0.751   2.146  -2.617   0.117   0.207  -2.633   0.167   0.387  -3.711
   1.554  -0.079  -2.119   2.019  -0.915  -2.639   1.545  -0.243  -1.052   2.125
   0.755  -2.411  -0.912  -0.945  -2.540  -0.693  -2.074  -2.967  -2.020  -0.739
  -1.936  -2.187   0.200  -1.628  -3.139  -1.608  -1.828  -3.470  -1.795  -0.796
  -3.923  -1.179  -2.468  -2.934  -2.669  -2.277
  -0.971   3.392   0.712  -1.025   3.040  -0.337  -0.532   3.719  -0.978  -2.125
   3.010  -0.497  -0.561   1.594  -0.604  -0.572   0.738   0.278  -0.358   1.393
  -1.912  -0.167   2.262  -2.439   0.118   0.141  -2.479   0.126   0.337  -3.483
   1.480  -0.182  -1.903   1.960  -0.712  -2.709   1.500  -0.707  -1.002   1.991
   0.648  -1.706  -0.931  -1.017  -2.505  -0.638  -2.177  -2.834  -2.135  -0.693
  -1.955  -2.329   0.278  -1.834  -3.224  -1.678  -1.947  -2.794  -2.651  -1.889
  -3.942  -1.568  -1.137  -3.807  -1.676  -2.811
  -1.020   3.060   0.496  -1.050   2.853  -0.564  -0.492   3.677  -1.004  -2.055
   2.930  -0.942  -0.469   1.490  -0.843  -0.313   0.681   0.042  -0.209   1.208
  -2.087  -0.301   1.890  -2.728   0.162  -0.055  -2.631   0.126  -0.004  -3.717
   1.598  -0.346  -2.348   1.696  -1.385  -2.447   1.799  -0.191  -1.272   2.260
   0.295  -2.927  -0.904  -1.165  -2.536  -0.640  -2.322  -2.866  -2.169  -0.826
  -2.269  -2.342   0.124  -2.085  -3.265  -1.778  -2.432  -3.007  -2.734  -2.157
  -4.155  -1.328  -2.056  -3.376  -1.995  -3.487
  -0.507   3.125   0.058  -0.458   3.009  -0.964   0.435   3.580  -1.345  -1.385
   3.285  -1.411  -0.256   1.572  -1.308  -0.354   0.753  -0.423   0.040   1.251
  -2.547   0.247   1.954  -3.171   0.271  -0.180  -3.093   0.154  -0.128  -4.164
   1.734  -0.667  -2.944   1.976  -1.599  -3.513   1.935  -0.959  -1.940   2.492
   0.098  -3.273  -0.782  -1.302  -2.597  -0.402  -2.418  -2.477  -2.039  -0.903
  -2.331  -2.193   0.107  -2.492  -3.218  -1.745  -2.104  -2.990  -2.786  -2.546
  -3.323  -1.963  -1.021  -4.105  -1.241  -2.350
  -0.154   3.678  -0.825  -0.645   3.133  -1.611  -0.709   3.588  -2.574  -1.699
   3.008  -1.265  -0.009   1.744  -1.613   0.576   1.216  -0.662   0.059   1.212
  -2.866  -0.311   1.771  -3.590   0.570  -0.141  -3.292   0.625  -0.217  -4.372
   1.972  -0.396  -2.838   2.403  -1.287  -3.317   1.878  -0.537  -1.743   2.510
   0.534  -3.022  -0.376  -1.167  -2.775   0.083  -2.290  -2.394  -1.713  -0.903
  -2.538  -2.095  -0.038  -2.766  -2.587  -1.989  -2.022  -2.540  -2.911  -2.523
  -2.309  -2.123  -0.956  -3.601  -1.701  -1.999
   0.111   3.312  -0.343  -0.695   2.764  -0.877  -0.825   3.341  -1.713  -1.554
   2.813  -0.245  -0.143   1.398  -1.186   0.346   0.752  -0.233  -0.018   1.081
  -2.412  -0.330   1.780  -3.074   0.268  -0.266  -2.945   0.010  -0.250  -4.016
   1.822  -0.632  -2.937   2.120  -1.418  -3.579   2.298  -0.947  -1.998   2.311
   0.265  -3.394  -0.612  -1.453  -2.380  -0.215  -2.640  -2.356  -1.841  -1.171
  -1.939  -2.262  -0.242  -2.181  -2.605  -1.952  -0.894  -2.277  -3.047  -0.961
  -2.347  -1.502   0.062  -3.664  -1.874  -1.001
   0.501   3.276   0.404  -0.169   2.868  -0.423  -0.001   3.560  -1.287  -1.191
   2.739  -0.073   0.283   1.470  -0.804   0.629   0.658   0.038   0.314   1.142
  -2.043   0.146   1.851  -2.740   0.405  -0.268  -2.641   0.096  -0.011  -3.636
   1.885  -0.683  -2.727   1.958  -1.650  -3.202   2.368  -0.617  -1.741   2.417
   0.115  -3.303  -0.564  -1.431  -2.216  -0.437  -2.544  -2.619  -1.585  -1.055
  -1.494  -1.625  -0.051  -1.297  -2.698  -1.905  -0.860  -2.355  -2.491  -0.017
  -3.479  -1.237  -0.494  -3.095  -2.650  -1.526
   0.020   3.173   0.431   0.117   2.912  -0.644   1.095   3.185  -1.120  -0.695
   3.283  -1.267   0.134   1.374  -0.819   0.004   0.644   0.154   0.192   0.908
  -2.075   0.323   1.641  -2.795   0.334  -0.498  -2.484   0.079  -0.551  -3.534
   1.843  -0.856  -2.345   2.233  -1.369  -3.233   1.943  -1.369  -1.389   2.378
   0.136  -2.268  -0.728  -1.478  -1.967  -0.513  -2.672  -2.139  -1.858  -1.070
  -1.362  -1.832  -0.097  -1.018  -2.917  -1.943  -0.792  -2.573  -2.836  -0.147
  -3.738  -1.444  -0.384  -3.341  -2.476  -1.672
  -0.864   2.756  -0.151  -0.150   2.601  -0.910   0.784   2.985  -0.619  -0.552
   3.097  -1.795  -0.024   1.044  -1.063   0.119   0.286  -0.144  -0.043   0.689
  -2.328  -0.498   1.357  -2.944   0.051  -0.739  -2.784  -0.291  -0.818  -3.816
   1.460  -1.309  -2.511   1.716  -2.208  -3.090   1.634  -1.341  -1.417   2.181
  -0.658  -3.002  -1.046  -1.696  -2.221  -0.979  -2.892  -2.525  -2.124  -1.200
  -1.559  -2.107  -0.240  -1.386  -3.154  -1.998  -0.867  -2.716  -2.942  -0.457
  -3.569  -1.448  -0.001  -3.935  -2.278  -1.618
  -0.414   3.040   0.102  -0.684   2.648  -0.864  -0.258   3.390  -1.515  -1.807
   2.686  -0.999  -0.182   1.254  -1.153   0.362   0.635  -0.196  -0.399   0.770
  -2.364  -0.752   1.418  -3.051  -0.178  -0.624  -2.824  -0.341  -0.712  -3.875
   1.304  -1.118  -2.645   1.513  -1.986  -3.315   1.466  -1.352  -1.594   1.927
  -0.263  -2.983  -1.145  -1.629  -2.263  -0.974  -2.823  -2.321  -2.179  -1.047
  -1.651  -2.156  -0.033  -1.378  -3.348  -1.795  -1.214  -3.233  -2.091  -0.189
  -4.269  -1.134  -1.133  -3.391  -2.645  -1.862
  -0.021   3.371  -0.685  -0.399   2.734  -1.512  -0.040   3.251  -2.481  -1.451
   2.774  -1.354  -0.125   1.247  -1.511   0.193   0.752  -0.422  -0.144   0.641
  -2.746  -0.279   1.197  -3.568   0.032  -0.827  -2.956  -0.230  -0.908  -3.999
   1.571  -1.222  -2.791   1.728  -2.245  -3.025   1.856  -1.191  -1.699   2.247
  -0.689  -3.435  -0.876  -1.804  -2.152  -0.516  -2.979  -1.876  -1.975  -1.211
  -1.631  -2.068  -0.282  -1.912  -3.028  -1.854  -0.947  -2.607  -2.457  -0.123
  -3.759  -1.119  -0.537  -3.482  -2.582  -1.685
   0.173   3.181  -0.326  -0.011   2.781  -1.326   0.562   3.319  -2.090  -1.040
   2.818  -1.590   0.279   1.306  -1.385   0.635   0.762  -0.384   0.118   0.754
  -2.590  -0.278   1.356  -3.271   0.232  -0.700  -2.884  -0.068  -0.811  -3.981
   1.680  -1.033  -2.791   1.874  -1.950  -3.352   2.099  -1.094  -1.771   2.201
  -0.248  -3.362  -0.709  -1.650  -2.168  -0.408  -2.837  -2.017  -1.812  -1.130
  -1.602  -1.894  -0.171  -1.715  -2.956  -1.834  -1.088  -3.190  -1.507  -0.032
  -3.853  -1.491  -1.698  -2.970  -2.947  -1.157
   0.425   3.526  -0.356   0.420   3.163  -1.380   1.384   3.497  -1.848  -0.397
   3.687  -1.904   0.290   1.659  -1.374   0.278   1.037  -0.312   0.216   1.106
  -2.588   0.194   1.740  -3.402   0.234  -0.335  -2.896  -0.004  -0.364  -3.903
   1.670  -0.828  -2.847   1.833  -1.668  -3.576   1.922  -1.121  -1.827   2.308
  -0.010  -3.065  -0.704  -1.301  -2.156  -0.390  -2.459  -1.920  -1.938  -0.952
  -1.739  -2.310  -0.012  -1.875  -2.835  -1.847  -0.939  -2.264  -2.257  -0.096
  -3.803  -1.338  -0.715  -3.155  -2.699  -1.487
   1.009   3.126  -0.897   0.149   2.807  -1.483   0.178   3.181  -2.501  -0.774
   3.141  -1.030   0.170   1.327  -1.545   0.183   0.730  -0.494   0.059   0.687
  -2.712   0.072   1.263  -3.581   0.178  -0.815  -2.938  -0.058  -1.032  -3.988
   1.632  -1.204  -2.901   1.717  -2.317  -3.098   2.056  -1.083  -1.926   2.113
  -0.543  -3.607  -0.684  -1.737  -1.996  -0.279  -2.858  -1.741  -1.810  -1.172
  -1.556  -1.951  -0.191  -1.801  -2.849  -1.822  -0.766  -3.129  -1.165   0.145
  -3.735  -2.097  -1.283  -2.527  -2.733  -0.345
