default_name                                                                    
   22  0.4200000E+03
  -3.0646572   1.1488961   1.5357501  -2.2393344   0.8186710   0.8980960
  -2.4984672   1.1419093  -0.2016739  -2.1203678  -0.2690994   1.0568200
  -1.0061339   1.5507128   1.3620197  -1.1117849   2.7016631   1.8284491
   0.1089411   0.8523561   1.3575567   0.0090207  -0.1453782   1.1323774
   1.3539640   1.2221827   2.1029960   1.1480822   1.4931776   3.1339143
   2.2282991  -0.0040387   2.1359176   2.5747685  -0.3048067   1.1554048
   1.8230869  -0.8156206   2.7599167   3.0274583   0.1778098   2.8071854
   2.1120772   2.3816771   1.3937377   2.8752336   3.1465030   2.0388814
   1.9554668   2.4503323   0.0714049   1.4065611   1.7112996  -0.4311345
   2.6514842   3.4371012  -0.7996908   2.8081032   4.4188198  -0.2813802
   3.6293506   3.0807557  -1.1316401   2.1650919   3.6088031  -1.7448506
  -0.7973104   1.6514054  -0.5338196   0.2438828  -0.4167044  -0.3845277
  -0.2438994   0.5379260  -0.4401550   0.6608852  -0.2721137   0.6238215
  -0.2358921  -0.3164652  -0.2219435   0.0280766  -0.0520394  -0.4586500
  -0.0970389   0.1517925  -0.3895094  -0.4244860   0.8940075   1.1941574
   0.2633125  -0.2971927  -0.0324295  -0.2310983  -0.8921698   0.4714073
  -0.1464598  -0.0591113  -0.0849398   1.2564065   0.5767473   0.9622139
  -0.4432685   0.1776637   0.6895808   0.1520015  -1.5323296  -1.0334515
   0.3751670   0.2015014  -0.0896731   0.0393208   0.0650966  -0.0567954
  -0.3310524  -0.3532322  -0.0917324   0.3021079   0.2873062   0.0912471
  -0.1026137  -0.0441744   0.0581945   0.8826041  -0.6762969   0.1227071
   0.9432342   1.3348828  -1.0734468  -0.3021851   0.4974146  -0.9053752
