default_name                                                                    
   22  0.5410000E+03
  -2.3906680  -0.9533773   4.8441524  -2.4909998  -0.5156403   3.8517291
  -2.8774383   0.4991765   3.9391354  -3.1779992  -1.1170150   3.2577879
  -1.1369829  -0.4886238   3.1793142  -0.6372253   0.5811296   2.8350909
  -0.5449170  -1.6677506   2.9892553  -1.0264348  -2.4937291   3.3135424
   0.7914311  -1.8420146   2.4033538   1.4681305  -1.1272131   2.8750434
   1.2743960  -3.2551249   2.7598574   0.6269345  -4.0015671   2.2969958
   1.2656551  -3.3896373   3.8425307   2.2940913  -3.3972918   2.3992624
   0.8644192  -1.5949255   0.8751013   1.9618118  -1.4470750   0.3266594
  -0.2824206  -1.5492515   0.1809328  -1.1385395  -1.6791041   0.7016874
  -0.3855498  -1.3424980  -1.2639962   0.1427795  -2.1371585  -1.7948066
  -1.4334088  -1.3504626  -1.5700068   0.0545241  -0.3813266  -1.5373377
  -0.0003339  -0.0001127  -0.0003209  -0.0002005   0.0000486  -0.0002633
  -0.0001570   0.0000551  -0.0001469  -0.0001664   0.0001781  -0.0004339
  -0.0001244   0.0000827  -0.0001093  -0.0000313   0.0001100   0.0001108
  -0.0001658   0.0000808  -0.0002256  -0.0002434   0.0000574  -0.0004001
  -0.0001329   0.0000906  -0.0001543  -0.0001593   0.0000815  -0.0001025
  -0.0001515   0.0000860  -0.0001482  -0.0001194   0.0000924  -0.0002033
  -0.0002221   0.0000676  -0.0001511  -0.0001273   0.0000947  -0.0000830
  -0.0000433   0.0001273  -0.0001457  -0.0000007  -0.0000543  -0.0001099
  -0.0000121   0.0003465  -0.0001833  -0.0000527   0.0004848  -0.0002160
   0.0000717   0.0004127  -0.0001805   0.0001200   0.0004493  -0.0001876
   0.0000906   0.0004050  -0.0002451   0.0000689   0.0004348  -0.0001070
