default_name                                                                    
   22  0.5410000E+03
   3.6763725   0.4747430   1.5450912   2.9172537   0.8295276   2.2411605
   1.9275517   0.6506557   1.8229095   3.0523192   1.8966787   2.4127545
   3.0574977   0.0889878   3.5517052   2.1342021  -0.6081740   3.9639729
   4.2142764   0.2645469   4.1932021   4.8728089   0.8865863   3.7480278
   4.6960618  -0.4134438   5.4060418   5.7859394  -0.4158657   5.3457139
   4.3470848   0.4274069   6.6437707   4.7449612  -0.0524941   7.5393733
   3.2660636   0.5356715   6.7393142   4.7943528   1.4180097   6.5513447
   4.3009371  -1.9072216   5.5202376   5.0065094  -2.7740923   4.9901510
   3.1948534  -2.2163365   6.2139674   2.6537286  -1.4498126   6.5884847
   2.7040047  -3.5787917   6.4291865   2.5176297  -4.0652316   5.4694326
   3.4438165  -4.1612323   6.9822603   1.7736305  -3.5565422   6.9994102
  -0.0010356   0.0009221  -0.0001820  -0.0014555   0.0004903  -0.0004197
  -0.0012212   0.0000021  -0.0007654  -0.0020669   0.0005512  -0.0003167
  -0.0015132   0.0004887  -0.0004125  -0.0012535  -0.0001026  -0.0008294
  -0.0018479   0.0011361   0.0000204  -0.0020658   0.0015559   0.0002853
  -0.0018933   0.0014746   0.0002317  -0.0018823   0.0017567   0.0004208
  -0.0023231   0.0016105   0.0000195  -0.0023542   0.0018740   0.0001750
  -0.0023670   0.0013524  -0.0001868  -0.0025573   0.0017072  -0.0000800
  -0.0014945   0.0013877   0.0004637  -0.0011328   0.0014767   0.0008032
  -0.0015504   0.0012173   0.0002993  -0.0018506   0.0011381   0.0000272
  -0.0011490   0.0011150   0.0005639  -0.0013608   0.0010098   0.0006590
  -0.0008185   0.0013274   0.0003467  -0.0009548   0.0009281   0.0008881
