default_name                                                                    
   22  0.5410000E+03
  -4.9734164  -2.1574360  -3.1524081  -5.3368667  -2.0106671  -2.1361151
  -5.9313076  -2.8725588  -1.8346358  -5.9525247  -1.1129972  -2.0964195
  -4.1607120  -1.8511332  -1.1993580  -4.0134386  -2.6348372  -0.2638622
  -3.3247850  -0.8436545  -1.4612198  -3.5532710  -0.2670061  -2.2582868
  -2.1173743  -0.4658142  -0.7026367  -1.6471037   0.3319438  -1.2797422
  -2.5375641   0.1673268   0.6336726  -1.6683049   0.6068489   1.1242158
  -2.9688378  -0.5898473   1.2891910  -3.2730442   0.9534767   0.4579434
  -1.0067634  -1.5446623  -0.5584106   0.0085044  -1.2985842   0.1017224
  -1.1554956  -2.7187802  -1.1884358  -2.0228274  -2.8638151  -1.6850153
  -0.1387685  -3.7680470  -1.2765896   0.8062518  -3.3473844  -1.6271100
   0.0175283  -4.2214758  -0.2960111  -0.4588991  -4.5413358  -1.9775793
   0.0005427   0.0006082  -0.0001136   0.0001683   0.0006962  -0.0002597
  -0.0001541   0.0008360  -0.0004969   0.0003619   0.0008405  -0.0005124
  -0.0001704   0.0004266   0.0002133  -0.0007563   0.0004364   0.0003095
   0.0001869   0.0001968   0.0004779   0.0006211   0.0001729   0.0003367
   0.0000269   0.0000100   0.0008323   0.0002355   0.0000435   0.0010485
  -0.0002586  -0.0001109   0.0007988  -0.0003379  -0.0002609   0.0010744
  -0.0004975  -0.0001454   0.0006018  -0.0001360  -0.0000172   0.0007050
  -0.0000653  -0.0000451   0.0010757   0.0003552   0.0004067   0.0002621
  -0.0005257  -0.0005359   0.0021050  -0.0008850  -0.0009271   0.0028468
  -0.0007181  -0.0007556   0.0024863  -0.0007721  -0.0011449   0.0018743
  -0.0004534  -0.0001068   0.0027446  -0.0010774  -0.0011871   0.0031267
