default_name                                                                    
   22  0.5410000E+03
  -3.3298870   2.5745419   3.6829540  -2.9475276   2.1575392   2.7521297
  -2.6182432   2.9654878   2.0997181  -3.7349086   1.5892017   2.2587405
  -1.7831136   1.2420574   3.0562583  -0.6721537   1.4750898   2.5826708
  -2.0392493   0.1967606   3.8431008  -2.9791580   0.0918130   4.1963325
  -1.0332693  -0.7840657   4.2722977  -0.1612899  -0.2426260   4.6435473
  -1.6297458  -1.5815482   5.4404023  -1.9230026  -0.9033681   6.2431363
  -0.8852381  -2.2788183   5.8271199  -2.5023509  -2.1442707   5.1048345
  -0.5402078  -1.7291049   3.1478990   0.5201711  -2.3486282   3.2844704
  -1.2900554  -1.8478729   2.0418422  -2.1444975  -1.3095788   2.0069429
  -0.9653399  -2.6920161   0.8912599  -0.0179686  -2.3754250   0.4501653
  -0.8789033  -3.7347476   1.2036591  -1.7494645  -2.6142048   0.1357482
  -0.0000774  -0.0000519  -0.0000275  -0.0000313  -0.0000268  -0.0000197
  -0.0000393  -0.0000070   0.0000006   0.0000058  -0.0000496  -0.0000526
  -0.0000079   0.0000119   0.0000077  -0.0000008   0.0000572   0.0000467
   0.0000031  -0.0000074  -0.0000146  -0.0000040  -0.0000425  -0.0000439
   0.0000161   0.0000054  -0.0000149   0.0000251   0.0000170  -0.0000530
   0.0000496   0.0000383   0.0000248   0.0000656   0.0000620   0.0000106
   0.0000628   0.0000547   0.0000288   0.0000445   0.0000231   0.0000637
  -0.0000087  -0.0000237  -0.0000025  -0.0000559  -0.0000970   0.0000322
   0.0000216   0.0000276  -0.0000287   0.0000587   0.0000843  -0.0000576
   0.0000046   0.0000077  -0.0000190   0.0000308  -0.0000420   0.0000017
  -0.0000558   0.0000041  -0.0000143   0.0000258   0.0000456  -0.0000370
