default_name                                                                    
   22  0.5410000E+03
  -0.8815346  -2.7004676   5.9577439  -1.2102064  -1.9453499   5.2447970
  -1.3053531  -0.9849299   5.7501631  -2.1742032  -2.2346910   4.8283939
  -0.1947280  -1.8355387   4.1297904   0.3755561  -0.7671686   3.9147748
   0.0270892  -2.9403546   3.4173912  -0.4774098  -3.7762440   3.6742706
   0.9925259  -3.0350256   2.3141629   1.9387700  -2.6042297   2.6463890
   1.2242417  -4.5246801   2.0253998   0.2987346  -4.9896384   1.6819479
   1.5697011  -5.0298053   2.9286245   1.9849597  -4.6346499   1.2512938
   0.5710938  -2.2786667   1.0294258   1.4189167  -1.9891445   0.1784220
  -0.7218917  -1.9550772   0.8769904  -1.3535160  -2.2285317   1.6168191
  -1.2815370  -1.2423665  -0.2722570  -2.3611978  -1.1312083  -0.1552675
  -0.8315552  -0.2507683  -0.3530988  -1.0818365  -1.7972083  -1.1913042
  -0.0000048  -0.0000285  -0.0000123  -0.0000281  -0.0000436  -0.0000176
  -0.0000673  -0.0000450  -0.0000224  -0.0000147  -0.0000817  -0.0000223
  -0.0000253  -0.0000111  -0.0000119  -0.0000701   0.0000105  -0.0000219
   0.0000164  -0.0000099  -0.0000010   0.0000458  -0.0000252   0.0000073
   0.0000214   0.0000085   0.0000017   0.0000025   0.0000502   0.0000017
   0.0000879   0.0000143   0.0000247   0.0001115  -0.0000293   0.0000209
   0.0000997   0.0000416   0.0000355   0.0001017   0.0000357   0.0000351
   0.0000061  -0.0000182  -0.0000099  -0.0000128  -0.0000949  -0.0000551
   0.0000192   0.0000546   0.0000329   0.0000337   0.0001176   0.0000683
   0.0000136   0.0000451   0.0000302   0.0000303   0.0001452   0.0000887
   0.0000953   0.0000018  -0.0000466  -0.0000889  -0.0000191   0.0000467
