default_name                                                                    
   22  0.5410000E+03
   6.0721478   6.4516240   4.5093403   5.0071291   6.2601415   4.3833095
   4.5297602   6.2103423   5.3610580   4.8676288   5.3139822   3.8616272
   4.3887405   7.3829262   3.5784203   3.8728025   7.1486919   2.4872772
   4.4629563   8.6024698   4.1146572   4.8920156   8.6821319   5.0248290
   4.0296892   9.8461791   3.4631273   2.9482660   9.8024714   3.3241518
   4.3461429  11.0072064   4.4157458   3.9955851  11.9436793   3.9796349
   5.4223362  11.0761247   4.5837035   3.8411303  10.8544803   5.3705357
   4.6692716  10.0944371   2.0724331   3.9863434  10.5475778   1.1482154
   5.9673549   9.7965468   1.9087594   6.4603234   9.4365989   2.7144225
   6.7023313   9.8884738   0.6446558   7.7381175   9.5748018   0.7884410
   6.2404974   9.2418016  -0.1044559   6.6927141  10.9167888   0.2778501
  -0.0019983   0.0004777   0.0005353  -0.0019145   0.0003808  -0.0000278
  -0.0023818   0.0000876  -0.0002709  -0.0015477   0.0004892  -0.0003224
  -0.0016548   0.0005031  -0.0000609  -0.0009986   0.0007200  -0.0004166
  -0.0021357   0.0003651   0.0003224  -0.0026617   0.0001462   0.0005893
  -0.0018427   0.0005349   0.0004451  -0.0018039   0.0006440   0.0001122
  -0.0020429   0.0003048   0.0007962  -0.0018340   0.0004278   0.0008924
  -0.0020891   0.0001848   0.0011435  -0.0023458   0.0001386   0.0006093
  -0.0014078   0.0008158   0.0006915  -0.0011899   0.0007311   0.0004893
  -0.0012744   0.0011579   0.0011266  -0.0014704   0.0012148   0.0012722
  -0.0008492   0.0014253   0.0013927  -0.0008723   0.0014875   0.0016964
  -0.0005371   0.0015077   0.0011290  -0.0008099   0.0014841   0.0015570
