default_name                                                                    
   22  0.5410000E+03
   2.4128979   0.9825913   3.1303778   1.4302811   0.7146959   2.7441554
   1.0125876   1.5583954   2.1957055   0.7712851   0.4584132   3.5726942
   1.5609361  -0.4765219   1.8221456   1.2220027  -0.3766545   0.6452376
   2.0604395  -1.5915447   2.3598358   2.3035521  -1.5374746   3.3384910
   2.2913198  -2.8964891   1.7089588   2.7792020  -3.5175335   2.4620080
   0.9372641  -3.5626600   1.4232778   1.0958727  -4.5890615   1.0902283
   0.4056565  -3.0161674   0.6436821   0.3316293  -3.5785861   2.3303999
   3.2536578  -2.9352149   0.4889870   3.7027741  -4.0202126   0.1048031
   3.6146414  -1.7894458  -0.1036153   3.1474967  -0.9490539   0.2121069
   4.6288068  -1.6561214  -1.1506577   5.5521482  -2.1534559  -0.8457815
   4.2720161  -2.1092210  -2.0774849   4.8426993  -0.6009962  -1.3315149
   0.0002958  -0.0009433   0.0004785   0.0001906  -0.0005939   0.0005040
   0.0003406  -0.0003373   0.0007849   0.0002120  -0.0006662   0.0004988
  -0.0001918  -0.0003649   0.0001526  -0.0002538   0.0000726   0.0002071
  -0.0004774  -0.0006534  -0.0001775  -0.0004100  -0.0009405  -0.0001792
  -0.0007888  -0.0005795  -0.0004461  -0.0010836  -0.0009107  -0.0005276
  -0.0009510  -0.0000954  -0.0007850  -0.0012023  -0.0000427  -0.0010685
  -0.0007098   0.0002811  -0.0006857  -0.0010528  -0.0001834  -0.0008542
  -0.0006942  -0.0006159  -0.0003613   0.0004335  -0.0004924   0.0006088
  -0.0018338  -0.0007614  -0.0013252  -0.0027997  -0.0009789  -0.0021224
  -0.0019111  -0.0006147  -0.0013801  -0.0016010   0.0001023  -0.0011493
  -0.0016243  -0.0012594  -0.0011750  -0.0025665  -0.0005638  -0.0018569
