default_name                                                                    
   22  0.5410000E+03
  -0.8579064   5.2426663  -5.5810203  -0.1749725   4.5199295  -6.0256043
   0.8459626   4.7523342  -5.7242991  -0.2519953   4.5669810  -7.1111524
  -0.5415792   3.1283324  -5.5566627   0.2841677   2.4668535  -4.9317783
  -1.7751659   2.7171391  -5.8637160  -2.3373843   3.3890670  -6.3644874
  -2.4229081   1.4151034  -5.6223264  -3.2164802   1.5914013  -4.8943300
  -3.1121767   0.9861897  -6.9278358  -3.6383180   0.0430146  -6.7736884
  -2.3770309   0.8604932  -7.7241739  -3.8363657   1.7436207  -7.2313861
  -1.5509138   0.2794252  -5.0243977  -1.7199753  -0.0765700  -3.8534315
  -0.6408234  -0.3058751  -5.8174069  -0.5585558   0.0498041  -6.7596673
   0.2603847  -1.3869398  -5.4180198   0.9041117  -1.6661340  -6.2543301
   0.8865925  -1.0622702  -4.5845445  -0.3162320  -2.2610388  -5.1090071
  -0.0009579  -0.0003562   0.0002079  -0.0009419  -0.0003559   0.0002320
  -0.0009339  -0.0002501   0.0001236  -0.0010325  -0.0004804   0.0002330
  -0.0008039  -0.0003307   0.0004140  -0.0007139  -0.0001940   0.0004398
  -0.0007871  -0.0004682   0.0005302  -0.0008758  -0.0005696   0.0004936
  -0.0006509  -0.0005058   0.0006925  -0.0006230  -0.0005101   0.0007242
  -0.0006928  -0.0006928   0.0007764  -0.0005978  -0.0007258   0.0008989
  -0.0007309  -0.0007012   0.0007426  -0.0007803  -0.0007873   0.0007493
  -0.0005067  -0.0003643   0.0007524  -0.0003670  -0.0002306   0.0008137
  -0.0005367  -0.0003909   0.0007373  -0.0006600  -0.0005029   0.0006842
  -0.0004049  -0.0002634   0.0007828  -0.0004697  -0.0003173   0.0007509
  -0.0003441  -0.0001027   0.0006745  -0.0002990  -0.0002718   0.0009564
