default_name                                                                    
   22  0.5410000E+03
  -5.7235526  -2.7459441  -1.5717691  -4.8870019  -3.4374670  -1.4780086
  -4.3020325  -3.4276502  -2.3968282  -5.2649511  -4.4433873  -1.2996262
  -4.0082663  -3.0205543  -0.3195903  -4.2872440  -2.0210981   0.3406714
  -2.9421008  -3.7852874  -0.0816440  -2.8023126  -4.5948517  -0.6683622
  -1.9737706  -3.5458007   0.9962659  -2.5255929  -3.3822293   1.9236844
  -1.1321018  -4.8175221   1.1631345  -1.7819469  -5.6697614   1.3671115
  -0.4442008  -4.6943288   2.0008045  -0.5564616  -5.0093611   0.2562503
  -1.0712857  -2.3062364   0.7765088  -0.5078597  -1.7755022   1.7398284
  -0.9283009  -1.8355550  -0.4717637  -1.4174434  -2.3264760  -1.2071638
  -0.1515657  -0.6496296  -0.8380870   0.9032609  -0.8052252  -0.6029390
  -0.2497043  -0.4519401  -1.9071921  -0.5120374   0.2204020  -0.2851426
   0.0000673   0.0003294   0.0005905  -0.0000968   0.0001186   0.0004983
  -0.0001871  -0.0000171   0.0004392  -0.0003307   0.0002112   0.0005241
   0.0001299  -0.0001120   0.0004107   0.0005159   0.0000212   0.0003728
  -0.0000949  -0.0004479   0.0003488  -0.0004242  -0.0005372   0.0003941
   0.0001613  -0.0006106   0.0001495   0.0003849  -0.0006568   0.0002906
   0.0001475  -0.0006576  -0.0001553   0.0001621  -0.0006440  -0.0000523
   0.0003619  -0.0007409  -0.0003188  -0.0000863  -0.0006193  -0.0003119
   0.0001596  -0.0006412   0.0000043  -0.0002613  -0.0002081   0.0000108
   0.0005521  -0.0011002  -0.0001250   0.0009122  -0.0014614  -0.0001244
   0.0003484  -0.0010023  -0.0002470   0.0003434  -0.0007080  -0.0000317
   0.0004820  -0.0012474  -0.0003045   0.0000531  -0.0009667  -0.0004943
