default_name                                                                    
   22  0.5410000E+03
   2.2261467   0.8006119   0.5094472   1.1735586   0.5858995   0.6909242
   1.0045948   0.4772346   1.7614407   0.8982677  -0.3376093   0.1832904
   0.3247272   1.7206093   0.1620417   0.8664382   2.6832532  -0.3781382
  -0.9939566   1.6015438   0.3348508  -1.2986083   0.7646969   0.8104958
  -2.0661302   2.5012779  -0.1291283  -3.0024130   2.0228735   0.1635375
  -2.0119593   3.8224899   0.6513405  -2.8841588   4.4283224   0.4025158
  -1.1105323   4.3799539   0.3954150  -2.0179902   3.6205039   1.7232552
  -2.1790402   2.7033859  -1.6623576  -3.2457921   2.4546237  -2.2340838
  -1.1090360   3.1390869  -2.3382766  -0.2654524   3.2947120  -1.7956030
  -1.0249477   3.2767802  -3.7930385  -1.6444589   4.1112990  -4.1267224
   0.0089109   3.4610805  -4.0909241  -1.3715220   2.3619768  -4.2787475
  -0.0008201  -0.0003145   0.0000404  -0.0008678   0.0000128   0.0001507
  -0.0007913   0.0000832   0.0001699  -0.0012050   0.0000894   0.0001948
  -0.0005726   0.0002660   0.0002140  -0.0003389   0.0000486   0.0000582
  -0.0005821   0.0007458   0.0004599  -0.0008212   0.0008983   0.0005742
  -0.0002824   0.0011016   0.0004884  -0.0004350   0.0014397   0.0005531
   0.0001717   0.0011256   0.0004217   0.0003955   0.0014253   0.0003671
   0.0003816   0.0007920   0.0004359   0.0000662   0.0011760   0.0004306
  -0.0002402   0.0009629   0.0004727   0.0001250  -0.0001654   0.0002808
  -0.0005808   0.0021478   0.0006941  -0.0007753   0.0027423   0.0008254
  -0.0004608   0.0022322   0.0007081  -0.0011577   0.0016735   0.0006055
  -0.0005765   0.0031614   0.0008821   0.0004473   0.0019208   0.0006458
