default_name                                                                    
   22  0.5410000E+03
  -0.6556053  -6.5861104   1.9481820  -1.3868087  -5.9789682   1.4159653
  -2.3474788  -6.0360327   1.9265742  -1.4934365  -6.3497496   0.3973352
  -0.9130148  -4.5430938   1.3799623  -1.6023962  -3.6522020   1.8742545
   0.2611844  -4.3222871   0.7869763   0.7628775  -5.1182743   0.4210998
   0.8918522  -3.0006752   0.6691918   0.8456670  -2.5135515   1.6449428
   2.3701945  -3.2079919   0.3185459   2.4615681  -3.6854845  -0.6581605
   2.8471174  -3.8334208   1.0745767   2.8790657  -2.2433866   0.2918113
   0.2007101  -2.0505931  -0.3412514   0.4083927  -0.8336003  -0.2873939
  -0.6183769  -2.5844378  -1.2598046  -0.7353305  -3.5879359  -1.2408928
  -1.3680844  -1.8283618  -2.2647837  -1.9979688  -2.5024097  -2.8485051
  -2.0040111  -1.0855598  -1.7786347  -0.6789651  -1.3165078  -2.9395267
  -0.0000971   0.0001122   0.0003396   0.0001424   0.0002202   0.0001347
   0.0000692   0.0006164   0.0000412   0.0001404   0.0000433   0.0001994
   0.0005722   0.0000701  -0.0001117   0.0007878   0.0003808  -0.0003738
   0.0006749  -0.0003666  -0.0000672   0.0005026  -0.0005709   0.0001408
   0.0010208  -0.0005504  -0.0002457   0.0015569  -0.0005755  -0.0002081
   0.0008209  -0.0009876  -0.0008689   0.0002770  -0.0010247  -0.0009024
   0.0009611  -0.0011186  -0.0010648   0.0010873  -0.0011344  -0.0010952
   0.0008882  -0.0003553   0.0000385   0.0004292  -0.0003059   0.0006515
   0.0011727  -0.0002525  -0.0002771   0.0015893  -0.0003114  -0.0007696
   0.0008514  -0.0000640   0.0001138   0.0009270  -0.0000009  -0.0000402
   0.0007406  -0.0004031   0.0004874   0.0006282   0.0003567   0.0002059
