default_name                                                                    
   22  0.5410000E+03
  -1.4696892   1.5902502  -1.1755883  -0.3851206   1.6006966  -1.0750865
  -0.1169035   1.8764569  -0.0558298   0.0365940   2.3254447  -1.7704595
   0.1629652   0.2272082  -1.3928035   0.8175763  -0.3831173  -0.5498099
  -0.1172634  -0.2503437  -2.6083891  -0.6674611   0.3456431  -3.2101868
   0.3448027  -1.5245691  -3.1890361  -0.1158774  -1.5829695  -4.1763050
   1.8638199  -1.4551735  -3.4306532   2.1845821  -2.3139308  -4.0213919
   2.3980699  -1.4626246  -2.4800711   2.1131631  -0.5442911  -3.9764261
  -0.1222624  -2.8156145  -2.4650182   0.3801050  -3.9082781  -2.7509523
  -1.0808843  -2.7098457  -1.5338760  -1.4366474  -1.7830697  -1.3468196
  -1.6350704  -3.8221024  -0.7612122  -2.4119391  -3.4586560  -0.0858795
  -2.0706672  -4.5648214  -1.4327010  -0.8485017  -4.2966919  -0.1710094
  -0.0001543  -0.0004402   0.0006354  -0.0001181  -0.0004319   0.0002362
   0.0002590  -0.0005620   0.0001724  -0.0003878  -0.0003283   0.0001803
  -0.0002072  -0.0003797  -0.0001494   0.0000041  -0.0005320  -0.0004235
  -0.0003340  -0.0001027  -0.0002175  -0.0003512   0.0000351  -0.0000657
  -0.0006314  -0.0001362  -0.0003597  -0.0009962  -0.0000969  -0.0001918
  -0.0007256  -0.0001842  -0.0009265  -0.0009832  -0.0001607  -0.0011002
  -0.0003752  -0.0002549  -0.0011239  -0.0008945  -0.0001624  -0.0009679
  -0.0004180  -0.0001666  -0.0002433  -0.0002697  -0.0001048  -0.0002119
  -0.0006312  -0.0003227  -0.0004368  -0.0009788  -0.0004141  -0.0006378
  -0.0000333  -0.0003466  -0.0000325   0.0001287  -0.0004528   0.0002104
  -0.0000674  -0.0005994   0.0002705   0.0003327  -0.0000101  -0.0002468
