default_name                                                                    
   22  0.5410000E+03
  -3.6800000   1.0930000   0.7110000  -2.7510000   1.2250000   1.2650000
  -2.9150000   0.9670000   2.3110000  -2.4340000   2.2650000   1.1970000
  -1.6720000   0.3260000   0.6870000  -1.9230000  -0.3990000  -0.2760000
  -0.4680000   0.3950000   1.2690000  -0.3800000   1.0380000   2.0440000
   0.7190000  -0.4240000   0.9560000   1.5040000  -0.1140000   1.6490000
   0.4160000  -1.9040000   1.2610000   1.3360000  -2.4880000   1.2070000
  -0.2940000  -2.3060000   0.5370000   0.0010000  -2.0010000   2.2650000
   1.3270000  -0.2040000  -0.4550000   2.2300000  -0.9420000  -0.8610000
   0.8600000   0.8060000  -1.2000000   0.1130000   1.3590000  -0.8080000
   1.3300000   1.1460000  -2.5390000   2.3940000   1.3890000  -2.5100000
   1.1740000   0.3030000  -3.2140000   0.7790000   2.0090000  -2.9160000
   0.0000000   0.0000000   0.0000000   0.0000000   0.0000000   0.0000000
   0.0000000   0.0000000   0.0000000   0.0000000   0.0000000   0.0000000
   0.0000000   0.0000000   0.0000000   0.0000000   0.0000000   0.0000000
   0.0000000   0.0000000   0.0000000   0.0000000   0.0000000   0.0000000
   0.0000000   0.0000000   0.0000000   0.0000000   0.0000000   0.0000000
   0.0000000   0.0000000   0.0000000   0.0000000   0.0000000   0.0000000
   0.0000000   0.0000000   0.0000000   0.0000000   0.0000000   0.0000000
   0.0000000   0.0000000   0.0000000   0.0000000   0.0000000   0.0000000
   0.0000000   0.0000000   0.0000000   0.0000000   0.0000000   0.0000000
   0.0000000   0.0000000   0.0000000   0.0000000   0.0000000   0.0000000
   0.0000000   0.0000000   0.0000000   0.0000000   0.0000000   0.0000000
