default_name                                                                    
   22  0.5410000E+03
  -3.1885911   1.3261785   2.2548666  -4.0091363   0.6688425   1.9703290
  -4.9360847   1.0319818   2.4128234  -3.8074036  -0.3403402   2.3269369
  -4.1374935   0.6521130   0.4630786  -5.1823252   1.0308026  -0.0632258
  -3.0799018   0.2008886  -0.2148116  -2.2915285  -0.0970966   0.3409476
  -2.8965753   0.1591588  -1.6748989  -1.8706857  -0.1763359  -1.8366306
  -3.7873030  -0.9305236  -2.2907789  -3.5631151  -1.0268652  -3.3538778
  -4.8412203  -0.6777250  -2.1721559  -3.5922684  -1.8860715  -1.8021953
  -2.9868375   1.5286472  -2.3947629  -1.9618894   2.0581042  -2.8377605
  -4.1882557   2.1053606  -2.5247959  -4.9637550   1.6351583  -2.0719890
  -4.4336190   3.4228381  -3.1129150  -4.2281827   3.3988951  -4.1847822
  -5.4744767   3.7127448  -2.9576697  -3.7882374   4.1694946  -2.6451885
   0.0007074  -0.0007424  -0.0006831   0.0004533  -0.0004821  -0.0005512
   0.0006454  -0.0002125  -0.0003701   0.0002094  -0.0005543  -0.0006176
   0.0001725  -0.0003958  -0.0005292   0.0002354   0.0000453  -0.0003345
  -0.0001421  -0.0008162  -0.0007371  -0.0001390  -0.0011480  -0.0009202
  -0.0005274  -0.0008361  -0.0007760  -0.0006288  -0.0010150  -0.0010480
  -0.0008626  -0.0006777  -0.0005829  -0.0012211  -0.0006178  -0.0006642
  -0.0007964  -0.0005798  -0.0002043  -0.0008101  -0.0007403  -0.0007259
  -0.0004121  -0.0007568  -0.0006375  -0.0002315  -0.0003278   0.0002913
  -0.0005195  -0.0011787  -0.0015659  -0.0007237  -0.0014927  -0.0022680
  -0.0004857  -0.0011770  -0.0015793   0.0001927  -0.0010085  -0.0014530
  -0.0006556  -0.0014549  -0.0021990  -0.0009693  -0.0010626  -0.0010942
