default_name                                                                    
   22  0.5410000E+03
   1.8217057   7.1260952  -2.4645509   1.9876450   6.0642241  -2.6415188
   2.7060612   5.9383253  -3.4507593   1.0455255   5.5905058  -2.9146256
   2.5229606   5.4230359  -1.3801192   3.6044907   4.8377202  -1.3954852
   1.7572658   5.5266471  -0.2927745   0.8937017   6.0428958  -0.3747676
   2.0706175   4.9234807   1.0092239   3.0403410   5.2983294   1.3410617
   1.0047224   5.3888879   2.0099776   0.9921445   6.4784916   2.0611687
   1.2359584   4.9941131   3.0003113   0.0198445   5.0296314   1.7066913
   2.1517453   3.3768478   0.9795796   2.9483141   2.7831768   1.7140557
   1.3437688   2.7185134   0.1344805   0.7151121   3.2758331  -0.4273433
   1.3491523   1.2693458  -0.0794971   0.6765667   1.0081329  -0.8988019
   2.3564550   0.9308600  -0.3315755   1.0199689   0.7552497   0.8256600
   0.0011713   0.0005917   0.0005410   0.0006500   0.0004925   0.0006472
   0.0004919   0.0000598   0.0005742   0.0003933   0.0009041   0.0008180
   0.0005006   0.0003847   0.0006581   0.0001588  -0.0002426   0.0005607
   0.0007361   0.0009901   0.0007680   0.0010215   0.0014737   0.0008096
   0.0005247   0.0009760   0.0008145   0.0006157   0.0007276   0.0008276
   0.0006068   0.0013258   0.0007421   0.0009051   0.0013317   0.0006856
   0.0004504   0.0013114   0.0007728   0.0005194   0.0015849   0.0007171
   0.0000793   0.0009488   0.0009262   0.0001978   0.0007906   0.0006692
  -0.0004340   0.0010989   0.0013002  -0.0005064   0.0012230   0.0015037
  -0.0008541   0.0010868   0.0013602  -0.0013867   0.0011862   0.0017657
  -0.0010694   0.0008758   0.0007830  -0.0004246   0.0011893   0.0015746
