default_name                                                                    
   22  0.5410000E+03
  -2.3995534  -0.0733192  -1.1790848  -2.7806217  -0.3874371  -0.2082463
  -3.2223652  -1.3792960  -0.2955324  -3.5370249   0.3189433   0.1319457
  -1.6427287  -0.4333210   0.7865480  -1.6736202   0.2692764   1.7955911
  -0.6353287  -1.2576797   0.4986723  -0.7017478  -1.8055635  -0.3466953
   0.5418371  -1.4598470   1.3541551   0.1993001  -1.6185729   2.3782664
   1.2432265  -2.7420338   0.8847650   0.5475326  -3.5816869   0.9209681
   2.0875286  -2.9599923   1.5402521   1.6089510  -2.6184912  -0.1358497
   1.5269217  -0.2640590   1.3827212   2.3674069  -0.1796665   2.2845905
   1.4374218   0.6586878   0.4130279   0.7252269   0.5179900  -0.2898099
   2.2872173   1.8447492   0.2985099   2.1536511   2.4865718   1.1717302
   3.3365639   1.5496548   0.2338837   2.0241745   2.4095739  -0.5978637
   0.0000660   0.0000415  -0.0000077   0.0000379   0.0000456  -0.0000173
   0.0000086   0.0000602  -0.0000333   0.0000540   0.0000672  -0.0000263
   0.0000181   0.0000035   0.0000030   0.0000252   0.0000043   0.0000027
  -0.0000016  -0.0000255   0.0000166  -0.0000069  -0.0000294   0.0000196
   0.0000026  -0.0000198   0.0000121   0.0000086  -0.0000268   0.0000130
   0.0000169  -0.0000090   0.0000037   0.0000284  -0.0000184   0.0000051
   0.0000238   0.0000005  -0.0000020   0.0000094  -0.0000009   0.0000020
  -0.0000142  -0.0000058   0.0000072  -0.0000299   0.0000236   0.0000189
  -0.0000170  -0.0000235  -0.0000097  -0.0000022  -0.0000509  -0.0000191
  -0.0000451  -0.0000045  -0.0000145   0.0000792  -0.0000936   0.0000702
  -0.0000528   0.0000096  -0.0002000  -0.0001839   0.0000847   0.0000824
