default_name                                                                    
   22  0.5410000E+03
  -2.4869328  -1.0175285  -3.3502746  -2.2475374   0.0336840  -3.1945842
  -3.0845146   0.5281776  -2.7028421  -2.0574109   0.5088418  -4.1560317
  -1.0129880   0.1411730  -2.3285070  -1.0649753   0.7198878  -1.2445031
   0.0994697  -0.4168930  -2.8054092   0.0461792  -0.8802506  -3.7008250
   1.3799971  -0.4683719  -2.0856140   1.1808425  -0.7465548  -1.0491507
   2.2209381  -1.5854817  -2.7210023   1.6738668  -2.5288514  -2.6869590
   3.1540891  -1.7039850  -2.1686054   2.4516873  -1.3383538  -3.7584844
   2.1606808   0.8704692  -2.0539086   3.1317727   0.9998441  -1.3008495
   1.7580427   1.8631051  -2.8611132   0.9561818   1.6793172  -3.4478010
   2.3965696   3.1752333  -2.9677730   2.3879436   3.6762604  -1.9976566
   3.4310932   3.0624849  -3.2985359   1.8612403   3.7950082  -3.6895927
   0.0000985   0.0003662  -0.0004984   0.0000354   0.0003669  -0.0004052
  -0.0000589   0.0003091  -0.0005076   0.0001657   0.0004252  -0.0003506
  -0.0001020   0.0003659  -0.0002090  -0.0002903   0.0003045  -0.0001854
  -0.0000092   0.0004310  -0.0000676   0.0001439   0.0004849  -0.0001047
  -0.0001234   0.0004039   0.0001343  -0.0002966   0.0004322   0.0001087
  -0.0000685   0.0003549   0.0002922  -0.0001133   0.0003784   0.0002265
  -0.0001607   0.0003267   0.0004417   0.0001051   0.0003223   0.0003231
  -0.0000790   0.0003765   0.0002374  -0.0000874   0.0002929   0.0002633
  -0.0000269   0.0004441   0.0002947  -0.0000269   0.0005148   0.0002727
   0.0000338   0.0004215   0.0003820  -0.0000577   0.0004105   0.0003868
   0.0000672   0.0003873   0.0004979   0.0001390   0.0004491   0.0003276
