default_name                                                                    
   22  0.5410000E+03
  -6.4687918  -4.4475451   4.8043061  -6.1150635  -4.6522710   3.7946477
  -6.7582084  -4.1472478   3.0750534  -6.1384044  -5.7261550   3.6122462
  -4.6991871  -4.1419511   3.6483093  -3.7926375  -4.9225904   3.3652769
  -4.5186553  -2.8321067   3.8323504  -5.3395416  -2.2917821   4.0653888
  -3.2446422  -2.0944425   3.7503831  -3.5113897  -1.0399695   3.8373108
  -2.3888576  -2.4191299   4.9856666  -2.0361131  -3.4497927   4.9380476
  -2.9784643  -2.2813789   5.8929856  -1.5277840  -1.7510055   5.0254972
  -2.4718402  -2.1866960   2.4042340  -1.3285295  -1.7264890   2.3124434
  -3.0843485  -2.7407285   1.3475337  -4.0122307  -3.1097085   1.4989138
  -2.5407422  -2.8043185  -0.0098775  -2.2702583  -1.8034838  -0.3531617
  -1.6514029  -3.4371976  -0.0279683  -3.2847268  -3.2201103  -0.6920906
  -0.0000702   0.0006191   0.0003040  -0.0000748   0.0004421   0.0003377
   0.0001510   0.0006387   0.0002729  -0.0004472   0.0004428   0.0003858
   0.0001166  -0.0000647   0.0004097  -0.0001078  -0.0004029   0.0006320
   0.0004809  -0.0000906   0.0002274   0.0005975   0.0001672   0.0000392
   0.0006726  -0.0004146   0.0003069   0.0009551  -0.0003488   0.0003701
   0.0005624  -0.0007353   0.0003080   0.0002929  -0.0008250   0.0002444
   0.0005832  -0.0006439   0.0003074   0.0007442  -0.0009734   0.0003737
   0.0007397  -0.0005376   0.0003605   0.0006159  -0.0002323   0.0003173
   0.0009492  -0.0009278   0.0004461   0.0010576  -0.0011875   0.0004725
   0.0012028  -0.0013636   0.0005678   0.0009863  -0.0014361   0.0001878
   0.0013825  -0.0011250   0.0009913   0.0014370  -0.0018650   0.0006187
