default_name                                                                    
   22  0.5410000E+03
   5.1796809   2.0692876   3.5157390   4.2016158   2.0007544   3.9902900
   3.6216891   2.8930259   3.7576983   4.3265630   1.9190910   5.0695152
   3.4771718   0.7805224   3.4682546   3.1241069  -0.1019283   4.2469684
   3.2517029   0.7436137   2.1532194   3.5918313   1.5327297   1.6225662
   2.5746850  -0.3156392   1.3798476   2.5025929   0.0683591   0.3609773
   3.4870554  -1.5489343   1.3031909   4.4795787  -1.2561894   0.9581987
   3.0719775  -2.2715197   0.5995452   3.5693074  -2.0171241   2.2844991
   1.1079220  -0.6583943   1.7662872   0.4671494  -1.4656508   1.0847470
   0.5463517  -0.0421823   2.8155053   1.1440441   0.5645063   3.3591423
  -0.8584011  -0.1463999   3.2143144  -1.5083760   0.0231099   2.3531469
  -1.0595974  -1.1396156   3.6200317  -1.0867549   0.6004666   3.9771876
   0.0001243  -0.0000720  -0.0003594   0.0001316  -0.0000912  -0.0003471
  -0.0000155  -0.0002582  -0.0006216   0.0001367   0.0002556  -0.0003215
   0.0003325  -0.0003662   0.0000162   0.0003751  -0.0001300   0.0002995
   0.0004343  -0.0008317   0.0000125   0.0003673  -0.0009349  -0.0001823
   0.0006692  -0.0011235   0.0001966   0.0009109  -0.0014833   0.0000438
   0.0007482  -0.0011067   0.0008600   0.0008030  -0.0011928   0.0009434
   0.0009143  -0.0013973   0.0010598   0.0005763  -0.0007288   0.0010551
   0.0006150  -0.0011641  -0.0000712   0.0003564  -0.0001439  -0.0010371
   0.0008329  -0.0022568   0.0006806   0.0011423  -0.0033584   0.0015889
   0.0008213  -0.0023283   0.0006140   0.0008386  -0.0014791   0.0007681
   0.0006373  -0.0026307  -0.0002173   0.0009792  -0.0029238   0.0012436
