default_name                                                                    
   22  0.5410000E+03
  -6.1145371   1.1503197   0.2596755  -5.5342419   0.2295489   0.3074616
  -6.0589086  -0.5593931  -0.2299452  -5.4044945  -0.0649345   1.3481048
  -4.1771057   0.4489940  -0.3235295  -3.8879523   1.5437632  -0.8037530
  -3.3504886  -0.5973576  -0.3286250  -3.6696007  -1.4521844   0.1033204
  -1.9987793  -0.5830591  -0.9021770  -1.4631785   0.2799178  -0.5025534
  -1.2774053  -1.8526605  -0.4314287  -1.2649457  -1.8912701   0.6587876
  -0.2481630  -1.8443774  -0.7928546  -1.7826371  -2.7385690  -0.8195731
  -1.9690766  -0.4700725  -2.4463421  -0.9715995  -0.0093259  -3.0117440
  -3.0466396  -0.8778322  -3.1340390  -3.8207660  -1.2475525  -2.5999948
  -3.1975719  -0.7861135  -4.5876084  -3.1004812   0.2529370  -4.9094606
  -2.4285859  -1.3823716  -5.0829213  -4.1795906  -1.1567689  -4.8874889
   0.0005325   0.0002637  -0.0000373   0.0004975   0.0002528   0.0001790
   0.0004752   0.0001513   0.0003493   0.0004693   0.0004829   0.0002475
   0.0005151   0.0000562   0.0001431   0.0005076  -0.0001044  -0.0002277
   0.0005209   0.0000563   0.0005209   0.0005200   0.0002112   0.0008260
   0.0004598  -0.0001995   0.0003764   0.0006183  -0.0002137   0.0001941
   0.0003453  -0.0002356   0.0004457   0.0004765  -0.0000999   0.0004488
   0.0002999  -0.0004164   0.0003124   0.0001791  -0.0002177   0.0006206
   0.0002634  -0.0004294   0.0003586  -0.0000149  -0.0000356   0.0001897
   0.0003798  -0.0010313   0.0005313   0.0006184  -0.0013497   0.0006576
   0.0001129  -0.0010981   0.0005512  -0.0001111  -0.0010910   0.0005041
   0.0001245  -0.0009855   0.0004345   0.0001195  -0.0012596   0.0007294
