default_name                                                                    
   22  0.5410000E+03
  -1.2112669  -2.7356924   4.0834840  -0.4022918  -3.4317320   4.3029032
  -0.7236128  -4.4456740   4.0669735  -0.1453741  -3.3696172   5.3594624
   0.8123954  -3.0837750   3.4674952   0.7605617  -2.1486584   2.6712907
   1.8855950  -3.8596886   3.6359102   1.8119079  -4.5850749   4.3337915
   3.1267464  -3.8289470   2.8473035   3.7075748  -2.9647221   3.1732449
   3.9255862  -5.0925034   3.1964080   3.3683128  -5.9853103   2.9075708
   4.1238576  -5.1240425   4.2687490   4.8779097  -5.0816620   2.6645809
   2.9391509  -3.6987420   1.3110279   3.5794485  -2.8515637   0.6808071
   2.0712765  -4.5195720   0.7004060   1.5875453  -5.1883938   1.2840004
   1.7293647  -4.4895471  -0.7233396   2.6271640  -4.6286516  -1.3288513
   1.0203450  -5.2865239  -0.9560044   1.2754655  -3.5297080  -0.9784792
   0.0023937   0.0014718   0.0005634   0.0024542   0.0015873   0.0007070
   0.0024686   0.0014889   0.0011092   0.0025868   0.0019745   0.0006519
   0.0023308   0.0013422   0.0004225   0.0021691   0.0010358   0.0000736
   0.0023919   0.0014594   0.0005798   0.0025080   0.0017485   0.0008923
   0.0022547   0.0010785   0.0003431   0.0024568   0.0010503   0.0000575
   0.0021037   0.0010232   0.0004943   0.0019052   0.0010494   0.0007960
   0.0022814   0.0012331   0.0004677   0.0020147   0.0007417   0.0003296
   0.0020319   0.0007811   0.0003415   0.0018622   0.0007263   0.0000955
   0.0020366   0.0005750   0.0006125   0.0021879   0.0006377   0.0008098
   0.0018293   0.0002515   0.0006567   0.0017223  -0.0000209   0.0005611
   0.0016927   0.0002813   0.0009700   0.0019119   0.0002421   0.0004745
