default_name                                                                    
   22  0.5410000E+03
  -4.2562149   1.4988450  -0.5308796  -3.3759944   2.1403108  -0.5470100
  -3.6209077   3.1051430  -0.1043266  -3.0507057   2.2841667  -1.5765217
  -2.2656811   1.4848294   0.2429622  -1.7833603   2.0528193   1.2215296
  -1.8571891   0.2903294  -0.1855723  -2.3204350  -0.1054704  -0.9905364
  -0.8109154  -0.5101800   0.4645662  -1.0179988  -0.5427935   1.5357295
  -0.9123799  -1.9408644  -0.0822377  -0.7028498  -1.9499614  -1.1530838
  -1.9135622  -2.3368692   0.0941814  -0.1894798  -2.5804127   0.4261107
   0.6230343   0.0507945   0.2927888   1.5243949  -0.3183375   1.0531476
   0.8469050   0.9348794  -0.6911169   0.0583082   1.1848615  -1.2713601
   2.1377129   1.5591066  -0.9846235   2.8955656   0.7919349  -1.1565173
   2.0586537   2.1821616  -1.8775181   2.4506513   2.1833388  -0.1452008
   0.0000077  -0.0000048  -0.0000046   0.0000145  -0.0000153  -0.0000456
   0.0000325   0.0000059  -0.0000819  -0.0000007  -0.0000619  -0.0000570
   0.0000202   0.0000055  -0.0000366   0.0000520   0.0000466  -0.0000762
  -0.0000058  -0.0000204   0.0000107  -0.0000299  -0.0000506   0.0000394
   0.0000001  -0.0000070   0.0000191   0.0000143   0.0000290   0.0000229
  -0.0000198  -0.0000242   0.0000668  -0.0000313  -0.0000604   0.0000649
  -0.0000216  -0.0000089   0.0000903  -0.0000209  -0.0000154   0.0000795
   0.0000038  -0.0000231  -0.0000138   0.0000391  -0.0001106  -0.0000980
  -0.0000287   0.0000574   0.0000512  -0.0000539   0.0001253   0.0001150
  -0.0000330   0.0000610   0.0000424  -0.0001276   0.0000604  -0.0003702
  -0.0001456   0.0003898   0.0002818   0.0001706  -0.0002657   0.0002098
