default_name                                                                    
   22  0.5410000E+03
  -4.1873707  -3.1646568  -1.0264309  -4.2120624  -2.3241901  -0.3338864
  -4.8009219  -2.5923607   0.5425779  -4.6620549  -1.4624989  -0.8251673
  -2.8001585  -1.9827061   0.0861902  -2.4729752  -2.0500117   1.2698889
  -1.9652159  -1.6117582  -0.8847212  -2.3218705  -1.5925681  -1.8290584
  -0.5387024  -1.3160371  -0.6887972  -0.1367478  -2.0372285   0.0251975
   0.1742870  -1.5442585  -2.0293196  -0.0121725  -2.5599912  -2.3814114
   1.2496497  -1.4123718  -1.9021863  -0.1860528  -0.8315191  -2.7726000
  -0.2399526   0.0920498  -0.1139502   0.9107417   0.3876499   0.2260272
  -1.2535821   0.9624509   0.0014335  -2.1661478   0.6442147  -0.2933499
  -1.1338757   2.3352961   0.4926912  -0.4030127   2.8847685  -0.1043185
  -2.0977043   2.8432386   0.4239540  -0.8091450   2.3329137   1.5351098
  -0.0001959   0.0006375  -0.0001417  -0.0001038   0.0004782   0.0000548
   0.0000120   0.0002774   0.0000713  -0.0001692   0.0005911   0.0003126
  -0.0000470   0.0003792  -0.0000541   0.0001257   0.0000456  -0.0001209
  -0.0001944   0.0006674  -0.0000714  -0.0003343   0.0009375  -0.0000131
  -0.0001670   0.0006189  -0.0001968  -0.0000853   0.0004742  -0.0003890
  -0.0003317   0.0008667  -0.0003254  -0.0003924   0.0009378  -0.0004985
  -0.0003140   0.0008213  -0.0004282  -0.0004081   0.0010166  -0.0001442
  -0.0000827   0.0004972   0.0000595  -0.0000134   0.0004637  -0.0001451
  -0.0000858   0.0004354   0.0004994  -0.0001449   0.0004720   0.0006432
  -0.0000226   0.0003166   0.0008200  -0.0002066   0.0005046   0.0007678
  -0.0000652   0.0002879   0.0012049   0.0002527   0.0000664   0.0007338
