default_name                                                                    
   22  0.5410000E+03
  -3.1987551   1.6384920  -0.5185465  -2.2005254   1.2202763  -0.3942497
  -1.6319908   1.3561250  -1.3133887  -2.2771264   0.1573186  -0.1689660
  -1.4912210   1.9231565   0.7419041  -2.0479497   2.8376141   1.3473626
  -0.2591290   1.4973728   1.0236490   0.1086759   0.7281721   0.4831687
   0.5952221   2.0670160   2.0735674   0.0384523   2.0652934   3.0122965
   1.8142927   1.1500374   2.2369076   2.3980994   1.1315174   1.3151326
   1.4887924   0.1375433   2.4797989   2.4437910   1.5194073   3.0477104
   1.0379334   3.5251642   1.7986609   1.2822589   4.2863395   2.7408254
   1.1363949   3.9256759   0.5219277   0.9252254   3.2418204  -0.1915510
   1.4733464   5.2838368   0.0900077   0.7572185   5.9970209   0.5037478
   2.4750267   5.5494096   0.4338439   1.4449304   5.3494582  -0.9993332
   0.0000332   0.0002699   0.0004556  -0.0001090  -0.0000380   0.0005612
  -0.0000239  -0.0003607   0.0005660  -0.0004682   0.0000202   0.0007140
   0.0000747  -0.0000994   0.0004873   0.0003982   0.0002606   0.0002400
  -0.0001285  -0.0005619   0.0006863  -0.0004135  -0.0008276   0.0008710
   0.0000727  -0.0006691   0.0005814   0.0001581  -0.0005171   0.0006319
  -0.0000702  -0.0008710   0.0005072  -0.0001655  -0.0010233   0.0004495
  -0.0002192  -0.0008014   0.0005961   0.0000756  -0.0009318   0.0004217
   0.0003268  -0.0007715   0.0004506   0.0000545  -0.0005994   0.0003819
   0.0008296  -0.0010435   0.0004040   0.0010472  -0.0011757   0.0004658
   0.0009427  -0.0011155   0.0002544   0.0008932  -0.0010318   0.0000260
   0.0008918  -0.0010906   0.0003824   0.0011236  -0.0012761   0.0002399
