default_name                                                                    
   22  0.5410000E+03
  -3.8341896   1.8581721  -2.9463812  -3.9113375   0.8605561  -2.5158064
  -4.1891419   0.1496355  -3.2929550  -4.6705008   0.8596552  -1.7345405
  -2.5809389   0.4578329  -1.9203306  -1.6353014   1.2398408  -1.9639745
  -2.5453516  -0.7604396  -1.3742170  -3.4094911  -1.2789323  -1.4286521
  -1.4494678  -1.4469965  -0.6692866  -1.8865586  -1.8802011   0.2321653
  -0.9762146  -2.6331418  -1.5253473  -1.8100940  -3.3128417  -1.7061134
  -0.1909307  -3.1778668  -0.9987439  -0.5924371  -2.2831020  -2.4845042
  -0.2816328  -0.5620821  -0.1665154  -0.2734405  -0.1553561   1.0012873
   0.7103702  -0.2830408  -1.0262635   0.6182531  -0.6339841  -1.9690449
   1.8929635   0.5157398  -0.7011128   2.4268668   0.0709282   0.1412274
   2.5639838   0.5596724  -1.5608293   1.5946995   1.5315448  -0.4337344
   0.0000832   0.0009136  -0.0007622   0.0000269   0.0008086  -0.0010150
   0.0001735   0.0009911  -0.0012343  -0.0001086   0.0006077  -0.0011469
  -0.0000684   0.0006883  -0.0008796  -0.0000883   0.0007357  -0.0004979
  -0.0001368   0.0005504  -0.0011773  -0.0001171   0.0005475  -0.0014582
  -0.0002166   0.0003530  -0.0012400  -0.0002666   0.0003508  -0.0012656
  -0.0003976   0.0003457  -0.0013318  -0.0004956   0.0004750  -0.0013668
  -0.0004667   0.0001979  -0.0013816  -0.0003613   0.0003581  -0.0013128
  -0.0000767   0.0001426  -0.0011906   0.0000376  -0.0000061  -0.0011413
  -0.0000805   0.0001213  -0.0012016  -0.0001678   0.0002430  -0.0012386
   0.0000484  -0.0000858  -0.0011629   0.0000356  -0.0002744  -0.0012545
   0.0000051  -0.0000621  -0.0011957   0.0002045  -0.0000808  -0.0010077
