default_name                                                                    
   22  0.5410000E+03
  -1.0197649   1.4946127  -0.6408594  -1.0206802   0.4059674  -0.6764756
  -0.4513610   0.0696122  -1.5420068  -2.0461505   0.0461652  -0.7537196
  -0.3849850  -0.1367650   0.5839055  -1.0373336  -0.8677204   1.3264022
   0.8779509   0.2315247   0.8133710   1.2847930   0.8428528   0.1203645
   1.7694939  -0.1549379   1.9244972   2.7266532   0.3269648   1.7179130
   1.2567809   0.4695705   3.2299697   0.3120190   0.0113466   3.5240022
   1.1118114   1.5425352   3.0972025   1.9883859   0.3090891   4.0228592
   2.1036926  -1.6630917   2.0743677   3.2569705  -2.0030484   2.3586205
   1.1416838  -2.5718977   1.8738620   0.2138228  -2.2135839   1.6740281
   1.3373906  -4.0222533   1.8490447   2.1409792  -4.2814481   1.1562891
   1.5995148  -4.3822013   2.8457258   0.4205363  -4.5170005   1.5231709
   0.0007473   0.0002109   0.0000520   0.0007482   0.0002072   0.0001679
   0.0010200   0.0001085   0.0003853   0.0007693   0.0002091  -0.0001206
   0.0003422   0.0003312   0.0004285   0.0000917   0.0004127   0.0002917
   0.0002545   0.0003906   0.0008208   0.0004652   0.0003588   0.0009171
  -0.0000550   0.0003402   0.0010441  -0.0000275   0.0004327   0.0013858
  -0.0004482   0.0001363   0.0009873  -0.0005094   0.0000601   0.0006704
  -0.0004588   0.0001476   0.0010906  -0.0006573   0.0000598   0.0011647
  -0.0000356   0.0003361   0.0008710   0.0002855   0.0002334  -0.0005530
  -0.0004434   0.0004507   0.0023119  -0.0005877   0.0005665   0.0031625
  -0.0006688   0.0004195   0.0022687  -0.0011620   0.0002571   0.0017563
  -0.0000689   0.0004393   0.0021174  -0.0009526   0.0005353   0.0028916
