default_name                                                                    
   22  0.5410000E+03
   6.7766062  -3.2608215   2.1611692   6.3387058  -2.3463079   1.7628120
   6.6114780  -1.5058899   2.3996455   5.2539837  -2.4457223   1.7372306
   6.8632660  -2.1076686   0.3622849   6.0771121  -2.0669392  -0.5816691
   8.1858024  -1.9639754   0.2461230   8.7061233  -1.9985880   1.1101169
   8.9915665  -1.8414573  -0.9809523   9.1001384  -0.7763178  -1.1909737
  10.3918201  -2.3900171  -0.6654396  11.0351344  -2.2784694  -1.5392983
  10.3352591  -3.4465500  -0.3980632  10.8313039  -1.8352085   0.1648222
   8.4116026  -2.4864431  -2.2699601   8.1867378  -1.7877928  -3.2628662
   8.1779611  -3.8070329  -2.2743135   8.3898806  -4.3084517  -1.4225734
   7.5959210  -4.5704991  -3.3791465   6.6258876  -4.1511129  -3.6538538
   8.2563827  -4.5362605  -4.2477081   7.4567191  -5.6119513  -3.0823039
   0.0013481   0.0017823  -0.0009729   0.0011283   0.0016734  -0.0009813
   0.0010196   0.0017624  -0.0010523   0.0011459   0.0014541  -0.0008751
   0.0009502   0.0016989  -0.0010429   0.0008524   0.0014845  -0.0009707
   0.0009113   0.0019584  -0.0011710   0.0009867   0.0021463  -0.0012089
   0.0008039   0.0019374  -0.0012460   0.0007634   0.0019346  -0.0012821
   0.0008465   0.0019876  -0.0013451   0.0007683   0.0019669  -0.0014052
   0.0008987   0.0019986  -0.0012913   0.0009034   0.0020352  -0.0014069
   0.0007068   0.0019035  -0.0011871   0.0004198   0.0019117  -0.0011175
   0.0009456   0.0018612  -0.0012062   0.0011803   0.0018699  -0.0012596
   0.0009025   0.0017853  -0.0011281   0.0007308   0.0015485  -0.0008824
   0.0007008   0.0020157  -0.0012723   0.0012433   0.0017289  -0.0011653
