default_name                                                                    
   22  0.5410000E+03
  -1.2044247  -2.3820786  -0.6664061  -1.0177640  -1.5737241   0.0396016
  -1.7676415  -1.6001418   0.8291256  -1.0702632  -0.6177205  -0.4797602
   0.3572219  -1.7368740   0.6482446   1.0723619  -2.6744481   0.3009608
   0.7076113  -0.8270572   1.5592442   0.0230046  -0.1153733   1.7685014
   2.0103743  -0.6975777   2.2277873   1.9895962   0.2600026   2.7509926
   2.1528569  -1.7642205   3.3260688   1.3268325  -1.6754702   4.0329172
   3.0909211  -1.6150263   3.8625845   2.1421649  -2.7654191   2.8941699
   3.2170266  -0.5953880   1.2612184   3.6041115   0.5135368   0.8761887
   3.8227924  -1.7272864   0.8759865   3.4165914  -2.5947946   1.1997247
   4.9461995  -1.8034852  -0.0593079   5.1560990  -2.8455498  -0.3074392
   4.7066833  -1.2653356  -0.9789375   5.8373822  -1.3594842   0.3885136
  -0.0000533  -0.0000158   0.0000388  -0.0001232  -0.0002327   0.0003053
  -0.0000720  -0.0006096   0.0003416  -0.0002886  -0.0000598   0.0006401
  -0.0000624  -0.0002461   0.0001635   0.0001194   0.0000674  -0.0003076
  -0.0002022  -0.0005931   0.0005620  -0.0003201  -0.0008143   0.0009266
  -0.0001906  -0.0006898   0.0005468  -0.0001473  -0.0007601   0.0006770
  -0.0001874  -0.0008543   0.0003904  -0.0001288  -0.0008842   0.0004628
  -0.0001392  -0.0010026   0.0003486  -0.0003142  -0.0007932   0.0002496
  -0.0002582  -0.0005626   0.0004728  -0.0009026  -0.0005640  -0.0001824
   0.0004007  -0.0004442   0.0011445   0.0009757  -0.0004933   0.0017203
   0.0004725  -0.0003223   0.0012182   0.0010215  -0.0003343   0.0017334
   0.0002254  -0.0008957   0.0009469   0.0002280   0.0003588   0.0010301
