default_name                                                                    
   22  0.5410000E+03
   0.0793219  -1.9886747   3.3305526   0.9205122  -2.2627861   3.9659052
   1.1990296  -3.2979443   3.7726470   0.6376833  -2.1516021   5.0121341
   2.0962802  -1.3628456   3.6576058   2.5740761  -0.6479827   4.5373357
   2.5561336  -1.3928559   2.4063349   2.1093841  -2.0209063   1.7542885
   3.6961439  -0.6017706   1.9245095   4.5094848  -0.6980849   2.6460516
   4.1648462  -1.2182635   0.6000544   4.4121801  -2.2707316   0.7466310
   5.0553552  -0.6964058   0.2470456   3.3802535  -1.1318861  -0.1532614
   3.4050540   0.9121443   1.7678264   4.3421174   1.7128051   1.6788687
   2.1262205   1.3163449   1.7309909   1.4156546   0.6020550   1.8075891
   1.6890918   2.7076246   1.6031803   2.0423287   3.1258535   0.6584015
   0.5991187   2.7625252   1.6277614   2.0904459   3.3038596   2.4253216
   0.0002565  -0.0002061  -0.0003415   0.0002849  -0.0000958  -0.0003317
   0.0003248  -0.0001064  -0.0002174   0.0003115   0.0000175  -0.0003370
   0.0002326  -0.0000811  -0.0004696   0.0002071   0.0000851  -0.0005931
   0.0002471  -0.0002607  -0.0004585   0.0003123  -0.0004031  -0.0003664
   0.0001482  -0.0001802  -0.0005648   0.0002635  -0.0002026  -0.0006985
  -0.0000143  -0.0000040  -0.0007115   0.0001128   0.0000052  -0.0008608
  -0.0001235   0.0001206  -0.0008047  -0.0001441  -0.0000033  -0.0005765
   0.0000088  -0.0001888  -0.0003795  -0.0000774  -0.0000240   0.0002270
  -0.0000383  -0.0003751  -0.0007951   0.0000516  -0.0005251  -0.0013500
  -0.0002430  -0.0003975  -0.0003164  -0.0002691   0.0000002  -0.0001491
  -0.0002527  -0.0005736  -0.0003329  -0.0003708  -0.0006369  -0.0000800
