default_name                                                                    
   22  0.5410000E+03
   2.0133065   2.9743599  -2.9986530   1.0301449   3.2797569  -2.6428907
   0.2629723   2.7013548  -3.1561858   0.8829533   4.3400139  -2.8454474
   0.9333015   3.0272438  -1.1550503   0.7013033   3.9559005  -0.3828667
   1.1198335   1.7699363  -0.7535851   1.2980742   1.0723592  -1.4613636
   1.0071109   1.3146154   0.6390430   0.1444323   1.8086121   1.0898176
   0.7189181  -0.1934264   0.6132409   0.5491666  -0.5537516   1.6287645
   1.5652990  -0.7303926   0.1823062  -0.1752054  -0.3912336   0.0200264
   2.2291508   1.6463825   1.5331191   2.1648024   1.4643735   2.7537113
   3.3369791   2.1279900   0.9501042   3.3107771   2.2531525  -0.0521805
   4.5803018   2.4538700   1.6489869   4.9419172   1.5814829   2.1973861
   5.3442212   2.7602683   0.9319279   4.4102186   3.2694881   2.3546387
   0.0002677   0.0003830   0.0001685   0.0001710   0.0001174   0.0001293
   0.0003466  -0.0000692   0.0000772  -0.0000945   0.0000845   0.0001496
   0.0001631   0.0000532   0.0001181  -0.0001823  -0.0000378   0.0001237
   0.0005403   0.0001029   0.0000996   0.0008047   0.0001753   0.0000946
   0.0006301   0.0000405   0.0000867   0.0005548  -0.0001106   0.0001083
   0.0008588  -0.0000018   0.0000524   0.0009071  -0.0000502   0.0000433
   0.0009414   0.0001360   0.0000436   0.0008909  -0.0001222   0.0000442
   0.0005784   0.0002305   0.0000898   0.0006905  -0.0000046   0.0000609
   0.0004171   0.0006458   0.0001259   0.0003368   0.0008203   0.0001499
   0.0003498   0.0008939   0.0001322   0.0006425   0.0008993  -0.0000523
   0.0002232   0.0012665   0.0001565   0.0001326   0.0007058   0.0002974
