default_name                                                                    
   22  0.5410000E+03
  -1.6011898  -3.4662863  -4.5944742  -2.6605029  -3.3311114  -4.3800055
  -3.2275780  -4.1529292  -4.8160416  -3.0009429  -2.3886556  -4.8069695
  -2.8703625  -3.3068154  -2.8827180  -3.5930729  -4.1502355  -2.3565195
  -2.2355810  -2.3433048  -2.2108608  -1.6739115  -1.7184647  -2.7709879
  -2.2429297  -2.0701258  -0.7596927  -1.5549679  -1.2357290  -0.6132778
  -3.6293441  -1.5516656  -0.3516354  -3.9187676  -0.7182993  -0.9932471
  -3.6004842  -1.2050934   0.6821484  -4.3701180  -2.3473166  -0.4367275
  -1.7193447  -3.1848916   0.1869159  -1.2294477  -2.8711929   1.2768562
  -1.7749049  -4.4642631  -0.2041452  -2.2516479  -4.6501209  -1.0790771
  -1.1848706  -5.5982936   0.5090145  -0.1637009  -5.3616250   0.8158213
  -1.7763560  -5.8308886   1.3964458  -1.1602058  -6.4753669  -0.1404755
   0.0005743   0.0008100   0.0007129   0.0004803   0.0006952   0.0003204
   0.0007189   0.0006985   0.0000040   0.0005639   0.0007162   0.0003002
  -0.0000994   0.0004983   0.0002447  -0.0002628   0.0003872  -0.0001532
  -0.0004633   0.0005019   0.0005884  -0.0003284   0.0006095   0.0008449
  -0.0008727   0.0003130   0.0006217  -0.0011685   0.0005108   0.0008879
  -0.0011133  -0.0001747   0.0004099  -0.0012271  -0.0001571   0.0004840
  -0.0014259  -0.0003372   0.0004733  -0.0008600  -0.0003802   0.0001298
  -0.0007515   0.0003231   0.0005528   0.0005867   0.0004177  -0.0000760
  -0.0021441   0.0002029   0.0011541  -0.0030008   0.0002220   0.0016060
  -0.0022398   0.0000658   0.0010176  -0.0017952  -0.0005063  -0.0000197
  -0.0015670   0.0007791   0.0016527  -0.0034271  -0.0001828   0.0013086
