default_name                                                                    
  -1.579   2.390   2.656  -1.700   2.002   1.616  -2.326   2.664   1.059  -2.289
   1.066   1.580  -0.387   1.954   0.924  -0.250   2.282  -0.249   0.621   1.448
   1.606   0.299   1.010   2.380   2.095   1.296   1.444   2.535   2.326   1.586
   2.497   0.376   2.555   3.561   0.153   2.454   1.964  -0.538   2.409   2.204
   0.780   3.536   2.643   0.723   0.085   3.861   0.871  -0.201   1.842   0.302
  -0.888   0.893   0.467  -0.720   2.178  -0.235  -2.244   3.141  -0.551  -2.227
   1.582  -1.029  -2.452   2.019   0.432  -3.083
  -1.314   3.077   2.863  -1.459   2.277   2.067  -2.194   2.500   1.297  -1.792
   1.382   2.508  -0.077   2.144   1.367   0.017   2.444   0.123   0.956   1.820
   2.091   0.695   1.669   3.120   2.339   1.471   1.735   2.941   2.415   1.762
   2.770   0.540   2.843   3.876   0.579   2.900   2.437  -0.504   2.683   2.342
   0.999   3.764   2.754   0.840   0.330   3.934   0.697   0.242   1.871   0.423
  -0.588   0.873   0.483  -0.282   2.133   0.104  -1.994   2.807  -0.820  -2.036
   1.254  -0.004  -2.612   2.719   0.884  -2.460
  -1.568   2.657   3.017  -1.380   1.845   2.259  -2.314   1.727   1.691  -1.196
   0.972   2.795  -0.071   2.046   1.497  -0.075   2.528   0.321   1.023   1.658
   2.067   0.769   1.348   2.941   2.452   1.648   1.785   2.766   2.669   1.901
   3.181   0.664   2.691   4.242   0.898   2.613   3.006  -0.428   2.500   2.955
   0.917   3.778   2.807   1.323   0.369   3.992   1.615   0.026   2.085   0.554
  -0.346   1.230   0.160   0.111   2.155   0.323  -1.795   2.126  -0.728  -2.007
   1.308   0.777  -2.245   3.101   0.750  -2.205
  -1.267   2.607   3.108  -0.896   1.737   2.556  -1.770   1.388   1.865  -0.623
   0.980   3.303   0.382   2.099   1.801   0.271   2.595   0.687   1.540   1.813
   2.408   1.486   1.315   3.279   2.924   1.782   1.895   3.359   2.713   2.031
   3.643   0.752   2.763   4.647   0.781   2.510   3.249  -0.242   2.551   3.516
   0.984   3.802   3.080   1.466   0.389   3.916   2.037  -0.300   2.244   0.567
  -0.128   1.444   0.305   0.502   2.301  -0.034  -1.441   2.878  -1.008  -1.384
   1.305  -0.343  -1.831   2.848   0.656  -2.031
  -1.199   2.626   2.548  -0.554   1.773   2.335  -1.051   1.130   1.529  -0.352
   1.157   3.232   0.677   2.283   1.668   0.680   2.762   0.553   1.792   2.008
   2.390   1.604   1.882   3.392   3.210   1.826   1.924   3.792   2.724   2.206
   3.942   0.758   2.639   4.763   0.448   1.932   3.314  -0.135   2.832   4.389
   1.225   3.468   3.180   1.491   0.423   3.773   2.231  -0.374   2.533   0.430
  -0.100   1.963  -0.103   0.527   2.342   0.236  -1.512   2.062  -0.770  -1.733
   1.611   0.907  -1.928   3.147   0.697  -2.069
  -0.903   2.501   3.032  -0.567   1.694   2.343  -1.380   1.663   1.576  -0.266
   0.711   2.744   0.718   2.219   1.671   0.632   2.848   0.625   1.906   2.016
   2.280   1.703   1.510   3.133   3.231   1.964   1.695   3.786   2.939   1.790
   4.149   0.948   2.470   5.131   0.757   1.992   3.691  -0.124   2.399   4.191
   1.121   3.520   3.345   1.616   0.172   4.034   2.310  -0.531   2.585   0.602
  -0.269   2.017   0.122   0.441   2.359   0.124  -1.592   2.726  -0.935  -1.655
   1.251   0.078  -1.779   2.978   0.732  -2.263
  -0.218   2.106   3.511  -0.261   1.849   2.413  -1.177   2.093   1.914  -0.271
   0.777   2.439   1.016   2.383   1.662   0.940   3.043   0.633   2.210   1.937
   2.141   2.138   1.482   3.022   3.554   1.926   1.572   3.946   2.966   1.623
   4.374   1.000   2.417   5.331   0.838   1.948   3.832   0.077   2.664   4.715
   1.699   3.215   3.558   1.604   0.100   4.139   2.354  -0.710   3.009   0.454
  -0.277   2.590  -0.046   0.453   2.848  -0.112  -1.564   1.850  -0.216  -1.668
   3.135   0.688  -2.248   3.379  -1.034  -1.725
   0.273   1.760   3.407   0.053   2.249   2.407  -0.437   3.305   2.473  -0.510
   1.565   1.776   1.384   2.451   1.706   1.356   2.902   0.538   2.534   2.031
   2.248   2.448   1.663   3.158   3.857   1.889   1.503   4.297   2.887   1.457
   4.710   0.943   2.322   5.687   0.838   1.915   4.289  -0.015   2.390   4.726
   1.388   3.366   3.644   1.386  -0.003   3.813   2.202  -0.878   3.249   0.098
  -0.178   2.909  -0.442   0.618   2.944  -0.385  -1.488   2.220   0.241  -2.012
   3.872  -0.422  -2.063   2.592  -1.403  -1.467
   0.608   2.596   3.822   0.399   2.308   2.810  -0.478   2.803   2.558   0.250
   1.295   2.693   1.413   2.720   1.810   1.108   3.158   0.719   2.732   2.548
   2.205   2.801   2.200   3.117   3.905   2.350   1.329   4.506   3.253   1.304
   4.959   1.388   1.934   5.765   1.185   1.243   4.572   0.394   2.224   5.409
   1.877   2.751   3.630   1.863  -0.187   3.796   2.580  -1.117   3.375   0.520
  -0.361   3.268   0.041   0.503   3.367  -0.355  -1.590   3.787   0.259  -2.355
   3.953  -1.275  -1.664   2.307  -0.573  -1.751
   1.257   2.992   4.010   0.946   2.482   3.099  -0.107   2.496   2.930   1.302
   1.404   3.189   1.701   3.163   1.927   1.049   3.699   1.065   3.002   3.281
   2.050   3.323   3.259   2.990   4.020   2.911   1.076   4.534   3.846   0.864
   5.078   2.035   1.902   6.056   2.138   1.437   4.765   1.056   1.886   5.131
   2.308   3.013   3.569   2.331  -0.317   3.353   3.059  -1.283   3.452   1.047
  -0.512   3.694   0.467   0.344   2.942   0.226  -1.654   3.283   0.787  -2.544
   3.393  -0.797  -1.630   1.848   0.172  -1.752
   0.927   3.869   4.110   0.629   3.123   3.323  -0.415   3.340   2.989   0.595
   2.141   3.768   1.575   3.262   2.119   1.098   3.406   1.050   2.870   3.267
   2.230   3.206   3.159   3.208   3.954   3.041   1.205   4.470   3.953   0.928
   5.064   2.156   1.847   5.973   1.866   1.322   4.654   1.140   2.003   5.355
   2.554   2.803   3.517   2.487  -0.186   3.485   3.281  -1.153   3.306   1.188
  -0.356   3.624   0.547   0.359   3.020   0.561  -1.620   3.526   1.217  -2.384
   3.359  -0.522  -1.593   1.971   0.704  -1.876
   0.426   4.163   3.633   0.862   3.219   3.287   0.084   2.486   3.015   1.455
   2.798   4.142   1.640   3.418   2.041   1.002   3.494   1.008   2.970   3.524
   2.134   3.302   3.643   3.052   3.968   3.332   1.035   4.434   4.336   0.884
   5.109   2.491   1.566   5.937   2.433   0.905   4.779   1.487   1.869   5.539
   2.944   2.518   3.537   2.886  -0.399   3.817   3.671  -1.280   2.933   1.671
  -0.484   2.792   1.230   0.403   2.547   1.018  -1.731   1.515   1.445  -1.998
   3.325   1.115  -2.455   2.390  -0.084  -1.572
   0.926   4.432   4.059   0.777   3.545   3.487  -0.326   3.269   3.143   1.242
   2.875   4.153   1.535   3.534   2.238   0.990   3.588   1.165   2.860   3.553
   2.326   3.280   3.384   3.227   3.843   3.625   1.213   4.002   4.741   1.257
   5.180   2.904   1.576   5.884   3.215   0.789   5.082   1.775   1.614   5.590
   3.267   2.542   3.409   3.324  -0.228   3.317   4.239  -1.029   3.367   2.029
  -0.554   3.610   1.415   0.252   2.808   1.421  -1.728   2.669   2.184  -2.456
   3.517   0.706  -2.193   1.881   0.936  -1.545
   0.708   3.845   3.932   0.853   3.075   3.232  -0.155   2.669   3.084   1.545
   2.331   3.584   1.538   3.633   2.042   0.910   3.611   0.951   2.830   3.980
   2.076   3.208   3.885   2.993   3.752   4.150   0.946   3.792   5.236   0.839
   5.104   3.724   1.400   5.791   3.502   0.574   4.941   2.784   1.922   5.560
   4.400   2.117   3.442   3.572  -0.430   3.328   4.296  -1.412   3.596   2.236
  -0.661   4.082   1.681   0.033   3.003   1.515  -1.828   3.329   1.814  -2.794
   3.448   0.569  -1.794   1.949   1.476  -1.652
   0.289   2.450   3.116   0.856   3.325   3.310   1.494   3.293   4.192   0.246
   4.184   3.450   1.712   3.475   2.039   1.176   3.418   0.915   2.985   3.790
   2.152   3.396   3.733   3.130   3.975   4.075   1.102   4.018   5.144   1.066
   5.392   3.565   1.593   6.112   3.780   0.817   5.299   2.511   1.914   5.679
   4.209   2.466   3.694   3.561  -0.284   3.427   4.321  -1.249   3.538   2.222
  -0.462   3.861   1.617   0.247   3.033   1.578  -1.685   2.773   2.331  -2.411
   3.779   0.913  -2.127   2.073   1.069  -1.612
   1.290   3.053   3.657   1.153   4.069   3.322   1.733   4.658   4.051   0.097
   4.434   3.398   1.725   4.162   1.893   1.061   3.784   0.966   2.921   4.716
   1.813   3.203   5.243   2.652   3.849   4.637   0.711   4.006   5.679   0.500
   5.190   4.011   1.358   5.988   4.017   0.689   5.021   3.052   1.884   5.474
   4.661   2.209   3.362   4.011  -0.623   3.373   4.720  -1.682   3.267   2.664
  -0.600   3.219   2.216   0.319   3.115   1.784  -1.782   2.838   2.312  -2.649
   3.969   1.168  -1.945   2.297   1.026  -1.652
   1.155   3.849   4.164   1.207   4.559   3.400   1.780   5.432   3.708   0.177
   4.815   3.250   1.890   4.122   2.074   1.172   3.562   1.251   3.214   4.352
   2.031   3.693   4.645   2.924   4.157   4.258   0.873   4.445   5.294   0.657
   5.562   3.607   1.242   6.184   3.694   0.352   5.421   2.542   1.441   5.914
   4.058   2.124   3.685   3.788  -0.533   3.872   4.547  -1.486   3.213   2.499
  -0.672   3.343   1.856   0.107   2.825   1.868  -1.990   2.388   2.633  -2.656
   3.760   1.623  -2.548   2.107   1.054  -1.940
   2.274   5.242   4.183   1.449   4.923   3.490   0.791   5.784   3.272   0.781
   4.198   3.919   1.964   4.459   2.154   1.170   4.143   1.249   3.318   4.416
   2.002   3.815   4.803   2.758   4.003   4.353   0.711   4.368   5.388   0.595
   5.160   3.442   1.118   5.884   3.208   0.332   4.812   2.485   1.382   5.714
   3.895   1.913   3.319   3.928  -0.548   3.156   4.708  -1.551   2.866   2.678
  -0.484   2.794   2.200   0.399   2.298   1.889  -1.600   1.298   1.704  -1.293
   2.174   2.520  -2.507   2.901   1.007  -1.788
   2.095   4.704   4.323   1.425   5.266   3.639   1.526   6.323   3.829   0.429
   5.008   3.869   1.898   4.796   2.297   1.044   4.617   1.456   3.208   4.743
   2.093   3.704   5.130   2.872   3.985   4.541   0.840   4.195   5.550   0.471
   5.249   3.735   1.239   5.748   3.316   0.332   4.958   2.725   1.676   5.854
   4.245   2.000   3.270   3.907  -0.380   3.020   4.562  -1.389   2.931   2.622
  -0.200   3.263   2.202   0.699   2.317   1.780  -1.245   1.375   2.128  -1.653
   3.060   1.486  -1.980   2.086   0.848  -0.755
   1.797   3.993   4.390   1.309   4.850   3.792   1.543   5.781   4.248   0.282
   4.628   3.709   1.949   4.882   2.417   1.197   4.968   1.464   3.292   4.781
   2.366   3.742   4.806   3.214   4.223   4.721   1.236   4.478   5.761   1.058
   5.509   4.004   1.644   6.208   4.217   0.821   5.289   2.912   1.748   5.970
   4.345   2.537   3.722   4.260  -0.188   3.558   5.020  -1.118   3.370   2.994
  -0.248   3.551   2.442   0.527   2.598   2.331  -1.387   1.536   2.120  -1.103
   2.687   2.929  -2.302   3.062   1.353  -1.649
