default_name                                                                    
   22  0.1200000E+03
  -2.1567452   2.1747420   0.7135641  -2.2631185   2.2396656  -0.3383847
  -1.5571056   2.9105162  -0.8797279  -3.2896530   2.5420058  -0.6622951
  -2.0488028   0.8077425  -0.7668852  -2.7360904   0.2378843  -1.5903767
  -1.0449984   0.2222820  -0.1972864  -0.5672956   0.7064437   0.5712090
  -0.5043285  -1.1960435  -0.5210551   0.4353542  -1.2319530  -0.0442159
  -1.3583857  -2.2526600   0.2114786  -0.9365870  -3.2706880  -0.0403082
  -2.3278725  -2.2991170  -0.2509432  -1.3545596  -2.1378538   1.3062567
  -0.2474936  -1.4485884  -2.0335409  -0.3522145  -2.6170991  -2.5764341
   0.1345545  -0.4557427  -2.8136463  -0.0100206   0.4507236  -2.3987228
   0.6870422  -0.4740651  -4.2126501  -0.0807716  -0.4358423  -4.9874473
   1.2345567   0.4963287  -4.2812111   1.3882840  -1.2687911  -4.4126835
   1.0730658  -0.4734987   1.2678108  -0.2126181  -0.1412003  -0.3309989
  -0.6945940  -1.3990982  -1.0242773  -1.6469619   1.1580803   0.6161280
   0.1447250  -0.1495187  -0.0503684   0.0168265   0.0149451   0.0334424
   0.1536108  -0.1394435   0.0806632  -1.2536430   0.5209610   1.5088252
   0.0950235  -0.1397168   0.1392793  -0.0506896   0.2258144   0.1563897
  -0.0014244   0.1790712  -0.7629147   0.1445459  -1.0560847  -0.6101001
  -0.4612670  -0.3153676   0.9579501  -1.5475689   0.0654201   0.0892380
   0.1351815  -0.0967329  -0.0593866  -0.0199021  -0.0263504  -0.2733774
  -0.0321980   0.1398868   0.0156448  -0.5905236  -0.6642248   1.3377208
   0.0886704   0.4106325   0.0188265   1.4000652   1.5369379   1.3075929
   0.1286886  -0.0875260   0.0027439  -1.2996249   0.2122332  -2.3067866
