default_name                                                                    
   22  0.1200000E+03
  -2.0080983   1.6381267  -1.6224906  -1.6349589   1.6548753  -0.6548210
  -2.3822383   1.2325532  -0.0498438  -1.3128679   2.6200599  -0.3256542
  -0.5503477   0.6323094  -0.5542042  -0.4246626  -0.1422180  -1.4425384
   0.3379950   0.6127788   0.4920098   0.1931180   1.4025661   1.1106233
   1.5029677  -0.2584793   0.6906968   1.9778375   0.2650242   1.5584045
   0.9621697  -1.6053441   1.2407828   1.8125309  -2.2541559   1.6353291
   0.4767362  -2.2243310   0.4952464   0.1931381  -1.3864220   2.0182887
   2.4565023  -0.3594139  -0.5119419   2.9259458  -1.4253579  -0.9293661
   2.6855954   0.8263509  -1.0799726   2.1476710   1.5954994  -0.6559342
   3.5570992   1.1075566  -2.2038400   4.6361537   0.9238902  -1.8998088
   3.2795555   0.4973966  -3.0460237   3.4371847   2.1169701  -2.4514329
   0.3418132   0.8672782   0.9539003   0.0923758  -0.0999954   0.2641066
  -0.0226937  -0.6592838   0.4510247   0.2772352  -0.7403198  -0.1581759
   0.0832894   0.1119619   0.2472017  -0.1627973  -0.1328704  -0.2122662
  -0.4220193  -0.1398316  -0.0083240  -0.9357154   0.8197173  -0.8667751
   0.1099637  -0.3772619   0.0102486   1.2033039   0.6319867   0.4818060
  -0.0425455  -0.2058336   0.1570293   0.2821241  -0.3531245   1.0447139
  -0.3167988  -1.7993639  -0.0304670   0.7763037   0.5798897  -0.0948688
  -0.2326933   0.2400984   0.3917021   0.1364888  -0.2694868  -0.0453592
  -0.1668574  -0.3081021   0.1682399  -0.0774787   0.4201901   1.8313458
   0.2387436   0.0408435  -0.2846665  -0.6315410  -1.2112117   0.9780792
  -0.7986121  -0.1193074   0.0724971   1.2501103  -0.3414240   1.7538951
