default_name                                                                    
   22  0.1200000E+03
  -3.0423485  -2.9229431  -1.6124668  -2.1566561  -2.9624905  -1.0118899
  -1.2968678  -3.2204892  -1.6728631  -2.3344323  -3.6707534  -0.2167240
  -1.8525007  -1.5047611  -0.5101790  -2.3277889  -0.5733780  -1.0844180
  -0.9090018  -1.3959178   0.4222732  -0.6719102  -2.2721118   0.8051842
  -0.1463732  -0.2034668   0.7151840  -0.7814212   0.5075425   1.0717611
   0.8677424  -0.5131299   1.8194956   1.5270270  -1.2669820   1.3665518
   0.3891703  -0.8787217   2.7310478   1.4236123   0.3956115   2.1043096
   0.6744649   0.3843469  -0.4717407   0.9701158   1.6177257  -0.4430025
   0.8286629  -0.3642851  -1.5487345   0.5992693  -1.3027763  -1.4536726
   1.5837754   0.0671538  -2.7128391   0.9000576   0.2509158  -3.5529648
   2.1211201   0.9772626  -2.4995113   2.3016704  -0.6931468  -2.9714309
  -0.2415773   0.0464873  -0.8249301   0.2807697  -0.1271340   0.0809281
   0.3678717  -0.9122637  -1.0083580  -0.0024819   1.0125181   0.1669538
  -0.1161440   0.7219459   0.2131537   0.1336813   0.1202906  -0.0336931
   0.2344370   0.0001976  -0.1670302   0.6789776   0.5925358  -1.1869252
  -0.1231900  -0.1620128  -0.1757626   0.7582267   0.3102357  -1.4331610
  -0.1969818   0.0882938   0.3108398   0.9403555  -0.8335684   0.1557550
   0.3713781   1.1364546  -0.6555500  -0.6171683  -0.7238558   1.2864781
  -0.0988799   0.0526130  -0.2709928  -0.0823197   0.0465743   0.0842214
   0.0164100   0.0062511   0.2780660   0.1519668   0.1970356  -0.5573236
   0.0989036  -0.1701521  -0.1911312   1.3093110  -0.2355829   1.1278266
  -0.6185305  -0.4667722   0.3944650   0.7899386   0.6463874   0.3601701
