default_name                                                                    
  -3.180   2.405   1.069  -2.916   1.525   0.483  -2.925   1.875  -0.555  -3.567
   0.656   0.634  -1.500   1.177   0.964  -0.819   2.093   1.543  -1.073  -0.038
   0.680  -1.701  -0.754   0.381   0.313  -0.569   0.818   0.874  -0.282   1.689
   0.129  -2.075   0.844   1.092  -2.597   1.115  -0.114  -2.383  -0.153  -0.637
  -2.489   1.525   1.283  -0.095  -0.373   2.478   0.083  -0.135   0.789   0.245
  -1.622  -0.140   0.039  -1.767   1.539   0.394  -2.834   1.125   1.093  -3.557
   2.557   0.680  -2.654   1.609  -0.498  -3.487
  -3.060   2.511   0.676  -2.945   1.484   0.656  -3.198   0.883  -0.218  -3.478
   1.075   1.525  -1.420   1.235   0.792  -0.723   2.146   1.213  -0.947  -0.030
   0.575  -1.610  -0.710   0.180   0.440  -0.472   0.752   0.879   0.103   1.603
   0.431  -1.939   1.100   1.429  -2.333   1.338   0.137  -2.599   0.276  -0.050
  -2.134   2.039   1.393  -0.104  -0.491   2.625  -0.381  -0.512   0.860   0.614
  -1.475  -0.084   0.888  -1.425   1.594   0.831  -2.801   1.069   1.606  -3.396
   2.557   1.260  -2.472   1.624  -0.132  -3.292
  -3.214   2.251   1.620  -2.893   1.827   0.670  -2.766   2.572  -0.071  -3.552
   1.059   0.324  -1.511   1.248   0.853  -0.694   2.044   1.334  -1.118   0.062
   0.458  -1.856  -0.617   0.298   0.270  -0.494   0.694   0.653  -0.245   1.707
   0.188  -2.001   0.645   1.176  -2.390   1.111  -0.055  -2.334  -0.406  -0.542
  -2.483   1.277   1.308  -0.098  -0.436   2.510  -0.073  -0.113   0.954   0.324
  -1.632  -0.019   0.289  -1.814   1.916   0.613  -2.755   1.425   1.398  -3.284
   2.844   0.941  -2.397   1.998  -0.323  -3.365
  -3.124   0.812   0.357  -2.465   1.675   0.127  -2.864   2.592   0.511  -2.370
   1.811  -0.944  -1.153   1.282   0.736  -0.362   2.097   1.184  -0.890   0.007
   0.495  -1.643  -0.670   0.228   0.409  -0.504   0.846   0.799  -0.069   1.753
   0.145  -2.008   1.044   1.110  -2.409   1.272  -0.325  -2.403   0.133  -0.599
  -2.187   1.816   1.484  -0.211  -0.248   2.700  -0.203   0.073   1.086  -0.173
  -1.544   0.065  -0.277  -1.744   1.897   0.232  -2.637   2.088   1.335  -2.546
   2.834  -0.304  -2.520   1.349  -0.026  -3.551
  -3.644   0.357   0.057  -2.941   1.261  -0.095  -3.290   2.198   0.424  -2.908
   1.324  -1.212  -1.591   1.013   0.467  -0.960   1.946   1.036  -1.071  -0.201
   0.237  -1.707  -0.889  -0.129   0.265  -0.626   0.610   0.552  -0.204   1.523
   0.179  -2.136   0.718   1.161  -2.526   0.931  -0.138  -2.592  -0.224  -0.444
  -2.290   1.528   1.418  -0.294  -0.375   2.608  -0.410  -0.022   1.074   0.123
  -1.642   0.123   0.245  -1.794   2.034   0.401  -2.819   2.646   1.336  -2.635
   2.772  -0.407  -2.976   1.522   0.445  -3.745
  -3.396  -0.020   0.236  -3.065   1.077   0.228  -3.638   1.491   1.082  -3.410
   1.568  -0.632  -1.585   1.054   0.370  -1.117   2.094   0.800  -0.999  -0.116
   0.137  -1.461  -0.843  -0.455   0.262  -0.485   0.636   0.544  -0.005   1.620
   0.246  -2.023   0.680   1.194  -2.408   0.929  -0.169  -2.442  -0.227  -0.472
  -2.237   1.539   1.350  -0.064  -0.394   2.562  -0.048  -0.077   0.978   0.191
  -1.648   0.041   0.093  -1.873   1.937   0.763  -2.652   1.936   1.830  -2.633
   2.923   0.355  -2.545   1.652   0.506  -3.698
  -3.717   1.207   1.195  -3.362   1.255   0.179  -3.624   2.269  -0.228  -3.765
   0.543  -0.564  -1.838   1.132   0.205  -1.099   2.117   0.324  -1.345  -0.119
   0.250  -2.052  -0.839   0.245   0.016  -0.547   0.688   0.172  -0.027   1.607
   0.034  -2.086   0.756   1.033  -2.331   1.176  -0.007  -2.533  -0.275  -0.800
  -2.478   1.389   1.183  -0.140  -0.245   2.325   0.058   0.123   0.980   0.025
  -1.564  -0.009  -0.171  -1.833   1.845   0.473  -2.589   1.272   0.606  -3.496
   2.319   1.408  -2.269   2.591  -0.321  -2.803
  -3.835   1.947   0.364  -3.345   0.978   0.148  -3.550   0.638  -0.945  -3.840
   0.320   0.838  -1.837   0.907   0.485  -1.250   1.881   0.887  -1.229  -0.249
   0.274  -1.780  -1.033  -0.083   0.162  -0.444   0.535   0.472   0.009   1.441
   0.274  -1.959   0.799   1.299  -2.060   1.185   0.096  -2.464  -0.151  -0.491
  -2.209   1.536   1.195   0.118  -0.404   2.323   0.388  -0.052   0.916   0.110
  -1.711  -0.053  -0.109  -2.003   1.781   0.653  -2.738   1.229   1.243  -3.406
   2.483   1.338  -2.267   2.275  -0.147  -3.373
  -3.282   1.193  -1.226  -3.152   0.849  -0.234  -3.458  -0.214  -0.155  -3.666
   1.474   0.513  -1.717   0.937   0.167  -1.193   2.010   0.575  -1.043  -0.293
   0.112  -1.617  -1.114  -0.091   0.414  -0.593   0.516   0.547  -0.130   1.503
   0.548  -2.120   0.901   1.466  -2.352   1.373   0.530  -2.764   0.005  -0.313
  -2.386   1.600   1.510  -0.189  -0.474   2.678  -0.183  -0.080   1.126   0.246
  -1.716   0.204   0.030  -2.036   2.084   0.801  -2.692   1.640   0.985  -3.647
   2.439   1.669  -2.138   2.824   0.059  -2.817
  -3.201   0.872  -0.958  -3.251   0.868   0.162  -3.783   0.025   0.461  -3.757
   1.733   0.477  -1.862   0.812   0.740  -1.325   1.729   1.413  -1.256  -0.300
   0.341  -1.662  -0.839  -0.431   0.069  -0.685   0.698   0.301  -0.380   1.713
   0.116  -2.182   0.781   0.671  -2.600   1.611   0.554  -2.680  -0.070  -0.911
  -2.495   0.872   1.266  -0.083  -0.154   2.499  -0.248   0.142   0.999   0.465
  -1.324   0.074   0.786  -1.506   2.018   1.030  -2.270   1.440   1.273  -3.200
   2.541   1.897  -1.842   2.708   0.206  -2.627
  -3.447   1.565  -0.445  -3.539   0.795   0.266  -3.818  -0.243  -0.143  -4.242
   1.035   1.094  -2.156   0.707   0.819  -1.778   1.606   1.600  -1.515  -0.361
   0.374  -2.020  -0.970  -0.233  -0.093  -0.777   0.665   0.138  -0.539   1.695
   0.118  -2.231   0.436   0.993  -2.574   0.929   0.156  -2.651  -0.680  -0.697
  -2.765   0.969   0.978  -0.024  -0.178   2.164   0.089   0.171   0.548   0.563
  -1.316  -0.411   0.518  -1.481   1.422   1.372  -2.125   0.887   2.293  -2.353
   2.310   1.739  -1.591   1.729   0.900  -3.047
  -4.015   1.149   0.632  -3.438   0.273   0.795  -3.632  -0.286  -0.121  -3.879
  -0.194   1.645  -1.960   0.466   1.048  -1.475   1.481   1.512  -1.286  -0.556
   0.495  -1.780  -1.330   0.097   0.095  -0.738   0.742   0.371  -0.545   1.804
   0.549  -2.157   0.436   1.642  -2.118   0.595   0.360  -2.396  -0.599   0.143
  -2.969   0.974   0.970   0.200  -0.075   1.963   0.718   0.424   0.507   0.592
  -1.285  -0.400   0.298  -1.505   1.283   1.518  -2.102   1.307   2.517  -1.730
   2.281   1.109  -2.155   0.904   1.556  -3.098
  -3.736   1.692   0.789  -3.326   0.712   0.464  -3.256   0.742  -0.667  -3.966
  -0.164   0.782  -1.954   0.535   0.975  -1.587   1.389   1.858  -1.155  -0.428
   0.512  -1.512  -1.079  -0.185   0.267  -0.652   0.854   0.418  -0.554   1.870
   0.586  -2.124   0.522   1.543  -2.305   0.963   0.772  -2.121  -0.576  -0.102
  -2.878   0.879   1.241   0.226   0.016   2.327   0.446   0.396   0.937   0.501
  -1.230   0.002   0.145  -1.492   1.521   1.466  -2.142   1.451   2.443  -1.733
   2.569   1.280  -2.346   1.017   1.388  -3.137
  -3.472   1.819   0.345  -3.159   0.749   0.388  -3.113   0.447  -0.667  -3.747
   0.046   0.973  -1.810   0.724   1.041  -1.461   1.699   1.777  -1.038  -0.272
   0.660  -1.513  -0.976   0.159   0.379  -0.543   0.943   0.600  -0.146   1.928
   0.391  -2.126   0.984   1.334  -2.541   1.159   0.072  -2.533   0.095  -0.266
  -2.536   1.785   1.313   0.154  -0.101   2.532   0.043   0.129   0.813   0.895
  -1.101  -0.187   0.900  -1.214   1.487   1.544  -2.251   2.337   2.046  -1.943
   1.755   0.705  -2.905   0.686   2.160  -2.687
  -3.451   2.192   1.167  -3.124   1.290   0.600  -3.202   1.377  -0.520  -3.701
   0.417   0.999  -1.652   1.060   1.049  -1.028   1.982   1.592  -1.066  -0.056
   0.748  -1.755  -0.756   0.446   0.332  -0.471   1.068   0.610  -0.031   2.014
   0.285  -1.956   1.293   1.325  -2.363   1.325  -0.285  -2.373   0.508  -0.119
  -2.099   2.280   1.335   0.023   0.024   2.539  -0.012   0.225   0.877   0.605
  -1.141  -0.133   0.734  -1.093   1.630   1.409  -2.181   1.670   2.460  -1.893
   2.682   1.008  -2.399   1.168   1.331  -3.158
  -3.456   2.239   1.188  -3.019   1.268   0.852  -2.892   1.292  -0.249  -3.685
   0.422   1.328  -1.604   1.242   1.328  -0.988   2.239   1.800  -1.054   0.000
   1.195  -1.682  -0.772   0.897   0.393  -0.297   1.434   0.644   0.275   2.307
   0.419  -1.781   1.769   1.448  -2.156   2.043   0.054  -2.273   0.894  -0.302
  -1.926   2.610   1.341   0.040   0.246   2.556  -0.150   0.423   0.784   0.470
  -0.929  -0.232   0.493  -0.932   1.496   1.082  -2.056   2.454   1.574  -1.702
   1.835   0.254  -2.691   0.944   1.886  -2.517
  -3.515   2.018   1.382  -2.951   1.279   0.776  -2.969   1.769  -0.244  -3.574
   0.402   0.620  -1.518   1.070   1.172  -0.933   1.982   1.729  -0.962  -0.137
   0.989  -1.439  -0.861   0.567   0.402  -0.388   1.384   0.577   0.238   2.333
   0.535  -1.835   1.748   1.463  -2.082   2.254   0.491  -2.424   0.828  -0.309
  -2.188   2.405   1.464  -0.028   0.248   2.656  -0.342   0.347   1.042   0.333
  -0.957   0.086   0.500  -1.109   1.966   0.651  -2.002   1.676   1.514  -2.607
   2.876   1.131  -1.617   2.275  -0.206  -2.596
  -3.299   2.406   0.877  -2.792   1.483   0.518  -2.639   1.563  -0.545  -3.471
   0.667   0.618  -1.459   1.209   1.275  -0.880   2.082   1.937  -1.014  -0.042
   1.022  -1.618  -0.591   0.400   0.259  -0.584   1.346   0.494  -0.226   2.350
   0.127  -2.153   1.422   1.143  -2.574   1.608  -0.279  -2.560   0.508  -0.637
  -2.329   2.223   1.455  -0.105   0.449   2.604   0.125   0.900   1.149   0.202
  -0.807   0.185   0.110  -1.037   2.072   0.748  -1.744   1.492   1.056  -2.603
   2.613   1.576  -1.388   2.768   0.069  -2.061
  -3.333   2.115   0.491  -3.040   1.164   0.873  -3.251   0.415   0.171  -3.621
   0.896   1.703  -1.644   1.011   1.287  -1.005   2.028   1.775  -1.163  -0.206
   1.247  -1.778  -1.016   1.127   0.269  -0.528   1.437   0.764  -0.109   2.347
   0.304  -2.044   1.387   1.408  -2.348   1.283  -0.222  -2.474   0.523  -0.114
  -2.413   2.370   1.271   0.024   0.402   2.528  -0.057   0.483   0.782   0.648
  -0.697  -0.193   0.702  -0.912   1.688   1.469  -1.605   1.052   2.290  -1.971
   2.529   1.865  -1.055   1.964   0.842  -2.413
  -3.694   1.655   1.377  -3.113   0.742   1.215  -3.007   0.636   0.128  -3.728
  -0.079   1.618  -1.752   0.688   1.844  -1.298   1.649   2.500  -1.046  -0.337
   1.419  -1.572  -1.088   1.038   0.379  -0.631   1.534   0.614  -0.189   2.569
   0.622  -2.205   1.571   1.640  -2.543   1.879   0.427  -2.525   0.568  -0.114
  -2.652   2.239   1.287   0.086   0.450   2.539  -0.121   0.463   0.701   0.848
  -0.509  -0.328   0.918  -0.442   1.474   1.381  -1.614   1.393   2.499  -1.560
   2.525   1.058  -1.529   1.027   0.975  -2.594
