default_name                                                                    
  -3.711   0.750   1.391  -2.714   1.252   1.473  -2.499   1.443   2.557  -2.691
   2.160   0.899  -1.640   0.353   0.831  -1.930  -0.397  -0.129  -0.432   0.430
   1.372  -0.274   0.950   2.261   0.683  -0.428   1.009   1.540  -0.051   1.496
   0.376  -1.849   1.616   1.305  -2.391   1.585  -0.360  -2.270   0.909  -0.048
  -1.746   2.566   1.119  -0.427  -0.478   1.968  -1.236  -0.821   0.686   0.409
  -1.354  -0.012   1.018  -0.967   1.291   0.585  -2.637   2.357   0.994  -2.654
   1.317  -0.338  -3.290   0.723   1.260  -3.250
  -3.686   0.411   1.276  -2.831   1.030   1.265  -2.482   1.709   2.061  -3.124
   1.593   0.397  -1.634   0.110   0.833  -1.817  -0.753  -0.005  -0.467   0.364
   1.436  -0.473   1.220   1.990   0.790  -0.380   1.308   1.530   0.183   1.787
   0.680  -1.661   2.203   1.640  -2.168   2.266  -0.069  -2.317   1.771   0.425
  -1.403   3.271   1.308  -0.553  -0.157   2.184  -1.399  -0.406   0.833   0.205
  -1.167   0.079   0.783  -0.916   1.344   0.319  -2.566   2.305   0.880  -2.502
   1.437  -0.714  -2.993   0.662   0.892  -3.240
  -3.253   1.047   2.342  -3.000   1.139   1.293  -2.634   2.082   0.950  -3.899
   0.844   0.710  -1.878   0.060   1.042  -2.113  -0.934   0.374  -0.729   0.396
   1.537  -0.627   1.243   2.103   0.546  -0.321   1.294   1.271   0.412   1.702
   0.651  -1.553   2.200   1.567  -2.137   2.025  -0.263  -2.297   2.129   0.835
  -1.275   3.198   0.891  -0.462  -0.250   1.590  -1.368  -0.692   0.462   0.538
  -1.056  -0.040   1.270  -0.536   0.446   0.696  -2.514   1.211   1.395  -2.904
   0.711  -0.246  -3.028  -0.620   0.956  -2.911
  -2.978   1.558   2.240  -2.797   1.576   1.161  -2.349   2.479   0.839  -3.758
   1.584   0.707  -1.939   0.408   0.795  -2.239  -0.276  -0.162  -0.768   0.238
   1.450  -0.504   0.847   2.234   0.352  -0.637   1.002   1.138  -0.262   1.622
   0.131  -2.149   1.468   1.093  -2.656   1.385  -0.709  -2.601   0.917  -0.214
  -2.258   2.483   0.805  -0.497  -0.491   1.355  -1.441  -1.110   0.458   0.693
  -1.060   0.029   1.423  -0.525   0.541   0.932  -2.530   0.849   2.025  -2.750
   1.232   0.272  -3.053  -0.540   0.783  -2.952
  -3.056   1.248   1.950  -2.663   1.600   1.032  -2.026   2.558   1.156  -3.458
   1.824   0.285  -1.872   0.414   0.600  -2.342  -0.351  -0.263  -0.702   0.296
   1.197  -0.588   1.030   1.913   0.388  -0.586   0.790   1.225  -0.271   1.293
   0.165  -2.096   1.095   1.150  -2.637   1.005  -0.638  -2.560   0.504  -0.179
  -2.123   2.142   0.865  -0.355  -0.661   1.691  -1.181  -1.191   0.398   0.787
  -1.238  -0.242   1.401  -0.729   0.909   1.369  -2.484   1.800   2.048  -2.395
   1.160   0.589  -3.204   0.122   1.904  -3.011
  -2.628   1.711   2.036  -2.706   1.914   1.001  -2.278   2.887   0.788  -3.750
   1.729   0.742  -1.989   0.808   0.352  -2.442   0.056  -0.549  -0.885   0.514
   0.887  -0.507   1.135   1.656   0.082  -0.530   0.507   0.957  -0.299   1.134
  -0.449  -1.948   0.893   0.370  -2.663   0.700  -1.299  -2.153   0.188  -0.766
  -2.023   1.929   0.735  -0.420  -0.893   1.404  -1.410  -1.382   0.471   0.693
  -1.663  -0.206   1.295  -1.170   0.964   1.165  -2.980   1.999   1.513  -2.830
   1.019   0.255  -3.655   0.322   2.009  -3.362
  -3.579   1.079   1.306  -2.634   1.524   1.080  -2.100   1.805   1.986  -2.889
   2.368   0.527  -1.854   0.542   0.186  -2.353   0.020  -0.835  -0.656   0.116
   0.675  -0.323   0.617   1.492   0.233  -0.962   0.099   1.194  -1.011   0.809
  -0.532  -2.351   0.181   0.137  -3.209   0.131  -1.160  -2.505  -0.699  -1.119
  -2.395   1.109   0.787  -0.601  -1.311   1.539  -1.373  -1.893   0.645   0.677
  -1.753   0.078   1.281  -1.205   1.290   1.226  -2.946   2.139   1.835  -2.716
   1.451   0.419  -3.622   0.558   1.820  -3.540
  -3.707   1.273   0.953  -2.668   1.546   0.863  -2.391   1.597   1.931  -2.487
   2.559   0.512  -1.848   0.559   0.098  -2.153   0.147  -1.041  -0.712   0.130
   0.608  -0.451   0.517   1.460   0.119  -1.002   0.162   0.929  -0.955   0.875
  -0.349  -2.417   0.460   0.418  -3.173   0.257  -1.146  -2.581  -0.217  -0.618
  -2.421   1.498   0.897  -0.607  -1.220   1.481  -1.468  -1.934   0.897   0.710
  -1.663   0.329   1.276  -1.087   1.634   1.363  -2.783   2.678   1.074  -2.761
   1.280   1.074  -3.720   1.436   2.430  -2.639
  -2.726   2.447   0.109  -2.542   1.608   0.807  -3.480   1.166   1.163  -1.945
   1.882   1.684  -1.784   0.546   0.052  -2.240   0.124  -1.006  -0.606   0.162
   0.566  -0.385   0.452   1.537   0.198  -1.002   0.027   1.087  -0.972   0.648
  -0.442  -2.347   0.259   0.319  -3.035   0.606  -0.874  -2.656  -0.691  -1.230
  -2.431   1.042   0.795  -0.808  -1.372   0.929  -1.774  -2.117   0.983   0.438
  -1.822   0.779   1.204  -1.271   1.354   0.860  -3.150   2.156   1.570  -3.090
   1.648   0.057  -3.805   0.483   1.351  -3.569
  -2.966   2.223   0.237  -2.112   1.787   0.734  -2.501   1.526   1.718  -1.286
   2.485   0.789  -1.612   0.633  -0.071  -2.047   0.352  -1.218  -0.582  -0.035
   0.466  -0.293   0.291   1.376   0.056  -1.300  -0.049   1.010  -1.469   0.438
  -0.847  -2.537   0.257  -0.388  -3.503   0.227  -1.577  -2.596  -0.574  -1.269
  -2.368   1.268   0.594  -1.319  -1.494   0.617  -2.379  -2.054   0.847  -0.168
  -2.082   0.794   0.660  -1.527   0.877  -0.072  -3.499   1.772   0.537  -3.629
   1.077  -1.007  -4.055   0.098   0.456  -3.944
  -2.374   2.296  -0.145  -2.053   1.625   0.685  -2.877   1.671   1.305  -1.199
   2.028   1.149  -1.733   0.212   0.099  -2.517  -0.299  -0.721  -0.560  -0.297
   0.450  -0.019   0.317   0.995   0.136  -1.458  -0.150   1.110  -1.378   0.328
  -0.542  -2.848   0.325   0.093  -3.679  -0.040  -1.607  -2.950   0.040  -0.509
  -3.053   1.376   0.527  -1.385  -1.650   0.763  -2.443  -2.225   0.523  -0.179
  -2.181   0.199   0.536  -1.586   0.390   0.215  -3.557   1.270   0.766  -3.838
   0.434  -0.748  -4.117  -0.557   0.730  -3.795
  -2.391   2.305  -0.235  -1.828   1.669   0.434  -2.322   1.609   1.386  -0.889
   2.180   0.595  -1.549   0.308  -0.076  -2.278  -0.264  -0.851  -0.485  -0.326
   0.470   0.027   0.095   1.273   0.053  -1.663   0.075   0.891  -1.799   0.708
  -0.879  -2.808   0.543  -0.485  -3.690   0.097  -1.885  -2.706   0.301  -0.935
  -2.840   1.661   0.526  -1.689  -1.381   0.408  -2.756  -2.064   0.856  -0.499
  -1.922   0.878   0.328  -1.297   0.962  -0.305  -3.437   1.160   0.715  -3.704
   1.790  -1.005  -3.720   0.122  -0.704  -4.001
  -1.433   2.599   0.279  -2.210   1.808   0.417  -3.167   2.051  -0.094  -2.464
   1.694   1.473  -1.862   0.482  -0.150  -2.536  -0.045  -1.030  -0.780  -0.097
   0.401  -0.310   0.384   1.197  -0.255  -1.357  -0.019   0.604  -1.559   0.617
  -1.208  -2.450   0.477  -0.895  -3.453   0.121  -2.291  -2.318   0.071  -1.207
  -2.460   1.560   0.250  -1.471  -1.536   0.508  -2.538  -2.134   0.395  -0.312
  -2.223   0.200   0.571  -1.819   0.869  -0.306  -3.592   0.914   0.722  -3.978
   1.878  -0.643  -3.462   0.299  -0.894  -4.305
  -1.428   2.516   0.211  -2.034   1.738   0.633  -3.081   1.988   0.336  -1.954
   1.704   1.754  -1.785   0.324   0.107  -2.498  -0.027  -0.840  -0.764  -0.325
   0.532  -0.221   0.113   1.256  -0.297  -1.650  -0.040   0.583  -1.860   0.609
  -1.152  -2.830   0.277  -0.406  -3.612   0.099  -2.038  -3.021  -0.454  -1.362
  -2.937   1.322   0.338  -1.557  -1.510   0.800  -2.468  -2.112   0.305  -0.335
  -1.981  -0.144   0.408  -1.426   1.139   0.111  -3.176   0.717   0.970  -3.645
   2.082   0.459  -2.832   1.306  -0.676  -3.948
  -1.387   2.133   0.517  -2.195   1.480   0.649  -3.018   1.861   0.115  -2.474
   1.272   1.669  -1.872   0.164  -0.037  -2.542  -0.214  -0.985  -0.817  -0.478
   0.528  -0.370   0.078   1.251  -0.154  -1.694  -0.025   0.701  -1.820   0.610
  -1.050  -2.891   0.175  -0.578  -3.857   0.002  -1.877  -2.723  -0.522  -1.454
  -2.855   1.158   0.559  -1.600  -1.351   0.974  -2.676  -1.918   0.767  -0.359
  -1.838   0.469   0.423  -1.292   1.296  -0.104  -3.203   1.601   0.930  -3.225
   2.136  -0.770  -3.501   0.480  -0.247  -3.909
  -1.019   2.334   0.280  -1.984   1.901   0.127  -2.447   2.509  -0.610  -2.720
   1.871   0.935  -1.750   0.481  -0.433  -2.299   0.137  -1.489  -0.825  -0.229
   0.237  -0.380   0.201   1.000  -0.230  -1.536  -0.289   0.690  -1.723   0.319
  -1.208  -2.694   0.038  -0.670  -3.660   0.161  -1.923  -2.884  -0.763  -1.703
  -2.554   1.037   0.164  -1.474  -1.717   0.010  -2.485  -2.464   0.681  -0.322
  -2.194   0.713   0.455  -1.529   0.901  -0.174  -3.634   1.829   0.334  -3.873
   0.814  -1.083  -4.225   0.317   0.633  -4.089
  -1.620   2.388   0.666  -1.973   2.182  -0.352  -1.261   2.457  -1.104  -2.959
   2.544  -0.563  -2.066   0.629  -0.519  -2.951   0.106  -1.130  -1.013  -0.088
  -0.072  -0.258   0.503   0.247  -0.652  -1.431  -0.524   0.134  -1.723   0.148
  -1.738  -2.524  -0.206  -1.326  -3.498  -0.406  -2.613  -2.269  -0.855  -1.904
  -2.509   0.888  -0.049  -1.473  -1.990  -0.103  -2.494  -2.698   0.403  -0.314
  -2.464   0.431   0.473  -1.805   1.107  -0.158  -3.714   1.585  -1.131  -4.040
   0.409   0.225  -4.476   1.920   0.538  -3.604
  -2.182   1.994   0.837  -1.817   2.007  -0.148  -0.852   2.457  -0.253  -2.680
   2.433  -0.617  -1.750   0.610  -0.674  -2.705   0.316  -1.411  -0.747  -0.103
  -0.271  -0.113   0.407   0.352  -0.348  -1.466  -0.684   0.507  -1.721  -0.091
  -1.492  -2.482  -0.399  -1.153  -3.543  -0.429  -2.261  -2.335  -1.090  -1.802
  -2.271   0.679   0.180  -1.537  -2.143   0.074  -2.620  -2.781   0.788  -0.422
  -2.655   0.958   0.383  -2.105   1.428  -0.411  -4.025   0.922  -1.157  -4.668
   1.276   0.603  -4.417   2.568  -0.582  -3.969
  -2.351   1.901   0.770  -2.016   2.196  -0.158  -1.116   2.893  -0.208  -2.782
   2.745  -0.616  -1.728   0.869  -0.852  -2.464   0.400  -1.714  -0.695   0.168
  -0.393  -0.097   0.694   0.160  -0.307  -1.217  -0.659   0.592  -1.372  -0.011
  -1.284  -2.190   0.052  -0.837  -3.171  -0.023  -2.330  -2.103  -0.434  -1.436
  -2.008   1.102   0.140  -1.557  -2.079   0.003  -2.636  -2.620   0.676  -0.471
  -2.723   0.710   0.437  -2.230   1.152  -0.515  -4.128   0.800  -1.415  -4.580
   0.602   0.175  -4.700   2.253  -0.445  -4.072
  -2.157   2.175   0.714  -2.263   2.240  -0.338  -1.557   2.911  -0.880  -3.290
   2.542  -0.662  -2.049   0.808  -0.767  -2.736   0.238  -1.590  -1.045   0.222
  -0.197  -0.567   0.706   0.571  -0.504  -1.196  -0.521   0.435  -1.232  -0.044
  -1.358  -2.253   0.211  -0.937  -3.271  -0.040  -2.328  -2.299  -0.251  -1.355
  -2.138   1.306  -0.247  -1.449  -2.034  -0.352  -2.617  -2.576   0.135  -0.456
  -2.814  -0.010   0.451  -2.399   0.687  -0.474  -4.213  -0.081  -0.436  -4.987
   1.235   0.496  -4.281   1.388  -1.269  -4.413
