default_name                                                                    
  -2.059   1.446   2.364  -2.599   0.485   2.125  -3.340   0.783   1.384  -2.896
  -0.089   2.945  -1.567  -0.287   1.367  -1.809  -0.921   0.281  -0.305  -0.248
   1.868  -0.137   0.288   2.701   0.935  -0.875   1.269   1.672  -0.525   1.931
   0.783  -2.393   1.377   1.724  -2.820   1.554   0.397  -2.830   0.462   0.056
  -2.637   2.172   1.351  -0.300  -0.110   2.056  -1.002  -0.900   0.945   0.950
  -0.420   0.531   1.482   0.305   1.172   1.516  -1.746   2.244   1.389  -1.926
   0.589   0.903  -2.375   0.809   2.537  -1.756
  -2.376   1.444   2.423  -2.754   0.568   2.038  -3.629   0.773   1.495  -2.898
  -0.148   2.848  -1.664  -0.070   1.192  -2.046  -0.585   0.140  -0.445  -0.095
   1.735  -0.378   0.507   2.561   0.682  -0.969   1.242   1.512  -0.678   1.840
   0.358  -2.450   1.430   1.179  -3.058   0.981  -0.597  -2.774   0.979   0.280
  -2.648   2.504   1.190  -0.648  -0.209   2.033  -1.329  -0.835   0.723   0.534
  -0.613   0.094   0.965   0.052   1.060   1.244  -1.880   2.064   1.601  -1.891
   1.067   0.567  -2.710   0.347   2.053  -2.062
  -2.263   1.730   2.536  -2.673   0.824   2.091  -3.428   1.093   1.402  -3.133
   0.167   2.841  -1.621  -0.018   1.429  -1.876  -0.842   0.529  -0.397   0.197
   1.917  -0.313   0.861   2.692   0.803  -0.561   1.502   1.709  -0.064   1.977
   0.740  -2.055   2.048   1.707  -2.564   1.822  -0.058  -2.563   1.470   0.414
  -2.064   3.074   1.108  -0.489  -0.012   1.640  -1.375  -0.655   0.780   0.697
  -0.579   0.579   1.508   0.016   0.560   1.023  -1.974   0.542   2.110  -2.114
   1.295   0.584  -2.635  -0.416   0.702  -2.215
  -2.443   1.503   2.319  -2.757   0.467   1.937  -3.427   0.763   1.147  -3.170
  -0.088   2.777  -1.588  -0.377   1.347  -1.623  -1.094   0.357  -0.404  -0.119
   1.943  -0.458   0.512   2.753   0.859  -0.698   1.482   1.662  -0.064   1.900
   1.114  -2.055   2.091   2.134  -2.530   2.022   0.454  -2.772   1.558   0.907
  -1.918   3.141   1.183  -0.528   0.036   1.824  -1.409  -0.563   0.718   0.482
  -0.695   0.277   1.199  -0.121   0.602   0.569  -2.125   0.376   1.607  -2.458
   1.544   0.211  -2.540  -0.248  -0.039  -2.463
  -2.976   1.167   1.490  -2.730   0.198   1.917  -3.483  -0.544   1.828  -2.624
   0.339   2.978  -1.445  -0.332   1.294  -1.642  -1.200   0.422  -0.288   0.021
   1.776  -0.253   0.853   2.331   0.983  -0.589   1.411   1.760   0.015   1.928
   1.013  -1.950   2.042   1.984  -2.380   2.257   0.341  -2.602   1.472   0.649
  -1.809   3.026   1.376  -0.504  -0.043   2.171  -1.207  -0.591   0.896   0.584
  -0.687   0.218   1.149  -0.160   0.992   0.902  -2.108   0.454   1.783  -2.262
   2.038   1.005  -2.445   0.682  -0.005  -2.709
  -2.387   0.230   3.127  -2.530   0.414   2.120  -2.422   1.476   1.890  -3.472
  -0.035   2.018  -1.415  -0.393   1.343  -1.720  -1.118   0.435  -0.173  -0.226
   1.858  -0.115   0.382   2.675   1.130  -0.656   1.248   1.891  -0.020   1.696
   1.424  -2.113   1.652   2.095  -2.615   0.892   0.512  -2.765   1.830   2.029
  -2.054   2.584   1.334  -0.390  -0.295   1.811  -1.189  -1.113   0.744   0.759
  -0.662  -0.009   1.090  -0.123   0.794   1.356  -1.966  -0.230   1.422  -2.265
   1.239   2.315  -1.850   1.279   0.674  -2.694
  -2.766   0.355   3.001  -2.319   0.891   2.121  -1.780   1.801   2.445  -3.148
   1.259   1.380  -1.455  -0.074   1.419  -1.902  -0.697   0.467  -0.208  -0.138
   1.899   0.008   0.455   2.648   0.943  -0.757   1.248   1.846  -0.483   1.890
   0.815  -2.233   1.583   1.566  -2.805   1.110  -0.127  -2.659   1.211   0.815
  -2.471   2.624   1.256  -0.457  -0.235   2.012  -1.226  -0.859   0.658   0.574
  -0.866   0.004   1.080  -0.293   0.880   0.853  -2.339   0.096   0.555  -2.939
   1.004   1.907  -2.570   1.765   0.382  -2.665
  -3.342   0.998   1.719  -2.384   0.987   2.218  -2.484   0.700   3.238  -1.912
   1.941   2.116  -1.492   0.040   1.367  -1.978  -0.853   0.654  -0.154   0.189
   1.619   0.098   0.954   2.267   0.932  -0.640   1.157   1.761  -0.156   1.607
   0.971  -1.951   1.953   1.927  -2.434   1.794   0.294  -2.704   1.486   0.815
  -1.754   3.011   1.297  -0.668  -0.374   2.094  -1.502  -0.788   0.866   0.337
  -1.147   0.235   0.991  -0.674   1.312   0.502  -2.532   0.799  -0.160  -3.166
   1.119   1.479  -2.954   2.411   0.336  -2.697
  -2.977   1.410   1.187  -2.216   1.132   1.963  -2.720   0.710   2.825  -1.637
   1.991   2.105  -1.287   0.125   1.381  -1.734  -0.555   0.454  -0.003   0.045
   1.833   0.280   0.616   2.592   1.085  -0.777   1.293   1.953  -0.305   1.586
   1.179  -2.070   2.044   2.001  -2.615   1.504   0.256  -2.623   1.852   1.399
  -2.061   3.107   1.201  -0.869  -0.247   1.794  -1.813  -0.788   0.755   0.129
  -1.087   0.469   0.970  -0.566   0.870   0.277  -2.535  -0.042   0.062  -3.000
   1.193   1.295  -2.822   1.572  -0.425  -2.959
  -3.140   0.961   1.130  -2.371   0.764   1.853  -2.911   0.317   2.683  -1.848
   1.633   2.191  -1.395  -0.289   1.280  -1.816  -1.033   0.446  -0.119  -0.224
   1.758   0.031   0.193   2.589   1.052  -0.948   1.270   1.936  -0.582   1.763
   0.858  -2.453   1.673   1.564  -3.108   1.136  -0.117  -2.704   1.564   1.120
  -2.567   2.722   1.316  -0.780  -0.296   1.874  -1.688  -0.973   0.806   0.288
  -0.882   0.175   0.862  -0.319   0.833   0.651  -2.295   0.880  -0.279  -2.851
   0.117   1.375  -2.672   1.770   1.158  -2.555
  -3.119   0.158   1.926  -2.116   0.284   2.285  -2.059   0.059   3.357  -1.836
   1.290   2.226  -1.208  -0.404   1.349  -1.671  -0.944   0.358   0.117  -0.335
   1.653   0.380   0.267   2.384   1.091  -1.161   1.035   2.000  -0.751   1.501
   1.041  -2.596   1.517   1.919  -3.184   1.233   0.239  -3.137   0.988   0.873
  -2.645   2.625   1.523  -0.853  -0.433   2.361  -1.650  -0.896   1.000   0.209
  -1.058   0.457   0.806  -0.441   1.406   0.720  -2.350   2.343   0.234  -2.787
   0.473   0.847  -3.026   1.543   1.806  -2.071
  -3.075   0.326   2.268  -2.042   0.640   2.257  -1.748   0.549   3.334  -1.952
   1.727   2.028  -1.106  -0.271   1.486  -1.650  -1.052   0.706   0.184  -0.204
   1.704   0.340   0.543   2.269   1.343  -0.931   1.157   2.230  -0.487   1.619
   1.208  -2.406   1.514   2.164  -2.930   1.356   0.350  -2.815   0.955   0.862
  -2.544   2.516   1.561  -0.738  -0.376   2.325  -1.460  -1.021   0.903   0.327
  -0.893   0.314   0.938  -0.297   1.187   0.844  -2.259   2.096   0.387  -2.727
   0.338   0.690  -3.015   1.313   1.909  -2.214
  -1.979   1.159   1.826  -2.165   0.194   2.098  -3.139  -0.050   1.658  -2.243
   0.122   3.183  -1.119  -0.655   1.453  -1.420  -1.548   0.614   0.168  -0.495
   1.819   0.379   0.136   2.563   1.292  -1.215   1.268   2.140  -0.855   1.874
   1.289  -2.651   1.601   2.331  -2.987   1.610   0.827  -3.118   0.753   0.750
  -2.798   2.542   1.762  -0.848  -0.222   2.659  -1.540  -0.782   1.205   0.176
  -0.778   0.432   0.597  -0.281   1.451   0.699  -2.133   1.430  -0.058  -2.887
   0.639   1.372  -2.435   2.344   1.280  -2.139
  -1.963   0.887   1.936  -1.915  -0.224   2.186  -2.805  -0.800   1.899  -1.677
  -0.476   3.219  -0.789  -0.665   1.342  -0.895  -1.307   0.314   0.434  -0.412
   1.852   0.458   0.018   2.791   1.644  -1.064   1.383   2.315  -0.405   1.898
   1.710  -2.457   2.035   2.767  -2.783   1.808   1.036  -3.038   1.498   1.410
  -2.543   3.048   1.991  -0.861  -0.066   2.847  -1.624  -0.525   1.309   0.060
  -0.794   0.726   0.738  -0.329   1.638   0.218  -2.192   0.802  -0.222  -2.753
   1.805   1.267  -2.417   2.515  -0.315  -2.568
  -2.299   1.037   1.735  -2.354  -0.017   1.931  -3.191  -0.473   1.415  -2.413
  -0.153   3.001  -1.021  -0.711   1.494  -1.023  -1.763   0.811   0.219  -0.157
   1.816   0.275   0.704   2.380   1.596  -0.618   1.448   2.235   0.113   1.877
   1.889  -1.990   2.154   2.958  -2.114   2.176   1.568  -2.880   1.596   1.402
  -2.099   3.153   2.027  -0.535  -0.084   3.044  -1.190  -0.433   1.235   0.127
  -0.918   0.437   0.641  -0.513   1.412   0.184  -2.353   0.723  -0.542  -2.893
   1.234   1.161  -2.777   2.475   0.071  -2.542
  -2.496   0.111   2.465  -2.464  -0.768   1.791  -3.210  -0.693   1.002  -2.753
  -1.622   2.468  -1.140  -1.033   1.180  -1.043  -1.892   0.279  -0.053  -0.401
   1.673  -0.326   0.416   2.289   1.337  -0.740   1.470   1.867  -0.024   2.079
   1.687  -1.974   2.286   2.791  -2.273   2.145   1.012  -2.808   2.017   1.496
  -1.815   3.346   1.755  -0.788  -0.053   2.776  -1.332  -0.426   0.961  -0.172
  -0.948   0.072   0.166  -0.500   1.440   0.429  -2.221   2.512   0.288  -2.452
   0.934   0.009  -3.048   1.335   1.512  -2.105
  -2.735   0.943   1.861  -2.798   0.001   1.330  -3.447   0.236   0.447  -3.175
  -0.707   1.971  -1.493  -0.590   0.931  -1.536  -1.618   0.210  -0.428  -0.149
   1.558  -0.476   0.733   2.118   0.930  -0.762   1.347   1.534  -0.132   1.934
   1.003  -2.165   1.921   2.006  -2.484   2.237   0.624  -2.923   1.274   0.306
  -2.168   2.758   1.446  -0.729  -0.078   2.347  -1.551  -0.476   1.041   0.255
  -0.848   0.284   0.825  -0.398   1.556   0.690  -2.101   1.985  -0.143  -2.624
   0.771   1.130  -2.652   2.372   1.380  -1.897
  -3.615  -0.022   0.667  -2.958  -0.497   1.428  -3.525  -1.355   1.803  -2.833
   0.139   2.277  -1.554  -0.839   0.846  -1.455  -1.517  -0.158  -0.454  -0.426
   1.528  -0.712   0.194   2.308   0.977  -0.782   1.423   1.637  -0.062   1.872
   1.247  -2.081   2.233   2.332  -2.263   2.120   0.629  -2.895   1.736   0.988
  -1.940   3.237   1.369  -0.883  -0.087   2.161  -1.801  -0.447   1.039   0.079
  -0.908   0.683   0.824  -0.303   1.251   0.328  -2.279   0.924  -0.535  -2.866
   0.799   1.246  -2.477   2.310   0.392  -2.442
  -3.339   0.538   1.147  -3.095  -0.519   1.271  -3.892  -1.169   0.864  -2.970
  -0.658   2.298  -1.707  -0.760   0.691  -1.584  -1.516  -0.284  -0.720  -0.186
   1.335  -0.978   0.403   2.094   0.689  -0.639   1.432   1.314   0.119   1.877
   0.869  -1.886   2.332   1.966  -1.866   2.427   0.478  -2.779   1.844   0.454
  -1.661   3.321   1.340  -0.875   0.022   2.176  -1.817  -0.127   0.976  -0.131
  -1.053   0.220   0.444  -0.885   1.521  -0.294  -2.416   1.240  -1.207  -2.940
   1.255   0.534  -3.059   2.586  -0.347  -2.389
  -3.283   0.415   0.196  -3.089  -0.492   0.566  -3.701  -1.223   0.160  -3.253
  -0.369   1.698  -1.676  -0.859   0.306  -1.355  -1.809  -0.351  -0.826  -0.135
   1.020  -1.134   0.660   1.542   0.634  -0.481   1.271   1.073   0.347   1.869
   0.679  -1.551   2.304   1.694  -1.610   2.669   0.495  -2.505   1.820  -0.064
  -1.236   3.077   1.489  -0.587   0.009   2.374  -1.427  -0.232   1.187   0.337
  -0.930   0.397   0.882  -0.602   1.601   0.314  -2.384   1.006  -0.432  -2.985
   1.344   1.268  -2.786   2.694   0.152  -2.410
