default_name                                                                    
  -4.013   1.364   0.190  -3.118   1.448   0.842  -3.399   0.986   1.805  -2.900
   2.438   1.133  -1.873   0.775   0.262  -2.017   0.057  -0.780  -0.681   1.061
   0.855  -0.694   1.581   1.708   0.588   0.268   0.633   1.416   0.737   1.240
   0.546  -1.187   1.168   1.641  -1.517   1.127  -0.057  -1.746   0.395   0.154
  -1.314   2.177   1.231   0.301  -0.750   1.981  -0.541  -1.136   0.774   1.210
  -1.632   0.097   1.888  -1.271   1.375   1.369  -2.957   2.034   2.186  -2.972
   1.950   0.509  -3.138   0.652   1.489  -3.755
  -3.323   1.961   0.324  -2.992   1.309   1.099  -3.751   0.690   1.489  -2.506
   1.934   1.934  -1.855   0.452   0.471  -1.998  -0.298  -0.455  -0.705   0.595
   1.139  -0.669   1.395   1.694   0.613  -0.127   0.836   1.426   0.353   1.473
   0.542  -1.555   1.390   1.580  -1.997   1.448  -0.029  -2.157   0.730   0.139
  -1.607   2.394   1.173   0.029  -0.660   2.328  -0.356  -0.906   0.419   0.629
  -1.656  -0.500   1.063  -1.450   0.928   0.771  -3.073   0.249   1.178  -3.840
   1.873   1.359  -3.134   1.337  -0.183  -3.398
  -3.386   1.810   0.572  -3.195   0.797   1.008  -4.076   0.157   0.846  -3.034
   0.821   2.086  -1.955   0.212   0.322  -2.110  -0.445  -0.668  -0.887   0.431
   1.021  -0.928   0.910   1.884   0.386  -0.157   0.750   1.089   0.334   1.393
   0.450  -1.610   1.214   1.352  -2.110   0.921  -0.417  -2.154   0.844   0.333
  -1.582   2.312   1.008  -0.034  -0.687   2.223  -0.321  -0.786   0.313   0.462
  -1.692  -0.657   0.692  -1.545   0.824   0.844  -3.010   0.689   1.869  -3.172
   1.880   0.730  -3.007   0.325   0.347  -3.865
  -3.835   1.918   0.223  -3.740   0.858   0.463  -4.436   0.401  -0.205  -3.972
   0.720   1.531  -2.432   0.163   0.085  -2.362  -0.490  -0.947  -1.427   0.241
   0.887  -1.579   0.789   1.719  -0.024  -0.303   0.748   0.609   0.078   1.578
  -0.112  -1.833   0.848   0.920  -2.303   0.833  -0.504  -2.219  -0.042  -0.573
  -2.096   1.779   0.808  -0.017  -0.497   1.990  -0.464  -0.574   0.214   0.543
  -1.563  -0.784   0.591  -1.599   0.895   0.864  -2.832   0.286   1.697  -3.297
   1.847   1.279  -2.617   0.941  -0.041  -3.452
  -3.978   1.543  -0.358  -3.536   1.088   0.526  -4.074   0.347   0.969  -3.343
   1.854   1.212  -2.262   0.365   0.029  -2.377  -0.155  -1.049  -1.245   0.455
   0.833  -1.360   1.021   1.708   0.025  -0.299   0.702   0.686   0.126   1.356
  -0.372  -1.723   0.942   0.518  -2.408   0.929  -0.975  -2.062   0.182  -1.020
  -1.848   1.808   0.913  -0.116  -0.547   2.031  -0.588  -0.462   0.450   0.548
  -1.647  -0.486   0.883  -1.468   1.139   0.716  -2.924   0.396   1.114  -3.579
   2.085   1.330  -2.894   1.398  -0.242  -3.375
  -3.455   1.879   0.651  -3.406   0.742   0.638  -4.216   0.358  -0.063  -3.515
   0.260   1.664  -2.104   0.403   0.036  -2.150   0.244  -1.212  -1.052   0.375
   0.842  -1.202   0.683   1.848   0.282  -0.198   0.728   0.792   0.340   1.486
   0.176  -1.670   1.180   1.106  -2.131   1.532  -0.164  -2.221   0.313  -0.673
  -1.775   1.963   1.150  -0.062  -0.551   2.296  -0.531  -0.610   0.488   0.326
  -1.691  -0.511   0.424  -1.794   1.279   0.719  -2.877   0.786   1.329  -3.549
   2.212   1.206  -2.573   1.663  -0.074  -3.447
  -3.684   0.566   1.237  -3.548   0.757   0.136  -3.404   1.866   0.040  -4.412
   0.392  -0.445  -2.237   0.135  -0.360  -2.135  -0.237  -1.534  -1.284   0.185
   0.619  -1.403   0.850   1.347   0.018  -0.490   0.533   0.564  -0.137   1.441
  -0.197  -2.013   0.736   0.804  -2.390   0.923  -0.610  -2.480  -0.135  -0.849
  -2.284   1.554   1.112  -0.263  -0.603   2.308  -0.421  -0.447   0.616   0.220
  -1.813  -0.416   0.260  -1.880   1.371   0.799  -3.002   1.177   1.869  -3.039
   2.453   0.765  -2.859   1.222   0.270  -3.961
  -3.631   0.948   0.825  -3.550   0.997  -0.207  -3.665   1.924  -0.805  -4.188
   0.318  -0.641  -2.175   0.423  -0.581  -1.919   0.139  -1.774  -1.386   0.134
   0.456  -1.705   0.451   1.357  -0.116  -0.670   0.492   0.290  -0.658   1.510
  -0.316  -2.191   0.257   0.677  -2.641   0.123  -0.822  -2.356  -0.733  -0.916
  -2.706   1.005   1.090  -0.036  -0.336   2.244  -0.124   0.148   0.877   0.431
  -1.600  -0.049   0.281  -1.997   1.971   0.422  -2.584   2.483   1.393  -2.779
   2.789  -0.246  -2.256   1.597   0.108  -3.520
  -4.215  -0.295   0.287  -3.571   0.357  -0.276  -3.469   1.251   0.273  -4.165
   0.584  -1.158  -2.143  -0.169  -0.561  -1.934  -0.710  -1.667  -1.241  -0.025
   0.388  -1.550   0.479   1.267   0.011  -0.755   0.494   0.378  -0.664   1.481
  -0.167  -2.249   0.307   0.753  -2.753   0.452  -0.599  -2.488  -0.657  -0.804
  -2.604   1.106   1.072  -0.144  -0.437   2.245  -0.269  -0.220   0.711   0.363
  -1.613  -0.273   0.107  -1.926   1.581   1.038  -2.593   1.275   2.080  -2.540
   2.662   0.908  -2.319   1.462   0.546  -3.599
  -3.973   0.238   0.297  -3.463   0.774  -0.483  -3.178   1.679  -0.024  -4.135
   0.832  -1.364  -2.192   0.004  -0.742  -2.032  -0.547  -1.782  -1.263   0.038
   0.247  -1.601   0.593   1.073   0.041  -0.686   0.256   0.526  -0.626   1.304
  -0.200  -2.200   0.074   0.682  -2.736   0.095  -0.543  -2.418  -0.899  -0.954
  -2.412   0.811   1.194  -0.176  -0.653   2.381  -0.194  -0.150   0.921   0.221
  -1.927  -0.010  -0.040  -2.254   1.696   1.215  -2.695   1.028   1.982  -3.162
   2.445   1.700  -1.992   2.199   0.738  -3.494
  -3.922   0.505   0.199  -3.304   1.234  -0.256  -3.195   2.055   0.447  -3.696
   1.626  -1.114  -2.065   0.456  -0.544  -2.087   0.002  -1.676  -1.221   0.195
   0.446  -1.447   0.611   1.351   0.017  -0.636   0.338   0.422  -0.685   1.409
  -0.391  -2.066   0.035   0.413  -2.802  -0.017  -1.057  -2.130  -0.858  -0.914
  -2.421   0.928   1.091  -0.125  -0.652   2.272  -0.028  -0.248   0.691   0.333
  -1.840  -0.277   0.136  -2.095   1.399   1.078  -2.820   1.135   2.129  -2.826
   2.508   0.929  -2.754   1.141   0.529  -3.731
  -4.088   0.475   0.231  -3.260   1.198   0.000  -2.911   1.752   0.924  -3.535
   1.975  -0.713  -2.146   0.292  -0.452  -2.112  -0.084  -1.589  -1.228   0.008
   0.466  -1.259   0.484   1.330   0.127  -0.643   0.276   0.416  -0.666   1.297
  -0.078  -2.134  -0.107   0.766  -2.674   0.208  -0.161  -2.179  -1.195  -1.029
  -2.624   0.189   1.176   0.159  -0.609   2.336   0.288  -0.150   0.753   0.791
  -1.706  -0.248   0.638  -1.932   1.565   1.419  -2.748   1.556   2.538  -2.614
   2.619   1.022  -2.822   1.042   1.143  -3.696
  -4.050   1.357  -0.743  -3.338   1.183   0.075  -3.827   0.593   0.869  -3.014
   2.125   0.531  -2.155   0.406  -0.414  -2.130   0.123  -1.608  -1.172   0.122
   0.449  -1.283   0.507   1.402   0.124  -0.510   0.351   0.537  -0.505   1.393
  -0.149  -1.960  -0.089   0.807  -2.382  -0.585  -0.939  -1.986  -0.864  -0.593
  -2.507   0.771   1.094   0.087  -0.575   2.259   0.139  -0.253   0.616   0.733
  -1.667  -0.317   0.606  -1.953   1.395   1.783  -2.351   1.926   2.357  -1.626
   2.232   1.304  -2.938   0.805   2.476  -2.970
  -3.904   1.233  -0.270  -3.120   1.092   0.482  -3.550   0.714   1.443  -2.694
   2.075   0.607  -2.035   0.190  -0.121  -2.207  -0.170  -1.275  -0.967  -0.099
   0.682  -0.978   0.339   1.659   0.303  -0.640   0.219   0.870  -0.697   1.159
   0.176  -2.068  -0.318   1.170  -2.531  -0.330  -0.099  -2.021  -1.387  -0.531
  -2.619   0.251   1.243   0.219  -0.666   2.341   0.474  -0.281   0.699   0.680
  -1.828  -0.291   0.437  -2.027   1.394   1.480  -2.839   1.367   2.515  -2.632
   2.453   1.170  -2.940   0.925   1.362  -3.817
  -3.842   1.057  -0.650  -3.218   0.869   0.169  -3.712   0.306   0.975  -2.777
   1.742   0.692  -2.039   0.046  -0.403  -1.989  -0.362  -1.584  -0.983  -0.148
   0.408  -1.303  -0.025   1.324   0.354  -0.657   0.101   0.994  -0.525   0.939
   0.220  -2.137  -0.320   1.152  -2.611  -0.032   0.057  -2.267  -1.379  -0.560
  -2.723   0.042   1.169   0.181  -0.950   2.367   0.131  -0.918   0.428   0.980
  -1.826  -0.595   0.844  -1.665   1.039   1.856  -2.855   0.829   2.889  -2.545
   2.081   1.790  -2.864   0.619   1.628  -3.805
  -4.348   0.757  -0.707  -3.626   0.528   0.077  -3.999  -0.220   0.748  -3.478
   1.427   0.695  -2.314   0.038  -0.462  -2.146  -0.113  -1.716  -1.400  -0.227
   0.445  -1.729  -0.136   1.400   0.035  -0.635   0.136   0.491  -0.723   1.063
   0.047  -2.177  -0.345   1.027  -2.605  -0.500  -0.520  -2.366  -1.274  -0.329
  -2.765   0.499   0.936   0.233  -0.712   2.130   0.332  -0.398   0.475   0.997
  -1.723  -0.546   1.118  -1.737   1.108   1.907  -2.652   1.448   2.750  -2.119
   2.032   1.503  -3.011   0.368   2.284  -3.288
  -3.945   1.014  -0.981  -3.072   1.172  -0.412  -3.351   1.283   0.634  -2.596
   2.005  -0.877  -2.089   0.055  -0.591  -2.203  -0.756  -1.500  -1.075  -0.046
   0.316  -1.139   0.733   0.988   0.335  -0.483   0.093   0.772  -0.652   1.107
   0.359  -1.932  -0.526   1.395  -2.224  -0.600   0.133  -1.902  -1.598  -0.254
  -2.709  -0.084   1.268   0.548  -0.624   2.471   0.649  -0.338   0.744   1.127
  -1.677  -0.237   0.962  -1.833   1.472   1.998  -2.612   1.288   2.992  -2.339
   2.503   1.740  -2.677   1.161   1.689  -3.607
  -3.777  -0.105   0.295  -3.249   0.460  -0.492  -3.125   1.464  -0.131  -3.808
   0.307  -1.434  -1.920  -0.171  -0.713  -1.550  -0.435  -1.865  -1.097  -0.253
   0.294  -1.419  -0.029   1.213   0.324  -0.459   0.219   0.631  -0.345   1.290
   0.655  -1.953  -0.219   1.695  -2.070  -0.400   0.159  -2.178  -1.183   0.279
  -2.601   0.585   1.246   0.536  -0.552   2.398   0.692  -0.290   0.685   1.235
  -1.535  -0.301   1.088  -1.638   1.285   2.165  -2.532   0.486   2.698  -3.084
   1.907   2.909  -2.095   1.945   1.664  -3.217
  -3.240   1.100   0.253  -3.311   0.597  -0.732  -3.436   1.331  -1.563  -4.237
  -0.057  -0.634  -2.034  -0.250  -0.875  -1.778  -0.859  -1.908  -1.210  -0.231
   0.223  -1.560   0.248   1.048   0.263  -0.388   0.244   0.585   0.021   1.199
   0.657  -1.823   0.290   1.731  -1.943   0.670   0.470  -2.278  -0.697  -0.081
  -2.221   1.006   1.053   0.467  -0.800   2.212   0.795  -0.502   0.480   1.060
  -1.876  -0.481   0.867  -2.153   1.149   2.194  -2.593   0.488   2.719  -3.397
   1.645   2.929  -1.991   1.915   1.692  -3.236
  -3.469   1.834  -0.056  -3.619   0.804  -0.393  -4.087   0.894  -1.376  -4.223
   0.114   0.252  -2.202   0.230  -0.614  -2.002  -0.260  -1.666  -1.296   0.321
   0.342  -1.599   0.769   1.172   0.128  -0.071   0.254   0.564   0.098   1.203
   0.128  -1.632   0.250   1.224  -1.956   0.066  -0.447  -2.029  -0.576  -0.221
  -2.084   1.187   1.034   0.642  -0.768   2.225   0.827  -0.573   0.444   1.059
  -1.888  -0.425   0.631  -1.998   0.939   1.962  -2.886   0.403   1.820  -3.848
   0.669   3.004  -2.600   2.003   1.781  -2.940
