default_name                                                                    
  -3.486   0.086   1.281  -2.890   0.909   0.968  -2.721   1.580   1.777  -3.396
   1.337   0.137  -1.552   0.456   0.479  -1.496  -0.115  -0.611  -0.502   0.552
   1.237  -0.596   1.100   2.087   0.897  -0.031   0.983   1.556   0.429   1.723
   0.865  -1.506   1.448   1.798  -1.891   1.990   0.812  -2.125   0.531  -0.005
  -1.675   2.019   1.605   0.122  -0.446   2.542  -0.569  -0.793   1.031   1.048
  -1.322   0.288   1.561  -0.956   1.546   1.624  -2.568   2.010   2.586  -2.310
   2.335   0.986  -2.993   0.695   1.729  -3.257
  -3.128  -0.201   1.592  -2.812   0.611   0.935  -2.917   1.627   1.459  -3.505
   0.630   0.127  -1.433   0.499   0.307  -1.289  -0.009  -0.807  -0.438   0.999
   0.985  -0.734   1.339   1.880   0.947   0.464   0.979   1.479   1.068   1.666
   0.956  -0.967   1.563   2.009  -1.107   1.918   0.674  -1.643   0.781   0.230
  -1.032   2.361   1.751   0.500  -0.335   2.734  -0.152  -0.557   1.366   1.380
  -1.270   0.702   1.992  -0.796   1.885   1.683  -2.587   2.589   2.481  -2.569
   2.535   0.782  -2.934   1.129   1.784  -3.304
  -2.887   0.298   1.789  -2.729   0.609   0.793  -2.951   1.650   0.630  -3.420
   0.057   0.256  -1.309   0.352   0.369  -1.122  -0.249  -0.661  -0.387   0.809
   1.197  -0.736   1.267   1.998   1.040   0.460   1.186   1.542   1.027   1.999
   1.129  -0.964   1.735   2.128  -1.243   1.682   0.536  -1.723   1.060   0.665
  -1.151   2.764   1.940   0.704  -0.133   3.053   0.268  -0.238   1.397   1.392
  -1.185   0.419   1.706  -1.095   2.067   1.653  -2.499   2.338   2.685  -2.685
   2.969   1.142  -2.627   1.403   1.439  -3.357
  -3.060   0.393   1.845  -2.898   0.338   0.730  -3.251   1.267   0.210  -3.467
  -0.539   0.312  -1.395   0.205   0.438  -1.006  -0.344  -0.625  -0.503   0.594
   1.358  -0.922   1.235   2.000   0.929   0.341   1.370   1.358   0.905   2.186
   1.102  -1.118   1.730   2.114  -1.334   2.067   0.811  -1.747   0.904   0.505
  -1.375   2.637   1.758   0.740   0.035   2.780   0.110  -0.208   1.289   1.854
  -0.611   0.388   2.070  -0.266   1.693   2.261  -1.982   0.818   2.531  -2.539
   2.485   3.039  -1.949   2.128   1.292  -2.409
  -3.172  -0.623   1.066  -2.753   0.239   0.627  -2.828   1.111   1.263  -3.216
   0.523  -0.285  -1.273  -0.007   0.372  -0.920  -0.585  -0.690  -0.359   0.440
   1.299  -0.668   0.887   2.102   1.114   0.233   1.304   1.494   0.740   2.175
   1.349  -1.315   1.456   2.396  -1.554   1.653   0.988  -1.927   0.632   0.833
  -1.724   2.289   1.702   0.816   0.049   2.419   0.146  -0.672   1.282   2.059
  -0.315   0.804   2.699   0.351   1.673   2.634  -1.606   1.332   3.666  -1.553
   2.756   2.566  -1.754   1.179   2.023  -2.358
  -3.006   0.320   1.445  -2.665   0.345   0.408  -2.655   1.359   0.096  -3.453
   0.024  -0.206  -1.301  -0.283   0.111  -1.121  -0.767  -0.977  -0.397  -0.135
   1.084  -0.873   0.116   1.891   1.050  -0.228   1.090   1.288   0.383   1.966
   1.711  -1.671   1.391   2.739  -1.439   1.773   1.804  -2.129   0.398   1.109
  -2.150   2.129   1.656   0.491  -0.126   2.579  -0.096  -0.750   1.222   1.718
  -0.382   0.366   2.100   0.128   1.762   2.527  -1.426   2.697   2.942  -1.143
   2.000   1.964  -2.342   1.103   3.333  -1.688
  -2.784   0.535   1.015  -2.555  -0.139   0.196  -2.944   0.144  -0.713  -2.961
  -1.070   0.524  -1.102  -0.345   0.040  -0.682  -0.808  -1.086  -0.308  -0.030
   1.076  -0.744   0.417   1.915   1.171  -0.120   1.169   1.542   0.419   2.089
   1.511  -1.610   1.259   2.509  -1.783   0.739   0.873  -2.293   0.628   1.484
  -1.915   2.331   1.852   0.747   0.042   2.893   0.411  -0.454   1.173   1.851
  -0.367   0.331   2.067   0.124   1.713   2.771  -1.375   2.712   3.164  -1.147
   1.674   2.214  -2.282   1.064   3.658  -1.390
  -2.690   1.096  -0.458  -2.650   0.132   0.031  -3.291  -0.504  -0.583  -3.092
   0.226   1.023  -1.202  -0.349   0.108  -0.719  -0.974  -0.805  -0.355  -0.097
   1.124  -0.777   0.361   1.889   1.110  -0.259   1.127   1.407   0.277   1.997
   1.494  -1.755   1.156   2.500  -1.740   1.529   1.487  -2.228   0.200   0.892
  -2.401   1.873   1.938   0.563   0.158   2.998   0.131  -0.353   1.325   1.681
  -0.204   0.387   1.855   0.275   1.834   2.731  -1.099   2.940   2.750  -1.015
   1.471   2.478  -2.097   1.400   3.700  -0.804
  -3.026   1.182   0.476  -2.809   0.177   0.007  -3.283   0.059  -1.003  -3.079
  -0.522   0.699  -1.273  -0.056  -0.067  -0.817  -0.630  -1.063  -0.529   0.198
   0.983  -0.954   0.610   1.767   0.909  -0.095   1.156   1.218   0.223   2.192
   1.114  -1.646   1.191   2.095  -1.881   1.601   1.015  -2.126   0.181   0.271
  -2.140   1.747   1.796   0.682   0.228   2.954   0.375   0.151   1.421   1.836
  -0.397   0.477   2.034  -0.187   2.232   2.784  -1.168   3.268   2.494  -1.022
   2.028   2.773  -2.265   2.035   3.860  -0.892
  -2.948   1.033   0.084  -2.743   0.050  -0.310  -2.934   0.079  -1.371  -3.288
  -0.758   0.216  -1.255  -0.163  -0.195  -0.528  -0.562  -1.140  -0.697   0.136
   0.982  -1.366   0.513   1.627   0.706  -0.002   1.297   0.782   0.320   2.319
   1.011  -1.545   1.386   1.853  -1.675   2.011   1.207  -1.996   0.435   0.144
  -2.033   1.849   1.804   0.853   0.574   3.015   0.530   0.585   1.330   1.816
  -0.172   0.330   2.036  -0.233   2.141   2.778  -0.899   3.189   2.668  -0.842
   1.844   2.516  -1.946   1.823   3.803  -0.579
  -2.925   0.600   0.833  -2.778  -0.026  -0.030  -3.043   0.438  -0.990  -3.371
  -0.970   0.116  -1.268  -0.333  -0.067  -0.652  -0.564  -1.116  -0.704  -0.182
   1.100  -1.265   0.100   1.861   0.675  -0.409   1.533   0.675  -0.036   2.567
   0.948  -1.892   1.493   1.894  -2.200   1.951   0.912  -2.260   0.523   0.248
  -2.493   2.090   1.798   0.439   0.853   3.002   0.235   1.054   1.438   1.481
   0.122   0.471   1.826   0.200   2.268   2.138  -0.882   2.782   1.378  -1.390
   1.626   2.637  -1.575   2.923   2.956  -0.419
  -2.647   0.770  -0.153  -2.603  -0.308   0.117  -3.045  -0.844  -0.622  -3.143
  -0.482   1.030  -1.151  -0.725   0.211  -0.713  -1.162  -0.820  -0.668  -0.551
   1.385  -1.269  -0.306   2.148   0.781  -0.538   1.614   0.748  -0.048   2.625
   1.235  -1.991   1.859   2.247  -1.961   2.199   1.159  -2.572   0.877   0.537
  -2.436   2.518   1.626   0.357   0.695   2.839   0.150   0.535   1.037   1.418
   0.094   0.034   1.485   0.338   1.612   2.348  -0.880   0.906   2.637  -1.706
   1.842   3.260  -0.342   2.508   2.052  -1.261
  -2.756   0.426   0.203  -2.455  -0.521  -0.045  -2.713  -0.713  -1.120  -2.979
  -1.232   0.650  -0.954  -0.599   0.127  -0.236  -0.811  -0.881  -0.424  -0.445
   1.351  -1.047  -0.398   2.175   1.002  -0.417   1.698   1.150  -0.053   2.705
   1.553  -1.921   1.650   2.609  -1.924   1.720   1.331  -2.291   0.639   1.138
  -2.495   2.441   1.858   0.469   0.790   2.990   0.197   0.597   1.293   1.552
   0.285   0.281   1.620   0.561   1.904   2.571  -0.589   2.188   2.138  -1.534
   1.112   3.259  -0.707   2.735   3.135  -0.128
  -2.471   0.397  -0.281  -2.188  -0.655  -0.290  -2.513  -1.005  -1.221  -2.787
  -1.211   0.474  -0.635  -0.786  -0.118   0.100  -0.876  -1.075  -0.156  -0.687
   1.188  -0.845  -0.513   1.967   1.272  -0.709   1.526   1.329  -0.367   2.550
   1.647  -2.193   1.418   2.660  -2.489   1.850   1.822  -2.374   0.381   0.875
  -2.762   1.804   2.231   0.250   0.756   3.300  -0.095   0.195   1.794   1.517
   0.620   0.971   1.764   1.203   2.393   2.544  -0.200   2.332   2.260  -1.214
   1.909   3.481  -0.083   3.383   2.673   0.074
  -2.552   0.396   0.558  -2.213  -0.488  -0.037  -2.541  -0.425  -1.035  -2.477
  -1.495   0.380  -0.652  -0.468   0.055  -0.034  -0.413  -0.991  -0.152  -0.401
   1.293  -0.742  -0.084   2.088   1.322  -0.654   1.586   1.362  -0.488   2.675
   1.624  -2.070   1.242   2.646  -2.199   1.496   1.459  -2.310   0.162   1.038
  -2.692   1.936   2.338   0.372   0.947   3.536   0.182   0.781   1.859   1.608
   0.813   0.862   1.646   0.891   2.537   2.778   0.329   3.227   2.546  -0.488
   1.870   3.461  -0.095   3.081   3.269   1.172
  -1.705   1.052  -0.390  -1.740  -0.040  -0.473  -1.973  -0.289  -1.480  -2.445
  -0.533   0.186  -0.371  -0.586  -0.145   0.369  -1.123  -0.941  -0.024  -0.516
   1.123  -0.749  -0.252   1.749   1.241  -0.864   1.818   1.136  -0.706   2.932
   1.583  -2.338   1.697   2.552  -2.639   2.081   1.535  -2.565   0.634   0.802
  -2.920   2.290   2.323   0.183   1.362   3.476  -0.156   1.016   1.937   1.444
   1.189   1.040   1.677   1.398   2.796   2.474   0.589   2.891   2.297  -0.493
   2.274   3.415   0.703   3.840   2.460   0.997
  -2.291   0.793  -0.094  -2.035  -0.241  -0.235  -2.250  -0.536  -1.267  -2.531
  -0.896   0.491  -0.570  -0.501   0.043   0.205  -0.759  -0.862  -0.322  -0.450
   1.384  -1.118  -0.316   2.049   0.948  -0.876   1.995   0.881  -0.644   3.077
   1.070  -2.416   1.900   1.734  -2.840   2.633   1.453  -2.710   0.937   0.084
  -2.895   2.152   2.188  -0.198   1.392   3.306  -0.706   1.291   1.992   1.098
   1.229   1.077   1.356   1.502   2.879   2.188   0.720   3.584   1.843   0.000
   2.349   3.031   0.234   3.453   2.765   1.465
  -2.253   1.135   0.175  -1.970   0.240  -0.446  -1.889   0.648  -1.510  -2.772
  -0.519  -0.325  -0.625  -0.322  -0.055   0.172  -0.723  -0.921  -0.389  -0.212
   1.275  -1.120   0.243   1.893   0.876  -0.497   1.962   0.830   0.139   2.865
   0.986  -1.938   2.543   1.670  -1.898   3.325   1.174  -2.632   1.759   0.059
  -2.160   3.059   2.147  -0.035   1.190   3.162  -0.672   1.111   2.119   1.213
   0.693   1.299   1.741   0.750   3.314   1.954   0.171   3.480   1.615  -0.852
   3.042   3.064   0.274   4.174   2.003   0.829
  -2.455   1.090   0.019  -2.318  -0.029  -0.095  -2.506  -0.081  -1.159  -3.058
  -0.563   0.473  -0.906  -0.522   0.308  -0.228  -1.070  -0.541  -0.444  -0.217
   1.566  -0.913   0.520   2.038   0.759  -0.811   2.131   0.900  -0.272   3.115
   0.601  -2.357   2.440   1.372  -2.674   3.092   0.633  -2.845   1.494  -0.388
  -2.646   2.820   2.046  -0.552   1.295   3.027  -1.325   1.406   2.064   0.669
   0.725   1.237   1.231   0.721   3.231   1.285   0.102   3.250   1.010  -0.956
   3.131   2.374   0.198   4.191   0.768   0.474
  -1.700   1.271   0.313  -1.828   0.246  -0.038  -1.913   0.189  -1.064  -2.708
  -0.192   0.453  -0.730  -0.733   0.368  -0.211  -1.525  -0.430  -0.191  -0.436
   1.570  -0.625   0.286   2.115   1.094  -0.890   2.072   1.270  -0.526   3.154
   0.982  -2.421   2.298   1.947  -2.652   2.764   0.984  -2.905   1.320   0.149
  -2.672   2.913   2.264  -0.279   1.223   3.281  -1.009   1.043   2.046   0.927
   0.699   1.096   1.325   0.886   3.181   1.640   0.121   3.413   1.259  -0.937
   2.973   2.719   0.052   4.100   1.468   0.659
