default_name                                                                    
   22  0.1200000E+03
  -1.3484615   1.2064694   2.2884142  -1.4424891   0.6730122   1.4130071
  -1.1930708   1.3388893   0.6130375  -2.4456876   0.3372246   1.2646296
  -0.2681798  -0.2849024   1.4558445  -0.3115305  -1.4109783   1.8952227
   0.9176943   0.2144975   1.0581517   0.8458763   1.2239045   0.8489873
   2.2394690  -0.4337408   0.9087346   2.8261919   0.3636855   0.4275173
   2.9838593  -0.6592095   2.2527083   3.8769856  -1.3046039   2.0824804
   2.3632790  -1.1649926   3.0680350   3.3202323   0.2954192   2.6958860
   2.3640818  -1.5292901  -0.2002398   3.4198894  -2.0622135  -0.4221900
   1.2489122  -1.8302088  -0.8414727   0.4138303  -1.3736117  -0.5025963
   1.0857110  -2.6083274  -2.1006207   0.6681056  -1.9915353  -2.8852963
   2.0908400  -2.8336642  -2.4558771   0.5303539  -3.4710167  -1.9058595
  -0.9083955  -0.3254892   0.3203972   0.2972687  -0.0276322   0.1611587
  -0.4410208  -0.2756846   0.0736893  -0.0285762   0.2502219  -0.6061488
  -0.2480261  -0.2032137  -0.0783600  -0.1118037   0.2690216   0.1605226
  -0.0481857   0.4505063  -0.0133988  -1.2506791  -0.0856239  -0.4234873
  -0.0837052  -0.4569032  -0.0474582   1.5005015   0.3628783   1.1011310
  -0.0776503   0.1649665   0.1124165  -0.6122916   1.1827314   1.0035049
  -0.8191494   0.1497793   0.1494463  -0.3499090  -0.6606613   0.2830385
   0.0857196   0.0331382   0.1521934   0.0124046  -0.0165485   0.1801694
  -0.0789215   0.0754194   0.3386322   0.0628975  -0.1195551   0.6384444
   0.0280933  -0.0122241   0.1972879  -0.7131102  -0.6797275   1.9260924
  -0.0702823   1.6342872   0.2870446   0.2530928   0.0743937   0.3152524
