default_name                                                                    
  -3.669   0.779   0.079  -3.034   0.822   0.936  -3.604   0.625   1.828  -2.780
   1.799   1.271  -1.906  -0.136   0.695  -1.903  -0.919  -0.253  -0.861  -0.109
   1.557  -1.018   0.561   2.281   0.429  -0.737   1.269   1.083  -0.431   2.119
   0.442  -2.261   1.394   1.346  -2.647   1.706   0.431  -2.674   0.419  -0.309
  -2.749   2.065   1.168  -0.275  -0.035   2.245  -0.819  -0.356   0.533   0.721
  -0.821  -0.506   0.869  -0.693   1.025   1.290  -2.092   0.415   0.736  -2.796
   0.947   2.387  -2.147   2.011   1.183  -2.330
  -3.898   0.982   1.111  -2.925   1.159   1.669  -2.994   1.078   2.755  -2.646
   2.135   1.355  -1.874   0.186   1.076  -2.057  -0.622   0.105  -0.668   0.249
   1.699  -0.656   0.934   2.396   0.556  -0.558   1.580   1.276  -0.178   2.289
   0.332  -2.063   1.924   1.290  -2.523   1.747  -0.477  -2.568   1.385   0.062
  -2.184   2.927   1.194  -0.357   0.190   1.976  -1.191  -0.267   0.877   0.726
  -0.576   0.094   1.343  -0.218   1.241   1.046  -1.971   0.537   0.544  -2.694
   1.494   2.124  -2.013   2.190   0.481  -2.059
  -3.621   1.412   0.448  -2.879   1.488   1.204  -3.387   1.218   2.131  -2.446
   2.480   1.338  -1.814   0.425   0.889  -2.114  -0.406   0.049  -0.703   0.486
   1.646  -0.753   1.184   2.382   0.525  -0.282   1.497   1.266   0.163   2.054
   0.287  -1.716   2.024   1.146  -2.147   2.475  -0.251  -2.274   1.249  -0.448
  -1.541   2.819   1.198  -0.331   0.072   1.865  -1.349  -0.290   0.972   0.706
  -0.794   0.636   1.479  -0.304   1.256   0.750  -2.231   1.058  -0.200  -2.715
   0.678   1.563  -2.749   2.331   0.908  -2.357
  -3.654   1.801   0.666  -3.146   1.147   1.328  -3.921   0.457   1.632  -2.853
   1.762   2.148  -1.974   0.408   0.732  -2.078  -0.474  -0.194  -0.840   0.659
   1.378  -0.828   1.357   2.187   0.366  -0.189   1.439   1.061   0.252   2.230
   0.058  -1.614   1.949   0.976  -2.155   1.945  -0.631  -2.100   1.245  -0.414
  -1.584   2.876   1.189  -0.112   0.107   1.831  -1.104  -0.307   1.178   1.046
  -0.605   0.844   1.900  -0.189   1.710   1.168  -1.888   1.274   0.491  -2.631
   1.568   2.189  -2.307   2.759   0.847  -1.818
  -4.106  -0.031   0.588  -3.231   0.628   0.844  -3.249   0.933   1.903  -3.355
   1.600   0.227  -1.853  -0.044   0.553  -1.857  -1.073  -0.090  -0.825   0.373
   1.260  -0.923   1.103   1.862   0.485  -0.206   1.367   0.985   0.329   2.174
   0.334  -1.613   1.900   1.240  -2.099   2.202  -0.115  -2.316   1.117  -0.200
  -1.630   2.886   1.379  -0.043   0.137   2.242  -0.893  -0.149   1.213   1.039
  -0.656   0.637   1.743  -0.273   1.873   1.322  -1.959   1.553   0.643  -2.769
   1.607   2.403  -2.234   2.955   1.305  -1.943
  -3.453   0.320   0.109  -2.943   0.023   1.020  -3.383  -0.820   1.519  -3.048
   0.898   1.684  -1.476  -0.214   0.687  -1.101  -0.672  -0.389  -0.685   0.009
   1.647  -0.964   0.572   2.380   0.728  -0.383   1.667   1.142   0.236   2.470
   0.686  -1.856   2.120   1.753  -2.278   2.180   0.110  -2.497   1.482   0.074
  -1.961   3.034   1.627  -0.083   0.386   2.571  -0.817   0.007   1.304   1.057
  -0.323   0.680   1.717   0.113   1.709   1.398  -1.715   1.194   0.681  -2.360
   1.620   2.465  -1.955   2.791   1.188  -1.861
  -3.733  -0.431   0.500  -2.945   0.272   0.921  -3.210   0.403   1.947  -2.941
   1.238   0.462  -1.511  -0.277   0.732  -1.282  -0.997  -0.264  -0.506   0.011
   1.628  -0.711   0.568   2.464   0.873  -0.552   1.616   1.348  -0.125   2.408
   0.769  -2.022   1.958   1.741  -2.423   1.753   0.089  -2.609   1.338   0.471
  -2.216   3.029   1.763  -0.179   0.348   2.693  -0.836  -0.118   1.401   1.034
  -0.117   0.577   1.493   0.201   1.863   1.575  -1.408   1.585   0.761  -2.167
   1.367   2.559  -1.653   2.897   1.796  -1.501
  -3.592  -0.362   0.149  -2.959   0.047   0.923  -3.363  -0.368   1.875  -2.911
   1.168   0.876  -1.548  -0.598   0.707  -1.281  -1.237  -0.293  -0.586  -0.204
   1.557  -0.936   0.306   2.351   0.839  -0.598   1.575   1.342  -0.005   2.366
   0.902  -2.080   1.949   1.935  -2.343   2.308   0.812  -2.806   1.082   0.298
  -2.344   2.817   1.504  -0.310   0.203   2.472  -0.961  -0.161   1.106   0.778
  -0.527   0.254   1.164  -0.200   1.782   1.281  -1.715   1.784   0.613  -2.604
   1.164   2.112  -2.103   2.726   1.819  -1.534
  -3.829  -0.064  -0.027  -3.084   0.498   0.596  -3.586   0.404   1.591  -2.952
   1.518   0.346  -1.738  -0.222   0.570  -1.535  -1.179  -0.187  -0.752   0.119
   1.467  -1.006   0.901   2.106   0.607  -0.436   1.567   1.195   0.031   2.382
   0.378  -1.891   2.009   1.288  -2.447   2.202  -0.046  -2.536   1.225  -0.226
  -1.931   2.916   1.489  -0.213   0.266   2.456  -0.942  -0.089   1.139   0.938
  -0.360   0.485   1.533   0.162   2.045   1.550  -1.324   2.262   0.831  -2.155
   1.566   2.453  -1.756   3.024   1.889  -0.982
  -3.869   0.047  -0.555  -3.202   0.456   0.206  -3.746   0.731   1.122  -2.953
   1.494  -0.182  -1.938  -0.425   0.448  -1.788  -1.409  -0.258  -0.987  -0.048
   1.308  -1.227   0.700   1.924   0.418  -0.641   1.484   0.939  -0.045   2.316
   0.450  -2.132   2.073   1.466  -2.366   2.366  -0.025  -2.917   1.419  -0.074
  -2.195   3.036   1.269  -0.322   0.260   2.263  -0.966  -0.039   0.868   0.753
  -0.460   0.107   1.280  -0.078   1.760   1.433  -1.371   2.729   0.850  -1.343
   1.344   1.371  -2.417   2.003   2.441  -1.163
  -4.034  -0.848   0.625  -3.577   0.052   0.306  -3.741   0.714   1.060  -4.035
   0.371  -0.623  -2.064  -0.287   0.290  -1.648  -1.075  -0.569  -1.228   0.189
   1.224  -1.506   0.965   1.851   0.145  -0.287   1.486   0.583   0.432   2.223
   0.153  -1.692   2.075   1.207  -1.878   2.420  -0.238  -2.469   1.455  -0.403
  -1.517   3.029   1.101  -0.151   0.329   2.041  -0.909   0.181   1.031   0.921
  -0.521   0.315   1.675  -0.381   1.892   1.139  -1.648   2.521   0.222  -1.863
   1.242   1.273  -2.565   2.606   1.940  -1.483
  -3.916  -0.292   0.932  -3.321   0.146   0.136  -3.389   1.233   0.229  -3.772
  -0.197  -0.848  -1.916  -0.383   0.206  -1.461  -1.014  -0.756  -1.275  -0.123
   1.333  -1.831   0.289   2.016   0.067  -0.424   1.686   0.465   0.303   2.421
   0.220  -1.866   2.277   1.190  -2.092   2.475  -0.211  -2.668   1.673  -0.221
  -1.737   3.253   1.034  -0.198   0.554   1.780  -1.115   0.248   0.864   0.879
  -0.164   0.393   1.633   0.262   1.664   1.206  -1.342   2.634   0.795  -1.350
   1.235   0.973  -2.272   1.803   2.283  -1.252
  -3.610   0.483   0.662  -3.004   0.378  -0.225  -2.763   1.365  -0.623  -3.601
  -0.172  -0.942  -1.730  -0.325   0.159  -1.319  -1.111  -0.607  -1.028   0.036
   1.201  -1.491   0.681   1.865   0.407  -0.327   1.362   0.764   0.416   2.103
   0.532  -1.689   2.104   1.579  -1.953   2.175  -0.073  -2.536   1.618   0.205
  -1.498   3.130   1.255  -0.078   0.126   2.101  -0.892  -0.244   1.079   1.056
  -0.572   0.539   1.751  -0.147   1.944   1.500  -1.697   3.019   1.600  -1.451
   1.769   0.703  -2.543   1.662   2.482  -2.156
  -3.700  -0.116   0.478  -3.104   0.304  -0.331  -3.054   1.364  -0.177  -3.500
  -0.027  -1.275  -1.768  -0.280  -0.186  -1.344  -1.184  -0.887  -1.065   0.167
   0.833  -1.433   0.990   1.265   0.292  -0.228   1.241   0.564   0.592   1.964
   0.393  -1.529   2.164   1.360  -1.587   2.624   0.250  -2.399   1.524  -0.363
  -1.645   2.899   1.244  -0.176   0.074   1.897  -1.226  -0.250   1.380   1.037
  -0.569   0.981   1.817  -0.120   2.425   1.275  -1.529   3.359   0.937  -1.181
   2.212   0.660  -2.401   2.425   2.396  -1.791
  -4.177  -0.726   0.493  -3.607  -0.067  -0.058  -3.689   0.945   0.163  -4.011
  -0.124  -1.068  -2.153  -0.478  -0.012  -1.760  -1.326  -0.820  -1.359   0.089
   0.882  -1.718   0.896   1.425   0.042  -0.287   1.183   0.318   0.577   1.849
   0.012  -1.489   2.116   1.017  -1.558   2.620  -0.251  -2.460   1.603  -0.714
  -1.332   2.814   1.097  -0.253   0.052   1.734  -1.302  -0.181   1.174   0.844
  -0.706   0.686   1.670  -0.455   2.170   1.070  -1.773   3.176   1.051  -1.380
   2.080   0.457  -2.630   1.993   2.087  -2.002
  -4.259  -0.584   0.318  -3.369  -0.244  -0.385  -3.531   0.878  -0.393  -3.462
  -0.560  -1.371  -2.005  -0.655   0.086  -1.573  -1.577  -0.526  -1.335  -0.036
   1.026  -1.732   0.744   1.420   0.116  -0.167   1.277   0.477   0.657   1.835
   0.452  -1.367   2.223   1.499  -1.703   2.148  -0.213  -2.222   1.893   0.306
  -1.102   3.238   0.995  -0.204  -0.018   1.915  -1.003  -0.296   0.776   0.808
  -0.892  -0.016   1.400  -0.790   1.634   1.026  -2.035   2.583   0.474  -1.958
   1.159   0.507  -2.893   1.916   2.063  -2.158
  -3.989  -1.307   0.292  -3.573  -0.505  -0.337  -3.830   0.480  -0.079  -3.901
  -0.658  -1.360  -2.127  -0.746  -0.292  -1.567  -1.580  -1.012  -1.435  -0.072
   0.584  -1.920   0.663   1.087  -0.003  -0.220   1.076   0.269   0.824   1.447
  -0.023  -1.418   2.017   0.859  -1.650   2.604  -0.257  -2.353   1.491  -0.682
  -1.328   2.858   1.055  -0.246  -0.062   2.033  -1.044   0.018   0.863   0.529
  -1.105   0.080   1.137  -1.114   1.777   0.599  -2.216   2.834   0.583  -1.880
   1.761  -0.274  -2.859   1.468   1.479  -2.816
  -4.044  -1.238  -0.960  -3.518  -0.316  -0.957  -4.055   0.419  -0.316  -3.502
   0.120  -2.023  -2.102  -0.704  -0.448  -1.520  -1.727  -0.886  -1.504   0.048
   0.576  -2.049   0.809   0.881  -0.114  -0.129   1.120   0.087   0.734   1.783
  -0.161  -1.394   1.934   0.738  -2.059   1.896  -0.942  -2.082   1.629  -0.161
  -1.125   3.034   0.908  -0.198  -0.049   1.976  -0.691   0.205   0.586   0.166
  -1.292  -0.357   0.535  -1.400   1.440   0.031  -2.474   2.013  -0.887  -2.416
   0.893   0.077  -3.390   2.095   0.865  -2.690
  -4.214  -0.741  -0.051  -3.531  -0.162  -0.707  -3.638   0.932  -0.591  -3.837
  -0.381  -1.753  -2.140  -0.553  -0.388  -1.712  -1.518  -1.026  -1.438   0.252
   0.394  -1.926   1.071   0.752  -0.053   0.082   0.829   0.297   0.972   1.290
  -0.081  -0.899   2.019   0.850  -0.876   2.526  -0.197  -1.906   1.656  -0.906
  -0.663   2.769   0.864  -0.287  -0.365   1.689  -1.176  -0.305   0.654   0.416
  -1.460  -0.228   0.963  -1.389   1.397   0.268  -2.698   2.221  -0.423  -2.499
   0.740  -0.134  -3.512   1.818   1.171  -2.993
  -4.285   0.081  -0.036  -3.662  -0.258  -0.851  -3.553   0.697  -1.369  -4.261
  -0.945  -1.520  -2.266  -0.776  -0.477  -1.896  -1.929  -0.731  -1.531   0.142
   0.166  -1.836   1.130   0.176  -0.160   0.000   0.697   0.062   1.015   0.982
  -0.167  -0.785   2.006   0.665  -0.631   2.614  -0.157  -1.863   1.925  -1.102
  -0.562   2.580   0.927  -0.391  -0.256   1.821  -1.136   0.145   0.901   0.064
  -1.510   0.277   0.807  -1.720   1.952  -0.221  -2.497   2.983   0.172  -2.167
   2.058  -1.294  -2.680   1.680   0.131  -3.519
