default_name                                                                    
   22  0.1200000E+03
   1.7968439   3.9930888   4.3895989   1.3094295   4.8504048   3.7924037
   1.5433747   5.7809256   4.2478274   0.2824660   4.6284928   3.7092854
   1.9486123   4.8823123   2.4165300   1.1966290   4.9680873   1.4641788
   3.2917499   4.7808565   2.3655827   3.7420280   4.8055579   3.2137411
   4.2232197   4.7206807   1.2357928   4.4780005   5.7607553   1.0581245
   5.5087958   4.0038610   1.6443118   6.2079583   4.2172028   0.8208608
   5.2893547   2.9124725   1.7479271   5.9700112   4.3451816   2.5366532
   3.7220466   4.2603998  -0.1879022   3.5584072   5.0195677  -1.1177012
   3.3704601   2.9938995  -0.2480508   3.5512669   2.4422976   0.5273758
   2.5979456   2.3312049  -1.3874822   1.5360928   2.1198003  -1.1032893
   2.6874546   2.9293193  -2.3022853   3.0618171   1.3527200  -1.6494622
   0.4235241  -0.3271972   0.4365770  -0.0581704  -0.2989629  -0.3929671
   0.1607370  -0.9544100   0.3973924  -0.5792991   1.1502538   0.6734364
   0.2093542   0.0333694  -0.1103094  -0.1665707  -0.1520204  -0.0605616
   0.0533842   0.0302171   0.0510808  -0.6925498  -0.4314861  -1.4142331
   0.0474411  -0.4804363  -0.0975177   0.6995032   0.1782696  -0.4790698
   0.0635275  -0.1666854   0.0498094   0.5682220   0.0804762  -0.5151264
  -0.7958867  -0.6456626   1.2024633   0.3781247  -0.9285412  -0.4351675
   0.2729875  -0.5287481  -0.0271230  -0.0100695  -0.1277044   0.2966552
  -0.0259131   0.0898436   0.4558608  -0.3293869  -0.8828400   0.5805990
  -0.2173368   0.0621055  -0.2579181   1.4215388   0.1266708   1.8941148
  -0.3177260  -0.1610244  -0.7055267  -1.1135759  -0.0953716  -0.9083821
