default_name                                                                    
  -3.995  -0.698   1.169  -3.246   0.146   1.174  -3.076   0.488   2.167  -3.633
   1.077   0.680  -1.842  -0.227   0.766  -1.666  -1.211   0.018  -0.776   0.424
   1.262  -0.896   1.273   1.811   0.606   0.028   1.140   1.161   0.800   1.688
   0.700  -1.250   2.077   1.680  -1.491   2.377   0.177  -1.952   1.515   0.179
  -1.065   3.016   1.209   0.035  -0.301   2.262  -0.520  -0.607   0.568   0.833
  -1.213  -0.234   1.318  -0.839   0.974   1.104  -2.550   2.043   1.324  -2.622
   0.765   0.264  -3.243   0.419   1.957  -2.894
  -3.981  -0.724   0.894  -3.282   0.082   1.136  -3.352   0.182   2.224  -3.578
   0.937   0.541  -1.951  -0.371   0.733  -1.781  -1.399   0.085  -0.882   0.338
   1.231  -1.146   1.000   1.957   0.541   0.064   1.012   1.111   0.842   1.599
   0.999  -1.161   1.794   2.075  -1.233   1.707   0.562  -2.102   1.411   0.784
  -0.958   2.824   1.132   0.177  -0.408   2.274  -0.266  -0.615   0.417   0.858
  -1.330  -0.492   1.276  -1.018   0.709   1.015  -2.722   1.683   1.516  -2.705
   0.845   0.054  -3.236  -0.031   1.648  -3.246
  -3.873  -0.036   1.141  -3.040   0.581   1.436  -2.966   0.504   2.543  -3.125
   1.588   1.061  -1.801  -0.073   0.856  -1.823  -1.007   0.067  -0.700   0.529
   1.352  -0.841   1.278   1.999   0.720   0.253   1.071   1.310   0.928   1.772
   1.081  -1.182   1.423   2.149  -1.234   1.715   0.923  -1.811   0.512   0.574
  -1.653   2.301   1.267   0.569  -0.345   2.287   0.069  -0.793   0.594   1.438
  -1.048  -0.287   1.784  -0.663   0.649   1.659  -2.513   1.673   1.993  -2.808
   0.411   0.752  -3.008  -0.082   2.425  -2.879
  -3.623  -0.646   1.050  -2.902   0.115   1.290  -2.928   0.129   2.377  -3.246
   1.056   0.931  -1.565  -0.315   0.778  -1.587  -0.985  -0.215  -0.527   0.209
   1.415  -0.838   0.818   2.151   0.946   0.035   1.208   1.474   0.859   1.771
   1.422  -1.248   1.942   2.519  -1.374   1.845   0.883  -2.127   1.519   1.213
  -1.136   3.003   1.288   0.228  -0.344   1.980  -0.639  -0.935   0.733   1.359
  -0.885   0.166   1.925  -0.265   0.888   1.780  -2.240   1.735   1.160  -2.670
   0.029   1.579  -2.852   1.280   2.827  -2.294
  -2.556   1.242   2.608  -2.826   0.403   1.940  -3.314   0.922   1.115  -3.456
  -0.448   2.365  -1.502  -0.092   1.420  -1.487  -1.004   0.608  -0.404   0.431
   1.959  -0.633   1.174   2.649   0.986   0.289   1.385   1.573   1.047   1.856
   1.606  -0.969   2.013   2.503  -1.268   1.510   0.833  -1.751   1.911   1.851
  -0.826   3.085   1.046   0.420  -0.157   1.786  -0.343  -0.803   0.355   1.387
  -0.748  -0.237   2.019  -0.206   0.466   1.728  -2.105   0.824   0.924  -2.729
  -0.506   1.934  -2.488   1.143   2.589  -2.150
  -2.638   1.643   1.906  -2.642   0.558   2.084  -3.567   0.186   1.532  -2.759
   0.427   3.156  -1.419  -0.020   1.437  -1.445  -0.927   0.585  -0.287   0.496
   1.817  -0.270   1.150   2.558   1.025   0.152   1.264   1.731   0.918   1.485
   1.519  -1.168   1.719   2.509  -1.450   1.276   0.807  -1.896   1.431   1.548
  -1.237   2.794   1.123   0.258  -0.277   1.567  -0.562  -0.991   0.439   1.322
  -0.794  -0.049   1.951  -0.139   0.038   1.376  -2.225   0.868   1.131  -2.936
  -0.738   0.654  -2.474  -0.401   2.375  -2.478
  -2.156   1.800   2.223  -2.487   0.744   2.092  -3.266   0.760   1.487  -2.737
   0.220   3.043  -1.393   0.034   1.376  -1.549  -0.837   0.487  -0.138   0.411
   1.594  -0.064   1.069   2.315   1.027  -0.036   0.967   1.779   0.660   1.382
   1.478  -1.438   1.425   2.631  -1.419   1.369   1.063  -2.304   0.927   1.209
  -1.444   2.485   1.157   0.172  -0.591   1.979  -0.462  -1.252   0.335   1.119
  -1.137  -0.007   1.745  -0.454   0.231   1.598  -2.534   1.189   1.693  -3.068
  -0.442   0.932  -3.098  -0.184   2.615  -2.486
  -1.974   2.455   1.775  -2.229   1.393   1.871  -3.270   1.310   1.484  -2.308
   1.194   2.981  -1.237   0.462   1.258  -1.658  -0.433   0.637   0.061   0.630
   1.558   0.378   1.460   2.116   1.163  -0.010   0.910   2.045   0.566   1.171
   1.308  -1.449   1.455   2.231  -1.815   0.979   0.466  -2.089   1.217   1.550
  -1.422   2.478   1.372   0.095  -0.624   2.199  -0.560  -1.216   0.615   1.012
  -1.182   0.074   1.634  -0.597   0.424   1.100  -2.642   0.344   2.151  -2.994
   1.189   0.630  -3.223  -0.587   0.801  -2.839
  -2.396   2.375   1.690  -2.253   1.393   2.176  -3.196   0.885   2.086  -1.952
   1.540   3.212  -1.234   0.640   1.417  -1.497   0.009   0.379   0.024   0.766
   1.794   0.243   1.510   2.393   1.147   0.128   1.127   2.034   0.486   1.580
   1.298  -1.371   1.478   2.216  -1.825   1.000   0.433  -1.861   0.949   1.342
  -1.430   2.580   1.351   0.316  -0.444   1.935  -0.610  -1.039   0.703   1.275
  -1.152   0.180   1.940  -0.524   0.687   1.348  -2.662   1.129   2.282  -3.049
   1.255   0.512  -3.154  -0.370   1.237  -2.981
  -2.754   1.689   1.719  -2.104   1.339   2.464  -2.667   0.746   3.134  -1.771
   2.286   3.031  -0.997   0.533   1.785  -1.401  -0.363   1.070   0.279   0.904
   1.981   0.515   1.488   2.774   1.458   0.315   1.201   2.323   0.960   1.371
   1.688  -1.152   1.710   2.473  -1.764   1.210   0.736  -1.645   1.614   1.878
  -1.207   2.809   1.349   0.544  -0.313   1.888  -0.320  -1.036   0.674   1.571
  -0.809   0.293   2.291  -0.246   0.597   1.737  -2.292  -0.192   2.395  -2.558
   1.503   2.242  -2.660   0.428   0.783  -2.836
  -2.828   0.345   2.305  -2.001   1.133   2.348  -1.712   1.536   3.312  -2.267
   2.030   1.695  -0.859   0.433   1.681  -1.048  -0.529   0.953   0.355   0.911
   1.841   0.478   1.770   2.341   1.504   0.303   1.210   2.384   1.010   1.469
   1.847  -1.043   1.929   2.978  -1.240   1.792   1.461  -1.884   1.343   1.526
  -1.019   2.997   1.499   0.331  -0.328   2.084  -0.578  -0.869   0.701   1.166
  -0.988   0.192   1.876  -0.382   0.427   1.210  -2.473   0.896   2.071  -2.840
   0.923   0.418  -2.978  -0.638   1.173  -2.685
  -2.633   0.889   1.697  -1.774   0.883   2.314  -1.946   0.141   3.111  -1.517
   1.898   2.686  -0.629   0.355   1.463  -0.902  -0.492   0.663   0.556   0.898
   1.559   0.631   1.720   2.189   1.767   0.346   0.969   2.517   1.059   1.189
   2.078  -0.942   1.830   3.160  -1.068   1.809   1.674  -1.815   1.333   1.836
  -0.845   2.881   1.673   0.061  -0.525   2.472  -0.763  -1.034   0.761   0.771
  -1.170   0.171   1.377  -0.629   0.395   0.824  -2.592  -0.439   1.493  -2.740
   1.186   1.341  -3.137   0.176  -0.143  -3.047
  -2.647   0.435   2.301  -1.669   0.868   2.373  -1.196   0.505   3.260  -1.687
   1.975   2.382  -0.804   0.432   1.224  -1.272  -0.352   0.369   0.418   0.866
   1.289   0.614   1.657   1.936   1.672   0.371   0.675   2.375   1.228   0.616
   2.234  -0.821   1.490   3.190  -1.187   1.197   1.473  -1.558   1.423   2.286
  -0.524   2.568   1.523   0.049  -0.843   2.281  -0.773  -1.341   0.823   0.982
  -1.518   0.481   1.705  -0.921   0.527   0.869  -2.913  -0.128  -0.006  -3.153
  -0.163   1.650  -3.253   1.487   0.632  -3.500
  -2.680   0.255   1.906  -1.804   0.856   2.220  -1.575   0.744   3.323  -2.064
   1.874   1.937  -0.661   0.413   1.351  -0.885  -0.495   0.533   0.550   0.935
   1.488   0.595   1.843   2.023   1.810   0.498   0.972   2.466   1.296   1.279
   2.318  -0.753   1.713   3.274  -0.888   1.291   1.664  -1.613   1.568   2.409
  -0.590   2.806   1.947   0.479  -0.563   2.887  -0.078  -1.112   0.974   1.115
  -1.283   0.264   1.500  -0.719   0.848   1.027  -2.682   1.215   0.049  -3.023
  -0.192   1.103  -2.918   1.493   1.826  -3.126
  -2.547   0.537   1.409  -1.755   0.621   2.198  -1.862  -0.056   3.033  -1.649
   1.636   2.520  -0.535   0.196   1.420  -0.586  -0.817   0.727   0.536   0.944
   1.661   0.489   1.725   2.285   1.808   0.631   1.013   2.277   1.585   1.066
   2.468  -0.486   1.833   3.520  -0.442   1.567   2.075  -1.448   1.452   2.396
  -0.354   2.917   1.827   0.276  -0.537   2.585  -0.566  -0.921   0.904   0.883
  -1.243   0.366   1.638  -0.773   0.898   0.865  -2.720   0.876  -0.196  -3.082
   0.030   1.421  -3.053   1.810   1.353  -3.114
  -2.059   1.425   1.616  -1.437   0.868   2.314  -1.943   0.076   2.839  -1.158
   1.702   3.067  -0.245   0.306   1.594  -0.303  -0.801   1.072   0.835   1.109
   1.470   0.718   2.022   1.802   2.045   0.719   0.714   2.698   1.567   0.659
   2.862  -0.236   1.610   3.731  -0.607   1.027   2.223  -1.092   1.839   3.200
   0.298   2.545   1.858   0.261  -0.770   2.553  -0.605  -1.362   0.922   0.921
  -1.443   0.428   1.679  -0.894   0.725   0.960  -2.869   0.375  -0.059  -3.161
   0.019   1.742  -3.170   1.680   1.113  -3.365
  -1.806   1.766   2.310  -1.360   0.841   2.651  -2.223   0.156   2.551  -0.848
   0.906   3.617  -0.391   0.354   1.595  -0.619  -0.675   1.011   0.740   1.063
   1.509   0.833   1.831   2.148   2.002   0.791   0.816   2.652   1.703   0.800
   2.769  -0.271   1.574   3.711  -0.568   1.028   2.122  -1.241   1.753   3.060
   0.195   2.498   1.808   0.330  -0.703   2.586  -0.480  -1.190   0.818   0.921
  -1.389   0.269   1.621  -0.923   0.538   0.730  -2.795   0.852  -0.321  -3.114
  -0.549   0.794  -3.033   1.039   1.517  -3.385
  -1.611   1.994   1.995  -1.112   1.222   2.570  -1.839   0.536   3.030  -0.494
   1.731   3.364  -0.106   0.452   1.773  -0.368  -0.697   1.460   1.054   1.135
   1.633   1.040   2.083   1.977   2.198   0.676   0.749   2.833   1.548   0.592
   2.939  -0.326   1.554   3.990  -0.591   1.216   2.415  -1.264   1.676   3.114
  -0.050   2.627   1.839   0.193  -0.713   2.584  -0.555  -1.266   0.711   0.577
  -1.348   0.033   1.090  -0.676   0.325   0.384  -2.723   0.173  -0.690  -2.935
  -0.569   0.922  -2.859   1.102   0.850  -3.383
  -2.114   1.803   1.937  -1.440   1.174   2.438  -1.959   0.453   3.141  -0.910
   1.859   3.122  -0.463   0.399   1.486  -0.836  -0.594   0.829   0.711   0.942
   1.371   0.809   1.554   2.160   1.942   0.618   0.604   2.521   1.569   0.509
   2.878  -0.256   1.457   3.801  -0.431   0.971   2.445  -1.248   1.759   3.197
   0.188   2.364   1.712   0.046  -0.835   2.356  -0.967  -1.209   0.783   0.591
  -1.577   0.342   1.433  -1.274   0.314   0.197  -2.848   0.672  -0.826  -3.032
  -0.779   0.016  -2.849   0.583   0.835  -3.649
  -2.028   0.216   2.865  -1.291   0.926   2.523  -0.794   1.356   3.359  -1.846
   1.825   2.011  -0.439   0.297   1.501  -0.606  -0.880   1.202   0.668   1.003
   1.244   0.736   1.933   1.725   1.904   0.563   0.536   2.549   1.422   0.396
   2.872  -0.327   1.398   3.811  -0.510   0.893   2.319  -1.213   1.629   3.225
   0.220   2.301   1.520  -0.071  -0.905   2.063  -1.130  -1.293   0.643   0.589
  -1.624   0.206   1.405  -1.263   0.309   0.226  -3.033   0.845  -0.695  -3.350
  -0.661  -0.194  -3.011   0.495   0.969  -3.790
