default_name                                                                    
   22  0.1200000E+03
  -4.2850149   0.0813691  -0.0355421  -3.6615977  -0.2582838  -0.8508426
  -3.5529949   0.6969235  -1.3694212  -4.2613852  -0.9448857  -1.5195329
  -2.2662275  -0.7762360  -0.4774458  -1.8957472  -1.9292066  -0.7306334
  -1.5314138   0.1419103   0.1655490  -1.8355100   1.1300866   0.1760613
  -0.1603828   0.0002149   0.6965364   0.0618562   1.0152917   0.9816767
  -0.1669631  -0.7854019   2.0055179   0.6652917  -0.6306894   2.6135018
  -0.1568550  -1.8630503   1.9248267  -1.1017660  -0.5624533   2.5804423
   0.9266656  -0.3905600  -0.2562355   1.8205045  -1.1361439   0.1446904
   0.9012958   0.0644146  -1.5100493   0.2768560   0.8066995  -1.7200756
   1.9520942  -0.2209082  -2.4965776   2.9826415   0.1717617  -2.1671950
   2.0583973  -1.2943415  -2.6803538   1.6804041   0.1309437  -3.5193845
   0.1643387   0.2502437  -0.5319635  -0.0274823  -0.0243258   0.0345627
  -0.3007513   0.4150637   0.4972966   0.0374966   0.2155260  -0.8088676
  -0.1320795  -0.2476581   0.1890579   0.0066683  -0.1846044   0.0495379
  -0.0271242  -0.1828882   0.2665930  -0.3758415   0.4157437   0.3239671
   0.1312604   0.1805555  -0.1474252   0.4480115  -0.8774564  -0.0471183
   0.0275388   0.2899261  -0.0074486  -0.4430342   0.0725924  -0.4053528
   1.6126430   2.6364388   1.7456375   0.1239860  -0.4167939   0.5354576
  -0.1038632  -0.3602166  -0.0658160   0.1104186   0.2038278   0.1437783
  -0.0480079  -0.0371074  -0.0093690   0.9810991  -0.4719353   0.4076088
  -0.1306705   0.2353811  -0.2051899   0.8413459  -0.4429634   1.1348214
   0.3144254  -0.8347385  -0.0748185   0.1016877  -0.2326422  -0.5456144
