default_name                                                                    
  -4.270   0.517   1.148  -3.385   0.968   0.659  -3.246   1.876   1.274  -3.547
   1.186  -0.430  -2.164   0.081   0.694  -2.317  -1.013   0.196  -1.015   0.632
   1.153  -1.009   1.489   1.630   0.261  -0.181   1.313   0.944   0.540   1.645
   0.159  -1.294   2.422   1.110  -1.723   2.651  -0.457  -2.154   2.111  -0.172
  -0.872   3.393   0.962  -0.725   0.012   2.135  -1.048   0.109   0.313  -0.718
  -1.115  -0.530  -0.258  -1.182   0.822  -1.367  -2.352   1.835  -0.961  -2.453
   0.844  -2.453  -2.288   0.263  -1.013  -3.177
  -4.044   0.400   1.370  -3.286   0.872   0.623  -3.029   1.899   1.052  -3.627
   1.075  -0.347  -2.098   0.000   0.459  -2.184  -1.107  -0.088  -0.936   0.476
   0.916  -1.045   1.358   1.470   0.366  -0.150   1.065   1.046   0.529   1.410
   0.290  -1.097   2.281   1.286  -1.455   2.517  -0.291  -1.918   2.032  -0.027
  -0.542   3.101   1.035  -0.675  -0.261   2.215  -1.071  -0.244   0.377  -0.614
  -1.422  -0.617  -0.513  -1.352   1.022  -0.682  -2.735   1.343   0.266  -3.182
   1.915  -1.300  -2.611   0.348  -1.221  -3.396
  -4.050   0.409   1.178  -3.249   0.872   0.599  -3.032   1.783   1.106  -3.558
   0.988  -0.498  -2.035   0.053   0.558  -2.088  -1.226   0.274  -0.837   0.662
   0.752  -0.774   1.647   0.736   0.372  -0.010   1.066   1.092   0.828   1.325
   0.307  -0.880   2.298   1.331  -1.250   2.563  -0.328  -1.784   2.125  -0.038
  -0.319   3.142   1.059  -0.718  -0.180   2.114  -1.235   0.033   0.549  -0.655
  -1.421  -0.310  -0.223  -1.544   1.193  -1.235  -2.571   2.166  -0.860  -2.681
   1.227  -2.297  -2.554   0.594  -1.073  -3.486
  -3.177   1.455   1.448  -3.087   0.738   0.700  -3.003   1.266  -0.257  -3.934
   0.065   0.655  -1.852  -0.069   0.966  -1.936  -1.298   0.848  -0.684   0.482
   1.294  -0.694   1.461   1.497   0.618  -0.269   1.232   1.407   0.533   1.420
   0.688  -1.277   2.364   1.845  -1.453   2.526   0.274  -2.235   2.094   0.225
  -0.966   3.320   1.008  -0.821  -0.127   2.049  -1.496  -0.253   0.177  -0.581
  -1.218  -0.634   0.003  -1.115   0.639  -0.766  -2.577   1.627  -0.398  -2.682
   0.552  -1.881  -2.842  -0.028  -0.157  -3.285
  -3.058   1.078   1.747  -2.941   0.518   0.852  -2.915   1.220  -0.013  -3.759
  -0.199   0.689  -1.709  -0.313   0.938  -1.813  -1.527   0.803  -0.553   0.311
   1.060  -0.522   1.342   1.079   0.735  -0.275   0.895   1.472   0.489   0.999
   1.192  -1.134   2.093   2.255  -1.424   2.022   0.529  -1.997   2.179   1.165
  -0.528   2.949   1.018  -0.916  -0.459   2.034  -1.581  -0.632   0.238  -0.682
  -1.528  -0.616  -0.151  -1.370   0.505  -0.997  -2.937   1.301  -0.300  -3.215
   0.821  -2.025  -2.978  -0.291  -0.906  -3.604
  -2.889   0.771   0.045  -2.750   0.440   1.054  -3.592   0.002   1.448  -2.614
   1.278   1.656  -1.558  -0.489   1.047  -1.767  -1.734   0.948  -0.373   0.188
   1.052  -0.322   1.145   0.888   0.955  -0.398   0.872   1.602   0.459   0.930
   1.273  -1.204   2.141   2.243  -1.686   2.093   0.433  -1.931   2.204   1.180
  -0.561   3.084   1.271  -1.053  -0.454   2.431  -1.430  -0.695   0.278  -1.162
  -1.312  -0.582  -0.728  -1.032   0.401  -1.615  -2.713   0.703  -0.838  -3.438
   1.101  -2.477  -2.775  -0.585  -1.985  -2.991
  -3.368   0.319   1.005  -2.593   0.307   1.779  -2.978  -0.338   2.564  -2.205
   1.216   2.230  -1.398  -0.444   1.287  -1.375  -1.636   1.201  -0.262   0.255
   1.145  -0.408   1.314   1.236   1.105  -0.357   0.892   1.759   0.576   0.857
   1.626  -1.159   2.156   2.705  -1.230   1.821   1.205  -2.165   2.186   1.620
  -0.711   3.157   1.303  -1.118  -0.458   2.397  -1.539  -0.714   0.355  -1.362
  -1.299  -0.489  -1.158  -0.944   0.564  -1.947  -2.624   1.386  -1.368  -3.052
   0.700  -3.000  -2.661  -0.334  -1.653  -3.229
  -2.725   0.587   0.530  -2.406   0.254   1.508  -3.143  -0.367   2.030  -2.266
   1.098   2.123  -1.171  -0.592   1.317  -1.176  -1.816   1.332  -0.064   0.172
   1.120  -0.178   1.184   1.100   1.295  -0.295   0.836   1.885   0.535   0.637
   1.912  -0.990   2.085   2.962  -1.218   1.985   1.351  -1.969   2.213   1.743
  -0.338   2.950   1.407  -1.049  -0.524   2.522  -1.478  -0.927   0.236  -1.264
  -1.179  -0.662  -1.149  -0.694   0.078  -1.927  -2.479   0.882  -1.464  -3.167
   0.278  -2.961  -2.339  -0.874  -1.761  -2.882
  -2.966   0.490   0.902  -2.684  -0.072   1.780  -3.350  -0.846   2.029  -2.638
   0.604   2.645  -1.340  -0.697   1.412  -1.392  -1.903   1.179  -0.254   0.074
   1.344  -0.263   1.042   1.599   1.172  -0.350   1.091   1.697   0.609   0.991
   1.709  -1.128   2.255   2.775  -1.054   2.481   1.557  -2.194   2.067   1.228
  -0.859   3.162   1.438  -1.097  -0.231   2.650  -1.275  -0.493   0.376  -1.559
  -1.016  -0.544  -1.208  -0.818   0.531  -2.373  -2.202   0.892  -1.838  -3.059
   1.232  -3.148  -2.065  -0.400  -2.796  -2.446
  -2.738   0.611   0.420  -2.576   0.126   1.444  -3.358  -0.580   1.625  -2.647
   0.850   2.266  -1.222  -0.537   1.366  -1.070  -1.737   1.544  -0.193   0.209
   0.946  -0.470   1.134   0.765   1.151  -0.245   0.776   1.577   0.716   0.480
   1.823  -0.536   2.073   2.886  -0.671   1.840   1.437  -1.456   2.567   1.656
   0.331   2.758   1.451  -1.256  -0.336   2.619  -1.575  -0.550   0.416  -1.888
  -0.877  -0.458  -1.773  -0.400   0.330  -2.431  -2.256   0.949  -1.735  -2.891
   0.748  -3.419  -2.413  -0.732  -2.494  -2.654
  -2.567   0.715  -0.017  -2.609   0.271   0.966  -3.494  -0.305   1.046  -2.515
   1.120   1.734  -1.337  -0.573   1.120  -1.356  -1.782   1.323  -0.226   0.225
   0.925  -0.484   1.220   0.797   1.189  -0.183   0.848   1.676   0.778   0.641
   1.673  -0.757   2.172   2.760  -0.779   2.144   1.222  -1.788   2.288   1.471
  -0.060   2.935   1.525  -1.185  -0.327   2.644  -1.276  -0.847   0.470  -1.912
  -0.863  -0.340  -1.909  -0.252   0.515  -2.995  -1.830   0.713  -2.480  -2.744
   1.245  -3.820  -1.631  -0.479  -3.478  -1.901
  -2.681   1.420   0.787  -2.659   0.564   1.567  -3.428  -0.088   1.289  -2.720
   0.953   2.670  -1.353  -0.239   1.394  -1.271  -1.329   1.963  -0.379   0.336
   0.624  -0.719   1.129   0.099   1.053  -0.079   0.447   1.443   0.817   0.067
   1.770  -0.365   1.763   2.808  -0.510   1.578   1.337  -1.287   2.095   1.545
   0.373   2.569   1.369  -1.282  -0.587   2.515  -1.373  -1.111   0.319  -2.099
  -0.917  -0.478  -2.090  -0.319   0.404  -3.095  -2.019   0.500  -2.597  -3.000
   1.243  -3.681  -1.839  -0.465  -3.806  -2.013
  -2.302   1.426   0.738  -2.131   0.578   1.408  -2.861  -0.232   1.335  -2.064
   0.983   2.357  -0.857  -0.207   1.089  -0.755  -1.362   1.465   0.101   0.384
   0.432  -0.202   1.239   0.107   1.376  -0.171  -0.020   1.850   0.687  -0.503
   2.220  -0.478   1.255   3.253  -0.751   1.015   1.812  -1.338   1.765   2.236
   0.391   1.934   1.432  -1.464  -0.973   2.445  -1.618  -1.639   0.344  -2.213
  -1.109  -0.433  -2.006  -0.503   0.216  -3.390  -1.972   0.305  -3.066  -2.996
   0.985  -4.147  -1.821  -0.756  -3.915  -1.799
  -1.984   1.428   2.125  -2.245   0.928   1.216  -2.429   1.621   0.380  -3.035
   0.243   1.418  -1.010   0.059   1.026  -1.078  -1.157   1.288   0.086   0.706
   0.567  -0.077   1.701   0.673   1.377   0.155   0.172   1.961   1.031  -0.212
   2.289  -0.208   1.319   3.311  -0.473   0.869   1.976  -1.028   1.984   2.350
   0.638   2.013   1.397  -1.016  -0.859   2.397  -1.358  -1.480   0.267  -1.710
  -1.000  -0.517  -1.314  -0.479   0.020  -2.898  -1.713  -0.141  -2.732  -2.770
   0.766  -3.693  -1.581  -0.925  -3.273  -1.459
  -2.254   1.230   2.342  -2.112   0.911   1.356  -1.998   1.809   0.628  -3.014
   0.282   1.199  -0.868   0.058   1.140  -0.888  -1.105   1.495   0.172   0.660
   0.495   0.169   1.677   0.296   1.444  -0.014   0.148   1.976   0.732  -0.353
   2.343  -0.305   1.407   3.448  -0.178   1.151   2.131  -1.312   1.791   2.215
   0.380   2.196   1.385  -1.233  -0.869   2.399  -1.676  -1.388   0.210  -1.753
  -1.204  -0.640  -1.560  -0.710   0.113  -2.954  -2.023  -0.922  -3.286  -2.116
   0.604  -2.768  -2.958   0.769  -3.718  -1.482
  -1.864   1.010   2.566  -1.941   0.692   1.544  -1.959   1.561   0.901  -2.830
   0.076   1.313  -0.712  -0.123   1.252  -0.688  -1.344   1.598   0.241   0.504
   0.491   0.264   1.549   0.425   1.497  -0.072  -0.034   1.874   0.764  -0.690
   2.537  -0.144   1.140   3.516  -0.270   0.721   2.311  -1.103   1.706   2.563
   0.798   1.784   1.473  -1.361  -0.925   2.529  -1.937  -1.335   0.323  -1.776
  -1.364  -0.487  -1.529  -0.874   0.083  -2.676  -2.513  -0.655  -2.282  -3.266
   1.110  -2.906  -2.999  -0.276  -3.563  -2.009
  -1.929   0.808   2.565  -1.801   0.902   1.418  -1.667   1.983   1.369  -2.790
   0.724   0.959  -0.639  -0.069   1.069  -0.717  -1.273   1.316   0.347   0.492
   0.421   0.253   1.430   0.285   1.689  -0.102   0.064   2.205   0.714  -0.410
   2.486  -0.229   1.350   3.508  -0.761   1.150   1.852  -0.852   2.080   2.745
   0.720   1.758   1.652  -1.350  -0.906   2.688  -1.842  -1.415   0.428  -1.632
  -1.424  -0.326  -1.080  -1.057   0.092  -2.541  -2.535  -0.506  -1.991  -3.258
   0.968  -2.928  -2.968  -0.513  -3.357  -2.041
  -2.471  -0.024   1.188  -1.681   0.741   1.101  -1.504   1.355   2.000  -1.886
   1.434   0.314  -0.409   0.038   0.867  -0.349  -1.182   1.212   0.675   0.668
   0.338   0.535   1.658   0.228   1.932   0.050  -0.025   2.539   0.819  -0.517
   2.738  -0.128   1.267   3.865  -0.363   0.996   2.307  -0.921   1.902   2.811
   0.804   1.872   1.867  -1.089  -1.051   2.871  -1.629  -1.429   0.652  -1.391
  -1.632  -0.172  -0.830  -1.425   0.356  -2.444  -2.602  -0.178  -2.013  -3.397
   1.284  -3.058  -2.728  -0.413  -3.089  -2.093
  -1.676   0.849   2.646  -1.474   0.903   1.599  -1.291   1.936   1.169  -2.332
   0.392   1.140  -0.284  -0.060   1.236  -0.284  -1.257   1.601   0.763   0.559
   0.681   0.645   1.554   0.471   2.056  -0.007   0.257   2.622   0.738  -0.161
   2.805  -0.334   1.505   3.843  -0.564   1.236   2.567  -1.254   1.957   2.813
   0.444   2.210   2.017  -1.221  -0.693   2.884  -2.042  -0.848   0.855  -1.495
  -1.311   0.120  -0.910  -1.165   0.631  -2.532  -2.404   0.150  -2.021  -3.276
   1.606  -2.824  -2.805   0.046  -3.385  -1.915
  -1.348   1.206   2.288  -1.442   0.673   1.413  -1.193   1.339   0.613  -2.446
   0.337   1.265  -0.268  -0.285   1.456  -0.312  -1.411   1.895   0.918   0.214
   1.058   0.846   1.224   0.849   2.239  -0.434   0.909   2.826   0.364   0.428
   2.984  -0.659   2.253   3.877  -1.305   2.082   2.363  -1.165   3.068   3.320
   0.295   2.696   2.364  -1.529  -0.200   3.420  -2.062  -0.422   1.249  -1.830
  -0.841   0.414  -1.374  -0.503   1.086  -2.608  -2.101   0.668  -1.992  -2.885
   2.091  -2.834  -2.456   0.530  -3.471  -1.906
