default_name                                                                    
   22  0.1200000E+03
  -3.4685026   1.8341442  -0.0564386  -3.6193760   0.8036507  -0.3929966
  -4.0869205   0.8942134  -1.3755844  -4.2227727   0.1144659   0.2517835
  -2.2023994   0.2300465  -0.6142827  -2.0023454  -0.2598555  -1.6658997
  -1.2961327   0.3211204   0.3415879  -1.5987084   0.7689248   1.1717610
   0.1275485  -0.0705778   0.2540103   0.5639729   0.0982245   1.2029175
   0.1280068  -1.6315552   0.2499564   1.2235963  -1.9564207   0.0662616
  -0.4465234  -2.0286962  -0.5759541  -0.2211049  -2.0840724   1.1868797
   1.0338697   0.6417686  -0.7683186   2.2253662   0.8270560  -0.5733397
   0.4437152   1.0594056  -1.8875067  -0.4250910   0.6308349  -1.9982965
   0.9386736   1.9621507  -2.8858597   0.4031862   1.8203213  -3.8484532
   0.6687093   3.0036623  -2.6002092   2.0025221   1.7807605  -2.9404051
   0.4212121  -0.2813485  -0.5209041  -0.0432132   0.6646223  -0.4058566
  -0.0479724   0.7839527  -0.9603260  -0.2654968  -0.6934105   0.5793659
   0.3527792   0.1746317  -0.2381267  -0.1160021   0.2768181   0.1355686
  -0.0719494  -0.2393655  -0.0607989   1.6112292  -0.1196862  -1.5054223
   0.2452668   0.0351181   0.1363468   1.3954775   0.4559924  -2.0220841
   0.2875710  -0.0857592  -0.3366943  -0.2043082  -0.9842803  -0.4812589
  -0.0044008  -0.4634535   0.3867349   0.2464235  -1.4407168   0.4714410
   0.2098143  -0.1939374   0.0138727  -0.0661854  -0.0584280   0.4864804
   0.1067464   0.1180715   0.0303319   1.6887840   1.2556094  -0.4574813
  -0.3719560   0.1591543  -0.2104771  -0.7438416  -0.0273975  -0.1345742
   1.4284598   1.4106906  -1.3053699   0.4678630  -0.8278790   1.0027767
