default_name                                                                    
   22  0.1200000E+03
  -3.0429309  -0.4080221   0.5257051  -2.2946378  -0.6840315  -0.2438773
  -2.6583833  -0.1741580  -1.1109031  -2.3289340  -1.8084758  -0.3568351
  -0.9302967  -0.1564553   0.1070806  -0.6316320   0.9937353  -0.2153939
  -0.0555820  -0.9923435   0.7030961  -0.4763951  -1.8478567   0.8011993
   1.3407270  -0.8282156   0.9837571   1.4505926   0.0311120   1.6653375
   1.7641711  -2.1548088   1.6776574   2.6950326  -2.0537991   2.2358048
   1.9124912  -2.9353114   0.9420088   1.0902954  -2.3817229   2.4603542
   2.3001292  -0.4262296  -0.1606902   3.2861068   0.2996736  -0.0100677
   1.8901907  -0.8580597  -1.3523962   1.0088067  -1.3294400  -1.3776463
   2.6087367  -0.6031465  -2.6129810   2.2480071  -1.3565927  -3.3689724
   2.4291789   0.3976551  -3.0847734   3.6050589  -0.6453458  -2.2915685
  -1.6536584   0.1214803  -0.4120302  -0.0342059   0.3489794  -0.0482738
   0.5042137  -0.1234151   0.7081049   0.1187568   1.1265063   0.2738355
   0.1528866  -0.1195668  -0.2034808  -0.1529000  -0.0607336  -0.0428850
   0.0292427  -0.2547144   0.0507022   0.1072420  -0.8515690  -0.4200818
   0.1366301   0.0136615   0.2152236   0.3947690  -0.1426498   0.1659330
  -0.0150655  -0.1527478  -0.2566246   0.5481382   0.5415243   0.4345319
   0.4376944   1.4371725  -1.5560443  -0.3116412  -0.6192564  -0.9992685
  -0.3147209   0.3347989   0.1984275  -0.2083338   0.4028282  -0.0613767
  -0.0487016  -0.0578266   0.0196071  -0.1754379   0.0222651   0.2383517
   0.5096669   0.0770736   0.0864028  -0.1709277   0.9913953   1.2994544
  -0.0986840   0.0840789   0.3554783  -1.0334678  -0.4558241   0.7320310
