default_name                                                                    
   22  0.1200000E+03
  -3.4495565  -0.7393431   0.9305176  -2.6869604  -0.2482118   1.4665974
  -2.6495907  -0.8751671   2.3047574  -2.9629445   0.7400115   1.8456365
  -1.3432557  -0.2602233   0.7556328  -0.6304489   0.7018691   0.7953065
  -1.0324442  -1.4193552   0.1795697  -1.7471190  -2.1035442   0.2992613
   0.2907314  -1.6989383  -0.4697624   1.0455330  -1.3798983   0.2637445
   0.4789366  -3.2068391  -0.6509295   1.4117647  -3.5117957  -1.1137724
  -0.3372578  -3.5685223  -1.2535457   0.4749147  -3.7229191   0.2925538
   0.6023366  -0.7859135  -1.7586461   1.7725972  -0.6321343  -2.0974183
  -0.4150974  -0.2804777  -2.5081794  -1.3384138  -0.5615959  -2.2596173
  -0.3076377   0.4915862  -3.6735913  -0.1858291  -0.0818837  -4.5648972
  -1.0946879   1.2118567  -3.7922107   0.6085785   1.0987833  -3.6556854
  -1.3135019   0.0839772   1.6038959   0.0276485  -0.0367514  -0.0416549
   0.4083546  -0.4640274  -0.2148865   0.4157509  -1.0908405  -0.0332657
   0.0997324   0.0433380   0.0167756   0.1042257  -0.1314862  -0.1455424
  -0.0611886  -0.1994265   0.0036001   0.4526792   0.1833586   1.0715236
  -0.3494625   0.1187034  -0.1811979  -1.3242853  -0.5105086   0.2205445
   0.1582873  -0.0114607   0.1115323   0.1698128  -0.3117567  -0.4524182
  -0.1469474  -0.0053925   0.6601448   0.0773760   0.5869593   0.6318222
   0.5683011   0.4290171   0.0515214   0.0768318  -0.3659988  -0.3737668
   0.0137009   0.2511156  -0.1668575   1.2414789  -0.7934089  -0.2912117
  -0.0261182  -0.0203630  -0.1899910   1.0321710  -0.1661653   0.6428835
   0.4078551   0.5017233  -0.4787120   0.9604513  -0.7588711  -0.0616228
