default_name                                                                    
   22  0.1200000E+03
  -4.6938472   2.5773529  -0.5550784  -3.7924132   2.9076010  -1.0372450
  -3.7975306   3.9600955  -1.1928770  -3.7234786   2.4000856  -1.9528521
  -2.5729398   2.4309470  -0.2488893  -1.7452095   3.2839941   0.1404750
  -2.5378565   1.1043659  -0.0327468  -3.3262527   0.5956493  -0.4908444
  -1.4795467   0.3612447   0.4959959  -1.1074607   0.8897338   1.3958460
  -2.0499801  -0.9529445   0.8951780  -1.2156294  -1.6411672   1.1394441
  -2.6182836  -1.3862238   0.0291853  -2.6859449  -0.8315415   1.7724733
  -0.1235256   0.1470461  -0.3738559   0.9857946  -0.0194586   0.1537400
  -0.2962442   0.1981949  -1.6950754  -1.2666767   0.3249185  -1.9438601
   0.6849377  -0.3020824  -2.7681882   1.0381377   0.5515798  -3.3900092
   1.6189329  -0.8084273  -2.4106628   0.1745370  -1.1238189  -3.3395481
  -0.9651477   0.6302539  -0.6696423  -0.1797271  -0.0848470  -0.0666473
   0.0709931  -0.0109257  -1.0175047  -0.0751296   0.0538065   0.5273963
   0.3363538   0.2312699  -0.2779543  -0.1933380   0.0609093   0.3096553
   0.1222394  -0.3644068   0.0799848  -0.8898061   0.8224537  -0.1915011
  -0.2708543   0.0901790   0.0308897  -0.5753772   0.1821168  -0.4387137
   0.2328166   0.0340689   0.1738809   0.1690780   0.3653966   0.9744011
  -0.5018564   0.2351640   0.1081386   0.9400175   0.4444919  -1.4826554
   0.1193372   0.0201114   0.4725938   0.0547281   0.1693425  -0.0052170
   0.1415213  -0.0685730   0.1213590   1.1057591  -0.4701380   0.4052590
  -0.1255553  -0.1413357  -0.2028346  -0.0270469   0.8302935   0.2093833
  -1.2035338   0.6777635   1.0248380   1.3559307  -0.4099432   0.7246922
