default_name                                                                    
   22  0.1200000E+03
  -3.5387535  -1.4407324   1.5363396  -3.0387288  -0.5077661   1.3520614
  -3.3661787   0.2501946   2.0378504  -3.3332162  -0.1525689   0.3481635
  -1.5512928  -0.6680622   1.5522036  -0.9677243  -0.2956580   2.5668941
  -0.9073499  -1.2253956   0.5053278  -1.4824018  -1.5460272  -0.2743944
   0.5480873  -1.4660269   0.3516355   1.0041860  -1.8161141   1.2950605
   0.6676647  -2.6420215  -0.6230645   1.7209407  -2.9260442  -0.7743579
   0.1551916  -2.4170993  -1.6127470   0.1596179  -3.5682015  -0.2960811
   1.2055076  -0.1841137  -0.1760068   2.4042798  -0.1050759  -0.2742790
   0.4300133   0.8819089  -0.5152794  -0.5319511   0.7753149  -0.4498676
   0.9688221   2.1637594  -0.9721731   0.4008919   2.6149229  -1.8461592
   1.0193259   2.7422679  -0.0333849   1.9533286   2.0191164  -1.4419225
   0.2210574  -0.7560208  -1.4363887   0.1206013   0.4219576  -0.0682555
   0.0858155  -1.1540584   0.4416678  -0.5432710  -0.7162766  -0.8982529
   0.1603533   0.0224844  -0.0631302  -0.0808203   0.0457835   0.3997346
  -0.1880641  -0.1836739  -0.5488483  -0.0898740  -1.3471023   0.3262610
   0.0720353   0.0684786   0.0847277   0.4448693  -0.5496241  -0.3683184
   0.1284272  -0.0262892   0.2138319   0.1299829   0.9667413  -0.4829353
   1.1367118  -1.0797468  -0.6834662  -0.5219665  -0.0265132   0.3819869
   0.0387292   0.2292102  -0.0783661  -0.0417426  -0.0664844   0.1023828
  -0.0224675  -0.0747238  -0.0496246   1.0240747  -1.2278110   0.2608643
   0.2331167  -0.3316670  -0.0515918  -0.7749017   0.2851611   0.2173015
   0.2752195  -1.0011815   0.0233253   0.8230706  -1.4194951  -0.2082582
