default_name                                                                    
  -4.094   1.710   0.728  -3.430   0.954   1.194  -3.928  -0.057   1.350  -3.319
   1.200   2.232  -1.936   0.933   0.652  -1.543   1.950   0.118  -1.162  -0.142
   0.722  -1.620  -1.052   0.977   0.300  -0.249   0.385   0.826   0.346   1.167
   0.717  -1.751   0.658   1.848  -1.917   0.646   0.327  -2.483  -0.030   0.411
  -1.956   1.686   0.817   0.280  -0.978   1.977   0.609  -1.034  -0.021   0.333
  -2.030  -0.976  -0.003  -1.867   0.354   0.902  -3.324   0.004   1.987  -3.323
   1.458   0.927  -3.395  -0.061   0.334  -4.179
  -3.940   0.147   0.293  -3.473   0.815   1.082  -3.636   0.223   1.983  -3.974
   1.775   1.079  -2.042   0.918   0.759  -1.530   2.062   0.760  -1.393  -0.240
   0.557  -1.938  -1.098   0.473   0.081  -0.348   0.529   0.619   0.141   1.383
   0.357  -1.793   0.766   1.458  -1.906   0.586  -0.306  -2.349   0.032   0.106
  -2.131   1.787   0.816   0.251  -0.654   2.035   0.551  -0.553   0.239   0.296
  -1.879  -0.726   0.017  -1.889   0.826   0.743  -3.085   0.006   1.279  -3.610
   1.653   1.403  -3.023   1.213  -0.084  -3.644
  -3.977   0.305   0.415  -3.498   0.921   1.198  -3.630   0.474   2.191  -3.936
   1.909   1.163  -2.044   0.948   0.896  -1.496   2.019   1.030  -1.448  -0.173
   0.599  -2.040  -0.944   0.329   0.029  -0.329   0.518   0.511   0.243   1.351
   0.229  -1.827   0.754   1.221  -2.183   0.858  -0.148  -2.411  -0.193  -0.420
  -2.144   1.595   0.810   0.066  -0.720   2.042  -0.218  -0.904  -0.036   0.446
  -1.720  -1.031   0.577  -1.491   0.228   0.948  -3.058  -0.695   1.444  -3.568
   1.067   1.648  -3.029   0.526   0.073  -3.672
  -4.256  -0.117   0.807  -3.849   0.887   0.931  -4.152   1.194   1.903  -4.246
   1.584   0.230  -2.338   0.854   0.889  -1.689   1.865   1.080  -1.743  -0.282
   0.614  -2.302  -1.107   0.496  -0.234  -0.467   0.669   0.022   0.065   1.542
   0.034  -1.929   0.940   1.093  -2.146   1.095  -0.357  -2.568   0.125  -0.598
  -2.182   1.815   0.423   0.062  -0.663   1.634   0.317  -0.614  -0.283   0.230
  -1.837  -1.238  -0.119  -1.827   0.161   0.775  -3.122  -0.663   0.504  -3.803
   0.402   1.857  -3.016   1.054   0.276  -3.416
  -4.433   0.591  -0.069  -3.938   0.761   0.847  -4.421   0.137   1.584  -4.134
   1.822   1.090  -2.434   0.739   0.860  -1.805   1.803   1.080  -1.891  -0.437
   0.554  -2.524  -1.195   0.761  -0.425  -0.742   0.503  -0.014  -0.251   1.406
  -0.324  -2.207   0.819   0.688  -2.359   1.186  -0.661  -2.813   0.014  -0.876
  -2.400   1.752   0.326  -0.310  -0.785   1.573  -0.406  -0.786  -0.370   0.166
  -1.854  -1.362   0.207  -1.780   0.259   0.385  -3.156  -0.325   1.016  -3.779
   1.207   0.797  -3.075   0.376  -0.565  -3.688
  -4.406   0.126   1.122  -3.846   0.971   1.079  -4.120   1.745   1.751  -4.071
   1.394   0.111  -2.381   0.805   1.157  -1.651   1.727   1.483  -1.828  -0.328
   0.867  -2.406  -1.126   0.627  -0.407  -0.594   0.758   0.148  -0.094   1.510
  -0.274  -2.058   1.138   0.754  -2.439   0.906  -0.957  -2.623   0.569  -0.304
  -2.241   2.165   0.224  -0.218  -0.665   1.462  -0.401  -0.806  -0.531   0.147
  -1.644  -1.501   0.226  -1.447  -0.016   0.593  -2.975  -0.634   1.181  -3.608
   0.896   1.206  -2.739   0.119  -0.265  -3.637
  -4.539   0.699   0.397  -4.065   1.297   1.062  -4.526   0.994   2.059  -4.137
   2.348   0.676  -2.513   0.983   1.024  -1.691   1.913   1.082  -2.079  -0.219
   0.658  -2.813  -0.941   0.710  -0.641  -0.597   0.710  -0.194   0.088   1.463
  -0.538  -2.149   1.018   0.523  -2.462   1.303  -0.779  -2.729   0.081  -1.194
  -2.475   1.795   0.145  -0.221  -0.591   1.243  -0.659  -0.669  -0.420   0.526
  -1.519  -1.335   0.882  -1.250   0.369   1.134  -2.576  -0.331   1.660  -3.256
   1.023   1.917  -2.187   0.944   0.335  -3.029
  -4.399   1.067   0.088  -3.948   1.305   1.008  -4.327   0.661   1.765  -4.339
   2.244   1.317  -2.462   1.310   0.978  -1.879   2.262   1.414  -1.980   0.149
   0.693  -2.613  -0.503   0.351  -0.635  -0.380   0.757  -0.165   0.018   1.652
  -0.674  -1.958   0.938   0.336  -2.349   1.087  -1.134  -2.461   0.082  -1.167
  -2.242   1.829   0.220   0.068  -0.462   1.403  -0.160  -0.397  -0.410   0.637
  -1.489  -1.415   0.687  -1.376   0.137   1.101  -2.766  -0.683   1.569  -3.355
   0.962   1.851  -2.632   0.525   0.254  -3.312
  -4.212   1.665  -0.090  -4.057   1.730   1.007  -4.571   0.911   1.491  -4.485
   2.649   1.386  -2.568   1.467   1.223  -1.863   2.335   1.691  -2.120   0.297
   0.744  -2.817  -0.422   0.582  -0.716  -0.066   0.849  -0.202   0.445   1.677
  -0.711  -1.568   1.096   0.192  -1.963   1.439  -1.044  -2.160   0.217  -1.428
  -1.639   1.921   0.152   0.295  -0.382   1.415   0.249  -0.385  -0.462   0.623
  -1.571  -1.439   0.569  -1.495  -0.089   1.322  -2.762  -0.856   1.510  -3.432
   0.297   2.248  -2.466   0.693   0.720  -3.255
  -4.357   1.534   0.261  -3.854   1.961   1.139  -4.212   1.478   2.056  -4.069
   2.969   1.210  -2.346   1.658   1.062  -1.541   2.558   1.244  -1.970   0.414
   0.732  -2.713  -0.272   0.828  -0.593   0.043   0.823  -0.131   0.459   1.718
  -0.627  -1.477   0.941   0.382  -1.882   1.192  -0.974  -1.811   0.000  -1.244
  -1.815   1.703   0.186   0.589  -0.423   1.423   0.644  -0.436  -0.501   0.847
  -1.551  -1.467   0.724  -1.532   0.016   1.059  -2.916  -0.344   0.239  -3.548
  -0.246   2.060  -3.341   1.124   1.044  -2.779
  -4.303   1.871   0.163  -3.689   2.301   0.972  -4.059   1.701   1.848  -3.984
   3.362   1.042  -2.223   2.159   0.714  -1.582   3.173   0.527  -1.780   0.913
   0.804  -2.546   0.208   0.975  -0.410   0.464   0.997  -0.002   1.017   1.844
  -0.246  -1.069   1.163   0.860  -1.219   1.267  -0.684  -1.605   0.352  -0.780
  -1.212   2.118   0.372   0.861  -0.295   1.544   1.038  -0.306  -0.249   0.807
  -1.500  -1.256   0.649  -1.464   0.327   1.257  -2.806   0.873   0.435  -3.320
  -0.547   1.398  -3.430   0.898   2.169  -2.618
  -4.250   2.127   1.435  -3.906   2.796   0.635  -4.108   3.863   0.856  -4.384
   2.613  -0.360  -2.434   2.496   0.601  -1.615   3.376   0.325  -2.084   1.201
   0.736  -2.770   0.425   0.830  -0.683   0.763   0.779  -0.200   1.217   1.657
  -0.665  -0.724   1.197   0.372  -0.980   1.382  -1.188  -1.460   0.493  -1.141
  -0.820   2.212   0.243   1.044  -0.473   1.478   1.127  -0.366  -0.370   1.140
  -1.654  -1.316   1.223  -1.741   0.362   1.179  -2.911   1.299   1.808  -2.775
   0.670   0.180  -3.156  -0.317   1.555  -3.736
  -4.570   2.094   0.828  -3.982   2.665   0.015  -4.184   3.727   0.025  -4.304
   2.189  -0.904  -2.507   2.492   0.164  -1.699   3.403   0.182  -2.152   1.238
   0.382  -2.876   0.620   0.679  -0.757   0.709   0.518  -0.250   1.327   1.175
  -0.777  -0.652   1.134   0.149  -1.202   1.063  -1.543  -1.320   0.601  -0.982
  -0.573   2.218   0.240   0.720  -0.741   1.387   0.555  -0.598  -0.419   0.838
  -1.873  -1.453   0.933  -1.880   0.221   0.730  -3.153   1.134   0.107  -3.042
  -0.400   0.256  -3.884   0.426   1.798  -3.534
  -4.649   1.437  -0.332  -4.091   2.344  -0.692  -4.544   3.210  -0.218  -4.225
   2.295  -1.728  -2.587   2.275  -0.337  -1.922   3.272  -0.440  -2.156   1.113
   0.010  -2.685   0.333  -0.146  -0.744   0.816   0.373  -0.417   1.743   0.818
  -0.781  -0.378   1.285   0.179  -0.538   1.708  -1.042  -1.214   0.623  -1.545
  -0.272   2.116   0.165   0.533  -0.864   1.347   0.327  -0.653  -0.367   0.453
  -2.084  -1.300   0.756  -2.206   0.451   0.387  -3.280   0.924  -0.557  -3.212
  -0.257   0.426  -4.162   1.252   1.150  -3.222
  -4.981   1.655  -0.626  -4.257   2.213  -1.222  -4.521   3.211  -1.043  -4.315
   1.799  -2.175  -2.828   2.166  -0.676  -2.119   3.203  -0.598  -2.370   0.993
  -0.246  -2.869   0.091  -0.329  -1.062   0.869   0.387  -0.864   1.825   0.931
  -1.297  -0.289   1.382  -0.402  -0.479   1.901  -1.803  -1.172   0.873  -2.022
  -0.070   2.163   0.014   0.579  -0.634   1.236   0.642  -0.338  -0.309   0.284
  -1.909  -1.334   0.142  -2.055   0.572   0.010  -3.058   1.114  -0.905  -2.819
   0.063  -0.255  -4.001   1.205   0.857  -3.143
  -4.713   2.625  -0.755  -3.986   2.176  -1.433  -3.900   2.738  -2.336  -4.309
   1.133  -1.785  -2.668   2.083  -0.786  -2.052   3.105  -0.454  -2.431   0.940
  -0.205  -3.123   0.226  -0.203  -1.117   0.596   0.390  -0.901   1.439   1.095
  -1.268  -0.540   1.357  -0.264  -0.789   1.680  -1.710  -1.362   0.708  -2.029
  -0.288   2.088   0.047   0.404  -0.569   1.225   0.491  -0.205  -0.272   0.272
  -1.869  -1.247   0.307  -2.048   0.670  -0.109  -2.998   1.166  -1.088  -2.799
   0.225  -0.133  -3.976   1.503   0.565  -3.124
  -4.700   2.821  -0.476  -3.959   2.481  -1.258  -3.990   3.256  -2.013  -4.219
   1.507  -1.715  -2.580   2.087  -0.626  -1.733   2.987  -0.466  -2.430   0.812
  -0.182  -3.161   0.118  -0.412  -1.209   0.298   0.465  -1.015   1.093   1.140
  -1.411  -0.971   1.200  -0.494  -1.143   1.707  -1.564  -1.714   0.389  -2.209
  -0.963   1.931   0.042   0.119  -0.483   1.168  -0.048   0.007  -0.189  -0.075
  -1.837  -1.124   0.041  -2.132   0.817  -0.334  -2.809   1.332  -1.260  -2.579
   0.382  -0.440  -3.791   1.575   0.450  -2.906
  -4.858   2.608  -0.383  -3.966   2.425  -1.007  -3.764   3.144  -1.772  -4.355
   1.521  -1.593  -2.653   2.104  -0.225  -1.782   2.951  -0.058  -2.545   0.825
   0.093  -3.408   0.281  -0.006  -1.368   0.280   0.752  -0.984   0.995   1.485
  -1.845  -1.034   1.506  -0.927  -1.533   1.803  -2.388  -1.608   0.772  -2.463
  -0.877   2.405  -0.148  -0.038  -0.200   0.984  -0.001   0.290  -0.443  -0.132
  -1.487  -1.388  -0.282  -1.723   0.560  -0.319  -2.549   1.448   0.011  -2.147
   0.619  -1.319  -3.019   0.431   0.366  -3.492
  -3.982   3.819  -0.834  -3.689   2.856  -1.171  -3.363   2.907  -2.207  -4.582
   2.288  -1.273  -2.592   2.253  -0.217  -1.524   2.794   0.002  -2.847   1.039
   0.138  -3.722   0.604  -0.097  -1.725   0.105   0.677  -1.370   0.610   1.581
  -2.338  -1.196   1.137  -1.498  -1.851   1.485  -2.813  -1.561   0.226  -3.017
  -0.985   1.914  -0.433  -0.070  -0.226   0.712  -0.205   0.294  -0.672   0.059
  -1.533  -1.649   0.096  -1.779   0.260  -0.033  -2.633   1.264  -0.094  -2.287
  -0.009  -0.861  -3.217   0.212   0.824  -3.305
  -4.694   2.577  -0.555  -3.792   2.908  -1.037  -3.798   3.960  -1.193  -3.723
   2.400  -1.953  -2.573   2.431  -0.249  -1.745   3.284   0.140  -2.538   1.104
  -0.033  -3.326   0.596  -0.491  -1.480   0.361   0.496  -1.107   0.890   1.396
  -2.050  -0.953   0.895  -1.216  -1.641   1.139  -2.618  -1.386   0.029  -2.686
  -0.832   1.772  -0.124   0.147  -0.374   0.986  -0.019   0.154  -0.296   0.198
  -1.695  -1.267   0.325  -1.944   0.685  -0.302  -2.768   1.038   0.552  -3.390
   1.619  -0.808  -2.411   0.175  -1.124  -3.340
