default_name                                                                    
  -3.592  -0.580   1.372  -3.242   0.034   0.577  -3.809   0.934   0.595  -3.443
  -0.489  -0.318  -1.773   0.322   0.588  -1.270   1.359   0.173  -0.975  -0.721
   1.070  -1.336  -1.516   1.510   0.495  -0.558   1.146   0.613   0.405   1.705
   1.111  -1.724   2.026   2.160  -1.609   2.105   1.063  -2.642   1.519   0.803
  -1.947   3.020   1.280  -0.232  -0.211   2.352   0.356  -0.249   0.660  -0.641
  -1.354  -0.225  -1.075  -1.276   1.237  -0.436  -2.669   0.375  -0.617  -3.281
   1.659   0.640  -2.723   2.021  -1.182  -2.818
  -3.574   0.930   0.602  -3.075  -0.039   0.494  -3.390  -0.394  -0.492  -3.393
  -0.627   1.353  -1.592   0.190   0.539  -1.183   1.302   0.430  -0.774  -0.766
   0.951  -1.175  -1.674   1.070   0.703  -0.672   1.196   0.969   0.122   1.889
   1.041  -2.035   1.747   2.017  -2.029   2.228   1.008  -2.715   0.983   0.431
  -2.223   2.544   1.464  -0.373  -0.157   2.594   0.202  -0.038   0.927  -0.697
  -1.379   0.031  -1.090  -1.248   1.523  -0.462  -2.690   0.759  -0.512  -3.490
   1.930   0.530  -2.741   2.251  -1.167  -2.915
  -3.660   0.795  -0.084  -2.881   0.001  -0.103  -2.640  -0.133  -1.155  -3.215
  -0.965   0.239  -1.569   0.524   0.518  -1.223   1.758   0.403  -0.763  -0.502
   0.839  -1.202  -1.356   0.788   0.718  -0.343   0.848   0.793   0.579   1.483
   1.236  -1.519   1.594   2.274  -1.449   1.746   0.895  -2.363   1.035   0.686
  -1.449   2.551   1.446  -0.171  -0.511   2.483   0.487  -0.530   0.789  -0.680
  -1.579  -0.095  -1.143  -1.451   1.318  -0.556  -2.925   0.404  -0.472  -3.604
   2.000   0.240  -3.044   1.811  -1.470  -3.286
  -3.493   1.596  -0.641  -3.049   0.672  -0.219  -3.102  -0.164  -0.941  -3.621
   0.423   0.650  -1.595   0.971   0.162  -1.129   2.099   0.028  -0.902  -0.100
   0.537  -1.337  -0.987   0.729   0.600   0.031   0.696   0.935   0.950   1.292
   0.965  -1.171   1.556   1.952  -1.149   1.779   0.798  -2.154   1.039   0.434
  -1.160   2.532   1.464  -0.023  -0.534   2.643   0.425  -0.549   0.906  -0.631
  -1.541  -0.093  -0.876  -1.559   1.639  -1.000  -2.714   1.728  -0.149  -3.394
   2.623  -1.396  -2.391   1.092  -1.928  -3.119
  -3.120   1.808  -0.839  -2.791   1.065  -0.090  -2.977   0.039  -0.474  -3.253
   1.180   0.911  -1.365   1.169   0.132  -0.826   2.242  -0.120  -0.745   0.175
   0.724  -1.359  -0.550   0.965   0.655   0.106   1.178   0.887   0.819   1.977
   0.839  -1.180   1.868   1.791  -1.121   2.340   0.826  -1.989   1.178   0.110
  -1.387   2.641   1.613   0.104  -0.080   2.794   0.380  -0.033   1.119  -0.347
  -1.257   0.121  -0.603  -1.240   1.953  -0.606  -2.465   2.417   0.424  -2.812
   2.771  -1.252  -2.256   1.332  -0.849  -3.329
  -3.283   1.509  -0.993  -2.911   0.777  -0.258  -2.824  -0.090  -0.885  -3.575
   0.641   0.594  -1.568   1.165   0.296  -1.231   2.353   0.233  -0.828   0.173
   0.783  -1.361  -0.652   0.862   0.582   0.239   1.198   0.728   1.216   1.568
   0.717  -0.799   2.238   1.681  -0.757   2.629   0.558  -1.795   1.852  -0.020
  -0.665   3.029   1.517   0.032  -0.004   2.707   0.213   0.056   1.003  -0.361
  -1.200  -0.019  -0.348  -1.345   1.757  -0.547  -2.416   2.093   0.381  -2.884
   2.668  -1.128  -2.298   1.209  -1.186  -3.097
  -3.109   0.553  -1.073  -2.946   0.789  -0.037  -3.364   0.108   0.653  -3.427
   1.737   0.133  -1.515   1.005   0.345  -1.065   2.121   0.336  -0.735  -0.061
   0.667  -1.136  -0.968   0.316   0.675   0.055   1.109   0.829   0.945   1.644
   0.899  -1.063   2.123   1.903  -1.060   2.488   0.586  -1.957   1.697   0.416
  -0.788   3.120   1.625   0.070  -0.087   2.825   0.321   0.109   1.059  -0.028
  -1.332   0.100  -0.272  -1.445   1.825  -0.059  -2.548   2.663   0.604  -2.462
   2.156  -1.064  -2.764   1.284   0.289  -3.436
  -3.147  -0.158  -0.304  -3.022   0.843  -0.150  -3.678   1.130   0.673  -3.188
   1.449  -1.024  -1.527   1.112   0.275  -1.037   2.211   0.114  -0.836   0.117
   0.747  -1.282  -0.792   0.835   0.661   0.057   0.993   0.875   1.040   1.350
   0.935  -1.024   1.980   2.063  -0.946   2.150   0.604  -1.992   1.707   0.307
  -0.897   2.854   1.632  -0.072  -0.254   2.842   0.183  -0.032   1.117  -0.167
  -1.454   0.145  -0.413  -1.476   1.784   0.141  -2.755   2.798  -0.280  -2.754
   1.077  -0.240  -3.453   1.827   1.243  -3.004
  -3.151   0.147  -0.609  -2.887   0.873   0.205  -3.111   0.418   1.153  -3.470
   1.731   0.021  -1.353   1.064   0.183  -0.816   2.111  -0.081  -0.705   0.014
   0.701  -1.331  -0.761   0.971   0.722  -0.039   1.030   0.944   0.951   1.416
   0.954  -1.199   1.928   2.028  -1.255   2.211   0.786  -2.140   1.363   0.273
  -1.153   2.777   1.695  -0.124  -0.130   2.863   0.071   0.158   1.380  -0.428
  -1.392   0.383  -0.786  -1.520   2.217  -0.168  -2.588   3.094   0.506  -2.413
   2.547  -1.150  -3.084   1.728   0.428  -3.402
  -2.501  -0.466  -0.540  -2.454   0.473   0.092  -3.018   0.328   1.003  -2.921
   1.234  -0.487  -1.022   0.780   0.449  -0.610   1.904   0.176  -0.385  -0.255
   1.087  -0.971  -0.930   1.422   1.069  -0.332   1.287   1.367   0.270   2.104
   1.276  -1.773   1.846   2.360  -2.074   1.604   0.496  -2.518   1.491   1.130
  -1.860   2.926   1.972  -0.081   0.015   3.055   0.503   0.088   1.586  -0.584
  -1.173   0.861  -1.281  -1.082   2.175  -0.322  -2.449   2.213   0.783  -2.658
   3.251  -0.769  -2.497   1.643  -0.790  -3.254
  -2.942   0.431   0.356  -2.275   0.784  -0.408  -2.558   1.789  -0.933  -2.148
  -0.018  -1.141  -0.981   1.043   0.302  -0.509   2.181   0.496  -0.322  -0.048
   0.687  -0.780  -0.913   0.267   1.028  -0.135   1.269   1.295   0.788   1.875
   1.105  -1.350   2.115   1.925  -1.246   2.876   1.142  -2.253   1.491   0.179
  -1.525   2.637   2.079  -0.115   0.076   3.259   0.244   0.278   1.684  -0.392
  -1.149   0.796  -0.747  -1.173   2.504  -0.611  -2.404   2.772   0.271  -2.913
   3.332  -1.290  -2.377   1.748  -1.243  -3.009
  -3.018   0.210   0.652  -2.401   0.866  -0.043  -2.917   1.907  -0.007  -2.491
   0.433  -0.995  -0.906   0.939   0.359  -0.303   1.997   0.166  -0.336  -0.235
   0.641  -0.855  -1.108   0.682   1.039  -0.400   1.168   1.280   0.339   1.875
   1.134  -1.756   1.948   2.164  -2.066   2.118   0.691  -2.465   1.288   0.658
  -1.657   2.927   2.152  -0.224   0.112   3.282   0.238   0.458   1.802  -0.529
  -1.178   0.892  -0.868  -1.266   2.720  -0.332  -2.362   2.977   0.733  -2.541
   3.666  -0.801  -2.134   2.397  -0.800  -3.357
  -2.854   0.579   1.262  -2.370   0.720   0.288  -2.720   1.713  -0.001  -2.698
  -0.008  -0.388  -0.845   0.706   0.443  -0.215   1.727   0.182  -0.256  -0.486
   0.780  -0.895  -1.239   0.830   1.031  -0.574   1.468   0.926   0.001   2.384
   1.220  -2.022   2.033   2.201  -2.112   2.548   1.293  -2.724   1.214   0.508
  -2.296   2.799   2.228  -0.253   0.519   3.301   0.064   0.916   1.964  -0.279
  -0.800   1.080  -0.499  -1.153   2.933  -0.031  -1.889   2.816   0.985  -2.158
   3.922  -0.100  -1.507   2.665  -0.780  -2.708
  -2.707   0.429   1.233  -2.320   0.986   0.389  -2.711   2.006   0.370  -2.629
   0.385  -0.511  -0.790   0.895   0.435  -0.071   1.892   0.147  -0.214  -0.235
   0.971  -0.810  -1.002   1.238   1.156  -0.260   1.589   1.263   0.721   2.103
   1.298  -1.343   2.605   2.200  -1.100   3.147   1.240  -2.309   2.088   0.439
  -1.319   3.282   2.280  -0.280   0.566   3.444  -0.056   0.856   1.967  -0.498
  -0.694   0.938  -0.662  -0.875   2.770  -0.281  -1.913   3.175   0.766  -1.801
   3.455  -1.061  -1.908   2.057  -0.566  -2.719
  -2.697   0.780   0.795  -2.184   0.961  -0.120  -2.442   1.963  -0.511  -2.408
   0.172  -0.803  -0.769   0.904   0.154  -0.011   1.752  -0.234  -0.250  -0.155
   0.764  -0.801  -0.983   0.964   1.102  -0.218   1.443   1.282   0.683   2.025
   0.991  -1.397   2.412   1.856  -1.283   3.111   1.099  -2.341   1.936   0.137
  -1.373   3.110   2.354  -0.230   0.542   3.437  -0.064   1.032   2.222  -0.421
  -0.754   1.338  -0.505  -1.156   3.415  -0.516  -1.637   4.184  -1.253  -1.268
   3.240  -0.736  -2.685   3.983   0.398  -1.568
  -2.801   0.608   0.529  -2.013   0.766  -0.223  -2.228   1.776  -0.665  -2.122
  -0.014  -0.988  -0.580   0.728   0.319   0.186   1.714   0.170  -0.133  -0.406
   0.896  -0.876  -1.190   0.980   1.147  -0.443   1.622   1.391   0.551   2.006
   1.101  -1.507   2.817   1.803  -1.105   3.565   1.469  -2.474   2.478   0.134
  -1.640   3.402   2.346  -0.750   0.698   3.388  -1.060   1.277   2.232  -0.776
  -0.603   1.318  -0.466  -1.048   3.247  -1.032  -1.641   3.482  -2.120  -1.813
   2.881  -0.511  -2.454   4.188  -0.602  -1.203
  -2.536   1.244   0.206  -1.730   0.732  -0.287  -1.722   1.137  -1.303  -1.984
  -0.328  -0.366  -0.352   0.838   0.291   0.345   1.817   0.100  -0.027  -0.121
   1.120  -0.715  -0.738   1.482   1.233  -0.486   1.714   1.704   0.380   2.244
   0.931  -1.570   2.792   1.921  -1.916   3.280   0.562  -2.420   2.183   0.149
  -1.198   3.467   2.404  -0.975   0.790   3.504  -1.314   1.300   2.167  -1.179
  -0.540   1.240  -0.919  -0.869   3.183  -1.219  -1.565   3.721  -2.234  -1.357
   2.761  -1.335  -2.596   3.721  -0.319  -1.473
  -2.527   0.250   0.382  -1.863   0.791  -0.251  -2.263   1.809  -0.490  -1.663
   0.227  -1.146  -0.548   0.836   0.418   0.151   1.885   0.291  -0.073  -0.254
   1.037  -0.724  -1.031   1.020   1.237  -0.491   1.658   1.396   0.454   2.161
   0.961  -1.616   2.679   1.882  -1.927   3.187   0.681  -2.519   2.175   0.210
  -1.490   3.456   2.559  -0.712   0.941   3.619  -0.607   1.608   2.455  -1.140
  -0.324   1.537  -1.144  -0.724   3.488  -1.270  -1.251   3.037  -1.789  -2.138
   3.897  -0.329  -1.630   4.262  -1.858  -0.802
  -2.269   1.473   0.782  -1.705   1.073  -0.031  -1.823   1.706  -0.844  -2.086
   0.097  -0.259  -0.223   0.968   0.359   0.542   1.907   0.099   0.109  -0.106
   0.999  -0.580  -0.843   1.055   1.264  -0.304   1.840   1.290   0.471   2.627
   0.905  -1.660   2.522   1.582  -1.789   3.371   1.041  -2.454   1.894  -0.069
  -1.619   2.830   2.586  -0.588   1.039   3.662  -0.363   1.564   2.500  -1.179
  -0.136   1.663  -1.509  -0.489   3.602  -1.508  -1.061   3.520  -0.873  -1.962
   4.626  -1.415  -0.686   3.410  -2.530  -1.400
  -2.163   0.813   0.485  -1.565   1.039  -0.350  -1.702   1.929  -0.939  -1.671
   0.135  -0.987  -0.160   1.060   0.257   0.604   2.014   0.119   0.230  -0.008
   0.881  -0.297  -0.859   0.773   1.329  -0.191   1.856   1.292   0.635   2.546
   0.945  -1.510   2.546   1.550  -1.705   3.479   1.240  -2.345   1.913  -0.158
  -1.640   2.734   2.748  -0.279   1.198   3.714   0.025   1.883   2.824  -0.713
  -0.062   1.881  -0.708  -0.499   3.986  -1.023  -0.740   4.419  -0.175  -1.111
   4.673  -1.598  -0.082   3.754  -1.672  -1.520
