default_name                                                                    
  -3.971   0.877   1.613  -3.466  -0.037   1.259  -3.750  -0.046   0.161  -3.679
  -0.935   1.815  -1.919   0.231   1.256  -1.512   1.373   1.476  -1.097  -0.848
   0.978  -1.578  -1.797   0.938   0.375  -0.882   0.975   0.721  -0.394   1.866
   0.676  -2.437   1.118   1.793  -2.632   1.087   0.303  -3.038   0.250   0.305
  -2.833   2.046   0.994  -0.275  -0.287   2.203  -0.374  -0.544   0.122   0.270
  -1.205  -0.882   0.306  -0.947   0.460   0.952  -2.496   1.469   1.172  -2.544
   0.109   0.407  -3.402   0.024   2.045  -2.483
  -3.785   1.077   1.625  -3.374   0.044   1.565  -3.525  -0.425   0.644  -3.733
  -0.535   2.255  -1.868   0.110   1.658  -1.306   1.188   1.838  -1.148  -1.026
   1.425  -1.576  -1.948   1.640   0.334  -1.096   1.321   0.852  -0.659   2.188
   0.709  -2.596   1.283   1.804  -2.702   1.211   0.294  -3.018   0.416   0.460
  -3.172   2.137   0.923  -0.427   0.001   2.132  -0.537  -0.210   0.090   0.282
  -0.802  -0.874  -0.009  -0.757   0.557   1.107  -1.933   0.775   2.047  -1.486
   1.482   0.651  -2.453  -0.277   1.246  -2.671
  -3.536   0.697   2.406  -3.192  -0.082   1.691  -3.823  -0.093   0.816  -3.468
  -1.044   2.139  -1.718   0.084   1.389  -1.255   1.217   1.345  -1.060  -1.051
   1.083  -1.586  -1.917   1.024   0.383  -1.187   0.967   0.849  -0.780   1.913
   0.869  -2.688   0.921   1.976  -2.747   0.966   0.582  -3.132  -0.099   0.425
  -3.245   1.701   1.059  -0.334  -0.140   2.279  -0.236  -0.114   0.324   0.083
  -1.184  -0.687  -0.144  -1.098   0.737   0.917  -2.298   1.618   1.538  -2.022
   0.970   0.256  -3.102  -0.118   1.486  -2.707
  -4.183   0.126   1.058  -3.422  -0.603   0.982  -3.563  -1.183   0.078  -3.545
  -1.345   1.806  -2.017  -0.002   1.109  -1.896   1.250   1.231  -0.987  -0.840
   1.177  -1.230  -1.827   1.295   0.452  -0.528   1.002   0.632   0.216   1.767
   1.315  -1.783   1.343   2.350  -1.658   1.136   0.936  -2.562   0.682   1.110
  -2.045   2.348   0.989  -0.078  -0.393   2.215   0.189  -0.563   0.175   0.050
  -1.412  -0.786  -0.267  -1.243   0.502   0.521  -2.814   1.575   0.462  -3.116
  -0.129   0.074  -3.574   0.152   1.540  -3.052
  -4.035   0.161   1.040  -3.328  -0.522   1.447  -3.481  -1.472   1.018  -3.508
  -0.544   2.496  -1.983  -0.002   1.043  -1.908   1.078   0.536  -0.969  -0.858
   1.175  -1.138  -1.784   1.477   0.420  -0.515   1.048   0.663   0.310   1.743
   1.259  -1.712   1.628   2.322  -1.417   1.753   0.945  -2.494   0.938   0.954
  -1.944   2.699   0.928  -0.069  -0.380   2.046   0.471  -0.432   0.162  -0.239
  -1.442  -0.698  -0.763  -1.246   0.432   0.171  -2.809   1.324   0.738  -2.994
   0.474  -0.752  -3.424  -0.428   0.722  -3.119
  -3.925   0.009   0.479  -3.417  -0.552   1.166  -3.596  -1.655   0.967  -3.770
  -0.296   2.116  -1.964  -0.190   1.166  -1.670   1.009   1.024  -1.020  -1.192
   1.132  -1.398  -2.133   0.985   0.453  -1.021   0.978   0.753  -0.370   1.729
   1.145  -2.449   1.207   2.262  -2.245   1.294   1.106  -3.006   0.275   0.832
  -3.010   2.128   0.995  -0.390  -0.400   2.145   0.092  -0.488   0.175  -0.409
  -1.514  -0.584  -1.096  -1.528   0.306   0.427  -2.747   0.461   1.461  -2.440
   1.087   0.049  -3.474  -0.670   0.425  -3.210
  -3.915  -0.167   0.274  -3.495  -0.448   1.139  -3.588  -1.497   1.297  -3.859
   0.141   2.016  -2.008  -0.127   0.978  -1.651   1.031   1.064  -1.150  -1.165
   0.770  -1.537  -2.122   0.617   0.410  -0.994   0.836   0.601  -0.477   1.796
   0.952  -2.427   0.734   2.067  -2.322   0.812   0.789  -2.856  -0.217   0.614
  -3.045   1.549   0.950  -0.177  -0.338   2.015   0.419  -0.195   0.218  -0.172
  -1.499  -0.657  -0.673  -1.404   0.707   0.418  -2.782   1.380   1.222  -2.512
   1.229  -0.367  -3.321  -0.123   0.761  -3.371
  -3.573  -0.026   0.219  -3.019  -0.715   0.837  -3.007  -1.658   0.339  -3.468
  -0.755   1.839  -1.515  -0.193   0.945  -1.370   1.038   0.908  -0.630  -1.112
   0.963  -0.955  -2.067   0.996   0.831  -0.838   0.900   1.054  -0.195   1.803
   1.587  -2.217   1.079   2.604  -2.076   1.186   1.417  -2.709   0.159   1.254
  -2.759   1.949   1.298  -0.116  -0.455   2.388   0.393  -0.516   0.399  -0.022
  -1.471  -0.574  -0.337  -1.357   0.633   0.517  -2.796   0.389   1.578  -2.768
   1.631   0.394  -3.160  -0.019   0.078  -3.576
  -3.398   0.268   1.434  -2.726  -0.614   1.426  -3.254  -1.355   0.693  -2.651
  -1.064   2.497  -1.369  -0.182   0.939  -1.029   1.005   0.678  -0.472  -1.167
   0.897  -0.749  -2.100   1.140   0.936  -0.968   0.653   1.359  -0.402   1.502
   1.568  -2.313   0.685   2.688  -2.221   0.706   1.288  -2.955  -0.180   1.335
  -2.822   1.592   1.374  -0.295  -0.625   2.392   0.393  -0.635   0.575  -0.428
  -1.736  -0.205  -1.082  -1.629   0.683   0.371  -2.931   0.209   1.293  -2.686
   1.724   0.672  -3.165   0.291  -0.117  -3.793
  -3.510   0.654   1.272  -3.002  -0.330   1.201  -3.568  -1.077   0.561  -2.996
  -0.691   2.209  -1.638  -0.128   0.589  -1.305   0.971   0.242  -0.833  -1.199
   0.607  -1.244  -2.110   0.896   0.630  -1.103   0.544   0.876  -0.610   1.420
   1.326  -2.439   0.529   2.411  -2.238   0.607   1.068  -2.998  -0.364   1.003
  -2.998   1.361   1.155  -0.234  -0.639   2.127   0.520  -0.397   0.618  -0.299
  -1.831  -0.043  -0.999  -1.978   1.275   0.321  -2.996   1.389   1.362  -2.772
   2.300  -0.101  -3.167   0.562   0.217  -3.845
  -3.611   0.501   1.197  -2.986  -0.353   0.946  -3.446  -0.887   0.054  -2.891
  -1.069   1.751  -1.506  -0.027   0.637  -1.053   1.110   0.755  -0.685  -1.096
   0.451  -1.149  -2.032   0.655   0.817  -0.986   0.434   1.174  -0.570   1.392
   1.306  -2.408   0.249   2.331  -2.305  -0.061   0.806  -2.811  -0.635   1.210
  -3.048   1.108   1.384   0.005  -0.635   2.535   0.494  -0.628   0.612   0.243
  -1.671  -0.262  -0.168  -1.647   0.906   1.038  -2.902   0.193   1.812  -3.202
   1.839   1.626  -2.794   0.881   0.369  -3.829
  -3.467   0.111   1.338  -2.905  -0.059   0.392  -3.392   0.545  -0.367  -3.005
  -1.101   0.139  -1.394   0.214   0.487  -1.049   1.249   1.098  -0.586  -0.758
   0.028  -0.952  -1.578  -0.383   0.860  -0.656   0.136   1.087  -0.111   1.103
   1.487  -2.072   0.134   2.571  -2.045   0.279   1.198  -2.505  -0.805   1.122
  -2.530   1.019   1.499   0.213  -0.858   2.660   0.586  -0.689   0.820   0.419
  -1.948  -0.162   0.221  -1.926   1.407   1.010  -3.130   1.381   2.110  -3.383
   2.481   0.729  -3.207   0.940   0.528  -4.033
  -3.188  -1.115   1.076  -2.819  -0.414   0.283  -3.386   0.508   0.374  -2.996
  -0.817  -0.772  -1.329  -0.152   0.509  -0.888   0.775   1.218  -0.410  -1.095
   0.102  -0.874  -1.926  -0.369   1.019  -0.845   0.125   1.381  -0.686   1.149
   1.718  -2.241  -0.205   2.855  -2.187  -0.201   1.555  -2.604  -1.240   1.458
  -2.970   0.522   1.502   0.268  -0.883   2.578   0.851  -0.817   0.671   0.594
  -1.933  -0.233  -0.028  -1.976   0.988   1.416  -3.120   0.049   1.890  -3.318
   1.686   2.183  -2.789   1.404   0.827  -3.948
  -2.845  -1.122   1.334  -2.540  -0.577   0.408  -3.116   0.324   0.327  -2.510
  -1.257  -0.479  -1.147  -0.065   0.568  -0.859   0.981   1.147  -0.208  -0.801
  -0.024  -0.576  -1.578  -0.535   1.263  -0.613   0.073   1.625  -0.271   1.012
   1.938  -1.971  -0.057   3.016  -1.836   0.165   1.697  -2.515  -0.982   1.624
  -2.616   0.759   1.730   0.361  -1.086   2.854   0.902  -1.019   0.974   0.499
  -2.170   0.068   0.100  -1.990   1.242   1.443  -3.242   0.260   1.728  -3.663
   1.866   2.286  -2.895   1.611   0.768  -4.001
  -2.215  -0.357   2.331  -2.292  -0.354   1.202  -3.175   0.250   0.966  -2.656
  -1.319   1.002  -1.034   0.031   0.586  -0.735   1.259   0.534  -0.269  -0.992
   0.239  -0.634  -1.889   0.370   1.163  -0.787   0.127   1.565  -0.476   1.117
   1.799  -2.192   0.074   2.735  -2.172   0.641   1.941  -2.466  -0.938   1.213
  -2.966   0.535   1.700   0.217  -0.902   2.899   0.615  -0.833   0.894   0.665
  -1.848  -0.022   0.322  -1.882   1.324   1.417  -2.957   0.669   1.276  -3.750
   1.324   2.478  -2.740   2.329   1.169  -3.245
  -1.792  -1.757   1.570  -2.120  -1.135   0.755  -2.884  -0.489   1.134  -2.518
  -1.787  -0.034  -0.923  -0.274   0.361  -0.946   0.949   0.472   0.165  -0.975
   0.182   0.058  -2.001   0.025   1.550  -0.386   0.134   1.656   0.110   1.041
   2.407  -1.613   0.134   3.391  -1.375   0.509   2.475  -2.076  -0.934   1.974
  -2.323   0.863   1.935   0.561  -1.040   3.121   0.928  -1.141   0.986   0.735
  -1.937   0.068   0.383  -1.743   1.083   1.677  -3.040   0.588   1.213  -3.826
   0.594   2.676  -2.977   2.172   1.867  -3.246
  -2.037  -2.217   0.420  -2.216  -1.172   0.570  -2.537  -1.038   1.629  -3.057
  -0.831  -0.021  -1.055  -0.339   0.237  -1.160   0.894   0.217   0.049  -1.029
   0.042  -0.013  -2.076   0.086   1.403  -0.450   0.003   1.268   0.274   0.716
   2.433  -1.404   0.631   3.295  -0.765   0.889   2.717  -2.203  -0.036   2.073
  -1.965   1.482   1.754   0.283  -1.298   2.848   0.855  -1.335   0.815   0.495
  -2.230  -0.122   0.179  -2.090   0.970   1.194  -3.543   0.089   1.156  -4.038
   1.359   2.233  -3.424   1.660   0.678  -4.214
  -2.903  -0.786  -0.203  -2.425  -0.453   0.725  -2.375  -1.311   1.407  -3.084
   0.246   1.136  -1.053   0.181   0.408  -0.809   1.441   0.569  -0.027  -0.662
   0.133  -0.227  -1.652  -0.004   1.444  -0.284   0.100   1.694   0.426   0.914
   2.249  -1.630   0.269   3.231  -1.271   0.405   2.230  -2.244  -0.677   2.001
  -2.164   1.163   1.923   0.488  -1.108   3.081   0.958  -1.196   1.070   0.767
  -2.127   0.077   0.441  -1.993   1.447   1.358  -3.374   0.684   1.275  -4.092
   1.764   2.433  -3.293   2.289   0.854  -3.745
  -2.495  -1.215   1.697  -2.526  -0.264   1.222  -2.956   0.540   1.829  -3.057
  -0.293   0.220  -1.150   0.125   0.833  -0.852   1.333   0.794  -0.224  -0.846
   0.577  -0.575  -1.728   0.304   1.256  -0.591   0.469   1.546   0.101   1.264
   1.921  -1.962   0.692   2.969  -1.866   0.756   1.544  -2.705  -0.056   1.569
  -2.432   1.607   1.738   0.060  -0.870   2.843   0.653  -0.846   0.881   0.133
  -1.899  -0.036  -0.246  -1.691   1.257   0.463  -3.270   0.532  -0.037  -3.930
   1.180   1.577  -3.501   2.236   0.081  -3.566
  -3.205   0.428   0.940  -2.567  -0.434   0.930  -2.875  -1.041   0.092  -2.784
  -0.992   1.783  -1.137   0.041   0.752  -0.795   1.253   0.725  -0.267  -0.922
   0.627  -0.575  -1.879   0.664   1.131  -0.728   0.349   1.487  -0.028   1.119
   1.855  -2.019   0.597   2.888  -1.855   0.728   1.797  -2.672  -0.305   1.456
  -2.527   1.412   1.666  -0.181  -1.059   2.813   0.270  -1.070   0.830  -0.157
  -2.176  -0.098  -0.407  -1.911   1.054   0.652  -3.372   0.247   0.370  -4.106
   0.940   1.741  -3.101   2.028   0.298  -3.779
