default_name                                                                    
   22  0.1200000E+03
  -3.9637655   1.1085997   2.3240444  -2.9469159   1.2063198   2.6190422
  -2.7070094   0.6759828   3.5307811  -2.6752346   2.1794497   2.7849197
  -2.0163910   0.7974408   1.5168523  -2.4191868   0.9706100   0.3547446
  -0.8047786   0.3102148   1.9078441  -0.7196215   0.2714744   2.9397381
   0.1643676  -0.5151037   1.2302747   1.0046706  -0.5207857   1.8879809
  -0.3017019  -1.9207259   1.1605476   0.4526897  -2.5753278   0.7224933
  -1.1743312  -2.0100696   0.5613799  -0.5567390  -2.2693437   2.1941590
   0.7508395  -0.0287443  -0.1111348   1.9466320   0.0968724  -0.2975480
  -0.2396386   0.1322193  -1.0159519  -1.2126991  -0.0612070  -0.6596645
  -0.1226090   0.2619510  -2.4579765  -0.2947975   1.3298674  -2.6127486
   0.9147018   0.0140469  -2.7752591  -0.8916951  -0.3176910  -2.9853509
   0.1296423   0.9398032   1.5064995  -0.1679797   0.2706893  -0.2136592
  -0.1329906  -0.2291665   0.5171735   0.0608009   0.7120369  -1.2885894
  -0.3418375   0.1171779   0.4575336  -0.0321481   0.2438880   0.0594385
  -0.0909598   0.3748404   0.3047643   1.9274961  -0.5335911   1.5228419
  -0.3054142   0.2145536   0.1833659   0.7735366   0.4079376   0.0148338
   0.2222402  -0.2532664   0.3935149  -0.4928140  -0.7479476   1.0532335
  -0.7735086   0.2300584  -0.0373709  -0.1683117  -0.8466098  -0.4682534
  -0.3666512   0.0685585  -0.0035520   0.2195583  -0.0643896  -0.0259078
   0.2030228   0.1026386  -0.0362838  -0.1068761  -0.4983970   0.9109406
  -0.2340741  -0.1086379  -0.3020429  -0.4811836   0.4168739  -0.0823528
  -0.3524090  -1.3372301  -1.0941637   0.0482874   0.9117784   0.4525321
