default_name                                                                    
  -2.948  -0.659   2.232  -2.920   0.136   1.492  -3.528   0.913   1.853  -3.292
  -0.186   0.526  -1.475   0.576   1.303  -1.288   1.750   0.965  -0.515  -0.374
   1.371  -0.830  -1.322   1.652   0.922  -0.114   1.263   0.965   0.893   1.676
   1.765  -1.128   2.160   2.664  -0.590   2.508   2.160  -1.939   1.587   1.302
  -1.558   3.034   1.458  -0.020  -0.180   2.599   0.309  -0.362   0.576  -0.273
  -1.127  -0.333  -0.407  -0.767   0.837  -0.497  -2.522   0.895   0.473  -2.979
   1.817  -0.991  -2.678  -0.006  -1.051  -2.962
  -3.308  -0.646   2.367  -2.855  -0.398   1.380  -3.497   0.344   0.908  -2.774
  -1.291   0.707  -1.491   0.172   1.481  -1.301   1.368   1.328  -0.513  -0.754
   1.559  -0.760  -1.731   1.377   0.906  -0.358   1.459   0.949   0.676   1.813
   1.815  -1.268   2.410   2.893  -0.976   2.277   1.797  -2.334   2.092   1.535
  -1.038   3.448   1.424  -0.411   0.012   2.585  -0.108  -0.243   0.579  -0.682
  -1.009  -0.323  -0.951  -0.759   0.983  -0.948  -2.422   1.980  -0.544  -2.499
   1.056  -1.989  -2.569   0.260  -0.369  -3.101
  -2.864  -0.731   2.525  -2.822  -0.606   1.415  -3.437   0.245   1.064  -3.033
  -1.505   0.823  -1.349  -0.179   1.173  -1.174   0.973   0.809  -0.380  -1.025
   1.500  -0.645  -1.882   1.966   0.998  -0.556   1.486   0.966   0.454   1.865
   1.753  -1.249   2.606   2.714  -0.653   2.739   2.048  -2.282   2.337   1.162
  -1.237   3.576   1.643  -0.571   0.004   2.578   0.185  -0.242   1.077  -1.362
  -0.966   0.202  -1.846  -0.699   1.428  -1.233  -2.393   2.304  -0.657  -2.362
   1.559  -2.099  -2.953   0.661  -0.616  -3.000
  -2.601  -1.309   2.351  -2.622  -0.566   1.515  -3.377   0.203   1.573  -2.750
  -1.100   0.584  -1.271   0.039   1.534  -1.228   1.204   1.176  -0.164  -0.730
   1.711  -0.267  -1.700   1.968   1.287  -0.366   1.602   1.342   0.663   1.987
   2.091  -1.375   2.479   3.097  -0.993   2.595   2.177  -2.434   2.072   1.680
  -1.481   3.507   1.741  -0.307   0.122   2.801   0.283  -0.198   0.937  -0.832
  -0.836   0.083  -1.286  -0.586   1.389  -1.025  -2.223   2.462  -1.091  -2.325
   0.951  -2.010  -2.509   0.943  -0.241  -2.851
  -2.304  -1.674   2.002  -2.388  -0.612   1.902  -3.028  -0.110   2.618  -2.773
  -0.454   0.932  -1.063  -0.022   1.797  -0.889   1.091   1.408  -0.002  -0.856
   1.932  -0.160  -1.847   2.062   1.338  -0.457   1.605   1.617   0.543   1.982
   2.255  -1.434   2.382   3.180  -1.522   1.828   1.788  -2.421   2.563   2.530
  -1.087   3.361   1.715  -0.327   0.099   2.793   0.215  -0.161   0.965  -0.857
  -0.848   0.113  -1.338  -0.572   1.363  -0.901  -2.236   2.380  -1.175  -2.459
   0.653  -1.560  -2.688   1.161   0.078  -2.637
  -2.464  -1.556   2.913  -2.463  -1.034   1.960  -3.303  -0.306   1.788  -2.439
  -1.706   1.113  -1.118  -0.355   1.818  -0.907   0.795   1.650  -0.101  -1.236
   1.996  -0.342  -2.214   2.303   1.290  -0.882   1.651   1.593   0.040   2.206
   2.170  -2.116   2.215   3.206  -1.910   1.974   1.876  -3.003   1.749   1.976
  -2.227   3.293   1.682  -0.614   0.192   2.724   0.052  -0.025   0.874  -1.169
  -0.730   0.079  -1.666  -0.401   1.088  -1.089  -2.143   1.435  -2.069  -2.499
   0.153  -0.786  -2.632   1.884  -0.320  -2.362
  -2.490  -1.377   2.658  -2.354  -0.744   1.796  -3.019   0.127   1.753  -2.724
  -1.359   0.950  -0.898  -0.394   1.647  -0.567   0.742   1.319   0.022  -1.345
   1.828  -0.428  -2.195   2.160   1.440  -1.138   1.586   1.812  -0.440   2.282
   2.206  -2.434   2.026   3.334  -2.316   1.943   1.854  -3.359   1.465   1.884
  -2.569   3.077   1.878  -0.797   0.163   3.042  -0.589  -0.047   0.968  -0.698
  -0.823   0.031  -0.979  -0.545   1.120  -0.517  -2.246   0.697  -1.320  -2.843
   0.781   0.487  -2.503   2.178  -0.671  -2.501
  -2.363  -1.548   2.172  -2.196  -0.666   1.537  -2.639   0.225   1.981  -2.540
  -0.864   0.514  -0.713  -0.313   1.562  -0.305   0.851   1.627   0.152  -1.323
   1.482  -0.214  -2.292   1.436   1.629  -1.139   1.393   1.830  -0.322   2.065
   2.344  -2.395   1.865   3.379  -2.191   2.154   2.296  -3.148   1.021   1.809
  -2.723   2.833   2.121  -0.797  -0.001   3.321  -0.478  -0.187   1.227  -0.865
  -1.033   0.345  -1.131  -0.625   1.271  -0.321  -2.326   0.577  -0.847  -2.929
   1.096   0.793  -2.316   2.212  -0.691  -2.827
  -2.622  -1.199   2.312  -2.531  -0.613   1.399  -3.137   0.244   1.622  -2.823
  -1.194   0.550  -1.023  -0.240   1.362  -0.652   0.918   1.615  -0.259  -1.288
   1.307  -0.781  -2.106   1.002   1.245  -1.298   1.178   1.733  -0.564   1.896
   1.762  -2.749   1.488   2.786  -2.779   1.228   1.257  -3.529   0.897   1.756
  -2.974   2.613   1.729  -0.889  -0.261   2.842  -0.319  -0.415   0.976  -1.114
  -1.334   0.117  -1.443  -1.177   1.438  -0.788  -2.713   1.053  -1.534  -3.419
   1.101   0.214  -2.996   2.512  -0.831  -2.752
  -2.905  -1.028   1.636  -2.711  -0.300   0.957  -3.377   0.492   1.393  -3.207
  -0.565  -0.003  -1.248   0.073   1.030  -0.929   1.258   1.002  -0.468  -0.998
   1.158  -0.929  -1.908   1.129   1.001  -0.974   1.213   1.215  -0.035   1.808
   1.604  -2.184   2.000   2.664  -2.064   2.196   1.476  -3.113   1.388   1.053
  -2.333   2.913   1.672  -0.730  -0.199   2.742  -0.097  -0.296   0.977  -1.160
  -1.234   0.147  -1.666  -0.950   1.031  -0.726  -2.666   1.920  -1.147  -3.063
   0.331  -1.125  -3.347   1.163   0.339  -2.732
  -2.837  -0.718   2.171  -2.752  -0.369   1.180  -3.252   0.537   0.969  -3.127
  -1.033   0.403  -1.235  -0.138   1.024  -0.807   0.969   0.618  -0.316  -1.050
   1.519  -0.770  -1.955   1.787   1.161  -1.048   1.439   1.540  -0.368   2.204
   1.704  -2.426   1.888   2.738  -2.193   1.869   1.555  -3.226   1.147   1.351
  -2.586   2.944   1.828  -0.612   0.160   2.814   0.192  -0.009   1.196  -1.068
  -0.866   0.318  -1.613  -0.701   1.555  -0.894  -2.286   1.884  -1.910  -2.623
   0.659  -0.561  -2.951   2.367  -0.172  -2.377
  -2.981  -1.108   1.998  -2.748  -0.700   1.040  -3.410   0.149   0.999  -3.030
  -1.346   0.188  -1.281  -0.300   0.894  -1.149   0.947   0.782  -0.256  -1.171
   1.027  -0.431  -2.179   1.197   1.146  -0.835   1.056   1.254   0.137   1.572
   1.801  -1.901   1.980   2.817  -1.487   2.117   1.785  -2.808   1.390   1.300
  -2.016   2.933   1.786  -0.643  -0.289   2.797   0.041  -0.292   1.216  -1.135
  -1.399   0.281  -1.531  -1.252   1.797  -1.268  -2.717   1.729  -2.345  -3.128
   1.334  -0.628  -3.439   2.816  -0.946  -2.729
  -3.051  -1.402   1.554  -2.703  -0.902   0.661  -3.457  -0.214   0.194  -2.398
  -1.694  -0.026  -1.370  -0.274   0.874  -1.177   0.913   0.578  -0.329  -1.019
   1.325  -0.564  -1.942   1.649   1.055  -0.703   1.391   1.202   0.252   1.825
   1.798  -1.778   2.262   2.891  -1.530   2.240   1.734  -2.753   1.769   1.399
  -1.922   3.315   1.701  -0.657  -0.034   2.679   0.039  -0.269   1.171  -1.404
  -1.009   0.414  -1.993  -0.839   1.558  -1.316  -2.423   1.130  -2.207  -2.881
   1.169  -0.354  -2.935   2.612  -1.357  -2.483
  -2.942  -1.744   1.340  -2.822  -0.994   0.514  -3.541  -0.217   0.689  -2.815
  -1.441  -0.415  -1.415  -0.379   0.663  -1.147   0.813   0.447  -0.435  -1.171
   1.053  -0.674  -2.146   1.202   1.018  -0.804   1.265   0.946   0.169   1.674
   1.560  -1.777   2.300   2.553  -1.436   2.625   1.676  -2.764   1.936   0.884
  -1.717   3.158   1.865  -0.868   0.032   3.014  -0.397   0.094   1.403  -1.410
  -1.121   0.609  -2.012  -1.035   2.125  -1.383  -2.398   1.461  -1.841  -3.157
   2.336  -0.354  -2.745   3.093  -1.937  -2.191
  -2.999  -1.835   0.517  -2.878  -0.813   0.618  -3.282  -0.521   1.596  -3.412
  -0.295  -0.145  -1.397  -0.460   0.541  -1.051   0.589   0.039  -0.412  -1.215
   1.047  -0.715  -2.023   1.564   1.056  -0.901   1.098   1.194   0.199   1.463
   1.612  -1.833   2.164   2.675  -1.775   2.256   1.451  -2.876   1.881   1.265
  -1.690   3.187   1.827  -1.133  -0.224   3.047  -0.838  -0.251   1.249  -1.739
  -1.283   0.290  -1.892  -1.252   1.924  -1.919  -2.602   1.220  -2.440  -3.259
   2.288  -1.033  -3.110   2.752  -2.603  -2.596
  -2.618  -2.132   0.673  -2.802  -1.055   0.618  -3.600  -0.715   1.291  -3.200
  -0.840  -0.374  -1.387  -0.471   0.633  -1.161   0.716   0.312  -0.414  -1.370
   0.892  -0.714  -2.377   1.129   1.044  -1.107   1.100   1.121  -0.117   1.489
   1.521  -2.042   2.238   2.526  -2.487   1.987   0.913  -2.919   2.385   1.593
  -1.522   3.186   1.849  -1.181  -0.225   3.035  -0.771  -0.335   1.061  -1.454
  -1.356   0.093  -1.395  -1.189   1.531  -1.522  -2.683   0.641  -1.476  -3.346
   2.192  -0.751  -2.959   2.083  -2.482  -2.784
  -2.945  -1.333   1.535  -2.629  -1.060   0.540  -3.278  -0.323   0.084  -2.527
  -1.947  -0.077  -1.226  -0.509   0.673  -0.945   0.639   0.276  -0.291  -1.341
   1.115  -0.676  -2.248   1.324   1.151  -1.012   1.232   1.177   0.064   1.480
   1.806  -1.825   2.346   2.865  -1.525   2.396   1.679  -2.822   2.214   1.257
  -1.460   3.177   1.948  -1.083  -0.074   3.062  -0.556  -0.162   1.347  -1.718
  -1.099   0.392  -2.078  -0.843   1.961  -1.804  -2.422   1.346  -2.473  -3.074
   1.942  -0.867  -2.898   3.009  -2.132  -2.446
  -2.977  -0.747   1.367  -2.404  -0.939   0.460  -3.006  -0.315  -0.216  -2.402
  -1.944  -0.050  -1.012  -0.350   0.475  -0.798   0.876   0.420  -0.067  -1.236
   0.865  -0.428  -2.173   1.181   1.291  -0.897   1.234   1.230   0.037   1.851
   1.649  -2.098   2.145   2.650  -2.042   2.670   1.631  -3.026   1.638   0.919
  -2.108   2.902   2.235  -0.640   0.033   3.358  -0.144   0.251   1.811  -1.184
  -1.094   1.084  -1.902  -1.096   2.275  -0.930  -2.438   1.500  -1.245  -3.136
   2.391   0.133  -2.438   3.238  -1.430  -2.523
  -2.833  -0.954   0.553  -2.191  -0.818  -0.310  -2.659  -0.202  -1.097  -2.100
  -1.825  -0.774  -0.937  -0.185   0.193  -0.692   1.014  -0.023  -0.116  -0.980
   0.842  -0.361  -1.948   0.903   1.250  -0.715   1.280   1.190   0.191   1.943
   1.796  -1.885   2.117   2.754  -1.637   2.531   1.881  -2.908   1.641   1.102
  -2.113   2.946   2.125  -0.379   0.022   2.958   0.535   0.081   1.928  -1.013
  -1.149   1.099  -1.620  -1.050   2.582  -0.783  -2.433   1.948  -1.217  -3.196
   2.628   0.385  -2.623   3.598  -1.177  -2.487
  -3.043  -0.408   0.526  -2.295  -0.684  -0.244  -2.658  -0.174  -1.111  -2.329
  -1.808  -0.357  -0.930  -0.156   0.107  -0.632   0.994  -0.215  -0.056  -0.992
   0.703  -0.476  -1.848   0.801   1.341  -0.828   0.984   1.451   0.031   1.665
   1.764  -2.155   1.678   2.695  -2.054   2.236   1.912  -2.935   0.942   1.090
  -2.382   2.460   2.300  -0.426  -0.161   3.286   0.300  -0.010   1.890  -0.858
  -1.352   1.009  -1.329  -1.378   2.609  -0.603  -2.613   2.248  -1.357  -3.369
   2.429   0.398  -3.085   3.605  -0.645  -2.292
