default_name                                                                    
  -3.716   0.598   1.150  -3.136   0.912   0.258  -2.567   1.830   0.455  -3.760
   1.142  -0.584  -2.082  -0.090  -0.205  -2.240  -0.565  -1.326  -1.120  -0.386
   0.681  -1.154   0.269   1.471   0.051  -1.183   0.404   0.809  -0.812   1.081
  -0.072  -2.732   0.734   0.806  -3.250   0.512  -0.891  -3.103   0.086  -0.314
  -2.836   1.771   0.935  -0.802  -0.839   1.962  -1.436  -1.149   0.573   0.263
  -1.558  -0.209   0.784  -1.126   1.221   0.771  -2.818   0.504   1.099  -3.555
   1.816   1.653  -2.521   1.904   0.062  -3.327
  -3.140   0.561   1.661  -3.134   0.790   0.604  -2.970   1.817   0.445  -4.013
   0.491   0.085  -2.008  -0.019  -0.024  -2.143  -0.418  -1.190  -0.932  -0.267
   0.726  -1.083   0.125   1.635   0.132  -1.167   0.342   0.980  -1.013   1.119
  -0.236  -2.643   0.552   0.665  -3.286   0.526  -1.050  -2.979  -0.144  -0.713
  -2.774   1.517   0.978  -0.825  -0.960   1.910  -1.520  -1.322   0.732   0.301
  -1.569   0.171   0.897  -1.064   1.365   0.872  -2.764   0.608   0.860  -3.586
   1.652   1.946  -2.564   2.132   0.204  -3.108
  -3.290   0.149   1.708  -3.065   0.716   0.789  -2.599   1.677   0.965  -3.999
   0.840   0.256  -2.030  -0.155   0.075  -2.233  -0.412  -1.107  -0.879  -0.440
   0.778  -0.939  -0.156   1.755   0.269  -1.192   0.257   1.103  -1.011   1.002
  -0.035  -2.739   0.203   0.935  -3.221  -0.064  -0.815  -2.861  -0.570  -0.319
  -3.110   1.186   0.824  -0.772  -1.154   1.473  -1.597  -1.816   0.807   0.531
  -1.429   0.169   1.060  -0.843   1.213   1.045  -2.777   0.376   1.401  -3.294
   1.965   1.827  -2.658   1.726   0.341  -3.447
  -3.225   0.299   1.665  -3.093   0.848   0.674  -2.775   1.825   0.863  -4.064
   0.865   0.232  -1.989   0.077  -0.039  -2.194  -0.341  -1.176  -0.842  -0.179
   0.597  -0.584   0.436   1.424   0.121  -1.203   0.226   0.933  -1.352   0.920
  -0.469  -2.640   0.190   0.302  -3.417   0.090  -1.181  -2.797  -0.634  -1.043
  -2.810   1.145   0.844  -0.750  -1.080   1.376  -1.541  -1.856   0.872   0.552
  -1.361   0.469   1.119  -0.694   1.520   1.116  -2.584   1.638   2.188  -2.437
   2.460   0.693  -2.784   0.841   1.039  -3.409
  -2.746   1.483   1.305  -3.222   0.644   0.815  -3.957   1.087   0.121  -3.660
  -0.078   1.516  -2.143  -0.027  -0.047  -2.268  -0.111  -1.286  -1.117  -0.508
   0.654  -1.274  -0.563   1.657   0.028  -1.374   0.186   0.727  -1.335   0.991
  -0.408  -2.791   0.059   0.457  -3.427  -0.016  -1.177  -3.055  -0.758  -0.819
  -3.041   1.032   0.733  -0.807  -1.075   1.436  -1.552  -1.755   0.688   0.537
  -1.211   0.272   0.984  -0.461   1.592   1.275  -2.070   1.852   2.195  -1.614
   2.533   0.719  -2.341   1.067   1.562  -2.995
  -2.889   1.618   1.355  -3.310   0.729   0.849  -4.115   0.988   0.112  -3.730
  -0.034   1.497  -2.171   0.063   0.050  -2.176   0.157  -1.132  -1.255  -0.637
   0.720  -1.469  -0.669   1.709  -0.129  -1.343   0.158   0.507  -1.406   1.061
  -0.524  -2.813  -0.134   0.332  -3.419  -0.238  -1.037  -2.771  -1.177  -1.172
  -3.338   0.573   0.627  -0.644  -1.023   1.232  -1.341  -1.848   0.778   0.613
  -1.053   0.153   1.090  -0.412   1.354   1.431  -2.085   1.002   2.470  -2.097
   2.471   1.352  -1.988   1.107   1.017  -3.073
  -2.849   2.033   0.953  -3.141   0.999   0.755  -4.019   0.973   0.092  -3.434
   0.541   1.729  -2.093   0.189   0.006  -2.075   0.118  -1.240  -1.061  -0.386
   0.746  -1.005  -0.094   1.691   0.003  -1.238   0.258   0.753  -1.182   1.069
  -0.538  -2.686   0.182   0.269  -3.362   0.160  -1.185  -2.730  -0.658  -1.261
  -2.869   1.038   0.872  -0.832  -0.904   1.397  -1.633  -1.623   0.952   0.563
  -1.058   0.411   1.139  -0.435   1.658   1.269  -2.112   0.967   1.372  -2.934
   1.894   2.304  -1.741   2.475   0.727  -2.530
  -3.038   1.702   1.313  -3.147   0.653   1.092  -4.003   0.547   0.446  -3.409
   0.104   2.018  -1.990   0.068   0.328  -1.961   0.127  -0.907  -0.940  -0.370
   1.055  -1.074  -0.174   2.046   0.152  -1.244   0.519   0.966  -1.056   1.266
  -0.440  -2.697   0.539   0.398  -3.357   0.399  -1.110  -2.789  -0.324  -0.893
  -2.884   1.566   0.997  -0.793  -0.696   1.633  -1.655  -1.356   0.949   0.517
  -0.978   0.233   1.188  -0.557   1.752   0.990  -2.115   1.316   0.563  -3.091
   1.778   2.040  -2.285   2.778   0.623  -2.074
  -2.824   1.751   1.619  -3.042   0.735   1.359  -3.962   0.797   0.805  -3.159
   0.176   2.282  -1.914   0.254   0.537  -2.037   0.389  -0.614  -0.833  -0.211
   1.168  -0.759  -0.163   2.195   0.091  -1.182   0.640   0.871  -1.161   1.437
  -0.457  -2.611   0.565   0.409  -3.324   0.534  -0.968  -2.613  -0.418  -1.153
  -2.815   1.344   0.894  -0.697  -0.539   1.546  -1.438  -1.223   0.899   0.651
  -0.723   0.309   1.201  -0.062   1.569   1.272  -1.925   0.969   1.192  -2.882
   1.774   2.280  -1.633   2.591   0.851  -2.097
  -2.443   2.075   1.611  -2.821   1.025   1.574  -3.845   0.951   1.361  -2.637
   0.564   2.500  -1.884   0.248   0.700  -2.226  -0.215  -0.412  -0.681  -0.005
   1.268  -0.616   0.198   2.298   0.364  -0.954   0.699   1.113  -1.054   1.446
  -0.234  -2.295   0.461   0.592  -3.027   0.489  -0.731  -2.344  -0.507  -0.957
  -2.345   1.275   1.158  -0.474  -0.554   1.799  -1.210  -1.288   1.134   0.891
  -0.794   0.542   1.411  -0.189   1.870   1.533  -1.815   1.734   0.995  -2.742
   1.639   2.498  -2.064   2.930   1.613  -1.569
  -2.524   1.964   1.651  -2.860   0.921   1.460  -3.880   0.861   1.066  -2.904
   0.439   2.368  -1.845   0.089   0.583  -2.230  -0.161  -0.576  -0.622  -0.266
   1.199  -0.512  -0.003   2.192   0.494  -1.087   0.701   1.314  -1.073   1.457
  -0.144  -2.482   0.661   0.601  -3.168   0.137  -1.076  -2.560   0.048  -0.362
  -2.871   1.702   1.068  -0.537  -0.669   1.805  -1.152  -1.348   0.779   0.737
  -0.974   0.265   1.303  -0.339   1.111   1.402  -2.244   2.174   1.098  -2.459
   0.411   0.956  -3.037   1.005   2.468  -2.277
  -2.486   2.303   1.759  -2.721   1.204   1.830  -3.802   0.957   1.654  -2.449
   0.956   2.855  -1.838   0.522   0.812  -2.204   0.392  -0.362  -0.727  -0.090
   1.346  -0.633   0.000   2.314   0.177  -1.031   0.523   0.828  -1.481   1.185
  -0.657  -2.256   0.145  -0.024  -2.841  -0.515  -1.474  -2.025  -0.452  -1.081
  -2.681   1.067   1.066  -0.402  -0.573   1.897  -1.116  -1.089   0.858   0.872
  -0.965   0.128   1.425  -0.423   1.464   1.455  -2.222   2.557   1.600  -2.146
   1.236   0.977  -3.152   1.104   2.472  -2.315
  -3.365   1.618   1.112  -2.760   1.029   1.805  -3.447   0.317   2.373  -2.237
   1.675   2.538  -1.767   0.274   0.897  -2.105   0.135  -0.291  -0.675  -0.290
   1.471  -0.557  -0.073   2.474   0.302  -1.194   0.716   1.177  -1.268   1.377
  -0.377  -2.577   0.365   0.359  -3.089  -0.251  -1.269  -2.511  -0.312  -0.578
  -3.222   1.221   1.047  -0.533  -0.506   1.814  -1.208  -1.185   0.893   0.770
  -0.786   0.602   1.376  -0.052   1.423   1.399  -2.024   1.734   2.437  -1.733
   2.200   0.838  -2.413   0.783   1.430  -2.850
  -3.307   1.754   0.918  -2.526   1.186   1.496  -2.902   0.653   2.360  -1.783
   1.864   1.910  -1.749   0.184   0.613  -2.077  -0.009  -0.568  -0.658  -0.375
   1.108  -0.509  -0.153   2.034   0.343  -1.250   0.489   1.142  -1.336   1.219
  -0.135  -2.673   0.383   0.678  -3.343   0.378  -0.883  -2.807  -0.410  -0.549
  -3.009   1.309   1.037  -0.669  -0.799   1.555  -1.467  -1.553   1.132   0.680
  -0.923   0.714   1.218  -0.181   1.596   1.340  -2.144   2.513   1.930  -2.081
   1.850   0.554  -2.826   0.765   1.875  -2.579
  -3.715   0.617   1.734  -2.672   0.927   1.739  -2.288   0.898   2.841  -2.545
   2.052   1.473  -1.886   0.203   0.715  -2.207   0.269  -0.484  -0.802  -0.425
   1.190  -0.420  -0.091   2.060   0.156  -1.282   0.420   1.060  -1.557   1.052
  -0.509  -2.572   0.024   0.099  -3.208  -0.536  -1.456  -2.310  -0.527  -0.910
  -3.157   0.868   0.824  -0.604  -0.841   1.471  -1.252  -1.705   0.712   0.702
  -0.952   0.282   1.116  -0.138   1.266   1.583  -2.025   1.992   1.035  -2.662
   0.425   1.853  -2.723   1.818   2.522  -1.701
  -3.505   1.616   1.216  -2.515   1.233   1.688  -2.742   0.721   2.662  -1.899
   2.131   1.870  -1.749   0.307   0.781  -2.241   0.178  -0.326  -0.608  -0.304
   1.146  -0.285  -0.104   2.109   0.193  -1.241   0.314   1.011  -1.547   0.971
  -0.663  -2.521  -0.078  -0.078  -3.358  -0.540  -1.414  -2.236  -0.772  -1.331
  -2.939   0.728   0.920  -0.480  -0.843   1.311  -1.086  -1.903   0.929   0.857
  -0.744   0.420   1.346  -0.053   1.303   1.792  -1.799   2.230   1.553  -2.265
   0.491   1.830  -2.554   1.417   2.840  -1.463
  -3.677   1.813   0.873  -2.873   1.201   1.366  -3.234   0.422   1.998  -2.198
   1.839   2.016  -1.988   0.476   0.426  -2.188   0.501  -0.783  -0.981  -0.203
   0.997  -0.838  -0.175   2.030  -0.067  -1.055   0.220   0.692  -1.409   0.804
  -0.779  -2.409  -0.214  -0.112  -3.112  -0.636  -1.631  -2.235  -0.909  -1.253
  -2.796   0.615   0.695  -0.343  -0.968   0.979  -0.998  -2.004   0.841   0.960
  -0.858   0.475   1.361   0.006   1.692   1.819  -1.721   2.594   1.338  -2.002
   1.213   2.171  -2.624   2.050   2.741  -1.156
  -3.648   2.053   1.442  -2.602   1.827   1.575  -2.439   1.491   2.570  -1.988
   2.722   1.474  -2.132   0.693   0.611  -2.610   0.647  -0.554  -1.198  -0.198
   1.023  -0.941  -0.235   1.991  -0.460  -1.202   0.190   0.290  -1.513   0.873
  -1.422  -2.372  -0.023  -0.861  -3.286  -0.177  -2.022  -2.243  -0.870  -2.049
  -2.600   0.892   0.322  -0.665  -1.085   0.424  -1.370  -2.173   0.848   0.563
  -0.914   0.769   0.959   0.013   1.035   1.402  -2.083   2.125   1.366  -2.385
   0.496   0.923  -2.921   0.654   2.411  -1.893
  -3.523   2.686   0.690  -2.889   1.991   1.220  -3.411   1.342   1.947  -2.117
   2.586   1.671  -2.274   0.882   0.401  -2.758   0.567  -0.716  -1.294   0.150
   0.997  -0.913   0.674   1.781  -0.540  -0.992   0.354   0.267  -1.140   1.150
  -1.483  -2.249   0.393  -1.109  -3.131  -0.150  -2.457  -2.015   0.002  -1.745
  -2.600   1.383   0.200  -0.638  -0.993   0.355  -1.449  -1.945   0.580   0.624
  -1.115   0.251   1.311  -0.504   1.232   1.199  -2.298   0.542   1.233  -3.118
   1.642   2.191  -2.101   1.992   0.523  -2.723
  -3.081   2.996   0.327  -2.624   2.282   0.985  -3.296   1.946   1.735  -1.759
   2.697   1.532  -2.090   1.118   0.237  -2.479   0.891  -0.869  -1.172   0.385
   0.812  -0.893   0.546   1.759  -0.472  -0.797   0.251   0.295  -1.034   0.897
  -1.449  -1.995   0.206  -0.991  -2.908  -0.012  -2.223  -1.786  -0.521  -1.788
  -2.176   1.235   0.417  -0.525  -1.062   0.779  -1.426  -1.823   0.711   0.725
  -1.281   0.527   1.288  -0.497   1.590   1.362  -2.297   1.068   1.704  -3.172
   2.114   2.190  -1.810   2.481   0.719  -2.590
