default_name                                                                    
   22  0.1200000E+03
  -1.6716230   0.1511176   3.1250784  -0.7509589  -0.5133459   2.9550882
  -1.0632976  -1.4499088   2.5578743  -0.2883983  -0.6666092   3.9196402
   0.2288607   0.1551607   1.9679757   0.0583450   1.2976709   1.5827739
   1.3047775  -0.5557187   1.5676616   1.3869970  -1.4956677   1.9218445
   2.4951400  -0.0591645   0.8428547   2.7178233   0.9221748   1.2045872
   3.7357089  -0.8880388   1.1855365   4.6064084  -0.4107323   0.8813765
   3.6935798  -1.9017509   0.8529837   3.7769718  -0.8606013   2.2544767
   2.2512850   0.2165087  -0.6596048   3.0648963   0.7802455  -1.4065322
   1.1003334  -0.2377322  -1.1428505   0.5096225  -0.4502177  -0.3630326
   0.4543989   0.0279959  -2.4051316   0.0735554   1.0234275  -2.3867913
   1.2252602   0.0572317  -3.1332995  -0.3262891  -0.6932839  -2.6652064
  -1.1022625  -0.4214523   0.1959144  -0.0618505  -0.0508588   0.2150277
   0.2769455  -0.2513617   0.1805900  -0.2475051  -0.0227411   0.1737957
   0.0686520  -0.3385461   0.0647703  -0.1195218   0.5408041  -0.2672053
   0.1478032   0.1695207  -0.1358162   0.7205668  -0.4543757   0.1219991
   0.1571106  -0.1567951  -0.0294942  -0.0380700  -0.7803971  -0.3872279
  -0.0060519  -0.0593855  -0.2181423  -0.9137864  -0.7148206   0.2865891
  -0.4384860   0.2137318   0.7423613   0.0653357   0.2048572  -0.1019146
  -0.1024991  -0.2745754  -0.2606079   0.3269011   0.2134932  -0.1679640
  -0.0619818  -0.2073835   0.3460484   1.4834186   1.0313157   0.1440814
   0.1500097  -0.2607631   0.4259669   0.4127318   0.1468633  -0.4199547
  -1.5306811  -0.2701162   0.3580845  -0.8071463  -0.6242040   1.6057823
