default_name                                                                    
   22  0.1200000E+03
  -1.6995258   1.2711243   0.3126332  -1.8275040   0.2459257  -0.0377922
  -1.9125710   0.1893375  -1.0639204  -2.7076437  -0.1920717   0.4529754
  -0.7300308  -0.7329853   0.3675664  -0.2106776  -1.5249011  -0.4297111
  -0.1907283  -0.4359218   1.5695770  -0.6246141   0.2855930   2.1151385
   1.0942572  -0.8896487   2.0717101   1.2704198  -0.5259530   3.1537862
   0.9821931  -2.4210241   2.2980235   1.9470180  -2.6518426   2.7638059
   0.9838919  -2.9051552   1.3199406   0.1493605  -2.6724749   2.9129496
   2.2636944  -0.2790346   1.2228343   3.2812391  -1.0088116   1.0432039
   2.0455622   0.9267247   0.6987368   1.0963375   1.3245842   0.8860306
   3.1811316   1.6404633   0.1212173   3.4125042   1.2587660  -0.9372674
   2.9727576   2.7191133   0.0519151   4.0995014   1.4682376   0.6585755
  -1.4955054   0.0719082   0.8507695   0.1214040   0.3101279  -0.1499141
   0.5773761  -1.5171335  -0.7774221   0.4355598   1.5905297  -0.7495596
  -0.2785347  -0.3036943  -0.3152624   0.0419162  -0.2296212   0.1016627
   0.1651700  -0.1581176   0.0706962  -0.3639870  -1.1010398  -0.2736776
  -0.1776872   0.1765101  -0.3836649  -1.3604036  -1.4470769   1.3536721
   0.1480777  -0.0535003  -0.1818332  -1.0676906   0.4881815   0.0578340
   0.3611160  -0.4690602  -0.3079973   0.3240582   0.8302199  -0.9345288
   0.2340465   0.5239142  -0.1978236   0.0636473  -0.1770774  -0.2428568
   0.0252786  -0.1041263  -0.0456352   0.1232233  -0.6396746   0.3944188
  -0.0087973  -0.1553493   0.3387487   1.2574986  -0.3422851  -2.1274672
  -0.1502933  -1.5795539  -0.3849821   1.2116672  -0.1146742  -0.7143250
