default_name                                                                    
  -3.611   1.128  -0.041  -3.181   1.191   0.957  -3.530   0.370   1.580  -3.473
   2.138   1.460  -1.697   1.149   0.863  -1.044   2.170   0.755  -1.143  -0.045
   0.861  -1.812  -0.833   0.775   0.209  -0.455   0.696   0.726   0.190   1.366
   0.322  -1.875   1.289   1.372  -2.245   1.210  -0.340  -2.563   0.748  -0.021
  -1.862   2.343   0.851  -0.289  -0.692   2.027  -0.563  -0.771   0.134  -0.024
  -1.766  -0.817   0.167  -1.547   0.590   0.523  -3.093   1.541   1.184  -3.008
   0.980  -0.245  -3.775  -0.297   0.996  -3.530
  -3.692   0.165   1.440  -3.458   1.011   0.790  -3.692   1.845   1.431  -4.005
   1.109  -0.204  -1.934   0.879   0.612  -1.290   1.879   0.305  -1.374  -0.278
   0.934  -1.966  -0.963   1.347   0.095  -0.515   0.795   0.558   0.197   1.512
   0.382  -1.937   1.344   1.445  -2.088   1.465   0.035  -2.656   0.610  -0.272
  -2.028   2.283   0.674  -0.282  -0.641   1.856  -0.640  -0.802  -0.032   0.181
  -1.688  -1.033   0.323  -1.521   0.393   0.329  -3.036  -0.209   0.979  -3.585
   1.464   0.487  -3.029   0.338  -0.705  -3.394
  -3.961  -0.025   1.319  -3.533   0.836   0.714  -3.999   1.733   1.196  -3.789
   0.646  -0.346  -2.051   1.016   0.870  -1.628   2.157   0.994  -1.330  -0.121
   0.889  -1.887  -0.937   1.145   0.158  -0.320   0.821   0.600   0.429   1.435
   0.581  -1.742   1.351   1.636  -1.827   1.533   0.217  -2.462   0.696   0.009
  -1.986   2.248   0.743  -0.132  -0.582   1.962  -0.031  -0.732  -0.027  -0.125
  -1.626  -0.951  -0.467  -1.398   0.423  -0.069  -3.085  -0.194   0.735  -3.616
   1.473   0.209  -3.205   0.180  -1.011  -3.471
  -3.731  -0.496   1.952  -3.443   0.236   1.215  -4.080   1.169   1.412  -3.654
  -0.136   0.214  -1.976   0.597   1.202  -1.631   1.744   1.020  -1.087  -0.432
   1.093  -1.534  -1.304   1.248   0.379  -0.505   0.948   0.853   0.109   1.647
   0.743  -2.001   1.194   1.845  -2.114   1.150   0.308  -2.654   0.387   0.374
  -2.296   2.173   0.858  -0.005  -0.454   2.000   0.542  -0.564   0.026  -0.214
  -1.478  -0.785  -0.828  -1.349   0.176   0.442  -2.828  -0.596   1.190  -3.136
   1.127   0.888  -2.916   0.219  -0.442  -3.548
  -3.793  -0.530   2.273  -3.681  -0.048   1.293  -4.357   0.831   1.272  -3.900
  -0.768   0.571  -2.187   0.369   1.120  -1.848   1.506   1.137  -1.324  -0.638
   0.975  -1.704  -1.574   1.132   0.083  -0.511   0.800   0.396   0.240   1.564
   0.720  -1.822   1.232   1.728  -1.574   1.516   0.790  -2.472   0.491   0.207
  -2.168   2.071   0.484  -0.064  -0.650   1.501   0.638  -0.752  -0.235  -0.409
  -1.760  -0.908  -1.140  -1.708   0.094  -0.100  -3.153  -0.099   0.964  -3.359
   1.199  -0.209  -3.354  -0.447  -0.646  -3.910
  -4.127  -0.925   1.456  -3.760  -0.034   0.944  -4.364   0.886   1.101  -3.832
  -0.354  -0.036  -2.296   0.085   1.268  -1.821   1.063   1.864  -1.450  -0.933
   0.871  -1.938  -1.758   0.439  -0.007  -0.832   0.695   0.385  -0.297   1.527
   0.526  -2.218   0.724   1.574  -2.192   0.715   0.255  -2.811  -0.167   0.104
  -2.661   1.622   0.466  -0.203  -0.637   1.389   0.551  -0.720  -0.209  -0.373
  -1.751  -1.050  -0.967  -1.655   0.163  -0.036  -3.130  -0.686  -0.076  -3.762
   0.608   0.971  -3.241   0.886  -0.735  -3.479
  -4.023  -1.599   1.304  -3.723  -0.552   1.035  -4.324   0.193   1.521  -3.931
  -0.379  -0.057  -2.273  -0.316   1.296  -1.882   0.585   2.075  -1.504  -1.156
   0.673  -1.930  -1.880   0.155  -0.066  -1.002   0.762   0.250  -0.433   1.669
   0.658  -2.392   0.916   1.736  -2.256   1.118   0.659  -3.035   0.015   0.163
  -2.909   1.702   0.437  -0.117  -0.414   1.522   0.479  -0.229  -0.242  -0.210
  -1.574  -1.068  -0.772  -1.471  -0.131   0.512  -2.851  -0.716  -0.061  -3.625
  -0.542   1.523  -2.826   0.948   0.522  -3.187
  -3.920  -1.407   1.769  -3.730  -0.633   1.021  -4.207   0.298   1.031  -3.903
  -1.035   0.063  -2.259  -0.232   1.195  -1.951   0.843   1.778  -1.366  -1.120
   0.732  -1.709  -2.026   0.483   0.066  -0.925   0.725   0.233  -0.281   1.572
   0.689  -2.341   0.989   1.722  -2.243   1.114   0.410  -3.017   0.096   0.291
  -2.657   1.906   0.681  -0.246  -0.495   1.899   0.214  -0.490  -0.129   0.011
  -1.541  -1.118  -0.175  -1.384   0.160   0.861  -2.696  -0.749   1.076  -3.169
   0.570   1.749  -2.355   0.767   0.391  -3.472
  -3.716  -1.529   1.250  -3.657  -0.614   0.759  -4.425   0.062   1.184  -3.906
  -0.779  -0.295  -2.281  -0.078   0.899  -2.081   1.023   1.464  -1.342  -0.956
   0.586  -1.702  -1.859   0.268   0.136  -0.797   0.645   0.401  -0.112   1.413
   0.858  -2.142   1.070   1.910  -1.894   1.232   0.685  -2.856   0.157   0.482
  -2.556   1.965   0.857  -0.166  -0.571   2.098   0.159  -0.520   0.091   0.254
  -1.560  -0.847  -0.110  -1.542   0.544   1.337  -2.517   0.896   2.239  -2.007
   1.433   0.931  -3.097  -0.209   1.615  -3.217
  -3.895  -1.507   0.641  -3.653  -0.464   0.530  -4.431   0.046   1.012  -3.788
  -0.169  -0.504  -2.266  -0.076   1.043  -2.063   1.003   1.572  -1.311  -0.953
   0.677  -1.672  -1.818   0.265   0.080  -0.807   0.808   0.319  -0.341   1.785
   0.659  -2.271   0.955   1.739  -2.319   0.713   0.120  -2.905   0.287   0.574
  -2.657   1.951   0.816   0.114  -0.202   1.874   0.670   0.170   0.376   0.354
  -1.450  -0.386  -0.138  -1.799   0.993   1.251  -2.410   1.953   1.507  -2.060
   1.061   0.822  -3.407   0.502   2.180  -2.526
  -3.962  -0.865  -0.081  -3.738  -0.374   0.810  -3.943  -1.056   1.676  -4.307
   0.611   0.778  -2.266  -0.090   1.021  -1.808   1.031   1.174  -1.476  -1.073
   0.776  -1.832  -1.986   0.571  -0.068  -0.982   1.072   0.145  -0.664   2.085
   0.418  -2.436   0.951   1.496  -2.379   1.213   0.322  -2.872  -0.070  -0.062
  -3.129   1.604   0.733   0.066   0.200   1.781   0.637   0.533   0.407   0.262
  -1.053  -0.451  -0.143  -1.377   0.882   1.249  -1.946   1.790   0.873  -2.374
   0.073   1.422  -2.663   1.217   2.215  -1.425
  -4.044  -0.881   0.300  -3.627  -0.284   1.070  -3.843  -0.786   1.939  -4.225
   0.665   0.901  -2.114  -0.062   0.984  -1.715   1.045   1.071  -1.397  -1.165
   0.854  -1.847  -1.982   1.005   0.033  -1.235   1.045   0.162  -1.266   2.127
   0.659  -2.600   0.551   1.656  -2.535   0.878   0.609  -2.755  -0.524   0.100
  -3.356   1.134   0.893  -0.009   0.515   1.531   0.748   1.306   0.899   0.090
  -0.795   0.279  -0.612  -1.255   1.793   0.814  -1.699   2.309   0.058  -2.328
   1.168   1.462  -2.248   2.618   1.334  -1.216
  -3.863  -0.969   1.533  -3.688  -0.173   0.763  -4.154   0.765   0.963  -4.002
  -0.450  -0.262  -2.184   0.023   0.863  -1.764   0.960   1.506  -1.453  -1.061
   0.455  -1.891  -1.866  -0.014  -0.016  -1.266   0.802   0.132  -1.236   1.896
   0.433  -2.628   0.348   1.496  -2.724   0.341   0.176  -2.945  -0.657   0.044
  -3.321   1.108   0.928  -0.144   0.228   1.852   0.244   0.947   0.731   0.247
  -1.028  -0.087  -0.179  -1.439   1.391   1.394  -1.668   2.425   1.082  -2.054
   0.665   1.941  -2.327   1.549   2.095  -0.792
  -4.278  -0.746   1.066  -3.607  -0.007   0.635  -3.933   0.980   0.987  -3.621
  -0.124  -0.448  -2.195  -0.182   1.196  -1.785   0.447   2.167  -1.441  -1.006
   0.504  -1.873  -1.295  -0.382   0.036  -1.262   0.768   0.144  -1.258   1.808
   0.408  -2.727   0.366   1.335  -3.043   0.767   0.503  -2.928  -0.710  -0.308
  -3.446   0.747   1.174  -0.236   0.264   2.380  -0.367   0.626   0.714   0.664
  -0.634  -0.301   0.529  -0.812   1.596   1.579  -1.416   2.494   1.051  -1.723
   1.146   1.950  -2.356   1.923   2.514  -0.905
  -4.023  -0.928   0.600  -3.516   0.003   0.591  -4.057   0.779   1.208  -3.394
   0.455  -0.373  -2.070  -0.136   1.063  -1.718   0.434   2.119  -1.169  -0.738
   0.278  -1.502  -1.067  -0.634   0.178  -1.114   0.707   0.173  -1.114   1.739
   0.595  -2.512   0.041   1.578  -2.850   0.348   0.438  -2.517  -1.043  -0.081
  -3.244   0.530   1.202  -0.013   0.414   2.290   0.119   1.076   0.950   0.906
  -0.543   0.207   0.733  -1.120   1.839   1.943  -0.943   2.481   1.555  -1.691
   1.221   2.660  -1.470   2.359   2.442  -0.115
  -3.967  -0.589   0.220  -3.421   0.282   0.700  -3.921   0.652   1.540  -3.396
   1.144   0.029  -1.985  -0.034   1.162  -1.568   0.290   2.239  -1.197  -0.660
   0.244  -1.625  -0.879  -0.644   0.197  -1.029   0.468   0.269  -1.357   1.462
   0.604  -2.166  -0.486   1.579  -2.565  -0.195   0.652  -1.824  -1.470  -0.082
  -3.012  -0.456   1.187   0.099   0.326   2.347   0.029   0.833   0.726   1.193
  -0.286  -0.274   1.062  -0.594   1.441   2.398  -0.523   1.363   2.579  -1.620
   0.875   3.203   0.017   2.439   2.296  -0.071
  -3.588  -1.144   0.143  -3.278  -0.249   0.664  -3.837  -0.235   1.559  -3.540
   0.692   0.184  -1.856  -0.264   0.982  -1.380   0.141   2.057  -1.121  -0.926
   0.079  -1.542  -1.493  -0.609   0.269  -1.117   0.297   0.277  -1.469   1.312
   0.698  -2.255  -0.619   1.678  -2.537  -0.376   0.768  -1.899  -1.615   0.093
  -3.143  -0.537   1.135   0.147   0.215   2.194   0.106   0.855   0.727   1.232
  -0.480  -0.108   1.091  -1.024   1.301   2.603  -0.460   1.006   3.066  -1.396
   0.870   3.083   0.403   2.423   2.511  -0.453
  -3.964  -1.198   1.542  -3.393  -0.243   1.259  -3.702   0.522   1.944  -3.820
   0.075   0.334  -1.846  -0.514   1.275  -1.325  -0.208   2.342  -1.200  -0.951
   0.158  -1.769  -1.126  -0.709   0.185  -1.198   0.230   0.408  -1.733   1.157
   0.621  -2.060  -0.996   1.656  -2.297  -0.932   0.292  -1.510  -1.912   0.063
  -3.016  -1.127   1.000   0.165   0.247   2.047   0.184   0.900   0.556   1.280
  -0.296  -0.289   1.181  -0.740   1.417   2.393  -0.683   0.834   3.327  -0.910
   2.034   2.661   0.145   2.158   2.182  -1.484
  -3.637  -1.803   1.318  -3.179  -0.786   1.159  -3.691  -0.154   1.887  -3.421
  -0.502   0.137  -1.717  -0.819   1.406  -1.269  -0.258   2.409  -0.970  -1.437
   0.452  -1.439  -1.781  -0.345   0.462  -1.492   0.392   0.805  -1.880   1.346
   0.902  -2.384  -0.775   1.967  -2.393  -0.844   0.392  -1.963  -1.710   0.519
  -3.450  -0.618   1.143  -0.063   0.286   2.267   0.069   0.844   0.495   0.872
  -0.422  -0.488   0.720  -0.747   1.091   2.225  -0.559   0.368   2.934  -1.082
   1.357   2.530   0.485   1.936   2.168  -1.215
  -3.539  -1.441   1.536  -3.039  -0.508   1.352  -3.366   0.250   2.038  -3.333
  -0.153   0.348  -1.551  -0.668   1.552  -0.968  -0.296   2.567  -0.907  -1.225
   0.505  -1.482  -1.546  -0.274   0.548  -1.466   0.352   1.004  -1.816   1.295
   0.668  -2.642  -0.623   1.721  -2.926  -0.774   0.155  -2.417  -1.613   0.160
  -3.568  -0.296   1.206  -0.184  -0.176   2.404  -0.105  -0.274   0.430   0.882
  -0.515  -0.532   0.775  -0.450   0.969   2.164  -0.972   0.401   2.615  -1.846
   1.019   2.742  -0.033   1.953   2.019  -1.442
