default_name                                                                    
  -3.123   1.153   1.681  -3.292   0.630   0.783  -3.982   1.134   0.154  -3.551
  -0.337   1.127  -1.881   0.607   0.219  -1.276   1.566  -0.232  -1.322  -0.627
   0.180  -1.916  -1.449   0.243   0.141  -0.709   0.142   0.575   0.109   0.721
   0.612  -2.010   0.815   1.709  -2.166   0.776   0.162  -2.941   0.411   0.313
  -2.035   1.931   0.792  -0.606  -1.312   2.027  -0.676  -1.422   0.113  -0.234
  -2.379  -0.845  -0.226  -2.444   0.648   0.440  -3.556  -0.096   0.131  -4.334
   0.708   1.544  -3.424   1.612   0.072  -3.915
  -3.763   1.128   0.640  -3.231   0.205   0.664  -3.775  -0.520   0.011  -3.044
  -0.137   1.715  -1.812   0.490   0.203  -1.431   1.639   0.046  -1.056  -0.648
   0.086  -1.396  -1.575   0.291   0.418  -0.571  -0.085   0.693   0.206   0.549
   1.062  -1.907   0.385   2.126  -1.732   0.628   1.096  -2.528  -0.454   0.573
  -2.305   1.257   0.725  -0.168  -1.544   1.867   0.208  -1.828  -0.297  -0.293
  -2.436  -1.091  -0.730  -2.128  -0.199  -0.071  -3.893  -1.170  -0.166  -4.419
   0.064   0.946  -4.124   0.565  -0.792  -4.351
  -3.863   0.019  -0.185  -3.350  -0.284   0.715  -3.448  -1.409   0.741  -3.756
   0.276   1.629  -1.871   0.153   0.580  -1.737   1.374   0.409  -0.949  -0.739
   0.488  -1.158  -1.735   0.651   0.480  -0.374   0.195   0.739   0.458   0.861
   1.309  -1.601   0.539   2.333  -1.231   0.776   1.371  -2.337  -0.231   0.999
  -2.008   1.552   0.703   0.014  -1.241   1.647   0.764  -1.518  -0.161  -0.348
  -2.195  -0.988  -0.910  -1.875   0.036  -0.255  -3.688   0.012  -1.278  -4.015
  -0.786   0.357  -4.157   1.039   0.022  -3.944
  -3.979   0.177   0.328  -3.157  -0.450   0.816  -3.159  -1.450   0.359  -3.242
  -0.493   1.893  -1.800   0.175   0.453  -1.878   1.371   0.212  -0.779  -0.645
   0.239  -0.851  -1.587   0.509   0.588  -0.155  -0.046   0.644   0.859   0.408
   1.621  -1.102   0.522   2.607  -0.735   0.399   1.616  -2.050  -0.013   1.431
  -1.133   1.595   0.790   0.181  -1.545   1.827   0.738  -1.961  -0.257   0.024
  -2.364  -1.098  -0.327  -1.902  -0.218   0.205  -3.817  -1.105  -0.205  -4.266
  -0.136   1.272  -3.969   0.655  -0.178  -4.273
  -4.096  -0.224   0.891  -3.238  -0.842   0.754  -3.484  -1.429  -0.103  -3.069
  -1.477   1.564  -1.997  -0.013   0.510  -2.109   1.182   0.567  -0.872  -0.690
   0.282  -0.891  -1.660   0.294   0.462  -0.108   0.071   0.465   0.964   0.367
   1.455  -0.947   0.812   2.466  -0.594   0.621   1.302  -1.929   0.378   1.037
  -0.988   1.870   0.751   0.153  -1.479   1.911   0.351  -1.908  -0.137  -0.125
  -2.405  -1.027  -0.270  -2.098   0.051   0.156  -3.851  -0.266  -0.705  -4.370
  -0.509   1.034  -4.106   1.128   0.291  -4.140
  -3.582  -1.372   1.236  -3.176  -1.292   0.237  -3.962  -0.820  -0.393  -2.915
  -2.208  -0.253  -2.047  -0.343   0.260  -2.249   0.858   0.034  -0.869  -0.854
   0.310  -0.732  -1.855   0.415   0.390  -0.187   0.041   0.301   0.795   0.530
   1.518  -0.825   0.768   2.265   0.012   0.746   1.847  -1.673   0.157   1.381
  -1.064   1.809   0.682  -0.039  -1.512   1.762   0.433  -1.861  -0.241  -0.382
  -2.480  -1.073  -0.754  -2.079  -0.131  -0.282  -3.937  -0.943   0.219  -4.405
   0.718   0.423  -4.121   0.139  -1.284  -4.383
  -3.310  -0.867   1.738  -3.162  -0.966   0.637  -4.122  -0.719   0.098  -2.856
  -1.947   0.387  -2.031  -0.088   0.074  -2.208   0.998  -0.450  -0.847  -0.542
   0.377  -0.724  -1.431   0.749   0.433   0.099  -0.045   0.179   1.194  -0.004
   1.543  -0.147   0.968   2.421   0.543   0.870   1.971  -1.134   0.811   1.290
   0.076   1.935   0.869  -0.042  -1.560   2.010   0.069  -1.914  -0.083  -0.480
  -2.390  -1.018  -0.794  -2.111   0.178  -0.685  -3.813  -0.301   0.165  -4.439
   1.228  -0.876  -4.073  -0.388  -1.544  -4.136
  -3.132  -0.501   2.037  -3.061  -0.655   0.983  -3.998  -0.505   0.492  -2.829
  -1.767   0.880  -1.925   0.177   0.358  -2.115   1.183  -0.342  -0.690  -0.324
   0.602  -0.618  -1.118   1.141   0.505   0.361   0.026   0.379   1.453   0.083
   1.621   0.198   1.000   2.626   0.200   0.532   1.564  -0.681   1.589   1.539
   1.040   1.710   0.983   0.066  -1.421   2.058   0.531  -1.782   0.135  -0.684
  -2.180  -0.715  -0.939  -1.864   0.214  -0.711  -3.665  -0.611  -0.086  -4.013
   1.178  -0.260  -3.950   0.093  -1.736  -4.013
  -2.892  -1.100   1.902  -3.092  -0.795   0.828  -4.150  -0.484   0.745  -3.133
  -1.655   0.191  -1.993   0.180   0.258  -2.233   1.151  -0.416  -0.749  -0.221
   0.679  -0.671  -0.987   1.259   0.450   0.484   0.368   0.313   1.581   0.401
   1.543   0.189   1.448   2.364   0.886   1.398   2.020  -0.805   1.313   1.027
   0.301   2.399   0.959   0.139  -1.075   1.905   0.729  -1.541   0.417  -0.876
  -1.747  -0.404  -1.267  -1.299   0.743  -1.223  -3.159   0.466  -0.337  -3.734
   1.815  -1.389  -3.265   0.093  -2.044  -3.449
  -2.908  -1.280   1.314  -3.058  -0.634   0.463  -3.889   0.050   0.685  -3.081
  -1.231  -0.403  -1.794   0.259   0.385  -1.960   1.442   0.097  -0.646  -0.248
   0.738  -0.666  -1.214   1.114   0.594   0.400   0.450   0.550   1.458   0.697
   1.553  -0.119   1.471   2.493   0.312   1.321   1.528  -1.224   1.533   1.268
   0.329   2.460   1.158   0.177  -1.001   2.026   0.918  -1.478   0.784  -0.910
  -1.689   0.006  -1.439  -1.295   1.246  -1.215  -3.010   1.707  -0.319  -3.484
   1.981  -2.030  -2.851   0.453  -1.558  -3.682
  -2.601  -1.514   0.876  -2.914  -0.499   0.681  -3.511  -0.143   1.585  -3.522
  -0.408  -0.202  -1.737   0.388   0.471  -1.880   1.455  -0.149  -0.556  -0.105
   0.794  -0.578  -0.994   1.343   0.768   0.473   0.507   0.748   1.544   0.579
   1.699   0.048   1.614   2.548   0.784   1.618   2.042  -0.896   1.542   1.303
   0.070   2.550   1.292   0.302  -0.888   2.072   1.089  -1.416   0.972  -0.869
  -1.503   0.351  -1.434  -0.918   1.356  -1.245  -2.858   1.023  -0.487  -3.610
   2.417  -1.386  -2.956   0.788  -2.146  -3.071
  -3.138  -1.178   0.327  -3.052  -0.082   0.533  -3.317   0.259   1.583  -3.753
   0.353  -0.159  -1.697   0.499   0.244  -1.641   1.562  -0.410  -0.700  -0.160
   0.839  -1.063  -1.032   1.179   0.689   0.180   0.738   0.783   1.191   1.065
   1.540  -0.628   1.808   2.594  -0.434   1.720   1.249  -1.694   1.804   1.247
  -0.260   2.766   1.296   0.111  -0.684   2.083   1.010  -0.940   1.101  -0.973
  -1.475   0.503  -1.687  -1.175   1.599  -1.100  -2.850   2.738  -1.028  -2.814
   1.366  -1.992  -3.297   1.280  -0.217  -3.418
  -2.975  -1.197   0.472  -2.938  -0.159   0.441  -3.322   0.171   1.405  -3.512
   0.278  -0.374  -1.542   0.374   0.271  -1.382   1.493  -0.267  -0.615  -0.387
   0.761  -0.875  -1.231   1.263   0.827   0.064   0.902   0.921   0.977   1.513
   1.564  -1.079   1.691   2.652  -1.089   1.388   1.141  -2.078   1.522   1.611
  -0.971   2.826   1.449   0.299  -0.537   2.437   1.053  -0.681   0.923  -0.417
  -1.513   0.067  -0.909  -1.326   1.473  -0.534  -2.894   2.553  -0.827  -2.839
   0.946  -1.292  -3.400   1.264   0.441  -3.390
  -2.857  -1.198   1.007  -2.955  -0.496   0.223  -3.787   0.215   0.332  -3.034
  -0.960  -0.754  -1.690   0.326   0.158  -1.556   1.415  -0.446  -0.642  -0.333
   0.691  -0.752  -1.191   1.215   0.735   0.194   0.653   0.658   1.245   0.972
   1.660  -0.539   1.636   2.543   0.075   1.595   1.775  -1.589   1.311   1.158
  -0.449   2.620   1.420   0.286  -0.704   2.249   1.147  -0.976   1.143  -0.720
  -1.534   0.901  -1.624  -1.130   1.165  -0.702  -2.997   1.723  -1.659  -3.227
   0.160  -0.623  -3.463   1.897   0.028  -3.380
  -3.709   0.125   1.191  -2.997  -0.722   0.823  -3.363  -1.311  -0.072  -2.692
  -1.493   1.555  -1.773  -0.079   0.311  -1.679   0.879  -0.480  -0.642  -0.433
   0.971  -0.620  -1.193   1.624   0.703   0.220   0.814   0.612   1.234   1.247
   1.767  -0.533   1.614   2.626   0.031   1.561   1.954  -1.543   1.191   1.598
  -0.597   2.678   1.161   0.438  -0.685   1.811   1.470  -0.967   0.963  -0.635
  -1.450   0.320  -1.335  -1.205   1.308  -0.607  -2.903   0.679  -1.291  -3.446
   0.984   0.289  -3.329   2.385  -0.728  -3.078
  -3.506  -0.981  -0.408  -2.716  -1.152   0.389  -2.343  -2.093   0.044  -3.046
  -1.266   1.424  -1.697  -0.017   0.369  -2.072   1.092  -0.123  -0.488  -0.277
   0.829  -0.373  -1.128   1.294   0.694   0.475   0.664   0.543   1.524   1.110
   1.744  -0.178   1.528   2.694   0.322   1.495   1.799  -1.154   1.244   1.455
  -0.103   2.610   1.198   0.514  -0.781   2.005   1.436  -1.079   0.788  -0.430
  -1.697   0.200  -1.207  -1.393   1.307  -0.536  -3.023   0.966  -1.533  -3.345
   0.895   0.278  -3.719   2.393  -0.468  -3.053
  -3.739  -0.394   1.502  -2.913  -0.955   1.000  -3.335  -1.487   0.136  -2.639
  -1.659   1.838  -1.722  -0.079   0.613  -1.793   0.699  -0.315  -0.581  -0.298
   1.247  -0.561  -1.011   1.939   0.586   0.499   0.967   0.299   1.548   1.040
   1.643   0.068   2.002   2.470   0.718   2.048   1.948  -0.972   1.957   1.175
   0.038   2.928   1.244   0.361  -0.494   2.165   1.098  -0.806   0.844  -0.643
  -1.336   0.097  -1.232  -1.007   1.145  -0.656  -2.772   0.319  -1.179  -3.375
   1.216   0.415  -3.015   2.017  -1.184  -3.143
  -3.539  -0.333   1.949  -2.761  -0.919   1.436  -3.187  -1.505   0.545  -2.348
  -1.656   2.125  -1.680  -0.031   0.949  -1.912   0.874   0.165  -0.476  -0.396
   1.401  -0.581  -1.188   2.008   0.857   0.307   1.170   0.666   1.341   1.233
   1.881  -0.227   2.198   2.804   0.315   2.022   2.114  -1.289   2.157   1.512
  -0.016   3.197   1.530   0.054  -0.246   2.248   0.991  -0.616   1.313  -1.085
  -1.004   0.607  -1.715  -0.603   1.514  -1.333  -2.405   1.986  -2.302  -2.624
   0.683  -1.256  -3.025   2.148  -0.561  -2.796
  -3.093  -0.749   2.318  -2.842  -0.854   1.249  -3.666  -0.631   0.609  -2.564
  -1.893   1.074  -1.625  -0.060   0.874  -1.702   0.905   0.131  -0.413  -0.359
   1.373  -0.313  -1.093   1.983   0.832   0.435   1.124   0.633   1.501   1.202
   1.895   0.061   2.181   2.814   0.557   1.944   1.950  -1.048   2.296   1.554
   0.463   3.094   1.366   0.230  -0.303   1.812   1.181  -0.936   1.130  -0.919
  -0.871   0.496  -1.532  -0.291   1.620  -1.364  -2.134   1.104  -2.323  -2.341
   1.388  -0.601  -2.853   2.676  -1.601  -1.956
  -3.619  -0.729   0.767  -2.671  -0.949   1.282  -2.201  -1.851   0.901  -2.711
  -1.051   2.295  -1.553   0.012   1.085  -1.753   0.972   0.304  -0.389  -0.140
   1.689  -0.297  -0.840   2.401   0.867   0.524   1.378   0.687   1.567   1.320
   1.851   0.198   2.413   2.788   0.747   2.339   2.200  -0.843   2.296   1.506
   0.361   3.455   1.470   0.183   0.002   1.882   1.120  -0.729   1.376  -1.113
  -0.403   1.087  -1.808   0.301   1.721  -1.626  -1.733   2.463  -2.450  -1.652
   0.840  -2.079  -2.115   2.131  -0.886  -2.440
