default_name                                                                    
   22  0.1200000E+03
  -4.2371919  -0.2996998  -1.3779928  -3.5679125  -0.8791128  -0.7248870
  -3.3874243  -1.8640659  -1.1005050  -3.8539962  -1.0208491   0.2987407
  -2.2109894  -0.1095461  -0.6540000  -1.9057574   0.8897185  -1.3561374
  -1.2702055  -0.6788831   0.1147668  -1.5102154  -1.4502622   0.6540388
   0.0935503  -0.1170028   0.3336066   0.0412377   0.8683182   0.8005732
   0.7239193  -0.9801375   1.4559623   1.7923043  -0.7003097   1.6382197
   0.7515416  -2.0292174   1.1332883   0.1963693  -0.8874727   2.3982168
   1.0039830  -0.0113416  -0.9379461   1.8005178   0.9439815  -1.0431691
   0.8589094  -0.9212701  -1.9375447   0.2183579  -1.6545081  -1.7789015
   1.3790614  -0.9577394  -3.3061115   0.8589627  -1.7739364  -3.7448791
   1.1289202  -0.0754360  -3.8708073   2.4189761  -1.1565993  -3.2520580
   0.5783900   0.4325889   1.4102128  -0.1797848   0.2037851   0.0614348
  -0.6728526   2.0258822  -0.9921519  -1.3136269  -0.8208278   0.0105222
   0.2726625  -0.0751912  -0.1292124  -0.1048670   0.3307867  -0.4458717
   0.0360364  -0.4474914   0.0277852  -0.4827456   0.5765792   0.6812746
  -0.0502362   0.0657281  -0.2499119  -0.1206644   0.4351292  -0.3654072
  -0.3918793  -0.2525217   0.1614419   0.5358647  -0.1901103  -0.4196520
  -0.7049836   0.8403973   0.2065160   1.0282849   0.4772548   0.5285039
   0.0727686  -0.1392778  -0.1005443   0.3526121  -0.3043750   0.0223785
  -0.1306538   0.2508903  -0.0616755   0.6191884   0.3408610  -0.2166470
  -0.0203897  -0.0093297  -0.3236201   0.1842339   0.7032289   0.2196241
  -0.1276888  -0.3946144   0.0363888  -0.6613570   0.5839270   0.6365174
