default_name                                                                    
   22  0.1200000E+03
  -3.0805479   2.9959665   0.3265999  -2.6238506   2.2820875   0.9849233
  -3.2955576   1.9457967   1.7346286  -1.7591642   2.6967060   1.5318360
  -2.0901605   1.1175363   0.2371718  -2.4791198   0.8905257  -0.8687604
  -1.1715979   0.3847548   0.8115787  -0.8926696   0.5464780   1.7592364
  -0.4720625  -0.7972187   0.2514475   0.2952596  -1.0344446   0.8968279
  -1.4487517  -1.9945173   0.2055298  -0.9908608  -2.9078728  -0.0115006
  -2.2228296  -1.7859163  -0.5207078  -1.7883632  -2.1761261   1.2352277
   0.4172255  -0.5246459  -1.0619482   0.7788315  -1.4261123  -1.8225907
   0.7114891   0.7248400  -1.2805067   0.5266666   1.2877405  -0.4967881
   1.5900320   1.3619402  -2.2971586   1.0683922   1.7043963  -3.1724252
   2.1144011   2.1899848  -1.8101133   2.4806398   0.7194867  -2.5899334
  -0.1557964  -0.4651283  -0.4165549   0.1484893  -0.0328602   0.2423043
   1.0215394   0.0671409   0.9405380   0.9515342  -0.6434248  -0.5265346
   0.5488224   0.0926474  -0.0519821   0.0697723  -0.3030330  -0.0571558
   0.3161290   0.1221407  -0.1396430  -0.4644413  -0.4321365  -0.4466203
   0.1811094   0.0336949   0.3972182  -0.5375651  -0.0724195  -1.1637808
   0.3421334   0.0145268  -0.1131154  -0.8533109   0.7054967   0.3292307
   0.2618324  -0.9459951  -0.6357105  -0.3092255   0.8821809  -0.4139252
  -0.0428782   0.0480408  -0.1318979  -0.0491231  -0.1664782   0.0958843
   0.1959826  -0.1178823   0.2395312   0.1537363  -0.6938146   0.4264944
  -0.1861360  -0.1575670  -0.0528669  -0.1807566   1.9425539   0.6472675
   0.3124431  -0.3728272   0.7221626  -0.4730036  -1.0673093   0.5858721
