default_name                                                                    
  -3.272  -0.729   0.252  -2.940   0.192   0.753  -3.277   0.142   1.784  -3.358
   1.067   0.266  -1.470   0.344   0.777  -1.012   1.444   0.694  -0.757  -0.766
   0.655  -1.222  -1.680   0.837   0.641  -0.843   0.656   0.968  -0.211   1.481
   1.086  -2.318   0.888   2.226  -2.481   0.662   0.606  -3.041   0.318   0.787
  -2.537   1.901   1.302  -0.284  -0.587   2.447   0.142  -0.607   0.552  -0.323
  -1.693  -0.327  -0.880  -1.808   0.806   0.537  -2.786   1.533   1.247  -2.569
   1.086  -0.118  -3.558  -0.143   0.972  -3.086
  -3.426  -0.687   0.019  -3.087  -0.165   0.931  -3.420  -0.747   1.788  -3.534
   0.784   1.068  -1.558   0.045   0.921  -1.167   1.128   1.241  -0.793  -0.972
   0.582  -1.216  -1.873   0.573   0.679  -0.916   0.565   1.030  -0.311   1.418
   1.119  -2.338   0.727   2.152  -2.428   0.567   0.508  -2.985   0.067   0.944
  -2.693   1.815   1.381  -0.219  -0.664   2.602  -0.075  -0.749   0.570   0.170
  -1.676  -0.417   0.137  -1.508   0.923   0.632  -3.033  -0.016   1.010  -3.522
   1.611   1.494  -3.028   1.244  -0.144  -3.723
  -3.356  -1.374   0.227  -3.125  -0.718   1.056  -3.123  -1.360   1.980  -3.909
   0.095   1.115  -1.686  -0.130   1.007  -1.471   1.021   1.223  -0.716  -1.011
   0.606  -1.133  -1.877   0.367   0.716  -0.848   0.630   1.040  -0.225   1.410
   1.419  -2.160   0.872   2.491  -2.038   0.959   1.121  -2.896   0.195   1.083
  -2.649   1.781   1.280  -0.083  -0.631   2.457   0.273  -0.591   0.425   0.295
  -1.583  -0.498   0.010  -1.582   0.877   0.897  -2.835   0.232   0.696  -3.685
   0.905   2.022  -2.732   1.759   0.483  -3.080
  -3.124  -1.507   1.151  -3.178  -0.487   1.225  -3.576  -0.270   2.215  -3.764
   0.044   0.480  -1.739   0.084   1.117  -1.483   1.253   1.182  -0.803  -0.827
   0.887  -1.118  -1.764   0.817   0.643  -0.671   0.838   0.876  -0.222   1.819
   1.179  -2.104   0.864   2.249  -2.124   0.777   0.697  -2.609   0.020   1.041
  -2.492   1.816   1.184   0.138  -0.335   2.155   0.948  -0.227   0.488  -0.002
  -1.470  -0.236  -0.694  -1.575   0.886   0.702  -2.753  -0.072   1.127  -2.971
   1.736   1.423  -2.634   1.048   0.043  -3.648
  -3.524  -1.216   1.307  -3.388  -0.234   0.867  -3.874   0.597   1.417  -3.707
  -0.151  -0.200  -1.935   0.213   0.911  -1.682   1.424   1.006  -1.038  -0.760
   0.762  -1.252  -1.716   0.733   0.404  -0.565   0.778   0.686   0.134   1.637
   0.976  -1.936   1.190   2.037  -1.914   1.229   0.614  -2.657   0.424   0.672
  -2.274   2.216   1.015   0.019  -0.421   2.167   0.369  -0.315   0.341   0.109
  -1.590  -0.613  -0.241  -1.673   0.746   0.844  -2.766  -0.140   1.000  -3.367
   1.236   1.829  -2.531   1.450   0.335  -3.316
  -3.599  -1.013   0.118  -3.316  -0.297   0.930  -3.545  -0.773   1.873  -3.930
   0.579   0.954  -1.895   0.034   0.886  -1.535   1.213   1.087  -1.087  -0.887
   0.479  -1.492  -1.740   0.070   0.340  -0.839   0.621   0.641  -0.309   1.529
   0.911  -2.311   0.809   1.973  -2.313   0.768   0.519  -2.967  -0.002   0.644
  -2.652   1.816   1.049  -0.113  -0.605   2.236   0.041  -0.612   0.330   0.168
  -1.673  -0.682   0.070  -1.569   0.731   0.931  -2.776   0.184   1.827  -2.913
   1.803   1.129  -2.764   0.519   0.360  -3.655
  -3.726  -0.535   0.192  -3.332   0.241   0.833  -3.578   0.005   1.899  -3.696
   1.212   0.640  -1.803   0.376   0.798  -1.225   1.492   0.916  -1.128  -0.785
   0.642  -1.648  -1.599   0.621   0.267  -0.935   0.546   0.719  -0.381   1.467
   0.561  -2.468   0.622   1.650  -2.661   0.811   0.345  -2.966  -0.363   0.029
  -3.136   1.296   0.824  -0.256  -0.707   2.015   0.089  -0.765   0.028  -0.018
  -1.808  -0.888  -0.482  -1.879   0.430   1.008  -2.803   0.614   1.899  -2.282
   1.325   0.647  -3.316  -0.417   1.313  -3.393
  -3.507   0.648  -0.003  -3.082   0.464   0.998  -3.365  -0.529   1.288  -3.484
   1.243   1.712  -1.580   0.466   0.930  -0.982   1.488   1.346  -0.942  -0.630
   0.465  -1.426  -1.501   0.176   0.507  -0.698   0.384   0.879  -0.163   1.242
   0.872  -2.164   0.566   1.986  -2.229   0.749   0.597  -2.694  -0.324   0.225
  -2.628   1.320   1.097  -0.089  -0.924   2.345  -0.053  -1.103   0.260   0.154
  -1.904  -0.722  -0.147  -1.845   0.696   0.730  -3.199   1.309   1.611  -2.992
   1.338   0.060  -3.772  -0.207   1.021  -3.692
  -3.326   0.140   0.296  -2.697   0.726   1.029  -3.061   0.423   2.010  -2.861
   1.767   0.837  -1.241   0.392   0.949  -0.457   1.324   1.161  -0.874  -0.750
   0.412  -1.577  -1.433   0.193   0.514  -0.995   0.210   1.003  -0.545   1.096
   0.683  -2.480   0.240   1.791  -2.739   0.370   0.195  -2.921  -0.707   0.171
  -2.839   1.135   1.083  -0.333  -1.053   2.352  -0.289  -1.191   0.217   0.183
  -1.970  -0.747   0.255  -1.668   0.584   0.903  -3.167   1.165   1.812  -3.072
   1.217   0.166  -3.693  -0.252   0.930  -3.851
  -3.409   0.217   0.615  -2.633   0.476   1.359  -2.731  -0.202   2.174  -2.965
   1.461   1.626  -1.270   0.562   0.697  -0.612   1.592   0.798  -0.835  -0.524
   0.143  -1.457  -1.355   0.142   0.587  -0.803  -0.168   1.075  -0.399   0.734
   0.657  -2.385  -0.206   1.710  -2.534  -0.010   0.449  -2.812  -1.184   0.006
  -2.738   0.622   1.292  -0.235  -1.405   2.492   0.050  -1.514   0.449  -0.025
  -2.425  -0.535  -0.070  -2.265   0.804   0.087  -3.826   0.980   1.138  -4.088
   1.689  -0.441  -4.035   0.002  -0.279  -4.404
  -3.234  -0.092   0.534  -2.651   0.444   1.291  -2.841  -0.095   2.232  -3.045
   1.427   1.445  -1.204   0.291   0.877  -0.520   1.238   1.081  -0.756  -0.883
   0.402  -1.459  -1.579   0.402   0.711  -1.257   0.131   1.372  -0.918   0.898
   0.810  -2.762   0.057   1.851  -2.882  -0.278   0.176  -3.178  -0.745   0.665
  -3.275   1.001   1.156  -0.526  -1.142   2.268   0.016  -1.330   0.196  -0.308
  -2.076  -0.678  -0.797  -1.856   0.417   0.313  -3.429   0.025   1.272  -3.510
   1.559   0.330  -3.716  -0.114  -0.316  -4.156
  -3.153  -0.276   0.605  -2.539   0.003   1.434  -2.654  -0.700   2.302  -2.761
   1.048   1.673  -1.094  -0.053   0.892  -0.383   0.916   0.927  -0.759  -1.204
   0.310  -1.408  -1.977   0.294   0.610  -1.508  -0.186   1.255  -1.006   0.531
   0.821  -3.078  -0.124   1.821  -3.403  -0.360   0.174  -3.503  -0.912   0.424
  -3.507   0.735   0.949  -0.808  -1.549   2.109  -0.362  -1.671  -0.007  -0.759
  -2.531  -0.950  -1.105  -2.312  -0.011   0.245  -3.676   0.327   1.190  -3.345
   0.591   0.059  -4.500  -0.948   0.385  -4.131
  -3.366  -0.303   0.801  -2.515  -0.019   1.359  -2.297  -0.721   2.181  -2.760
   0.974   1.831  -1.260  -0.049   0.456  -0.643   1.027   0.173  -0.799  -1.231
   0.154  -1.502  -2.030   0.330   0.514  -1.538  -0.364   1.182  -1.243   0.373
   0.617  -3.122  -0.378   1.556  -3.416  -0.850  -0.108  -3.545  -1.054   0.739
  -3.581   0.623   0.811  -0.805  -1.749   2.003  -0.532  -1.986  -0.193  -0.428
  -2.513  -1.162  -0.469  -2.146   0.040   0.197  -3.828   0.459   1.252  -3.762
   0.743  -0.403  -4.343  -0.909   0.205  -4.381
  -3.289  -0.563   0.813  -2.433  -0.235   1.332  -2.290  -0.902   2.176  -2.542
   0.725   1.902  -1.176  -0.090   0.464  -0.801   1.003   0.125  -0.476  -1.177
   0.241  -0.970  -2.043   0.368   0.798  -1.361  -0.458   1.605  -0.851   0.053
   1.196  -2.882  -0.509   1.936  -3.065  -1.226   0.248  -3.313  -0.988   1.461
  -3.356   0.453   0.960  -0.675  -1.891   2.145  -0.585  -2.305  -0.150  -0.411
  -2.693  -1.108  -0.520  -2.283  -0.105   0.243  -4.028   0.466   1.113  -3.995
   0.240  -0.376  -4.855  -1.091   0.696  -4.238
  -3.041  -1.002   0.252  -2.397  -0.611   1.050  -2.197  -1.428   1.766  -2.836
   0.310   1.506  -0.986  -0.359   0.521  -0.549   0.812   0.577  -0.355  -1.324
  -0.124  -0.733  -2.296  -0.012   1.006  -1.230  -0.640   1.541  -0.592   0.058
   1.681  -2.623  -0.491   2.644  -2.658  -0.944   1.102  -3.385  -0.939   1.746
  -2.706   0.615   1.093  -0.729  -2.105   2.167  -0.494  -2.626  -0.138  -0.576
  -2.716  -0.872  -1.172  -2.513  -0.540   0.425  -3.680  -0.970   1.217  -3.001
   0.329   0.873  -4.155  -1.289   0.075  -4.444
  -2.854  -1.746   0.002  -2.534  -0.941   0.744  -2.574  -1.373   1.766  -3.070
   0.028   0.597  -1.080  -0.631   0.440  -0.631   0.488   0.697  -0.361  -1.644
  -0.140  -0.816  -2.551  -0.139   1.060  -1.538  -0.528   1.505  -0.794   0.119
   1.708  -2.967  -0.594   2.725  -2.688  -0.560   1.480  -3.448  -1.593   1.432
  -3.619   0.266   1.238  -0.873  -1.962   2.351  -0.611  -2.451   0.099  -0.499
  -2.551  -0.745  -0.598  -1.994   0.082   0.361  -3.761  -0.947   0.797  -3.831
   0.647   1.221  -3.449   0.529  -0.076  -4.686
  -3.055  -0.871   0.141  -2.433  -0.691   1.031  -2.504  -1.561   1.707  -2.855
   0.185   1.491  -1.063  -0.510   0.471  -0.409   0.542   0.551  -0.484  -1.619
   0.105  -0.990  -2.513   0.091   0.916  -1.711  -0.238   1.561  -1.272   0.541
   1.279  -3.175  -0.289   2.410  -3.342  -0.473   0.747  -3.505  -1.185   0.885
  -3.568   0.643   1.272  -0.921  -1.512   2.445  -0.746  -1.800   0.314  -0.434
  -2.307  -0.598  -0.655  -2.046   0.483   0.207  -3.590  -0.460   0.495  -4.047
   0.981   1.133  -3.338   1.082  -0.401  -4.212
  -3.194  -0.581   0.222  -2.545  -0.783   1.059  -2.654  -1.851   1.263  -2.866
  -0.169   1.928  -1.177  -0.545   0.609  -0.533   0.439   1.032  -0.643  -1.502
  -0.182  -1.187  -2.300  -0.317   0.793  -1.576  -0.502   1.341  -1.191   0.375
   1.189  -3.104  -0.754   2.228  -3.117  -0.675   0.937  -3.390  -1.792   0.826
  -3.679   0.138   1.230  -0.699  -1.723   2.438  -0.541  -2.015   0.251  -0.080
  -2.442  -0.739  -0.312  -2.217   0.482   1.028  -3.338   0.188   0.776  -4.342
  -0.231   1.748  -3.096   1.494   1.473  -3.261
  -3.149  -0.558   0.338  -2.481  -0.437   1.159  -2.647  -1.290   1.839  -2.811
   0.450   1.659  -1.060  -0.340   0.616  -0.358   0.665   0.766  -0.618  -1.506
   0.143  -1.254  -2.271   0.028   0.667  -1.615  -0.436   1.361  -1.398   0.360
   0.856  -3.109  -0.779   1.947  -3.325  -0.837   0.200  -3.514  -1.522   0.573
  -3.663   0.090   0.940  -0.653  -1.688   2.109  -0.479  -2.071  -0.067  -0.213
  -2.394  -1.061  -0.422  -2.176   0.164   0.872  -3.404  -0.168   0.493  -4.308
  -0.311   1.732  -3.030   1.250   0.993  -3.533
  -3.450  -0.739   0.931  -2.687  -0.248   1.467  -2.650  -0.875   2.305  -2.963
   0.740   1.846  -1.343  -0.260   0.756  -0.630   0.702   0.795  -1.032  -1.419
   0.180  -1.747  -2.104   0.299   0.291  -1.699  -0.470   1.046  -1.380   0.264
   0.479  -3.207  -0.651   1.412  -3.512  -1.114  -0.337  -3.569  -1.254   0.475
  -3.723   0.293   0.602  -0.786  -1.759   1.773  -0.632  -2.097  -0.415  -0.280
  -2.508  -1.338  -0.562  -2.260  -0.308   0.492  -3.674  -0.186  -0.082  -4.565
  -1.095   1.212  -3.792   0.609   1.099  -3.656
