default_name                                                                    
   22  0.1200000E+03
  -3.2826385   0.4152394   0.1964144  -3.0887270  -0.4921419   0.5655012
  -3.7012041  -1.2234151   0.1600359  -3.2529473  -0.3690812   1.6976553
  -1.6758106  -0.8590345   0.3063092  -1.3553887  -1.8087885  -0.3511918
  -0.8263647  -0.1353342   1.0195545  -1.1339886   0.6595814   1.5415605
   0.6344305  -0.4810064   1.2710961   1.0725941   0.3465828   1.8694161
   0.6790443  -1.5509188   2.3042250   1.6937291  -1.6098119   2.6688028
   0.4953580  -2.5047307   1.8202624  -0.0640972  -1.2364681   3.0765413
   1.4887143  -0.5868151   0.0086671   2.3735776  -1.4268808  -0.2324474
   1.1869099   0.3370562  -0.9296999   0.3969126   0.8824488  -0.6016250
   1.6006756   0.3144941  -2.3835164   1.0062913  -0.4320775  -2.9852571
   1.3438155   1.2677636  -2.7861822   2.6937676   0.1515182  -2.4097340
   1.5960833   0.4543315   1.6556278   0.3820081  -0.2473673  -0.3011072
   0.4693655   1.2943128   0.3022592  -0.7708150  -0.4316231  -0.1306764
  -0.2392024  -0.0273300  -0.2378296   0.2761770   0.2138324   0.1830219
  -0.0782041   0.0264548  -0.1813548  -1.6344747  -0.8091056  -0.3937457
  -0.2872331  -0.0892638   0.2306535   0.4108283  -0.4278901   1.0754797
  -0.0062800   0.2647121   0.4794897   0.6916633   0.5807460  -0.0485334
   1.1014557  -0.3209049   0.5736546  -0.6252166  -0.0512686   1.0245186
  -0.1667791  -0.0068199   0.1093970   0.0076304  -0.1547370   0.2940839
  -0.0693732   0.3244533   0.0197740   0.1406698  -0.3614632   1.6778418
   0.1321318  -0.0324331   0.0246737  -0.1969298  -0.5068952  -1.5148207
   0.8760846  -1.2926502   0.8431764   0.8748679  -0.0314984  -0.9858321
