default_name                                                                    
  -3.669   1.210   0.762  -3.142   0.320   0.349  -3.517   0.166  -0.678  -3.214
  -0.589   0.990  -1.624   0.583   0.306  -1.265   1.636   0.779  -0.825  -0.359
  -0.177  -1.236  -1.286  -0.388   0.617  -0.317   0.013   0.809   0.422   0.837
   1.020  -1.657   0.526   2.112  -1.816   0.507   0.558  -2.452  -0.081   0.768
  -1.778   1.597   1.359   0.121  -1.307   2.543   0.428  -1.299   0.597   0.300
  -2.383  -0.399   0.024  -2.381   1.065   0.932  -3.570   2.137   0.968  -3.429
   0.758   0.372  -4.376   0.658   1.986  -3.681
  -3.722   1.071   0.134  -3.011   0.306  -0.271  -3.044   0.475  -1.367  -3.372
  -0.627   0.033  -1.658   0.445   0.261  -1.437   1.286   1.186  -0.667  -0.392
  -0.137  -0.889  -1.093  -0.831   0.776  -0.160   0.068   1.018   0.521   0.874
   1.458  -1.421   0.566   2.503  -1.246   0.874   1.509  -2.259  -0.159   0.869
  -1.707   1.398   1.507   0.368  -1.260   2.689   0.746  -1.322   0.753   0.591
  -2.376  -0.227   0.305  -2.338   1.241   1.080  -3.703   1.388   0.137  -4.320
   0.474   1.636  -4.099   2.206   1.604  -3.581
  -3.723   0.373   0.432  -3.020  -0.161  -0.203  -3.210   0.094  -1.257  -3.241
  -1.179  -0.043  -1.622   0.111   0.298  -1.357   0.987   1.114  -0.741  -0.697
  -0.202  -1.036  -1.533  -0.629   0.693  -0.360  -0.152   0.946   0.373   0.664
   1.583  -1.513   0.319   2.610  -1.219   0.452   1.621  -2.200  -0.495   1.135
  -2.149   1.028   1.271   0.220  -1.490   2.428   0.592  -1.546   0.538   0.168
  -2.588  -0.430  -0.117  -2.506   0.913   0.351  -3.996   0.621  -0.555  -4.507
   0.453   1.267  -4.444   2.023   0.226  -4.224
  -3.887   0.589  -0.462  -3.224  -0.267  -0.255  -3.290  -0.984  -1.012  -3.599
  -0.665   0.719  -1.813   0.386  -0.109  -1.722   1.590   0.136  -0.812  -0.362
  -0.379  -1.017  -1.321  -0.552   0.624   0.016  -0.279   0.725   0.901   0.380
   1.247  -1.232   0.359   2.320  -1.005   0.546   1.244  -2.022  -0.410   0.638
  -1.560   1.200   1.308   0.359  -1.667   2.316   1.053  -1.649   0.716  -0.065
  -2.805  -0.116  -0.708  -2.692   1.323   0.025  -4.186   0.686  -0.741  -4.732
   1.168   1.041  -4.662   2.398  -0.223  -4.222
  -4.029   0.641  -0.589  -3.446  -0.217  -0.316  -3.615  -0.996  -1.007  -3.700
  -0.658   0.605  -2.006   0.446  -0.248  -1.874   1.679  -0.163  -0.947  -0.426
  -0.326  -1.129  -1.452  -0.381   0.417   0.115  -0.209   0.404   0.945   0.493
   1.273  -0.893   0.458   2.290  -0.519   0.531   1.350  -1.822  -0.159   0.830
  -1.097   1.416   1.042   0.654  -1.521   1.969   1.485  -1.540   0.566   0.030
  -2.608   0.016  -0.775  -2.412   1.149   0.136  -3.953   0.353  -0.139  -4.631
   1.383   1.211  -4.197   2.057  -0.562  -4.021
  -4.217   0.479  -0.539  -3.452  -0.207  -0.530  -3.372  -0.552  -1.544  -3.704
  -0.965   0.177  -2.052   0.427  -0.404  -2.004   1.659  -0.339  -0.982  -0.343
  -0.360  -1.066  -1.366  -0.528   0.380   0.067  -0.171   0.473   0.980   0.492
   1.045  -1.114   0.534   2.105  -0.860   0.650   0.804  -1.973  -0.110   0.660
  -1.200   1.509   1.042   0.463  -1.587   1.935   1.349  -1.650   0.507  -0.087
  -2.655  -0.245  -0.742  -2.489   0.900   0.241  -4.020   0.046   0.283  -4.718
   1.399   1.203  -4.086   1.680  -0.443  -4.255
  -4.123   0.247  -0.200  -3.477  -0.327  -0.828  -3.858  -0.120  -1.879  -3.577
  -1.341  -0.541  -2.029   0.189  -0.618  -1.837   1.393  -0.351  -1.038  -0.661
  -0.655  -1.279  -1.649  -0.789   0.280  -0.220  -0.450   0.234   0.652   0.191
   1.018  -1.306   0.374   2.005  -0.889   0.409   0.924  -2.234  -0.102   0.680
  -1.416   1.416   1.032   0.236  -1.705   2.125   0.751  -1.643   0.514   0.006
  -2.944  -0.399  -0.415  -2.881   1.153   0.157  -4.223   0.599   0.843  -4.841
   2.197   0.494  -4.010   1.108  -0.868  -4.712
  -4.160  -0.371  -0.165  -3.380  -0.882  -0.794  -3.734  -0.897  -1.829  -3.334
  -1.931  -0.392  -2.080  -0.118  -0.694  -1.992   1.116  -0.815  -0.987  -0.923
  -0.488  -1.202  -1.921  -0.536   0.389  -0.428  -0.342   0.339   0.387   0.419
   1.206  -1.584   0.209   2.308  -1.297   0.257   1.112  -2.411  -0.531   0.819
  -1.867   1.154   1.088   0.190  -1.634   2.050   0.975  -1.527   0.648  -0.093
  -2.884  -0.079  -0.811  -2.847   1.085   0.448  -4.168   1.196   1.478  -4.107
   1.993  -0.066  -4.583   0.229   0.182  -4.836
  -4.166  -0.354  -1.198  -3.335  -0.875  -0.793  -3.236  -1.673  -1.501  -3.641
  -1.292   0.142  -2.017  -0.132  -0.662  -1.935   1.095  -0.708  -0.878  -0.861
  -0.479  -0.957  -1.919  -0.451   0.509  -0.293  -0.355   0.508   0.600   0.340
   1.326  -1.456   0.152   2.314  -1.048   0.462   1.451  -2.181  -0.698   0.860
  -1.979   1.012   1.156   0.173  -1.665   1.987   1.037  -1.636   0.513  -0.268
  -2.762  -0.248  -0.892  -2.578   0.852   0.042  -4.124   1.094   1.056  -4.147
   1.584  -0.632  -4.495  -0.125  -0.097  -4.649
  -3.822   0.344  -0.378  -3.188  -0.374   0.110  -3.372  -1.378  -0.218  -3.087
  -0.290   1.159  -1.805   0.025  -0.316  -1.622   1.162  -0.721  -0.865  -0.902
  -0.225  -1.134  -1.780   0.138   0.559  -0.619  -0.316   0.756   0.292   0.334
   1.330  -1.748   0.355   2.321  -1.513   0.217   1.101  -2.755  -0.105   1.127
  -1.856   1.432   1.046  -0.296  -1.726   2.070   0.378  -1.819   0.287  -0.573
  -2.787  -0.616  -0.956  -2.688   0.788  -0.274  -4.100   0.527   0.763  -4.363
   1.859  -0.454  -4.105   0.307  -0.952  -4.860
  -3.899   0.501   0.047  -3.244  -0.243  -0.212  -3.625  -0.777  -1.100  -3.323
  -0.962   0.590  -1.848   0.270  -0.400  -1.659   1.430  -0.569  -0.907  -0.662
  -0.230  -1.176  -1.599  -0.051   0.518  -0.297  -0.171   0.587   0.656   0.348
   1.217  -1.244   0.729   2.013  -0.629   1.184   1.730  -2.047   0.197   0.599
  -1.584   1.551   1.257  -0.234  -1.549   2.337   0.333  -1.674   0.517  -0.536
  -2.608  -0.368  -0.886  -2.394   0.769  -0.561  -4.027   0.498   0.413  -4.395
   1.831  -0.706  -4.145   0.195  -1.348  -4.533
  -3.611   0.609   0.355  -3.196  -0.084  -0.320  -3.688  -0.119  -1.314  -3.164
  -1.057   0.024  -1.746   0.324  -0.415  -1.393   1.435  -0.812  -0.811  -0.533
  -0.138  -0.988  -1.551   0.064   0.678  -0.215  -0.270   0.797   0.761   0.198
   1.379  -1.162   0.658   2.419  -1.040   0.552   1.057  -2.223   0.446   1.069
  -0.851   1.662   1.176  -0.105  -1.698   2.097   0.652  -1.972   0.481  -0.729
  -2.652  -0.341  -1.349  -2.406   0.804  -0.683  -4.087   1.244   0.238  -4.406
   1.591  -1.408  -4.259  -0.081  -0.957  -4.602
  -4.139   0.331  -0.920  -3.310  -0.320  -0.913  -3.220  -0.712  -1.864  -3.642
  -1.271  -0.450  -1.968   0.204  -0.502  -1.697   1.408  -0.739  -1.073  -0.662
  -0.074  -1.373  -1.577   0.168   0.370  -0.337  -0.152   0.518   0.642   0.422
   1.173  -1.368   0.679   2.175  -0.877   0.890   1.136  -2.273   0.080   0.841
  -1.622   1.700   0.931  -0.216  -1.547   1.984   0.462  -1.722   0.270  -0.837
  -2.505  -0.570  -1.395  -2.242   0.647  -0.818  -3.957   1.091  -1.772  -4.274
  -0.183  -0.555  -4.649   1.475  -0.130  -4.018
  -3.933   0.520  -0.416  -3.268  -0.212  -0.908  -3.471  -0.254  -1.944  -3.347
  -1.143  -0.410  -1.860   0.326  -0.723  -1.601   1.431  -1.185  -1.035  -0.475
  -0.083  -1.350  -1.464   0.091   0.438  -0.212  -0.055   0.705   0.774   0.189
   0.899  -1.243   0.939   2.000  -1.292   1.038   0.682  -2.239   0.574   0.479
  -1.087   1.905   1.166  -0.376  -1.428   2.189   0.280  -1.699   0.570  -1.112
  -2.385  -0.325  -1.508  -2.183   1.122  -1.215  -3.777   2.072  -1.786  -3.828
   0.307  -1.697  -4.437   1.281  -0.183  -4.064
  -3.850  -0.959  -0.006  -3.530  -0.316  -0.804  -4.262   0.504  -0.820  -3.682
  -0.916  -1.740  -2.137   0.277  -0.704  -2.006   1.509  -0.920  -1.196  -0.509
  -0.198  -1.549  -1.373   0.171   0.222  -0.101  -0.060   0.296   0.977   0.253
   0.857  -1.005   1.066   1.881  -0.733   1.381   0.823  -1.973   0.636   0.201
  -0.849   1.939   1.041  -0.334  -1.344   2.012   0.404  -1.553   0.617  -1.264
  -2.214  -0.188  -1.806  -1.915   1.326  -1.626  -3.515   2.429  -1.656  -3.353
   1.152  -2.691  -3.732   1.036  -1.009  -4.347
  -3.664  -1.532   0.112  -3.265  -1.064  -0.840  -4.054  -0.419  -1.239  -3.015
  -1.836  -1.593  -2.033  -0.223  -0.483  -2.022   1.006  -0.559  -0.985  -0.938
   0.004  -0.998  -1.960   0.062   0.313  -0.235  -0.011   0.201   0.792   0.380
   1.150  -0.930   1.073   2.103  -0.455   1.301   1.384  -2.024   0.891   0.613
  -0.810   2.023   1.042  -0.122  -1.399   1.952   0.732  -1.665   0.644  -1.024
  -2.304  -0.080  -1.672  -2.076   1.279  -1.243  -3.668   2.124  -0.567  -3.731
   1.551  -2.322  -3.785   0.495  -1.031  -4.350
  -3.334  -2.117  -0.235  -3.439  -1.256  -0.838  -4.246  -0.681  -0.417  -3.710
  -1.541  -1.835  -2.193  -0.373  -0.776  -2.190   0.711  -1.338  -1.096  -0.915
  -0.221  -1.233  -1.844   0.108   0.238  -0.295  -0.169   0.016   0.737   0.207
   1.100  -0.937   0.959   2.151  -0.543   1.060   1.160  -2.052   0.926   0.654
  -0.532   1.867   1.006  -0.197  -1.552   1.907   0.606  -1.648   0.648  -1.019
  -2.524  -0.045  -1.705  -2.341   1.368  -1.110  -3.796   2.378  -1.104  -3.496
   1.217  -2.013  -4.420   1.093  -0.317  -4.522
  -3.188  -2.216  -1.026  -3.466  -1.150  -0.907  -4.076  -1.120   0.030  -4.091
  -0.823  -1.756  -2.293  -0.329  -0.738  -2.399   0.888  -0.995  -1.198  -0.884
  -0.273  -1.279  -1.854   0.072  -0.007  -0.083  -0.062  -0.319   0.937   0.231
   0.697  -0.815   1.138   1.800  -0.585   1.051   0.579  -1.884   0.960   0.367
  -0.561   2.062   0.879  -0.126  -1.366   1.690   0.772  -1.606   0.731  -1.214
  -2.199   0.046  -1.887  -1.935   1.391  -1.374  -3.500   2.055  -2.182  -3.478
   0.616  -1.635  -4.162   1.845  -0.438  -3.705
  -2.927  -2.091  -1.494  -3.436  -1.268  -1.146  -3.991  -1.458  -0.244  -4.196
  -0.870  -1.815  -2.355  -0.279  -0.766  -2.435   0.924  -1.045  -1.243  -0.836
  -0.320  -1.274  -1.796  -0.022   0.042  -0.090  -0.043  -0.198   0.900   0.270
   0.854  -0.805   1.052   1.717  -0.145   1.311   1.205  -1.803   0.711   0.218
  -0.809   1.880   1.006  -0.013  -1.273   1.878   0.796  -1.138   0.777  -0.802
  -2.311  -0.020  -1.357  -2.138   1.553  -1.048  -3.457   1.548  -2.101  -3.671
   1.149  -0.478  -4.291   2.574  -0.733  -3.280
  -4.237  -0.300  -1.378  -3.568  -0.879  -0.725  -3.387  -1.864  -1.101  -3.854
  -1.021   0.299  -2.211  -0.110  -0.654  -1.906   0.890  -1.356  -1.270  -0.679
   0.115  -1.510  -1.450   0.654   0.094  -0.117   0.334   0.041   0.868   0.801
   0.724  -0.980   1.456   1.792  -0.700   1.638   0.752  -2.029   1.133   0.196
  -0.887   2.398   1.004  -0.011  -0.938   1.801   0.944  -1.043   0.859  -0.921
  -1.938   0.218  -1.655  -1.779   1.379  -0.958  -3.306   0.859  -1.774  -3.745
   1.129  -0.075  -3.871   2.419  -1.157  -3.252
