default_name                                                                    
  -3.724   0.702   0.484  -2.992   0.552   1.239  -3.386   0.014   2.107  -2.597
   1.497   1.585  -1.875  -0.294   0.651  -2.020  -1.119  -0.279  -0.679  -0.023
   1.221  -0.674   0.725   1.905   0.562  -0.776   1.029   1.362  -0.120   1.362
   0.635  -1.919   1.991   1.504  -2.538   1.789  -0.256  -2.478   1.858   0.655
  -1.567   2.996   1.007  -1.074  -0.426   1.725  -2.006  -0.654   0.647  -0.252
  -1.436  -0.029   0.459  -1.178   1.511   0.129  -2.531   1.800   1.198  -2.555
   2.447  -0.440  -2.525   0.969  -0.165  -3.423
  -3.673   0.693   0.243  -2.899   0.341   0.948  -3.388  -0.614   1.290  -2.678
   1.080   1.629  -1.678  -0.227   0.346  -1.696  -0.605  -0.859  -0.675  -0.068
   1.187  -0.787   0.396   2.048   0.546  -0.934   1.118   1.262  -0.512   1.878
   0.143  -2.277   1.786   0.939  -3.038   1.839  -0.821  -2.656   1.273  -0.117
  -2.085   2.795   1.281  -1.057  -0.208   1.778  -2.143  -0.575   1.152  -0.067
  -1.111   0.754   0.726  -0.675   1.443   0.036  -2.533   2.360   0.693  -2.524
   1.866  -0.873  -2.956   0.637   0.373  -3.093
  -3.002   1.466   0.288  -2.724   0.766   1.056  -3.513   0.271   1.613  -2.212
   1.336   1.849  -1.658  -0.287   0.621  -1.697  -0.723  -0.533  -0.658  -0.626
   1.458  -0.869  -0.457   2.381   0.629  -1.199   1.103   1.351  -0.734   1.760
   0.531  -2.708   1.628   1.454  -3.184   1.649  -0.030  -3.309   0.912   0.219
  -2.831   2.647   1.171  -0.954  -0.270   1.958  -1.805  -0.727   0.896   0.223
  -0.910   0.360   0.922  -0.447   1.457   0.544  -2.236   2.324  -0.087  -2.405
   0.764   0.309  -3.051   1.691   1.540  -2.372
  -3.745  -0.259   1.156  -2.802   0.266   1.502  -2.641   0.274   2.590  -3.067
   1.332   1.187  -1.643  -0.354   0.719  -1.718  -0.592  -0.473  -0.486  -0.552
   1.372  -0.512  -0.285   2.335   0.738  -1.293   1.010   1.490  -0.854   1.690
   0.513  -2.751   1.304   1.425  -3.263   0.909  -0.379  -3.104   0.759   0.348
  -3.041   2.299   1.309  -0.907  -0.405   1.814  -1.821  -1.063   1.113   0.276
  -0.949   0.537   1.002  -0.464   1.634   0.671  -2.292   1.836  -0.258  -2.864
   0.935   1.343  -2.876   2.632   1.153  -2.205
  -3.718  -0.177   0.986  -2.720   0.299   1.256  -2.575   0.474   2.287  -2.614
   1.231   0.762  -1.713  -0.681   0.773  -2.075  -1.298  -0.197  -0.601  -0.776
   1.458  -0.565  -0.127   2.208   0.580  -1.467   1.120   1.331  -1.217   1.724
   0.398  -3.024   1.267   1.421  -3.407   1.273  -0.126  -3.530   0.369   0.057
  -3.319   2.227   1.235  -1.176  -0.303   1.906  -2.018  -0.901   1.205   0.069
  -0.757   0.631   0.725  -0.270   1.811   0.577  -2.029   2.528   1.274  -1.741
   2.220  -0.229  -2.594   1.052   1.070  -2.644
  -3.546   0.573   0.686  -2.728   0.327   1.473  -3.239  -0.118   2.377  -2.162
   1.224   1.685  -1.797  -0.769   1.000  -2.047  -1.306  -0.091  -0.643  -0.988
   1.653  -0.434  -0.452   2.517   0.509  -1.839   1.123   1.360  -1.656   1.806
   0.241  -3.358   1.220   1.177  -3.735   0.947  -0.462  -3.676   0.510   0.005
  -3.648   2.198   1.061  -1.246  -0.191   1.755  -1.959  -0.982   0.932   0.095
  -0.339   0.678   0.605   0.488   1.676   0.791  -1.313   2.699   0.979  -0.903
   1.681   0.249  -2.245   1.268   1.774  -1.536
  -3.891  -0.512   1.174  -2.947  -0.194   1.619  -3.111  -0.578   2.632  -2.928
   0.899   1.506  -1.826  -0.806   0.809  -1.982  -1.363  -0.310  -0.714  -1.068
   1.551  -0.609  -0.598   2.446   0.443  -1.880   1.123   1.286  -1.582   1.740
   0.127  -3.333   1.237   1.014  -3.892   1.019  -0.738  -3.435   0.605  -0.110
  -3.484   2.248   0.958  -1.441  -0.227   1.375  -2.244  -1.056   1.066  -0.155
  -0.353   0.698   0.494   0.332   1.857   0.396  -1.449   2.924   0.334  -1.196
   1.686  -0.044  -2.424   1.656   1.454  -1.497
  -3.717  -0.173   0.498  -2.931  -0.147   1.303  -3.270  -0.723   2.178  -2.679
   0.867   1.663  -1.755  -0.903   0.742  -1.727  -1.123  -0.448  -0.736  -1.101
   1.612  -0.833  -0.608   2.520   0.517  -1.893   1.409   1.044  -1.666   2.354
   0.210  -3.362   1.529   1.109  -3.980   1.611  -0.322  -3.641   0.597  -0.413
  -3.571   2.358   1.368  -1.484   0.147   2.045  -2.300  -0.500   1.323  -0.161
  -0.177   0.758   0.437   0.362   2.120   0.418  -1.314   3.162   0.125  -1.334
   1.570   0.215  -2.269   2.202   1.497  -1.162
  -3.732  -0.579   0.698  -2.801  -0.255   1.233  -2.998  -0.510   2.203  -2.542
   0.778   1.137  -1.662  -1.169   0.798  -1.777  -1.979  -0.114  -0.472  -1.118
   1.394  -0.318  -0.506   2.213   0.706  -2.011   1.235   1.418  -1.743   2.096
   0.303  -3.528   1.437   1.131  -4.158   1.324  -0.452  -3.890   0.673   0.039
  -3.695   2.476   1.467  -1.606  -0.021   2.327  -2.287  -0.527   1.190  -0.400
  -0.614   0.384   0.100  -0.193   1.976   0.360  -1.579   3.028   0.331  -1.373
   1.787   0.034  -2.622   1.671   1.391  -1.495
  -4.053  -1.334   0.686  -3.196  -1.114   1.333  -3.434  -1.665   2.270  -3.183
  -0.040   1.528  -1.833  -1.621   0.834  -1.789  -2.129  -0.301  -0.790  -1.532
   1.709  -0.988  -1.002   2.608   0.578  -2.052   1.459   1.207  -1.791   2.321
   0.444  -3.600   1.489   1.363  -4.078   1.398  -0.187  -3.985   0.722  -0.025
  -3.831   2.453   1.397  -1.603   0.162   2.273  -2.371  -0.310   1.147  -0.362
  -0.331   0.360   0.170   0.096   2.019   0.184  -1.289   3.072   0.251  -0.981
   1.881  -0.251  -2.271   1.660   1.214  -1.339
  -4.233  -1.319   0.691  -3.436  -0.952   1.371  -3.610  -1.475   2.365  -3.344
   0.157   1.337  -2.116  -1.517   0.881  -2.078  -2.037  -0.196  -1.012  -1.403
   1.635  -1.057  -0.882   2.462   0.275  -2.111   1.452   0.927  -1.656   2.215
   0.197  -3.598   1.804   1.272  -3.919   1.965  -0.316  -4.220   0.995  -0.513
  -3.714   2.686   1.100  -1.748   0.198   1.946  -2.489  -0.185   0.919  -0.545
  -0.331   0.131   0.069  -0.067   1.518  -0.073  -1.527   2.311   0.639  -1.356
   1.914  -0.941  -2.118   0.680   0.268  -2.070
  -3.887  -0.653   0.628  -3.336  -0.824   1.535  -3.829  -1.462   2.247  -2.977
   0.130   1.960  -2.121  -1.524   1.013  -2.117  -2.005  -0.124  -1.007  -1.439
   1.772  -1.156  -0.838   2.566   0.340  -1.954   1.382   1.036  -1.421   2.140
   0.317  -3.414   1.654   1.293  -3.880   1.434  -0.443  -3.841   1.070   0.028
  -3.674   2.691   0.911  -1.725   0.007   1.601  -2.575  -0.530   0.672  -0.508
  -0.503  -0.052  -0.067   0.018   1.139   0.062  -1.794   2.190  -0.260  -2.110
   0.557  -0.367  -2.642   0.975   1.138  -1.581
  -3.645   0.350   1.691  -3.464  -0.681   1.956  -4.390  -1.244   1.942  -3.179
  -0.756   2.988  -2.401  -1.378   1.172  -2.691  -1.858   0.047  -1.168  -1.389
   1.704  -1.158  -1.032   2.656   0.094  -2.025   1.215   0.832  -1.545   1.917
  -0.044  -3.542   1.467   0.849  -4.028   1.184  -0.882  -3.852   0.903  -0.257
  -3.764   2.460   0.573  -1.621  -0.204   1.171  -2.397  -0.968   0.225  -0.368
  -0.587  -0.343   0.248   0.014   0.552   0.238  -1.921   1.564  -0.047  -2.171
  -0.153  -0.173  -2.666   0.473   1.302  -1.870
  -3.392  -0.002   2.288  -3.666  -1.035   1.904  -4.684  -0.979   1.352  -3.894
  -1.815   2.697  -2.553  -1.503   1.055  -2.761  -1.634  -0.154  -1.413  -1.639
   1.695  -1.361  -1.480   2.643  -0.192  -2.312   1.245   0.539  -2.148   2.061
  -0.375  -3.825   1.267   0.524  -4.354   0.905  -1.128  -4.071   0.574  -0.599
  -4.102   2.281   0.364  -1.786  -0.117   1.142  -2.472  -0.802  -0.027  -0.537
  -0.514  -0.528   0.006   0.142   0.657   0.220  -1.560   1.241  -0.492  -2.169
   0.043   0.835  -2.203   1.195   1.004  -0.964
  -2.690  -0.018   2.378  -3.203  -0.870   2.180  -4.080  -0.709   1.633  -3.398
  -1.386   3.087  -2.314  -1.657   1.351  -2.541  -1.854   0.146  -1.174  -1.997
   1.908  -1.165  -1.930   2.925   0.041  -2.564   1.240   0.857  -2.610   2.008
  -0.077  -4.030   0.789   0.839  -4.359   0.402  -0.852  -4.134  -0.029  -0.263
  -4.630   1.721   0.623  -1.731   0.078   1.540  -2.291  -0.580   0.123  -0.525
  -0.105  -0.568  -0.252   0.580   0.347   0.334  -1.250  -0.256   0.049  -2.136
   0.137   1.401  -0.967   1.368   0.129  -1.535
  -2.773  -0.806   3.075  -3.280  -1.247   2.225  -3.694  -0.445   1.520  -3.996
  -2.036   2.540  -2.223  -1.938   1.365  -2.522  -2.283   0.235  -1.005  -2.197
   1.936  -0.929  -2.065   2.969   0.264  -2.646   1.185   1.059  -2.456   1.895
   0.158  -4.191   1.065   0.886  -4.533   0.274  -0.839  -4.464   0.736   0.475
  -4.660   2.005   0.593  -1.825  -0.104   1.266  -2.342  -0.995   0.133  -0.548
  -0.227  -0.438  -0.137   0.499   0.607   0.322  -1.355   0.278   0.016  -2.375
   0.165   1.311  -1.204   1.752   0.243  -1.311
  -3.165  -0.983   2.734  -3.357  -1.792   2.058  -4.095  -1.427   1.305  -3.789
  -2.538   2.740  -2.113  -2.314   1.318  -2.185  -2.825   0.206  -0.996  -2.284
   2.045  -0.973  -1.774   2.911   0.314  -2.637   1.534   0.930  -2.345   2.384
   0.463  -4.175   1.424   1.499  -4.379   1.247  -0.035  -4.461   0.516   0.057
  -4.612   2.349   0.794  -1.886   0.317   1.529  -2.290  -0.543   0.211  -0.710
   0.081  -0.309  -0.340   0.834   0.483   0.150  -1.013   0.310  -0.404  -1.980
  -0.201   0.924  -0.985   1.541   0.485  -0.943
  -3.811  -1.257   1.775  -3.555  -2.312   1.970  -4.307  -2.998   1.571  -3.430
  -2.672   3.012  -2.244  -2.618   1.314  -2.192  -2.924   0.113  -1.136  -2.402
   1.991  -1.142  -1.837   2.783   0.195  -2.626   1.442   0.792  -1.966   2.078
   0.669  -4.045   1.599   1.766  -4.260   1.414   0.101  -4.721   1.024   0.455
  -4.268   2.654   0.388  -1.975   0.080   1.146  -2.493  -0.746  -0.150  -0.762
  -0.116  -0.517  -0.320   0.740  -0.107   0.058  -1.281  -0.467  -0.612  -2.129
  -0.668   0.936  -1.027   0.834   0.466  -1.508
  -4.024  -1.601   2.234  -3.618  -2.614   2.201  -4.470  -3.213   1.890  -3.295
  -2.963   3.190  -2.469  -2.641   1.336  -2.571  -2.944   0.127  -1.295  -2.314
   1.828  -1.323  -2.158   2.807   0.050  -2.479   1.256   0.756  -1.839   1.884
   0.501  -3.927   1.389   1.473  -4.138   0.856  -0.212  -4.603   0.882   0.718
  -4.245   2.430   0.129  -1.890  -0.151   0.425  -2.625  -1.119  -0.185  -0.551
  -0.294  -0.578  -0.149   0.515   0.103   0.205  -1.480   0.129  -0.543  -2.288
  -0.621   0.849  -1.766   1.035   0.682  -1.361
  -4.698  -1.777   1.646  -3.734  -2.057   2.131  -3.883  -2.958   2.780  -3.505
  -1.139   2.662  -2.644  -2.442   1.217  -2.861  -2.773   0.053  -1.421  -2.284
   1.787  -1.459  -2.026   2.788  -0.090  -2.529   1.262   0.639  -1.872   1.873
   0.380  -4.028   1.301   1.438  -4.054   0.923  -0.389  -4.567   0.646   0.295
  -4.405   2.288   0.053  -1.876  -0.123   0.387  -2.498  -1.084  -0.381  -0.602
  -0.147  -0.832  -0.218   0.671  -0.550   0.244  -1.372  -0.769  -0.503  -2.214
  -1.339   0.998  -1.276   0.459   0.687  -1.555
