default_name                                                                    
   22  0.1200000E+03
   1.1949672   0.9540565   3.6229897   0.9197092   2.0133323   3.5304365
   1.3574757   2.5436632   4.4001680  -0.1753191   2.0637523   3.3860951
   1.5973800   2.5169478   2.3043557   1.0147320   3.1517626   1.4087949
   2.8389986   2.0510456   2.0875735   3.2759407   1.4612148   2.8338346
   3.7107051   2.1778522   0.9300128   3.6267485   3.3017906   0.8046209
   5.0293350   1.5462445   1.2750461   5.8594130   1.8175930   0.6189068
   4.9733955   0.5002861   1.5558367   5.2701842   2.0321639   2.2154331
   3.1034589   1.6806874  -0.4115785   3.3653830   2.1797957  -1.5110583
   2.3133138   0.5978290  -0.2998177   2.3130366   0.1900089   0.6462474
   1.5625652  -0.0103133  -1.4117907   2.3107631  -0.2845750  -2.1848518
   1.0713827  -0.8517307  -1.0201995   0.7796374   0.6277368  -1.7831168
   0.2203977   1.8500608  -0.4487162   0.0729580   0.1926674  -0.1698632
   0.2201841   0.5657149   0.8471117   0.9631981  -0.2759342  -0.1618318
  -0.0562002  -0.1766276  -0.1819400  -0.2079603  -0.1299035   0.0715294
  -0.1796436   0.0925067   0.2579189   1.0983952  -0.7630895   0.2912421
  -0.2750754   0.0473834   0.6033656  -0.1148826   0.9884187  -0.5015749
  -0.3408214  -0.2610716   0.1397484  -0.3268967  -0.7560395  -1.5455301
  -0.2041389   0.0173025   1.5173786   0.8742529   0.1969883  -0.4473902
  -0.2747418   0.1878305  -0.0601063  -0.0592488  -0.3524139  -0.0226185
  -0.0000133  -0.0267654  -0.0958714   0.0700474  -0.2148331   0.7861981
   0.1381263  -0.3180736  -0.1427386   0.8085738   1.1902945   0.6098655
   0.1490010   1.0892020   0.0510263  -0.6968299  -0.2015274  -0.1793294
