default_name                                                                    
  -3.135   2.038   1.717  -2.878   1.039   1.428  -3.402   0.732   0.569  -3.221
   0.331   2.178  -1.340   0.940   1.250  -0.592   1.935   1.166  -0.855  -0.346
   1.257  -1.535  -1.073   1.314   0.610  -0.717   1.207   1.153  -0.271   2.042
   0.683  -2.193   1.597   1.680  -2.614   1.617   0.079  -2.792   0.886   0.390
  -2.408   2.646   1.387  -0.313  -0.080   2.594  -0.162  -0.132   0.782  -0.292
  -1.248  -0.208  -0.551  -1.196   1.266  -0.016  -2.624   1.996  -0.854  -2.850
   0.508  -0.142  -3.360   1.760   0.937  -2.696
  -2.992   2.224   0.423  -2.795   1.142   0.714  -3.175   0.616  -0.102  -3.247
   0.806   1.652  -1.278   0.936   0.750  -0.624   1.968   0.908  -0.769  -0.298
   0.718  -1.464  -1.035   0.582   0.629  -0.677   1.008   0.845  -0.201   1.966
   0.842  -2.184   1.236   1.894  -2.323   1.480   0.523  -2.769   0.458   0.220
  -2.508   2.092   1.541  -0.154  -0.158   2.689   0.298   0.124   0.958  -0.239
  -1.413  -0.013  -0.504  -1.502   1.452   0.378  -2.633   2.232  -0.319  -2.923
   0.759   0.575  -3.322   1.932   1.366  -2.428
  -2.986   0.885  -0.795  -2.829   1.060   0.296  -3.377   0.335   0.889  -3.129
   2.102   0.393  -1.405   0.813   0.656  -0.675   1.770   0.959  -0.866  -0.441
   0.536  -1.481  -1.167   0.176   0.599  -0.695   0.658   0.977  -0.214   1.600
   0.664  -2.217   0.711   1.713  -2.646   0.883   0.267  -2.653  -0.203   0.042
  -2.589   1.533   1.547  -0.197  -0.450   2.776  -0.423  -0.371   1.047   0.438
  -1.526   0.021   0.646  -1.487   1.806   0.886  -2.721   2.279  -0.010  -3.128
   1.099   1.279  -3.438   2.483   1.629  -2.373
  -3.408  -0.155   0.670  -2.924   0.785   0.528  -3.423   1.471   1.190  -3.225
   1.192  -0.482  -1.352   0.631   0.705  -0.736   1.664   0.813  -0.805  -0.561
   0.561  -1.533  -1.246   0.511   0.621  -0.839   0.701   0.936  -0.456   1.669
   0.741  -2.391   0.661   1.791  -2.744   0.382   0.107  -2.729  -0.087   0.450
  -2.642   1.684   1.580  -0.206  -0.404   2.822  -0.152  -0.255   0.962   0.196
  -1.529  -0.022   0.036  -1.607   1.724   0.599  -2.759   2.403  -0.205  -3.127
   0.999   0.752  -3.608   2.363   1.531  -2.634
  -3.484   0.844   1.065  -2.805   1.127   0.320  -2.929   2.204   0.181  -3.037
   0.557  -0.593  -1.357   0.843   0.635  -0.783   1.461   1.498  -0.931  -0.328
   0.173  -1.576  -0.985  -0.323   0.415  -0.775   0.513   0.690  -0.386   1.516
   0.412  -2.315   0.615   1.409  -2.771   0.543  -0.177  -2.710  -0.264  -0.071
  -2.560   1.545   1.558  -0.358  -0.440   2.770  -0.565  -0.201   1.193   0.288
  -1.539   0.204   0.412  -1.575   1.971   0.907  -2.533   2.829   0.440  -2.871
   1.398   1.141  -3.417   2.338   1.838  -2.084
  -3.262   0.253   0.563  -2.707   1.022   0.270  -3.133   1.909   0.738  -2.758
   1.104  -0.802  -1.257   0.878   0.733  -0.672   1.816   1.282  -0.888  -0.361
   0.486  -1.507  -0.924   0.010   0.471  -0.812   0.623   0.752  -0.308   1.516
   0.503  -2.293   1.016   1.476  -2.544   1.293   0.253  -2.841   0.069  -0.178
  -2.437   1.845   1.539  -0.445  -0.498   2.690  -0.665  -0.257   1.174   0.246
  -1.575   0.165   0.295  -1.723   1.863   0.870  -2.600   1.875   0.340  -3.581
   1.379   1.878  -2.807   2.960   0.982  -2.257
  -3.457  -0.029   0.474  -3.005   0.935   0.274  -3.567   1.679   0.812  -3.058
   1.088  -0.760  -1.606   1.004   0.636  -1.037   1.967   1.173  -0.894  -0.156
   0.414  -1.344  -0.880  -0.052   0.470  -0.549   0.892   0.800  -0.112   1.843
   0.408  -1.999   1.305   1.259  -2.350   1.904   0.091  -2.606   0.423  -0.399
  -2.118   2.027   1.529  -0.276  -0.206   2.753  -0.348  -0.005   1.122   0.161
  -1.418   0.194   0.510  -1.486   1.863   0.364  -2.673   2.358  -0.556  -2.885
   1.104   0.595  -3.398   2.535   1.222  -2.538
  -3.440   1.020   1.167  -2.850   1.008   0.241  -3.077   1.982  -0.281  -3.137
   0.210  -0.443  -1.412   1.042   0.629  -0.884   2.087   0.958  -0.765  -0.130
   0.634  -1.256  -0.913   0.302   0.633  -0.312   0.963   0.778   0.340   1.806
   0.793  -1.677   1.653   1.792  -1.978   1.352   0.176  -2.415   1.119   0.606
  -1.594   2.761   1.729  -0.009  -0.054   2.916   0.055   0.289   1.369   0.171
  -1.312   0.428   0.312  -1.416   2.291   0.064  -2.439   1.617  -0.128  -3.267
   2.942   0.975  -2.520   2.890  -0.825  -2.322
  -3.509   1.367   1.164  -2.704   1.359   0.476  -2.757   2.289  -0.052  -2.924
   0.594  -0.206  -1.310   1.195   0.998  -0.641   2.070   1.487  -0.883  -0.031
   0.927  -1.456  -0.796   0.675   0.445  -0.489   1.185   0.794  -0.133   2.120
   0.242  -1.951   1.421   1.209  -2.375   1.748  -0.180  -2.466   0.625  -0.494
  -1.938   2.294   1.494  -0.285   0.007   2.691  -0.135   0.237   1.042  -0.159
  -1.258   0.096  -0.350  -1.427   1.908   0.051  -2.451   1.636   0.882  -3.123
   3.017   0.288  -2.222   2.006  -0.859  -3.059
  -3.453   0.605   1.044  -2.802   1.174   0.482  -3.128   2.227   0.480  -2.827
   0.838  -0.563  -1.413   1.097   0.994  -0.723   2.090   1.214  -0.970  -0.152
   0.985  -1.665  -0.854   0.993   0.440  -0.635   1.137   0.829  -0.266   2.075
   0.376  -2.157   1.296   1.389  -2.564   1.344   0.011  -2.541   0.306  -0.317
  -2.468   2.035   1.404  -0.313  -0.026   2.587  -0.117   0.222   0.975  -0.093
  -1.234  -0.050  -0.007  -1.337   1.797   0.253  -2.396   1.289   1.102  -2.863
   2.749   0.580  -2.036   2.026  -0.571  -3.081
  -3.633   1.159   1.504  -2.951   1.372   0.632  -2.968   2.325   0.262  -3.362
   0.723  -0.107  -1.498   1.143   0.972  -0.779   2.101   1.113  -1.006  -0.068
   0.928  -1.656  -0.816   0.767   0.430  -0.440   1.167   0.852   0.105   2.016
   0.543  -1.966   1.494   1.567  -2.196   1.921   0.283  -2.588   0.616  -0.080
  -2.339   2.339   1.424  -0.126   0.005   2.648  -0.143   0.154   0.867   0.011
  -1.243  -0.114   0.235  -1.428   1.659   0.213  -2.484   1.784   1.310  -2.796
   2.596  -0.373  -2.485   1.028  -0.202  -3.297
  -3.186   0.192   1.175  -2.714   1.023   0.699  -3.114   1.862   1.160  -2.930
   1.043  -0.438  -1.226   0.999   0.990  -0.571   1.994   0.994  -0.722  -0.226
   1.178  -1.423  -0.983   1.168   0.749  -0.506   1.253   1.164   0.221   1.984
   1.017  -1.973   1.628   2.019  -2.178   1.643   0.509  -2.732   1.020   0.640
  -2.099   2.603   1.526  -0.163   0.022   2.739   0.149   0.193   0.933  -0.185
  -1.198  -0.040  -0.394  -1.272   1.681   0.062  -2.410   1.451   1.095  -2.732
   2.750   0.001  -2.276   1.469  -0.782  -3.048
  -3.188   1.353   2.076  -2.781   1.197   1.061  -2.937   2.160   0.598  -3.288
   0.358   0.542  -1.280   1.004   1.068  -0.500   1.917   1.164  -0.771  -0.259
   0.982  -1.489  -1.025   0.887   0.640  -0.551   1.024   1.044   0.034   1.923
   0.845  -2.010   1.359   1.853  -2.400   1.069   0.203  -2.672   0.820   0.690
  -2.144   2.456   1.475  -0.199  -0.172   2.606   0.259   0.060   1.017  -0.297
  -1.377   0.082  -0.694  -1.481   1.598   0.018  -2.660   2.480   0.533  -2.637
   1.834  -0.948  -3.149   0.856   0.440  -3.400
  -3.043   0.448   1.956  -2.775   0.913   0.997  -3.211   1.882   1.143  -2.970
   0.404   0.018  -1.277   0.883   1.030  -0.619   1.899   0.951  -0.700  -0.356
   1.245  -1.298  -1.104   1.384   0.712  -0.693   1.200   1.139  -0.045   1.946
   0.792  -2.119   1.607   1.728  -2.582   1.552   0.092  -2.571   0.920   0.410
  -2.200   2.607   1.435  -0.390  -0.163   2.668  -0.236  -0.214   0.682  -0.314
  -1.250  -0.303  -0.323  -1.177   1.265   0.043  -2.552   0.527   0.440  -3.242
   1.924   0.816  -2.367   1.664  -0.797  -3.095
  -3.217  -0.274   1.681  -2.849   0.639   1.320  -3.146   1.594   1.853  -3.186
   0.767   0.280  -1.342   0.548   1.353  -0.660   1.536   1.115  -0.717  -0.651
   1.312  -1.322  -1.362   1.554   0.727  -0.816   1.200   1.231  -0.325   2.011
   1.024  -2.355   1.447   2.075  -2.359   1.655   0.792  -2.912   0.536   0.532
  -2.716   2.280   1.415  -0.336  -0.157   2.602  -0.211  -0.222   0.639  -0.051
  -1.179  -0.373  -0.068  -0.939   1.132   0.194  -2.514   0.274   0.576  -3.088
   1.937   0.895  -2.557   1.449  -0.759  -2.904
  -2.987  -0.379   2.733  -2.731   0.330   1.924  -3.068   1.278   2.163  -3.440
   0.101   1.130  -1.307   0.383   1.333  -0.620   1.398   1.395  -0.689  -0.826
   1.109  -1.290  -1.641   1.068   0.760  -0.997   0.955   1.203  -0.368   1.739
   1.110  -2.402   1.322   2.119  -2.575   1.033   0.546  -3.035   0.623   0.882
  -2.605   2.383   1.240  -0.553  -0.399   2.447  -0.373  -0.625   0.325  -0.207
  -1.323  -0.603  -0.387  -1.013   0.500   0.433  -2.654   0.372   1.545  -2.643
   1.502   0.090  -2.969  -0.063   0.152  -3.464
  -2.743  -0.345   2.715  -2.644   0.146   1.803  -3.140   1.134   1.843  -3.075
  -0.526   1.078  -1.161   0.272   1.505  -0.732   1.401   1.497  -0.501  -0.775
   1.123  -1.118  -1.577   1.217   0.954  -0.828   1.045   1.402  -0.111   1.752
   1.316  -2.267   1.521   2.341  -2.476   1.250   0.693  -2.991   0.998   1.201
  -2.474   2.590   1.421  -0.427  -0.360   2.626  -0.232  -0.500   0.567  -0.293
  -1.381  -0.441  -0.310  -1.222   0.866   0.383  -2.665   1.394   1.315  -2.491
   1.470  -0.211  -3.212  -0.068   0.532  -3.293
  -3.350  -0.949   1.272  -3.043  -0.075   0.678  -3.535   0.771   1.214  -3.395
  -0.226  -0.362  -1.552   0.211   0.744  -1.101   1.399   0.826  -0.771  -0.887
   0.797  -1.238  -1.707   0.632   0.709  -0.850   0.908   0.979  -0.196   1.764
   1.185  -2.257   1.272   2.172  -2.129   1.799   1.318  -2.905   0.381   0.598
  -2.743   2.005   1.356  -0.366  -0.474   2.612  -0.199  -0.502   0.604  -0.008
  -1.488  -0.344   0.045  -1.319   1.062   0.588  -2.725   1.472   1.605  -2.616
   1.872  -0.122  -3.078   0.296   0.533  -3.491
  -3.596  -0.253   1.852  -3.103  -0.260   0.872  -3.474   0.406   0.122  -3.363
  -1.245   0.491  -1.569   0.104   1.030  -1.255   1.203   1.439  -0.790  -0.919
   0.862  -1.080  -1.908   0.597   0.659  -0.880   0.993   0.837  -0.171   1.761
   1.171  -2.246   1.537   2.165  -2.073   1.849   1.018  -3.049   0.795   0.610
  -2.431   2.402   1.432  -0.268  -0.242   2.599   0.106  -0.143   0.746  -0.265
  -1.404  -0.199  -0.445  -1.388   1.147   0.390  -2.655   2.246   0.399  -2.824
   0.719  -0.255  -3.404   0.700   1.422  -2.782
  -3.652  -0.525   1.199  -3.064  -0.133   0.392  -3.461   0.848   0.155  -3.035
  -0.668  -0.534  -1.654   0.125   0.960  -1.375   1.229   1.396  -0.875  -0.934
   1.009  -1.275  -1.896   0.780   0.588  -0.827   1.233   0.940  -0.133   2.017
   1.174  -2.217   1.536   2.305  -2.134   1.545   0.878  -2.902   0.786   0.897
  -2.527   2.573   1.417  -0.257   0.029   2.609  -0.072   0.123   0.677  -0.019
  -1.048  -0.273  -0.301  -0.961   1.129   0.057  -2.413   0.837  -0.781  -2.959
   0.664   0.938  -2.893   2.268   0.118  -2.451
