default_name                                                                    
   22  0.1200000E+03
  -3.6187026  -0.7292487   0.7669260  -2.6713107  -0.9488700   1.2819913
  -2.2010241  -1.8505665   0.9012300  -2.7107384  -1.0514934   2.2953835
  -1.5533281   0.0116083   1.0845597  -1.7533133   0.9716630   0.3036619
  -0.3893001  -0.1400560   1.6887890  -0.2966502  -0.8404573   2.4009829
   0.8674795   0.5243935   1.3775277   0.6870754   1.5674449   1.3199985
   1.8511299   0.1977065   2.4134908   2.7879684   0.7467154   2.3390567
   2.2001900  -0.8426890   2.2955007   1.5063494   0.3611791   3.4554576
   1.4699973   0.1828060   0.0018707   1.8816121   1.1200682  -0.7289511
   1.3761783  -1.1126601  -0.4030261   1.0868516  -1.8080416   0.3013472
   1.7210517  -1.6256143  -1.7329823   2.4625141  -2.4502541  -1.6517137
   0.8400919  -2.0792353  -2.1145555   2.1305673  -0.8860458  -2.4396494
   0.4406602   0.0688595   1.5951688   0.4702530   0.1042472  -0.1410235
  -0.2943229  -0.4106055   1.6293031   1.0576054   0.2509046  -0.3842679
  -0.5768087  -0.0652678   0.0702310   0.2787741   0.0638909  -0.1457150
  -0.2449566   0.1394134   0.1172649   0.1843924   0.7348559  -1.5193284
   0.2391949  -0.1919561   0.2397141  -0.6400609  -0.9195025   0.9323988
   0.4022042   0.2067591  -0.3310350  -0.9266655  -0.2382086   0.2939015
  -0.5015100  -1.0625753  -0.3207337   0.8761350   1.0656034  -0.4863183
   0.0812694   0.0277933   0.2250087  -0.1024957  -0.0642573  -0.1329941
  -0.2626391  -0.0203950  -0.2656476   0.2220490   0.0335363   0.6794184
   0.0815125   0.2330690  -0.0944145   0.4817745   0.4117390   1.9091456
  -0.5495271   0.5874682  -1.9261774   1.2457527  -0.2291586  -0.6727988
