default_name                                                                    
   22  0.1200000E+03
  -3.5131663   0.3559880   2.4785852  -3.2522985   1.2639917   1.9315465
  -3.3389984   2.0556686   2.6597369  -3.9734456   1.4327520   1.1860009
  -1.9132793   1.1893139   1.2630819  -1.0706330   2.0540376   1.3090211
  -1.6027235   0.0529264   0.6701886  -2.3512187  -0.6167813   0.7196745
  -0.2735632  -0.3696017   0.0871927   0.5777461  -0.1459955   0.8132378
  -0.4786099  -1.8616929  -0.1334438   0.4063880  -2.3927142  -0.5265073
  -1.3127150  -2.0190528  -0.8032464  -0.6587497  -2.2978390   0.8114679
   0.0251729   0.2903594  -1.3384552   1.2211561   0.5893439  -1.6150954
  -0.9788517   0.7061403  -2.1111995  -1.8820264   0.5546339  -1.7050873
  -0.9924831   1.2465825  -3.4597803  -0.0544118   1.1019425  -4.0017874
  -1.8022432   0.7958424  -4.0885327  -1.1438674   2.3400784  -3.4787205
  -0.1803590  -0.3275295  -0.8781838   0.2165875  -0.1483892  -0.2133251
  -0.3843255  -0.7131393  -0.6153934  -0.5275739   0.9273425   0.4932062
   0.1790940   0.2453799   0.3915815   0.0674108   0.0109986   0.3359382
  -0.0397920  -0.0068915  -0.1197951  -0.0512225   0.0087871  -0.5753654
   0.2584951   0.1642687  -0.0716504  -0.9359499   0.9937191   0.2637386
  -0.2397340   0.2870770   0.0626593  -0.1852648   0.0677996   0.9434479
   0.7632666   1.5783963  -1.0475413   0.5602676   0.9874116  -1.8021165
   0.1851447  -0.2096121   0.4066606  -0.1696452   0.0258727   0.3700905
  -0.3326867  -0.1946133   0.1070385  -0.5074812   1.0144374   0.1633039
  -0.0194624  -0.1907611  -0.3178860   1.2071131   1.2320447  -0.0856598
   1.2478836  -0.1008997   0.2995964   0.4206341  -0.5714487   0.9324509
