default_name                                                                    
   22  0.1200000E+03
  -2.7791883  -0.0152931   0.9170556  -1.8538927   0.5391941   1.1175143
  -1.6228423   0.4896682   2.2314616  -2.0347050   1.5540120   0.8361712
  -0.8326191  -0.1533759   0.2558423  -1.0883964  -0.5871688  -0.8690060
   0.3038924  -0.4419756   0.9122024   0.4263369   0.0675937   1.7234379
   1.5350360  -1.1596808   0.3753760   2.3162357  -0.8671900   1.1119245
   1.2472594  -2.6669403   0.2669522   2.0356180  -3.3291580  -0.0855731
   0.5004200  -2.8196551  -0.5078691   0.8224656  -3.0196344   1.1927057
   2.0826402  -0.6828300  -1.0302206   2.8615787  -1.3969146  -1.7386735
   1.5421893   0.3904411  -1.5552119   0.7475310   0.8725444  -1.1014194
   1.9954677   0.9541048  -2.8941679   3.0507570   0.6550753  -3.1739692
   1.4319523   0.6714584  -3.7706117   1.9277787   2.0220696  -2.8624841
   0.5660507   0.7417879  -0.5056682   0.4918042  -0.0441564  -0.2462010
  -0.3033741  -0.9618119   1.1808451   0.4591870   0.5716141   1.5245338
  -0.1943969  -0.0025264  -0.1020033   0.1284280  -0.2435411  -0.0909580
   0.1680899  -0.0750451   0.2468691  -0.3370536   0.0632016  -0.9525047
   0.4245136   0.2025241  -0.1048394   0.4157274   0.4201682  -0.9389313
  -0.1041523   0.2029010   0.0115179  -0.4945857   0.2549390   0.8971171
   0.1731444  -0.5808944  -1.4678822  -0.4038012  -0.3156105  -0.7893757
   0.0371648  -0.1492723   0.4905769   0.1584361   0.0403871   0.4891023
  -0.4173354  -0.1826807   0.2204121  -1.0073416  -0.6808878   0.8157308
   0.4127804  -0.2966994   0.0134239   1.3136307   0.0405692  -0.0428332
  -0.4537185  -0.5844003   0.1449388  -1.0542282  -0.3553408  -1.0491426
