default_name                                                                    
   22  0.1200000E+03
  -5.5161303   0.4397545  -0.2391739  -5.7377373   1.1946690  -0.9984281
  -5.5280779   2.2173361  -0.6321181  -6.7700277   1.0446796  -1.1348946
  -4.9371696   0.9184675  -2.1809194  -4.7206447   1.8493523  -2.9593904
  -4.5605642  -0.3836368  -2.2872419  -5.0926680  -0.9810856  -1.6498181
  -3.6230251  -1.0356861  -3.1939135  -3.3954018  -2.0068556  -2.7268746
  -4.4038981  -1.5015645  -4.4972459  -3.6455631  -1.7027928  -5.2694312
  -4.9583722  -0.6625520  -4.8723737  -5.1156258  -2.3296495  -4.3853781
  -2.2759345  -0.2324686  -3.3214452  -1.3463243  -0.2881796  -2.4932988
  -2.1584989   0.5295070  -4.4231994  -2.9771330   0.5553976  -5.0401773
  -0.9041598   1.1798587  -4.7652601  -0.3096917   1.4551558  -3.9526924
  -0.4111249   0.4866993  -5.5262264  -1.1375806   2.1406428  -5.2532710
   0.0714843  -0.6031798  -0.3343486  -0.0094903  -0.3563639  -0.2234629
  -0.2551238  -0.3955676   0.8443504  -0.6464988   1.0897044  -0.1322645
  -0.1547143   0.2139354   0.4294643   0.1018379   0.1521269   0.4581490
   0.2984415  -0.2818383  -0.1071400   1.9365737  -0.0328054  -0.1590032
  -0.2494805   0.0716035   0.0463973   0.0985983  -1.3568923   0.2840824
   0.3109460  -0.3277460  -0.2025118  -0.0442417  -0.6393291   1.5065330
   0.1140109   0.4989780  -0.4860998   0.2380213   0.3949357   0.1826587
  -0.3401019   0.0994449  -0.4622608  -0.2372103  -0.2065013   0.1530701
  -0.0202046   0.0484754  -0.0226971   0.8117387   0.0734461  -0.2451752
  -0.2568092  -0.0950908  -0.2655395  -0.4569866   0.6465215  -0.8770666
  -0.4029130   0.4772624  -0.0685328  -0.2244256   0.5618655  -0.9259396
