default_name                                                                    
  -2.213   1.026   1.328  -2.952   0.245   1.044  -3.834   0.723   0.673  -3.141
  -0.289   2.016  -2.307  -0.476  -0.081  -2.362  -0.015  -1.208  -1.539  -1.513
   0.270  -1.727  -1.740   1.187  -0.375  -2.223  -0.299   0.209  -2.650   0.486
  -0.898  -3.423  -1.068  -0.105  -3.989  -1.361  -1.574  -3.109  -1.906  -1.513
  -4.026  -0.398   0.657  -1.347  -1.057   1.785  -1.470  -0.728   0.200  -0.490
  -2.055  -0.755  -0.379  -2.287   1.050   0.474  -2.741   2.099   0.105  -2.695
   0.719   0.502  -3.734   0.997   1.453  -2.126
  -2.505   0.953   1.112  -3.023  -0.019   0.894  -3.982   0.202   0.486  -3.024
  -0.648   1.804  -2.207  -0.589  -0.210  -2.277  -0.156  -1.386  -1.334  -1.580
   0.181  -1.397  -1.914   1.160  -0.229  -2.245  -0.332   0.269  -2.628   0.562
  -0.693  -3.493  -1.119   0.128  -4.227  -1.124  -0.735  -3.274  -2.152  -1.652
  -3.922  -0.712   0.813  -1.513  -1.139   2.025  -1.557  -0.791   0.534  -0.779
  -2.236  -0.423  -0.884  -2.523   1.513  -0.107  -3.126   2.394  -0.741  -3.058
   1.175  -0.191  -4.207   1.766   0.883  -2.818
  -3.119   1.184   0.629  -3.429   0.221   0.224  -4.198   0.485  -0.481  -3.801
  -0.454   0.963  -2.341  -0.450  -0.631  -2.174  -0.311  -1.816  -1.640  -1.359
   0.029  -1.804  -1.336   1.025  -0.427  -2.093  -0.300  -0.020  -2.379   0.683
  -0.880  -3.353  -1.095  -0.042  -4.013  -1.306  -1.441  -3.057  -2.041  -1.479
  -3.980  -0.464   0.676  -1.360  -1.067   1.728  -1.071  -0.419   0.436  -0.980
  -2.349  -0.458  -1.289  -2.720   1.317  -0.020  -3.122   2.378  -0.284  -3.304
   0.901   0.126  -4.124   1.362   0.911  -2.599
  -3.551   1.055   0.470  -3.744   0.030   0.078  -4.666  -0.037  -0.509  -3.797
  -0.588   0.966  -2.680  -0.504  -0.909  -2.461   0.177  -1.882  -1.940  -1.494
  -0.462  -2.428  -1.877   0.370  -0.635  -2.046  -0.932  -0.232  -2.629  -0.055
  -0.968  -3.139  -1.970  -0.045  -3.687  -2.293  -1.486  -2.827  -2.876  -1.480
  -3.899  -1.388   0.475  -1.097  -1.406   1.452  -0.851  -0.780   0.237  -0.595
  -2.608  -0.671  -0.950  -2.954   1.160   0.166  -3.441   1.828  -0.568  -3.980
   0.508   0.649  -4.196   1.774   0.887  -2.885
  -3.106   0.666   0.311  -3.630   0.183  -0.550  -4.263   0.914  -0.999  -4.242
  -0.571  -0.054  -2.648  -0.458  -1.441  -2.394  -0.002  -2.547  -2.123  -1.546
  -0.905  -2.615  -1.894  -0.097  -0.928  -2.235  -1.280  -0.517  -2.722  -0.362
  -1.230  -3.291  -2.331  -0.283  -3.854  -2.546  -1.536  -2.811  -3.315  -1.900
  -4.056  -1.842   0.218  -1.255  -1.763   0.921  -0.807  -0.873   0.333  -0.862
  -3.079  -0.339  -1.226  -3.727   1.495  -0.101  -3.663   1.943  -0.651  -4.622
   1.203   0.902  -3.925   2.181  -0.087  -2.824
  -3.490   0.028   0.553  -3.855   0.277  -0.477  -3.543   1.350  -0.535  -4.970
   0.179  -0.655  -2.902  -0.405  -1.451  -2.629   0.088  -2.529  -2.393  -1.552
  -0.995  -2.769  -1.923  -0.127  -1.242  -2.263  -1.522  -0.893  -2.992  -0.812
  -1.543  -3.139  -2.729  -0.584  -3.490  -3.143  -2.022  -2.567  -3.545  -2.221
  -3.978  -2.528  -0.007  -1.320  -1.711   0.855  -1.072  -0.832   0.027  -0.886
  -2.975  -0.721  -1.219  -3.551   1.124  -0.022  -3.568   1.542  -0.382  -4.522
   0.841   1.068  -3.753   2.012  -0.017  -2.834
  -4.928  -1.404  -0.274  -4.644  -0.441  -0.751  -4.597   0.298   0.028  -5.407
  -0.218  -1.449  -3.324  -0.748  -1.457  -2.755   0.156  -2.147  -2.886  -1.946
  -1.290  -3.426  -2.502  -0.731  -1.591  -2.451  -1.752  -1.095  -3.224  -1.065
  -1.888  -3.238  -2.971  -0.982  -3.803  -3.216  -2.063  -2.540  -3.765  -2.719
  -3.938  -2.909  -0.451  -1.406  -1.946   0.004  -1.018  -0.821  -0.066  -1.078
  -3.172  -0.579  -1.590  -3.853   0.955  -0.069  -3.594   1.778  -0.608  -4.025
   0.587   0.594  -4.371   1.298   0.572  -2.705
  -5.593  -1.065  -1.315  -4.905  -0.367  -0.837  -5.003  -0.633   0.220  -5.206
   0.667  -0.981  -3.453  -0.624  -1.196  -2.836   0.109  -1.961  -3.012  -1.896
  -1.050  -3.609  -2.563  -0.544  -1.749  -2.464  -1.508  -1.404  -3.197  -0.838
  -2.089  -3.253  -2.808  -1.148  -3.737  -3.083  -2.451  -2.634  -3.666  -2.826
  -4.015  -2.603  -0.575  -1.498  -1.647   0.122  -1.247  -0.686  -0.319  -0.911
  -2.890  -0.927  -1.267  -3.602   0.516   0.203  -3.176   1.440  -0.227  -3.730
  -0.026   0.752  -3.918   0.827   0.774  -2.292
  -5.912  -0.385  -0.721  -4.905   0.068  -0.584  -4.703  -0.077   0.471  -5.052
   1.079  -0.911  -3.762  -0.571  -1.396  -3.212   0.223  -2.150  -3.422  -1.804
  -1.277  -3.988  -2.294  -0.665  -2.189  -2.429  -1.753  -1.896  -3.212  -0.999
  -2.373  -3.112  -3.114  -1.405  -3.474  -3.451  -2.678  -2.398  -3.798  -3.170
  -3.853  -3.064  -0.932  -1.494  -1.764  -0.322  -1.344  -0.736  -0.575  -0.869
  -2.874  -1.272  -0.983  -3.609   0.578   0.080  -3.034   1.547  -0.409  -2.877
   0.534   0.458  -4.063   0.552   0.930  -2.377
  -5.910  -0.462  -0.739  -4.964   0.054  -0.606  -4.563  -0.131   0.412  -5.163
   1.101  -0.787  -4.022  -0.423  -1.700  -3.596   0.336  -2.582  -3.593  -1.698
  -1.579  -4.066  -2.300  -0.948  -2.462  -2.352  -2.215  -2.221  -3.194  -1.614
  -2.968  -2.812  -3.530  -2.121  -3.426  -3.837  -3.159  -1.991  -4.239  -3.832
  -3.462  -3.266  -1.249  -1.471  -2.273  -0.504  -1.420  -1.298  -0.970  -0.709
  -3.357  -1.616  -0.918  -4.167   0.179   0.232  -3.535   0.571   0.568  -2.560
   0.940  -0.228  -4.190  -0.083   1.095  -4.126
  -6.043   0.379  -0.659  -5.051   0.175  -0.415  -4.992  -0.494   0.483  -4.711
   1.147  -0.104  -4.234  -0.257  -1.557  -3.914   0.575  -2.407  -3.836  -1.547
  -1.527  -4.117  -2.046  -0.703  -2.834  -2.118  -2.412  -2.489  -3.052  -1.920
  -3.410  -2.601  -3.723  -2.643  -3.072  -4.281  -3.895  -1.789  -4.262  -4.166
  -3.366  -3.539  -1.577  -1.323  -2.487  -0.781  -1.228  -1.516  -1.385  -0.521
  -3.572  -2.147  -0.460  -4.202  -0.486   0.635  -3.612  -0.483   1.063  -2.593
   0.489   0.246  -3.725  -0.775   1.384  -4.335
  -6.157   0.487  -0.962  -5.197   0.630  -0.610  -4.940   0.103   0.324  -5.104
   1.697  -0.357  -4.349   0.194  -1.767  -4.103   1.046  -2.675  -3.928  -1.043
  -1.767  -4.185  -1.521  -0.905  -2.938  -1.751  -2.592  -2.665  -2.624  -2.008
  -3.489  -2.156  -3.991  -2.712  -2.884  -4.331  -3.490  -1.246  -4.660  -4.511
  -2.492  -3.962  -1.577  -1.033  -2.632  -0.795  -1.258  -1.704  -1.372  -0.249
  -3.677  -2.084  -0.240  -4.416   0.015   0.286  -3.931   0.354   0.745  -3.046
   0.790  -0.517  -4.189  -0.128   1.066  -4.715
  -6.384  -0.110  -1.132  -5.558   0.542  -0.790  -5.332   0.205   0.200  -5.709
   1.599  -0.798  -4.438   0.194  -1.691  -3.844   1.108  -2.175  -4.190  -1.080
  -2.071  -4.854  -1.742  -1.727  -3.178  -1.581  -3.014  -3.035  -2.643  -2.830
  -3.751  -1.737  -4.387  -3.016  -2.302  -5.020  -3.961  -0.779  -4.874  -4.588
  -2.462  -4.285  -1.828  -0.923  -2.834  -1.135  -1.248  -1.841  -1.319  -0.100
  -3.749  -1.914   0.107  -4.525  -0.035   0.633  -3.876   0.062   1.184  -2.947
   0.802  -0.064  -4.077  -0.061   1.334  -4.705
  -6.223  -0.291  -0.555  -5.409   0.380  -0.437  -4.890   0.075   0.430  -5.674
   1.405  -0.480  -4.550   0.125  -1.646  -4.162   1.023  -2.423  -4.358  -1.150
  -2.016  -4.788  -1.834  -1.423  -3.249  -1.572  -2.897  -2.934  -2.528  -2.499
  -3.908  -1.713  -4.281  -3.086  -1.914  -5.011  -4.442  -0.775  -4.636  -4.556
  -2.559  -4.242  -1.870  -0.832  -2.737  -1.154  -1.010  -1.698  -1.501  -0.023
  -3.745  -2.177   0.117  -4.485  -0.233   0.660  -3.999   0.557  -0.006  -4.111
  -0.279   1.271  -4.936   0.048   1.336  -3.135
  -5.901  -0.373  -0.052  -5.234   0.490  -0.295  -4.378   0.672   0.439  -5.784
   1.444  -0.389  -4.568   0.162  -1.645  -4.251   1.049  -2.387  -4.415  -1.081
  -1.967  -4.791  -1.662  -1.265  -3.523  -1.662  -3.014  -3.430  -2.730  -2.781
  -4.174  -1.706  -4.433  -3.495  -2.101  -5.150  -4.411  -0.718  -4.779  -5.138
  -2.257  -4.334  -2.132  -1.034  -3.095  -1.261  -1.305  -2.220  -1.933  -0.156
  -4.099  -2.708  -0.087  -4.714  -0.687   0.505  -4.387   0.140  -0.235  -4.401
  -0.627   0.950  -5.319  -0.465   1.240  -3.673
  -6.498   0.267  -0.769  -5.475   0.533  -0.712  -4.911  -0.077   0.006  -5.326
   1.572  -0.521  -4.749   0.306  -2.009  -4.382   1.215  -2.714  -4.482  -0.968
  -2.289  -4.806  -1.539  -1.601  -3.513  -1.547  -3.230  -3.182  -2.515  -2.754
  -4.222  -1.822  -4.575  -3.546  -2.432  -5.142  -4.486  -0.814  -5.034  -5.168
  -2.421  -4.495  -2.173  -0.841  -3.319  -1.151  -1.293  -2.770  -2.055   0.189
  -4.085  -2.946   0.525  -4.471  -0.855   0.895  -4.619  -0.549   1.743  -4.049
  -0.080   0.143  -4.683  -1.108   1.190  -5.672
  -5.177   0.252   0.092  -5.243   0.907  -0.763  -4.685   1.816  -0.636  -6.303
   1.201  -0.956  -4.716   0.348  -2.077  -4.724   0.980  -3.118  -4.286  -0.920
  -2.103  -4.422  -1.405  -1.250  -3.237  -1.471  -3.023  -2.847  -2.379  -2.494
  -3.844  -1.953  -4.382  -3.198  -2.600  -5.076  -3.974  -1.050  -5.002  -4.745
  -2.548  -4.284  -1.869  -0.686  -3.152  -0.914  -0.906  -2.376  -1.748   0.212
  -4.132  -2.543   0.132  -4.817  -0.543   0.910  -4.607   0.009   1.436  -3.816
   0.203   0.141  -5.078  -0.853   1.578  -5.401
  -6.166  -0.168  -0.661  -5.425   0.558  -0.906  -4.720   0.584  -0.027  -6.032
   1.486  -1.162  -4.658   0.223  -2.135  -4.302   1.182  -2.814  -4.377  -1.060
  -2.431  -4.537  -1.733  -1.631  -3.411  -1.582  -3.328  -3.104  -2.525  -2.851
  -4.057  -1.806  -4.631  -3.478  -2.420  -5.292  -4.569  -0.933  -5.066  -4.996
  -2.349  -4.350  -2.095  -0.700  -3.350  -1.162  -0.967  -2.583  -1.964   0.247
  -4.302  -2.764   0.358  -4.982  -0.790   1.239  -4.463  -0.216   1.368  -3.486
  -0.038   0.976  -5.219  -1.114   2.258  -4.729
  -4.781   0.684  -0.253  -5.342   0.917  -1.160  -5.499   2.003  -1.273  -6.248
   0.291  -1.088  -4.621   0.570  -2.436  -4.195   1.443  -3.199  -4.417  -0.742
  -2.675  -4.728  -1.301  -1.909  -3.436  -1.356  -3.598  -3.147  -2.334  -3.173
  -4.211  -1.658  -4.825  -3.649  -2.390  -5.463  -4.378  -0.721  -5.431  -5.230
  -2.003  -4.469  -2.114  -0.586  -3.685  -1.199  -0.904  -2.938  -1.949   0.421
  -4.583  -2.810   0.523  -5.083  -0.832   1.420  -4.631  -0.198   1.478  -3.820
  -0.192   1.037  -5.416  -1.217   2.321  -5.102
  -5.516   0.440  -0.239  -5.738   1.195  -0.998  -5.528   2.217  -0.632  -6.770
   1.045  -1.135  -4.937   0.918  -2.181  -4.721   1.849  -2.959  -4.561  -0.384
  -2.287  -5.093  -0.981  -1.650  -3.623  -1.036  -3.194  -3.395  -2.007  -2.727
  -4.404  -1.502  -4.497  -3.646  -1.703  -5.269  -4.958  -0.663  -4.872  -5.116
  -2.330  -4.385  -2.276  -0.232  -3.321  -1.346  -0.288  -2.493  -2.158   0.530
  -4.423  -2.977   0.555  -5.040  -0.904   1.180  -4.765  -0.310   1.455  -3.953
  -0.411   0.487  -5.526  -1.138   2.141  -5.253
