default_name                                                                    
  -2.791   0.158   3.037  -2.574   0.687   2.078  -3.103   1.699   2.137  -2.956
   0.076   1.255  -1.088   0.881   1.966  -0.601   2.037   1.790  -0.335  -0.254
   2.062  -0.828  -1.098   2.265   1.072  -0.423   1.624   1.640   0.428   2.188
   1.624  -1.768   2.121   2.696  -1.898   1.838   1.143  -2.614   1.638   1.467
  -1.856   3.233   1.294  -0.148   0.072   2.456  -0.282  -0.355   0.271   0.126
  -0.814  -0.632   0.269  -0.407   0.444   0.224  -2.304   1.180   0.913  -2.650
   0.572  -0.664  -2.830  -0.527   0.588  -2.569
  -2.415   0.508   3.135  -2.194   1.123   2.258  -2.592   2.153   2.373  -2.643
   0.609   1.409  -0.735   1.067   1.899  -0.282   2.105   1.396  -0.022  -0.047
   2.067  -0.581  -0.779   2.546   1.313  -0.344   1.663   2.015   0.238   2.206
   1.657  -1.742   2.132   2.614  -2.006   1.753   0.878  -2.398   1.793   1.768
  -1.637   3.219   1.630  -0.184   0.186   2.785  -0.071  -0.180   0.627  -0.020
  -0.667  -0.268  -0.191  -0.285   0.693  -0.066  -2.084   1.524   0.512  -2.565
   0.961  -1.101  -2.408  -0.269   0.211  -2.486
  -2.079   0.560   3.260  -1.875   1.316   2.484  -2.279   2.319   2.687  -2.453
   0.983   1.617  -0.403   1.304   2.090   0.123   2.388   1.753   0.317   0.221
   2.310  -0.164  -0.601   2.704   1.706  -0.081   2.003   2.334   0.807   2.324
   2.001  -1.362   2.748   3.067  -1.546   2.883   1.485  -2.216   2.266   1.547
  -1.274   3.734   1.978  -0.297   0.483   3.156  -0.549   0.170   1.026  -0.101
  -0.411   0.139   0.280  -0.050   1.084  -0.216  -1.901   1.549   0.731  -2.235
   1.516  -1.094  -2.229   0.048  -0.282  -2.210
  -1.741   1.567   3.769  -1.742   1.218   2.736  -2.211   1.995   2.086  -2.267
   0.260   2.723  -0.356   1.055   2.268   0.096   1.873   1.497   0.439   0.011
   2.660  -0.060  -0.759   3.051   1.759  -0.246   2.040   2.419   0.551   2.273
   2.309  -1.534   2.716   3.379  -1.441   2.914   1.882  -2.343   2.074   1.859
  -1.630   3.707   1.859  -0.348   0.454   2.975  -0.431   0.014   0.779  -0.465
  -0.320  -0.168  -0.497   0.028   0.944  -0.378  -1.712   1.501   0.430  -1.966
   1.416  -1.264  -2.173  -0.136  -0.375  -2.075
  -1.779   1.859   3.756  -1.820   1.288   2.819  -2.638   1.792   2.228  -2.053
   0.231   3.137  -0.504   1.223   2.206  -0.141   2.150   1.446   0.305   0.241
   2.482  -0.027  -0.407   3.143   1.637   0.073   1.853   2.307   0.898   2.148
   2.176  -1.173   2.535   3.214  -1.299   2.270   1.625  -1.992   2.062   2.021
  -1.144   3.602   1.711  -0.142   0.382   2.742  -0.100  -0.314   0.501  -0.471
  -0.205  -0.271  -0.672   0.485   0.331  -0.445  -1.651   1.276  -0.659  -2.200
  -0.435  -1.086  -1.909   0.054   0.520  -1.916
  -1.391   0.501   3.899  -1.556   1.059   2.999  -1.764   2.095   3.356  -2.403
   0.629   2.419  -0.223   1.050   2.138  -0.047   1.888   1.259   0.580   0.011
   2.336   0.318  -0.546   3.163   1.889  -0.211   1.662   2.447   0.692   1.863
   2.593  -1.405   2.280   3.673  -1.392   2.144   2.037  -2.302   1.813   2.352
  -1.337   3.310   1.800  -0.334   0.146   2.845  -0.319  -0.478   0.578  -0.497
  -0.397  -0.292  -0.723   0.139   0.418  -0.477  -1.816   0.918  -1.360  -2.218
  -0.587  -0.409  -2.114   1.015   0.327  -2.235
  -0.775   0.877   4.259  -1.133   1.190   3.284  -1.618   2.151   3.397  -1.897
   0.464   3.091   0.072   1.119   2.325   0.180   1.890   1.423   0.867   0.018
   2.507   0.532  -0.559   3.291   2.075  -0.417   1.729   2.729   0.441   1.826
   2.914  -1.551   2.403   3.967  -1.636   2.011   2.446  -2.519   2.184   3.015
  -1.301   3.485   1.912  -0.693   0.199   2.895  -0.785  -0.592   0.627  -0.777
  -0.292  -0.178  -0.516   0.320   0.281  -0.922  -1.710   0.555  -1.962  -2.083
  -0.673  -0.638  -1.977   0.955  -0.243  -2.295
  -1.240   1.033   3.925  -1.226   1.165   2.851  -1.705   2.093   2.548  -1.721
   0.300   2.566   0.151   1.130   2.227   0.312   1.984   1.325   1.098   0.203
   2.548   0.866  -0.422   3.268   2.315  -0.040   1.702   2.905   0.883   1.663
   3.153  -1.108   2.459   4.051  -1.383   1.877   2.501  -1.942   2.735   3.439
  -0.734   3.403   1.998  -0.375   0.172   2.921  -0.115  -0.646   0.768  -0.986
  -0.181   0.077  -1.254   0.503   0.303  -1.010  -1.601  -0.093  -1.988  -1.963
  -0.561  -0.417  -1.606   1.061  -0.629  -2.324
  -1.093   0.933   4.037  -1.054   0.777   2.950  -1.834   1.324   2.420  -1.138
  -0.303   2.759   0.328   1.102   2.280   0.478   2.068   1.573   1.258   0.167
   2.389   1.007  -0.717   2.906   2.578   0.211   1.728   3.067   1.224   1.850
   3.406  -0.972   2.313   4.332  -1.081   1.798   2.826  -1.912   2.271   3.489
  -0.784   3.445   2.373  -0.086   0.203   3.157   0.286  -0.656   1.305  -0.783
  -0.184   0.681  -1.204   0.468   0.952  -0.843  -1.562  -0.120  -0.950  -1.823
   1.134   0.199  -1.942   1.543  -1.686  -1.991
  -0.487   1.732   4.321  -0.414   1.121   3.387  -1.292   1.451   2.850  -0.499
   0.024   3.647   0.883   1.318   2.565   1.032   2.339   1.914   1.826   0.414
   2.623   1.664  -0.336   3.301   2.953   0.300   1.707   3.594   1.253   1.727
   3.744  -0.822   2.277   4.546  -1.062   1.528   3.076  -1.662   2.396   4.184
  -0.600   3.283   2.547   0.105   0.212   3.170   0.790  -0.669   1.624  -0.818
  -0.197   1.151  -1.354   0.504   1.218  -0.936  -1.621   0.156  -0.786  -1.570
   1.588  -0.024  -2.140   1.566  -1.803  -2.062
  -0.449   2.436   3.377  -0.073   1.429   3.375  -0.806   0.761   2.932   0.240
   1.132   4.372   1.118   1.550   2.401   0.999   2.379   1.494   2.161   0.714
   2.693   2.017   0.109   3.499   3.385   0.613   1.904   3.895   1.586   1.992
   4.312  -0.414   2.519   5.234  -0.588   1.925   3.705  -1.331   2.642   4.742
  -0.081   3.463   3.150   0.367   0.376   3.646   1.201  -0.414   2.317  -0.597
   0.065   1.988  -1.252   0.812   1.768  -0.817  -1.302   0.902  -1.474  -1.273
   1.332   0.071  -1.768   2.518  -1.281  -1.892
  -0.456   2.327   3.979  -0.168   1.325   3.509  -0.942   0.862   2.938   0.070
   0.716   4.413   1.039   1.647   2.564   0.889   2.439   1.633   2.169   0.973
   2.828   1.991   0.209   3.484   3.357   0.872   1.865   3.722   1.846   1.778
   4.349  -0.107   2.475   5.183  -0.324   1.794   3.872  -0.977   2.844   4.882
   0.397   3.306   2.995   0.386   0.413   3.365   0.949  -0.638   2.237  -0.671
   0.423   2.189  -1.170   1.292   1.886  -1.364  -0.822   1.040  -2.136  -0.696
   1.567  -0.672  -1.576   2.778  -1.952  -1.173
  -0.715   2.236   3.670  -0.297   1.234   3.585  -1.054   0.528   3.255   0.166
   0.943   4.561   0.737   1.392   2.520   0.356   2.017   1.508   1.956   0.907
   2.663   2.204   0.421   3.532   3.001   1.028   1.693   3.135   2.122   1.522
   4.366   0.555   2.248   5.069   0.636   1.489   4.393  -0.509   2.523   4.650
   1.170   3.067   2.602   0.485   0.277   2.961   1.045  -0.696   1.990  -0.701
   0.174   1.763  -1.190   1.031   1.538  -1.353  -1.063   0.788  -2.179  -0.859
   1.093  -0.604  -1.690   2.341  -1.824  -1.536
  -0.855   1.921   3.731  -0.099   1.147   3.438  -0.512   0.290   2.896   0.393
   0.736   4.355   0.996   1.664   2.479   0.612   2.482   1.637   2.194   1.057
   2.581   2.349   0.618   3.451   3.263   1.082   1.602   3.498   2.121   1.482
   4.406   0.309   2.218   5.300   0.477   1.545   4.125  -0.771   2.214   4.578
   0.645   3.286   2.922   0.434   0.227   3.241   1.086  -0.808   2.320  -0.752
   0.186   2.074  -1.265   1.041   1.924  -1.459  -1.060   1.521  -2.498  -0.778
   1.076  -0.983  -1.633   2.741  -1.596  -1.787
   0.145   1.873   4.259  -0.094   1.281   3.378  -1.021   1.509   2.899  -0.079
   0.315   3.857   1.014   1.500   2.364   0.689   2.080   1.304   2.236   1.005
   2.615   2.274   0.648   3.592   3.473   1.052   1.766   3.909   2.002   1.833
   4.464   0.114   2.412   5.372   0.001   1.743   3.992  -0.840   2.439   4.612
   0.521   3.368   3.215   0.650   0.317   3.634   1.399  -0.613   2.452  -0.435
   0.000   2.080  -0.924   0.800   2.004  -0.866  -1.341   0.946  -1.081  -1.208
   2.151  -0.111  -2.084   2.434  -1.794  -1.666
   0.301   1.131   4.378  -0.024   1.301   3.345  -0.789   2.070   3.335  -0.460
   0.429   2.903   1.039   1.859   2.469   0.781   2.704   1.649   2.276   1.374
   2.671   2.422   0.731   3.441   3.381   1.448   1.728   3.647   2.486   1.442
   4.635   0.903   2.444   5.533   1.386   2.049   4.694  -0.172   2.428   4.635
   1.208   3.437   3.124   0.810   0.324   3.613   1.371  -0.671   2.433  -0.317
   0.224   2.154  -0.753   1.073   1.993  -0.896  -0.997   0.988  -1.342  -0.830
   1.970  -0.201  -1.879   2.591  -1.746  -1.262
   0.418   0.916   3.913   0.134   1.727   3.243   0.232   2.531   3.921  -0.791
   1.652   2.822   1.132   1.981   2.196   0.861   2.481   1.149   2.409   1.588
   2.378   2.506   1.047   3.242   3.561   1.746   1.452   3.793   2.815   1.403
   4.750   1.055   2.059   5.440   1.092   1.284   4.447   0.076   2.275   5.124
   1.558   2.991   3.274   1.268   0.032   3.647   1.874  -0.993   2.651   0.096
  -0.005   2.307  -0.170   0.894   2.229  -0.602  -1.186   1.484  -1.299  -0.967
   1.753  -0.013  -1.915   3.151  -1.126  -1.561
   0.929   1.006   3.778   0.481   1.869   3.431   0.588   2.713   4.144  -0.529
   1.779   3.078   1.357   2.229   2.238   0.915   2.797   1.292   2.587   1.751
   2.254   2.843   1.262   3.097   3.586   1.881   1.123   3.951   2.900   1.155
   4.766   1.051   1.643   5.660   1.158   1.007   4.407   0.045   1.674   4.898
   1.297   2.667   3.172   1.413  -0.275   3.326   2.163  -1.256   2.596   0.186
  -0.360   2.671  -0.445   0.464   2.124  -0.452  -1.532   2.566  -1.438  -1.699
   1.008  -0.515  -1.293   2.238   0.249  -2.355
   1.227   1.834   4.630   0.657   1.839   3.723  -0.190   2.588   3.675   0.183
   0.845   3.582   1.463   2.193   2.457   0.926   2.957   1.612   2.707   1.760
   2.398   2.981   1.170   3.183   3.640   1.901   1.226   4.014   2.933   1.208
   4.872   1.001   1.528   5.559   1.113   0.671   4.751  -0.056   1.647   5.455
   1.448   2.351   2.898   1.575  -0.067   2.923   2.366  -1.026   2.374   0.370
  -0.226   2.371  -0.085   0.683   1.512  -0.073  -1.312   2.042  -0.948  -1.776
   0.441  -0.294  -1.050   1.394   0.671  -2.138
   1.195   0.954   3.623   0.920   2.013   3.530   1.357   2.544   4.400  -0.175
   2.064   3.386   1.597   2.517   2.304   1.015   3.152   1.409   2.839   2.051
   2.088   3.276   1.461   2.834   3.711   2.178   0.930   3.627   3.302   0.805
   5.029   1.546   1.275   5.859   1.818   0.619   4.973   0.500   1.556   5.270
   2.032   2.215   3.103   1.681  -0.412   3.365   2.180  -1.511   2.313   0.598
  -0.300   2.313   0.190   0.646   1.563  -0.010  -1.412   2.311  -0.285  -2.185
   1.071  -0.852  -1.020   0.780   0.628  -1.783
