default_name                                                                    
  -3.392   0.858   1.506  -2.487   1.462   1.140  -2.153   2.058   1.993  -2.768
   1.985   0.256  -1.386   0.602   0.685  -1.563   0.039  -0.386  -0.296   0.506
   1.405  -0.281   0.972   2.332   0.905  -0.334   0.988   1.602  -0.063   1.802
   0.512  -1.804   1.204   1.392  -2.466   1.215  -0.283  -2.213   0.543   0.370
  -1.902   2.270   1.650  -0.113  -0.358   2.514  -0.978  -0.725   1.283   0.972
  -1.026   0.444   1.438  -0.676   1.775   1.223  -2.409   1.509   2.228  -2.843
   2.856   1.030  -2.539   1.290   0.404  -2.913
  -2.997   0.835   2.074  -2.571   1.202   1.122  -2.178   2.191   1.132  -3.393
   1.227   0.377  -1.429   0.373   0.625  -1.565  -0.181  -0.464  -0.293   0.454
   1.217  -0.264   1.052   2.024   0.939  -0.283   0.763   1.710   0.010   1.491
   0.771  -1.778   1.133   1.795  -2.227   0.993   0.106  -2.262   0.423   0.416
  -1.855   2.219   1.665  -0.036  -0.616   2.560  -0.825  -1.046   1.342   1.148
  -1.235   0.507   1.563  -0.850   2.026   1.742  -2.411   1.536   2.448  -3.073
   2.963   2.267  -2.100   2.262   0.835  -3.016
  -3.028   0.798   1.527  -2.536   1.422   0.787  -2.118   2.340   1.283  -3.270
   1.751   0.040  -1.341   0.608   0.257  -1.382   0.169  -0.938  -0.216   0.590
   1.015  -0.165   1.137   1.856   1.004  -0.177   0.716   1.774   0.136   1.501
   0.696  -1.659   1.045   1.659  -2.244   1.107  -0.009  -2.015   0.331   0.266
  -1.847   2.033   1.793   0.044  -0.598   2.455  -0.837  -1.192   1.545   1.259
  -1.155   0.911   1.783  -0.564   2.126   1.780  -2.418   2.480   1.050  -3.167
   1.408   2.393  -2.912   3.001   2.439  -2.377
  -2.938   0.982   1.532  -2.723   1.581   0.660  -2.419   2.619   0.984  -3.637
   1.532   0.061  -1.534   0.934  -0.075  -1.579   0.510  -1.275  -0.411   0.834
   0.685  -0.409   1.472   1.459   0.772  -0.067   0.433   1.535   0.291   1.119
   0.357  -1.421   0.964   1.308  -1.905   1.168  -0.143  -2.087   0.211  -0.353
  -1.312   1.734   1.424  -0.015  -0.991   1.856  -1.040  -1.496   1.613   1.196
  -1.575   1.283   1.994  -1.074   1.864   1.454  -2.973   1.241   0.882  -3.647
   1.555   2.450  -3.094   2.902   1.225  -3.216
  -2.960   0.986   1.656  -2.533   1.494   0.793  -2.045   2.437   1.061  -3.341
   1.711   0.066  -1.479   0.656   0.157  -1.687   0.329  -0.968  -0.428   0.445
   0.961  -0.564   0.823   1.901   0.788  -0.291   0.658   1.507   0.303   1.296
   0.793  -1.720   1.135   1.902  -2.014   1.159   0.282  -2.227   0.349   0.468
  -1.910   2.173   1.429  -0.038  -0.739   1.861  -0.928  -1.509   1.516   1.234
  -1.140   1.182   1.930  -0.518   2.269   1.682  -2.308   1.584   1.800  -3.154
   2.726   2.619  -2.133   3.064   0.921  -2.537
  -2.999   0.658   1.450  -2.777   0.958   0.463  -2.680   2.097   0.423  -3.539
   0.628  -0.294  -1.383   0.289   0.132  -1.247  -0.503  -0.807  -0.320   0.608
   0.972  -0.562   1.139   1.780   0.996   0.036   0.832   1.703   0.577   1.542
   1.087  -1.404   1.358   2.150  -1.612   1.323   0.582  -2.093   0.627   0.815
  -1.479   2.425   1.548   0.165  -0.669   1.823  -0.833  -1.327   1.641   1.409
  -1.104   1.238   2.083  -0.522   2.449   1.975  -2.222   1.923   1.823  -3.149
   2.544   3.085  -2.177   3.408   1.477  -2.291
  -3.063  -0.164   1.104  -2.292   0.604   0.778  -2.143   1.331   1.513  -2.597
   1.157  -0.089  -1.033  -0.032   0.311  -1.058  -0.832  -0.656   0.103   0.257
   0.939   0.182   1.101   1.474   1.403  -0.374   0.611   2.099   0.031   1.378
   1.432  -1.882   0.890   2.483  -2.257   0.634   0.824  -2.453   0.156   1.143
  -2.103   1.910   1.899   0.044  -0.794   2.702  -0.736  -1.414   1.714   1.343
  -1.182   1.198   1.964  -0.583   2.224   1.893  -2.460   1.345   2.344  -2.914
   3.107   2.486  -2.275   2.459   1.053  -3.162
  -2.882   0.994  -0.281  -2.219   0.895   0.587  -2.839   0.290   1.222  -2.011
   1.837   0.979  -0.854   0.210   0.264  -0.800  -0.357  -0.845   0.205   0.173
   1.081   0.127   0.738   1.930   1.571  -0.403   0.776   2.306   0.044   1.468
   1.444  -1.945   1.041   2.384  -2.379   1.016   0.855  -2.426   0.316   0.795
  -2.142   1.899   1.963  -0.092  -0.706   2.428  -0.925  -1.424   1.850   1.153
  -1.270   1.497   1.886  -0.684   2.618   1.652  -2.454   2.259   1.053  -3.266
   2.326   2.690  -2.504   3.677   1.583  -2.357
  -2.971   0.125   0.947  -2.045   0.713   1.034  -2.066   0.801   2.040  -2.171
   1.652   0.615  -0.840  -0.028   0.385  -0.980  -0.706  -0.642   0.328   0.298
   0.901   0.311   0.837   1.749   1.609  -0.255   0.545   2.369   0.074   1.125
   1.529  -1.756   0.909   2.481  -2.235   0.604   0.713  -2.224   0.403   1.409
  -1.885   2.019   1.988   0.065  -0.884   2.655  -0.690  -1.610   1.633   1.259
  -1.367   1.112   1.870  -0.796   2.032   1.798  -2.690   2.117   1.029  -3.494
   1.268   2.659  -2.978   2.990   2.265  -2.646
  -2.960   0.479   0.487  -2.127   0.958   0.918  -2.144   0.799   2.029  -2.061
   2.074   0.743  -0.893   0.236   0.346  -0.891  -0.587  -0.526   0.263   0.632
   0.963   0.226   1.374   1.701   1.568  -0.070   0.698   2.192   0.349   1.393
   1.611  -1.544   1.236   2.568  -1.915   1.249   1.059  -2.194   0.508   1.176
  -1.628   2.289   2.090   0.185  -0.752   2.861  -0.604  -1.347   1.763   1.403
  -1.286   1.227   2.012  -0.676   2.140   1.825  -2.608   2.993   1.344  -3.033
   1.215   1.742  -3.193   2.408   2.875  -2.565
  -3.004   0.355   0.790  -2.128   0.845   1.128  -2.090   0.583   2.170  -2.041
   1.885   1.138  -0.892   0.253   0.563  -0.851  -0.138  -0.625   0.198   0.308
   1.276   0.147   0.657   2.197   1.504  -0.220   0.863   2.230   0.227   1.563
   1.453  -1.714   1.162   2.508  -2.107   1.315   1.056  -2.225   0.318   0.947
  -1.891   2.029   2.070   0.146  -0.524   2.966  -0.564  -0.983   1.667   1.262
  -1.179   1.110   1.854  -0.558   2.221   1.851  -2.407   2.833   1.111  -3.018
   1.426   2.222  -3.081   2.883   2.768  -2.145
  -2.566   1.715   0.157  -2.138   1.254   0.930  -2.835   0.510   1.248  -1.800
   1.953   1.650  -0.931   0.475   0.505  -1.011  -0.228  -0.468   0.179   0.710
   1.226   0.182   1.259   2.078   1.479   0.065   0.850   2.145   0.605   1.540
   1.497  -1.384   1.329   2.105  -2.047   0.696   0.455  -1.733   1.419   1.968
  -1.384   2.296   2.098   0.359  -0.604   2.906  -0.414  -1.073   1.619   1.411
  -1.212   1.002   2.004  -0.619   1.964   1.901  -2.572   1.640   1.194  -3.364
   1.423   2.852  -2.653   3.039   2.065  -2.713
  -2.732   1.174   0.319  -1.939   1.307   1.009  -2.143   0.856   1.941  -1.821
   2.406   1.053  -0.747   0.685   0.331  -0.868   0.133  -0.756   0.394   0.840
   0.982   0.515   1.583   1.670   1.635   0.043   0.688   2.314   0.541   1.320
   1.421  -1.363   1.153   2.444  -1.800   1.122   0.591  -1.867   0.616   1.120
  -1.315   2.218   2.226   0.198  -0.817   2.858  -0.696  -1.358   1.894   1.376
  -1.372   1.544   2.108  -0.778   2.260   1.755  -2.758   1.394   1.661  -3.370
   2.504   2.804  -2.810   3.067   1.062  -3.119
  -2.986   1.125   0.328  -2.034   1.522   0.746  -2.033   1.298   1.828  -1.904
   2.581   0.471  -0.838   0.854   0.170  -0.920   0.234  -0.868   0.278   1.064
   0.853   0.236   1.799   1.481   1.553   0.305   0.790   2.253   0.787   1.473
   1.425  -1.179   1.293   2.391  -1.616   1.321   0.781  -1.719   0.559   1.084
  -1.170   2.252   2.172   0.218  -0.653   2.473  -0.824  -1.170   2.225   1.316
  -1.416   1.706   2.018  -0.978   2.667   1.439  -2.839   2.505   2.491  -3.228
   3.715   1.165  -2.823   2.136   0.764  -3.585
  -2.818   1.936  -0.405  -2.018   1.937   0.320  -2.359   1.479   1.204  -1.790
   3.030   0.515  -0.817   1.106  -0.167  -0.998   0.332  -1.112   0.311   1.150
   0.570   0.276   1.910   1.216   1.474   0.312   0.525   2.285   0.799   1.107
   1.239  -0.969   1.341   2.200  -1.562   1.593   0.520  -1.628   0.722   0.650
  -0.807   2.249   2.065   0.069  -0.856   2.560  -1.049  -1.170   2.198   1.202
  -1.622   1.803   1.978  -1.117   2.973   1.338  -2.934   3.635   2.223  -2.856
   3.467   0.394  -3.225   2.306   1.732  -3.687
  -2.440   1.803  -0.509  -1.525   2.103  -0.097  -1.745   2.308   0.917  -1.021
   2.981  -0.503  -0.534   0.919  -0.208  -0.935   0.043  -1.005   0.586   0.998
   0.558   0.728   1.836   1.102   1.628  -0.010   0.659   2.392   0.361   1.270
   1.158  -1.283   1.395   2.042  -1.904   1.747   0.546  -1.849   0.658   0.526
  -1.048   2.309   2.396  -0.055  -0.655   2.682  -1.196  -1.110   2.619   1.159
  -1.274   2.266   1.973  -0.772   3.109   1.310  -2.618   3.865   2.125  -2.596
   3.515   0.350  -3.010   2.260   1.610  -3.211
  -2.444   2.048  -1.013  -1.651   2.227  -0.321  -2.028   2.571   0.635  -0.979
   2.945  -0.677  -0.708   0.968  -0.342  -0.742  -0.006  -1.103   0.284   1.054
   0.574   0.107   1.770   1.272   1.505   0.357   0.691   2.091   0.984   1.310
   1.216  -0.916   1.467   2.117  -1.377   1.788   0.557  -1.647   0.858   0.654
  -0.711   2.357   2.345   0.245  -0.633   2.809  -0.857  -0.942   2.583   1.362
  -1.346   2.306   2.192  -0.916   3.461   1.421  -2.516   4.470   1.071  -2.192
   3.012   0.770  -3.252   3.638   2.452  -2.842
  -2.339   2.256  -1.304  -1.680   2.278  -0.443  -2.284   2.228   0.462  -1.004
   3.168  -0.573  -0.774   1.064  -0.387  -0.809   0.222  -1.284   0.151   1.066
   0.589   0.149   1.838   1.192   1.153   0.006   0.683   1.723   0.474   1.458
   0.597  -1.296   1.299   1.438  -2.036   1.381  -0.241  -1.788   0.736   0.436
  -1.082   2.356   2.061  -0.043  -0.609   2.638  -1.094  -0.977   2.279   1.116
  -1.208   1.672   1.865  -0.908   3.171   1.345  -2.313   3.880   0.524  -2.464
   2.585   1.602  -3.223   3.773   2.190  -2.009
  -2.682   1.561  -0.773  -1.735   1.899  -0.496  -1.850   2.195   0.511  -1.521
   2.625  -1.202  -0.707   0.820  -0.461  -0.887  -0.137  -1.219   0.231   0.881
   0.470   0.278   1.710   1.049   1.270  -0.136   0.595   2.043   0.313   1.231
   0.713  -1.406   1.329   1.460  -2.174   1.554  -0.001  -2.001   0.758   0.343
  -1.191   2.289   2.119  -0.357  -0.725   2.533  -1.460  -1.008   2.527   0.699
  -1.416   2.072   1.547  -1.211   3.564   0.718  -2.410   4.564   0.905  -1.956
   3.657  -0.196  -2.874   3.430   1.493  -3.183
  -2.008   1.638  -1.622  -1.635   1.655  -0.655  -2.382   1.233  -0.050  -1.313
   2.620  -0.326  -0.550   0.632  -0.554  -0.425  -0.142  -1.443   0.338   0.613
   0.492   0.193   1.403   1.111   1.503  -0.258   0.691   1.978   0.265   1.558
   0.962  -1.605   1.241   1.813  -2.254   1.635   0.477  -2.224   0.495   0.193
  -1.386   2.018   2.457  -0.359  -0.512   2.926  -1.425  -0.929   2.686   0.826
  -1.080   2.148   1.595  -0.656   3.557   1.108  -2.204   4.636   0.924  -1.900
   3.280   0.497  -3.046   3.437   2.117  -2.451
