default_name                                                                    
  -3.353  -1.069   1.192  -3.246  -0.243   0.543  -3.879   0.546   0.878  -3.564
  -0.550  -0.481  -1.790   0.195   0.408  -1.481   1.352   0.281  -0.844  -0.764
   0.394  -1.215  -1.738   0.250   0.587  -0.523   0.540   0.663   0.322   1.148
   1.212  -1.641   1.329   2.241  -1.515   1.516   0.957  -2.611   0.850   0.920
  -1.751   2.385   1.302  -0.302  -0.860   2.485   0.039  -0.825   0.608  -0.352
  -2.004  -0.409  -0.494  -1.843   1.058   0.276  -3.225   2.133   0.303  -3.294
   0.764  -0.332  -4.059   0.675   1.263  -3.262
  -3.675  -0.271   1.753  -3.231  -0.043   0.781  -3.878   0.744   0.592  -3.506
  -0.738   0.019  -1.762   0.337   0.670  -1.361   1.529   0.461  -0.833  -0.607
   0.783  -1.054  -1.602   0.845   0.631  -0.375   0.798   0.823   0.465   1.440
   1.212  -1.687   1.322   2.377  -1.556   1.479   0.996  -2.474   0.628   0.859
  -1.920   2.353   1.175  -0.039  -0.545   2.351   0.312  -0.633   0.380  -0.137
  -1.621  -0.577  -0.573  -1.448   0.663   0.069  -3.049   1.732   0.234  -3.304
   0.358  -0.848  -3.695   0.190   0.960  -3.451
  -2.961  -1.820   1.223  -3.071  -0.827   0.785  -3.815  -0.276   1.346  -3.480
  -0.989  -0.232  -1.696  -0.246   0.781  -1.593   0.932   0.662  -0.704  -1.048
   0.848  -0.974  -2.029   0.960   0.752  -0.658   0.849   0.800   0.214   1.520
   1.575  -1.793   1.507   1.687  -2.671   0.851   0.997  -2.091   2.445   2.612
  -1.396   1.859   1.305  -0.243  -0.516   2.293   0.477  -0.589   0.651  -0.539
  -1.641  -0.194  -1.047  -1.452   0.951  -0.279  -3.111   1.729  -0.922  -3.393
   0.026  -0.514  -3.723   1.160   0.760  -3.352
  -2.914  -2.073   0.595  -2.929  -0.989   0.405  -3.827  -0.505   0.907  -3.170
  -0.904  -0.628  -1.631  -0.314   0.711  -1.509   0.925   0.712  -0.570  -1.105
   0.795  -0.731  -2.082   0.865   0.805  -0.582   0.757   0.948   0.333   1.318
   1.683  -1.753   1.389   1.608  -2.611   0.708   1.371  -1.968   2.392   2.720
  -1.490   1.545   1.329  -0.230  -0.662   2.311   0.506  -0.840   0.656  -0.715
  -1.708  -0.210  -1.195  -1.496   1.078  -0.494  -3.098   2.036  -0.985  -3.253
   0.335  -0.936  -3.778   1.111   0.629  -3.274
  -2.810  -1.983   0.361  -3.034  -0.918   0.598  -3.558  -0.817   1.566  -3.632
  -0.346  -0.160  -1.693  -0.229   0.538  -1.541   0.973   0.365  -0.677  -1.104
   0.686  -0.852  -2.031   0.980   0.729  -0.592   0.739   0.813   0.333   1.369
   1.574  -1.750   1.387   1.316  -2.693   0.894   1.338  -1.895   2.406   2.620
  -1.577   1.456   1.336  -0.141  -0.632   2.477   0.327  -0.589   0.702  -0.448
  -1.808  -0.260  -0.737  -1.757   1.258  -0.305  -3.158   1.441  -1.258  -3.600
   0.569   0.082  -3.851   2.175   0.271  -3.063
  -3.150  -2.092  -0.124  -3.092  -1.246   0.457  -3.244  -1.683   1.439  -3.926
  -0.539   0.216  -1.826  -0.475   0.371  -1.850   0.776   0.199  -0.644  -1.103
   0.410  -0.710  -2.095   0.290   0.643  -0.486   0.690   0.538   0.384   1.341
   1.461  -1.464   1.583   1.308  -2.524   1.290   1.217  -1.236   2.643   2.535
  -1.332   1.475   1.530   0.002  -0.465   2.517   0.744  -0.241   1.045  -0.238
  -1.659   0.193  -0.822  -1.694   1.695   0.175  -2.925   1.111   0.066  -3.765
   1.992   1.224  -2.959   2.630  -0.347  -3.051
  -3.141  -1.008  -0.963  -2.796  -1.285   0.006  -2.560  -2.342   0.173  -3.680
  -1.128   0.658  -1.611  -0.417   0.393  -1.731   0.785   0.708  -0.447  -1.029
   0.362  -0.540  -2.007   0.056   0.935  -0.413   0.639   0.780   0.507   1.236
   1.769  -1.335   1.546   1.762  -2.276   1.061   1.355  -1.548   2.592   2.813
  -0.976   1.669   1.754  -0.055  -0.634   2.797   0.638  -0.526   1.222  -0.385
  -1.841   0.304  -0.773  -1.811   1.742   0.011  -3.175   1.442   1.029  -3.457
   2.794  -0.215  -3.191   1.271  -0.603  -3.833
  -2.275  -2.740  -0.197  -2.745  -1.803   0.030  -3.437  -1.935   0.846  -3.157
  -1.443  -0.950  -1.647  -0.859   0.439  -1.936   0.340   0.506  -0.391  -1.301
   0.545  -0.279  -2.282   0.574   0.801  -0.538   0.748   0.503   0.445   1.218
   1.594  -1.227   1.892   1.952  -2.196   1.591   0.920  -1.516   2.753   2.408
  -0.577   2.216   1.669  -0.262  -0.535   2.673   0.505  -0.339   1.246  -0.812
  -1.697   0.528  -1.499  -1.557   1.781  -0.708  -3.039   1.971   0.344  -3.338
   2.703  -1.295  -2.986   1.282  -1.247  -3.883
  -2.515  -2.754  -0.398  -2.972  -1.839   0.065  -3.462  -2.127   0.987  -3.732
  -1.401  -0.584  -1.882  -0.820   0.431  -2.091   0.387   0.440  -0.678  -1.336
   0.625  -0.734  -2.304   0.768   0.592  -0.602   0.750   0.346   0.337   1.226
   1.563  -1.288   1.768   2.072  -2.170   1.393   1.058  -1.510   2.689   2.340
  -0.626   2.171   1.324  -0.265  -0.556   2.223   0.521  -0.524   0.905  -0.856
  -1.675   0.256  -1.571  -1.499   1.460  -0.841  -3.029   1.502   0.198  -3.444
   2.501  -1.194  -2.975   0.897  -1.475  -3.692
  -2.441  -3.170   0.535  -2.666  -2.204  -0.075  -3.617  -1.970   0.249  -2.529
  -2.442  -1.163  -1.713  -1.180   0.347  -2.078   0.018   0.432  -0.523  -1.529
   0.728  -0.361  -2.532   0.865   0.632  -0.497   0.843   0.132   0.437   1.149
   1.535  -1.052   2.032   1.796  -2.092   1.765   0.966  -1.067   3.042   2.449
  -0.525   2.091   1.376  -0.172  -0.433   2.389   0.626  -0.347   0.894  -0.765
  -1.550   0.049  -1.326  -1.544   1.368  -0.514  -2.867   0.591  -0.444  -3.551
   1.982   0.405  -2.791   1.988  -1.369  -3.146
  -2.653  -3.300   0.921  -2.634  -2.666   0.046  -3.709  -2.467  -0.124  -2.206
  -3.078  -0.876  -1.742  -1.531   0.571  -2.243  -0.442   0.760  -0.472  -1.720
   0.784  -0.100  -2.652   0.705   0.516  -0.638   0.936   0.032   0.198   1.420
   1.512  -1.265   1.968   2.081  -2.118   1.530   1.051  -1.600   2.889   2.160
  -0.378   2.270   1.245  -0.130  -0.366   1.722   0.993  -0.403   1.178  -0.983
  -1.387   0.639  -1.833  -1.199   1.502  -0.739  -2.812   0.788  -0.054  -3.312
   2.500  -0.354  -2.953   1.464  -1.605  -3.373
  -3.517  -2.832   0.701  -2.437  -2.930   0.575  -2.260  -3.408  -0.390  -2.217
  -3.645   1.352  -1.564  -1.665   0.666  -2.066  -0.561   0.577  -0.229  -1.815
   0.860   0.135  -2.739   0.750   0.815  -0.732   0.851   0.438   0.054   1.540
   2.025  -1.424   1.501   2.375  -2.199   0.721   1.689  -1.930   2.487   2.821
  -0.608   1.640   1.151  -0.091  -0.562   1.595   1.021  -0.551   0.890  -0.785
  -1.690   0.496  -1.715  -1.590   1.272  -0.439  -3.069   0.495   0.067  -3.672
   2.089   0.291  -3.039   1.606  -1.370  -3.524
  -3.314  -2.347   0.199  -2.365  -2.724   0.459  -1.892  -3.390  -0.271  -2.515
  -3.366   1.356  -1.577  -1.511   0.797  -2.001  -0.396   0.614  -0.374  -1.842
   1.129  -0.177  -2.858   1.073   0.801  -0.943   1.128   0.423  -0.049   1.692
   2.070  -1.364   1.899   2.534  -2.211   1.404   1.861  -1.692   2.887   2.831
  -0.597   1.961   1.112  -0.338  -0.248   1.515   0.833  -0.330   0.988  -1.190
  -1.249   0.763  -2.145  -1.087   1.367  -0.898  -2.636   0.790  -1.498  -3.268
   1.276   0.191  -2.794   2.413  -1.241  -2.829
  -3.413  -2.757   0.006  -2.383  -3.052   0.265  -1.945  -3.620  -0.593  -2.426
  -3.635   1.162  -1.548  -1.744   0.503  -2.016  -0.663   0.125  -0.292  -1.900
   0.852   0.009  -2.841   1.169   0.704  -0.721   0.953   0.282   0.215   1.378
   1.650  -1.186   1.979   2.113  -2.168   1.597   1.165  -1.306   2.976   2.471
  -0.524   2.168   1.274  -0.215  -0.432   1.610   0.946  -0.625   1.361  -1.184
  -1.403   1.078  -2.095  -1.056   1.943  -1.028  -2.769   1.143  -0.527  -3.428
   2.771  -0.336  -2.706   2.292  -1.971  -3.066
  -3.468  -2.451   0.088  -2.448  -2.722   0.307  -2.179  -3.474  -0.368  -2.397
  -3.102   1.315  -1.554  -1.603   0.188  -1.874  -0.584  -0.434  -0.334  -1.656
   0.748  -0.159  -2.367   1.412   0.598  -0.519   0.721   0.131   0.384   1.072
   1.694  -0.970   1.770   1.995  -2.046   1.771   1.223  -0.851   2.725   2.660
  -0.410   1.880   1.300  -0.160  -0.551   1.512   1.022  -0.809   1.384  -1.116
  -1.534   1.069  -2.066  -1.307   2.243  -0.904  -2.646   1.973   0.018  -3.177
   3.331  -0.909  -2.396   2.058  -1.751  -3.392
  -3.162  -2.861  -0.123  -2.106  -3.144  -0.018  -1.827  -3.634  -0.968  -2.055
  -3.867   0.844  -1.485  -1.740   0.093  -1.938  -0.730  -0.444  -0.283  -1.841
   0.655   0.116  -2.731   0.948   0.482  -0.608   0.878  -0.182   0.063   1.284
   1.531  -0.844   2.035   2.217  -1.700   1.813   0.987  -1.068   3.002   2.090
   0.148   2.219   1.116  -0.018  -0.433   1.299   1.211  -0.511   1.515  -0.875
  -1.421   1.381  -1.829  -1.252   2.112  -0.376  -2.694   2.067   0.731  -2.732
   3.123  -0.915  -2.790   1.485  -0.745  -3.540
  -3.328  -3.094  -0.985  -2.527  -3.083  -0.244  -1.858  -3.887  -0.620  -2.872
  -3.318   0.702  -1.730  -1.800  -0.182  -2.103  -0.873  -0.844  -0.614  -1.753
   0.589  -0.392  -2.574   1.128   0.145  -0.512   0.834  -0.508   0.248   1.284
   1.191  -0.945   1.922   1.760  -1.812   1.620   0.688  -1.225   2.813   1.868
  -0.131   2.176   0.856   0.108  -0.350   0.894   1.371  -0.368   1.300  -0.681
  -1.415   1.238  -1.671  -1.244   2.048  -0.096  -2.547   2.660   0.834  -2.228
   2.760  -0.879  -2.823   1.424   0.047  -3.431
  -2.988  -3.018  -1.188  -2.273  -3.025  -0.420  -1.464  -3.819  -0.519  -2.762
  -3.132   0.518  -1.614  -1.644  -0.376  -1.878  -0.766  -1.152  -0.585  -1.586
   0.471  -0.498  -2.439   1.018   0.284  -0.457   0.707  -0.284   0.237   1.296
   1.346  -0.934   1.751   1.972  -1.779   1.419   0.774  -1.367   2.560   1.925
  -0.088   2.163   0.875   0.304  -0.497   1.009   1.568  -0.408   1.078  -0.386
  -1.604   1.057  -1.350  -1.501   1.702   0.094  -2.850   1.066   0.911  -3.244
   2.779   0.389  -2.693   1.810  -0.745  -3.531
  -2.854  -3.019  -1.644  -2.381  -3.016  -0.660  -1.816  -3.909  -0.568  -3.300
  -2.994  -0.020  -1.630  -1.653  -0.486  -1.981  -0.675  -1.114  -0.742  -1.595
   0.459  -0.688  -2.418   1.030  -0.006  -0.425   0.775  -0.805   0.279   1.082
   1.025  -0.598   1.909   1.990  -1.100   1.482   0.728  -1.416   2.574   1.180
   0.362   2.461   0.794   0.230  -0.371   0.994   1.446  -0.287   1.145  -0.529
  -1.411   1.066  -1.528  -1.401   1.716   0.030  -2.657   0.851   0.531  -3.199
   2.486   0.758  -2.353   2.147  -0.799  -3.291
  -3.042  -2.923  -1.612  -2.157  -2.962  -1.012  -1.297  -3.220  -1.673  -2.334
  -3.671  -0.217  -1.853  -1.505  -0.510  -2.328  -0.573  -1.084  -0.909  -1.396
   0.422  -0.672  -2.272   0.805  -0.146  -0.203   0.715  -0.781   0.508   1.072
   0.868  -0.513   1.819   1.527  -1.267   1.367   0.389  -0.879   2.731   1.424
   0.396   2.104   0.674   0.384  -0.472   0.970   1.618  -0.443   0.829  -0.364
  -1.549   0.599  -1.303  -1.454   1.584   0.067  -2.713   0.900   0.251  -3.553
   2.121   0.977  -2.500   2.302  -0.693  -2.971
