default_name                                                                    
   22  0.1200000E+03
  -2.1634125   0.8127400   0.4845561  -1.5647430   1.0392735  -0.3502657
  -1.7016530   1.9291418  -0.9392770  -1.6714672   0.1348527  -0.9873790
  -0.1596848   1.0602749   0.2569693   0.6039696   2.0138100   0.1186652
   0.2302688  -0.0083126   0.8808868  -0.2965513  -0.8593519   0.7734218
   1.3292568  -0.1907152   1.8557761   1.2921825   0.6354556   2.5458849
   0.9447425  -1.5101351   2.5461674   1.5498906  -1.7051293   3.4791705
   1.2404335  -2.3446733   1.9128317  -0.1578596  -1.6401887   2.7344818
   2.7484899  -0.2790150   1.1975371   3.7137532   0.0250752   1.8828329
   2.8236130  -0.7134783  -0.0617341   1.8809074  -0.7083725  -0.4985658
   3.9863333  -1.0225726  -0.7400076   4.4191967  -0.1750005  -1.1109658
   4.6729937  -1.5983657  -0.0821909   3.7541255  -1.6719559  -1.5204609
  -0.2351455   0.2172288  -0.8837805  -0.1053514  -0.0599598  -0.0026982
   0.8583703  -0.9167362  -0.1992696   0.2581703  -0.2421239   0.3118849
   0.0422560  -0.0795548   0.4230482   0.0198672   0.3393852   0.0809557
  -0.3411064  -0.2287684  -0.4980965   1.2313470   0.4218504   0.9036490
  -0.1020159   0.3619164  -0.0221023   0.9140351  -0.2406257   0.3689536
  -0.1318753  -0.0192374  -0.1181469   0.1948364  -0.3577477   0.8641822
   1.5039328   0.1535816  -0.2174961  -0.9490481   0.9768654   1.4340149
   0.0372888   0.2122120   0.4184225   0.0500908  -0.3007960   0.1371098
  -0.0301612  -0.1404459   0.1039857  -2.3407551   0.1124083  -0.9776142
  -0.1340803   0.3645091  -0.2268881  -1.3748786  -0.3895281  -1.2172782
  -0.3817784   0.2839602  -0.6679773   0.9022027  -0.0863117   0.0385682
