default_name                                                                    
   22  0.1200000E+03
  -3.5251637   1.9439422   2.6456580  -3.0324761   2.3492891   1.7155370
  -2.3211367   3.1401865   2.0218129  -3.8108074   2.7086216   1.0134979
  -2.2855323   1.1982410   1.1489992  -2.5755284   0.6334275   0.1239180
  -1.3617971   0.7565866   1.9455456  -1.1849261   1.2990249   2.7990537
  -0.4836034  -0.3785285   1.6930835   0.3097384  -0.3255318   2.3978311
  -1.1113531  -1.6861008   2.0843420  -0.5589266  -2.5454907   1.6868949
  -2.0962355  -1.6958039   1.5538129  -1.3405252  -1.7454911   3.1000260
   0.2110484  -0.4085421   0.2639992   0.3685900  -1.4740872  -0.3733148
   0.5700129   0.7587548  -0.2966643   0.3368702   1.5623439   0.2308804
   1.5332215   0.9396949  -1.3546377   1.2507457   1.7705383  -1.9755457
   2.4697702   1.1668766  -0.8658076   1.7349997   0.0535089  -1.9829393
  -0.3645237  -0.7204347  -0.3956560   0.0830210   0.1376708   0.3070594
   0.1227012  -0.9134875   1.2643160   0.1611836  -0.1764046  -0.4095669
  -0.3475310   0.0944575  -0.1154468   0.2920007   0.1228139   0.1935673
   0.0409858  -0.1484099  -0.0969411   0.3599536  -0.7251957  -0.4296669
  -0.1522701   0.1441915   0.1532898  -0.8060297   0.5016498   1.0981691
   0.4671287  -0.4462136   0.0105064   0.2960212  -0.3166067   0.2294472
  -1.0200549  -1.1198215  -0.5470603   0.3932006  -0.1130811   0.6576788
  -0.0750048  -0.2324736   0.0559359  -0.1461656  -0.3156862   0.2805770
  -0.1486051   0.3620601   0.1648480  -1.0521187   1.2169275  -0.0482703
   0.1882643   0.0758231  -0.3398401  -0.4786780  -0.8935134   0.7975253
  -0.0992001  -0.1474913  -0.6519776   0.0880551   0.2424419   1.2794413
