default_name                                                                    
   22  0.1200000E+03
  -3.2047219   0.4284132   0.9403842  -2.5672235  -0.4340225   0.9302561
  -2.8752403  -1.0412556   0.0916668  -2.7844073  -0.9915125   1.7827561
  -1.1370470   0.0405876   0.7515302  -0.7952002   1.2527073   0.7251890
  -0.2669152  -0.9218815   0.6270274  -0.5753078  -1.8785876   0.6637017
   1.1308149  -0.7281397   0.3489919   1.4870834  -0.0277623   1.1186679
   1.8547217  -2.0192615   0.5973223   2.8880285  -1.8548852   0.7282402
   1.7969710  -2.6721906  -0.3052431   1.4564721  -2.5271609   1.4115651
   1.6660516  -0.1812793  -1.0589859   2.8134651   0.2698077  -1.0700742
   0.8299598  -0.1571001  -2.1756290  -0.0983797  -0.4065540  -1.9106466
   1.0543102   0.6523175  -3.3715915   0.2470691   0.3702157  -4.1060708
   0.9400565   1.7406378  -3.1006242   2.0275985   0.2977345  -3.7786046
   0.6525832  -1.1725613  -1.2223416   0.0825482   0.0976320  -0.0460989
   0.2834717  -0.4334110   0.1545827  -0.5485032   0.3213278   0.0506916
  -0.0092212  -0.1054757  -0.0547689   0.4512654  -0.2986791  -0.1527998
   0.2873038  -0.0376970  -0.0542170  -0.6777711   0.1369626   0.8304529
  -0.1375630  -0.2562785  -0.0077698   0.6669040   0.1495825  -0.8188420
  -0.4547880   0.2663524   0.2227822  -0.9721185   0.6793706  -0.0413160
  -0.1885387   0.9698575  -0.7521240   0.7788280  -0.2106734   0.3828046
  -0.0251086   0.1125175   0.3540062  -0.1520743  -0.2593910  -0.1016829
   0.0598169   0.1991667  -0.1369734   0.3114385   1.0620124  -0.5405176
  -0.0313511   0.0946394   0.2964128  -0.7326977   0.1665495  -0.8149727
   0.0811373   0.1772825  -1.3342364   0.8344838  -0.6306315   0.8842925
