default_name                                                                    
   22  0.1200000E+03
  -3.1248446  -2.0850635   1.8786125  -2.4850422  -1.2193549   1.7591413
  -1.9690975  -0.9137457   2.6189217  -2.8872999  -0.2402536   1.4338485
  -1.4464856  -1.5580737   0.7677537  -1.4780603  -1.2255688  -0.4141973
  -0.4680741  -2.3247405   1.2318381  -0.7339793  -2.6921596   2.1374865
   0.6084421  -3.0136237   0.4678943   1.2876692  -3.2933291   1.2615169
   0.0750657  -4.3161395  -0.1664076   0.8692120  -4.8528480  -0.7059692
  -0.7417685  -4.0738852  -0.8142398  -0.4526222  -5.0209162   0.5224401
   1.5690374  -2.3169620  -0.5456018   2.7514610  -2.1785692  -0.2074646
   1.1875343  -1.9639520  -1.7672430   0.2289945  -1.9871525  -1.9533361
   2.0497918  -1.3890706  -2.8435585   2.8539442  -0.7809897  -2.4852849
   2.4750114  -2.1840994  -3.4215223   1.5227980  -0.7029578  -3.5634045
   1.0664018   0.0838206  -0.4075653   0.2857365  -0.3706586   0.0232671
   0.8660542  -0.7439670  -0.9543118  -0.0038178  -0.2676660   1.4586025
   0.0252751  -0.0915545  -0.3619271  -0.0722342   0.0472051  -0.0631483
  -0.0094465  -0.1139044  -0.0299090  -0.5317147   0.7720619   0.6278371
  -0.0303344   0.0709862   0.1157112   0.4156506   1.0294341  -0.2209047
   0.2474731  -0.0477139  -0.0506862  -0.4683972  -1.3356966  -0.4313671
   0.2165617  -0.7720216   0.6983479  -0.3489040   0.7237666  -0.3440751
  -0.1867446  -0.1477310   0.1858441  -0.1623717   0.1639303   0.2812758
  -0.0546728   0.0265554   0.3653667  -0.0687355   0.5168385  -0.3830640
   0.0165770  -0.0734694  -0.1664785   0.7926689  -0.0063674   1.2040176
   0.2617758   0.0835884  -0.1827885   0.7530828   2.1418201   0.3184914
