default_name                                                                    
   22  0.1200000E+03
  -3.6939615   1.6545495   1.3771381  -3.1125629   0.7424225   1.2149897
  -3.0069577   0.6361351   0.1283337  -3.7281559  -0.0787023   1.6177616
  -1.7516101   0.6883934   1.8436773  -1.2977368   1.6494683   2.4998569
  -1.0461970  -0.3366390   1.4191303  -1.5716712  -1.0876374   1.0378973
   0.3789930  -0.6306647   1.5335744   0.6143312  -0.1889973   2.5690309
   0.6218217  -2.2048033   1.5710087   1.6403150  -2.5427611   1.8792452
   0.4274989  -2.5251611   0.5676636  -0.1139095  -2.6523757   2.2392979
   1.2865778   0.0856272   0.4504029   2.5390230  -0.1211808   0.4631771
   0.7013144   0.8484467  -0.5087947  -0.3278443   0.9181052  -0.4424297
   1.4737643   1.3809951  -1.6136860   1.3934040   2.4990738  -1.5604823
   2.5254859   1.0576381  -1.5288591   1.0266353   0.9751454  -2.5941157
  -0.4961854  -0.3727345  -0.7721163   0.3526050   0.0523798   0.2294974
  -0.5895924   0.0605796  -1.1784629   0.1905318   0.3031453   0.3417141
  -0.0607179   0.1757803  -0.1488195   0.2584481   0.0482194   0.1129069
   0.1847712   0.0394200   0.0851851  -0.4371252  -0.2722239  -0.6583136
  -0.4435681   0.1648870  -0.0905167   1.1172627   0.2300852   0.7826512
  -0.2234845   0.2043979   0.2077888  -0.4650458  -0.8129701  -0.6312866
  -1.2220647   0.2328697   1.5444960  -0.0621181   0.0131106   0.2529268
   0.0789023   0.2519721  -0.2942032  -0.1650041   0.0279683  -0.0646239
  -0.2546932  -0.3350708  -0.2149020  -0.1425613   1.4407333   1.7361856
  -0.3923704  -0.0484616  -0.2506321   0.6103196  -0.0310193  -0.3010545
  -0.3689890  -0.3327367   1.3651635   0.0114385  -0.1170932   0.2096569
