default_name                                                                    
  -2.869   1.673   0.531  -2.190   1.493   1.381  -2.734   0.937   2.142  -1.958
   2.405   1.847  -0.992   0.694   0.866  -1.085   0.376  -0.323   0.009   0.394
   1.655   0.051   0.636   2.686   1.215  -0.424   1.189   1.944  -0.463   1.958
   0.730  -1.864   1.026   1.677  -2.490   0.982   0.265  -2.010  -0.037  -0.013
  -2.238   1.731   2.017   0.011  -0.102   3.135  -0.440  -0.316   1.512   0.964
  -0.914   0.636   1.467  -0.635   2.249   1.604  -2.011   2.731   0.923  -2.816
   1.522   2.115  -2.659   3.096   2.264  -1.676
  -2.960   1.097   0.807  -1.989   1.321   1.324  -2.001   1.383   2.442  -1.726
   2.393   1.069  -1.040   0.341   0.731  -1.171  -0.136  -0.405   0.018   0.058
   1.474   0.064   0.583   2.319   1.266  -0.554   1.113   1.839  -0.489   2.046
   1.010  -2.016   0.686   1.965  -2.592   0.612   0.636  -2.098  -0.306   0.405
  -2.523   1.459   2.100   0.058  -0.029   3.239  -0.389  -0.196   1.582   1.011
  -0.778   0.580   1.358  -0.598   2.213   1.570  -1.921   2.785   0.786  -2.397
   1.469   1.827  -2.633   2.757   2.499  -1.718
  -2.889   1.374   0.201  -2.247   1.209   0.987  -2.563   0.703   1.908  -1.813
   2.193   1.252  -1.084   0.319   0.460  -1.086  -0.229  -0.665  -0.096   0.263
   1.316  -0.229   0.947   2.134   1.209  -0.423   1.248   1.680  -0.116   2.185
   0.991  -1.937   1.527   1.963  -2.362   1.408   0.192  -2.347   0.904   0.683
  -2.061   2.556   2.082  -0.145   0.047   3.108  -0.778  -0.254   1.747   0.931
  -0.686   1.000   1.492  -0.354   2.563   1.451  -1.760   2.149   1.127  -2.717
   2.498   2.594  -1.681   3.557   1.077  -1.738
  -2.799   1.392   0.690  -1.900   1.522   1.260  -2.193   1.362   2.258  -1.512
   2.466   0.962  -0.982   0.357   0.856  -1.386  -0.359  -0.069   0.153   0.246
   1.520   0.308   0.777   2.404   1.316  -0.608   1.159   2.022  -0.531   1.949
   0.978  -2.075   1.302   1.955  -2.516   1.178   0.355  -2.365   0.409   0.453
  -2.351   2.194   2.057  -0.288  -0.173   2.782  -1.176  -0.619   1.773   0.884
  -0.846   1.241   1.591  -0.420   2.491   1.246  -2.079   2.065   0.751  -2.941
   2.555   2.359  -2.188   3.482   0.866  -2.070
  -1.537   2.411   1.051  -2.014   1.455   1.220  -2.835   1.454   0.506  -2.398
   1.261   2.171  -0.900   0.536   0.782  -1.080  -0.007  -0.344   0.112   0.392
   1.600   0.172   0.834   2.474   1.221  -0.488   1.276   1.989  -0.161   2.005
   0.873  -1.935   1.554   1.800  -2.494   1.478   0.124  -2.224   0.860   0.424
  -1.976   2.471   2.005  -0.293  -0.089   2.708  -1.226  -0.532   1.939   0.935
  -0.719   1.406   1.638  -0.263   2.635   1.322  -1.987   3.216   0.499  -2.405
   1.926   1.670  -2.699   3.238   2.189  -1.825
  -2.690   1.839   0.792  -1.890   1.603   1.452  -2.244   0.860   2.206  -1.473
   2.500   1.917  -0.841   0.773   0.706  -1.082   0.293  -0.416   0.214   0.439
   1.418   0.129   0.812   2.373   1.440  -0.352   1.127   2.115  -0.177   2.039
   0.949  -1.843   1.130   1.687  -2.559   1.363   0.506  -2.093   0.167   0.194
  -1.918   1.901   2.180   0.003  -0.150   3.049  -0.735  -0.607   1.805   1.089
  -0.754   0.965   1.486  -0.387   2.240   1.460  -2.123   2.497   0.617  -2.787
   1.559   2.165  -2.663   3.162   2.031  -2.097
  -2.238   2.389   1.203  -1.574   1.742   1.750  -2.236   1.063   2.383  -0.919
   2.343   2.371  -0.746   0.885   0.857  -1.053   0.593  -0.314   0.337   0.447
   1.392   0.489   0.705   2.311   1.329  -0.480   0.880   2.078  -0.235   1.617
   0.841  -1.874   1.177   1.615  -2.574   0.932   0.119  -2.200   0.372   0.256
  -1.995   2.103   2.017  -0.240  -0.427   2.750  -1.093  -0.899   1.774   0.883
  -0.970   1.071   1.487  -0.496   2.298   1.341  -2.331   2.618   0.439  -2.840
   1.473   1.844  -2.927   3.175   2.032  -2.087
  -2.627   1.607   1.576  -1.580   1.888   1.525  -1.112   2.058   2.522  -1.668
   2.714   0.874  -0.827   0.799   0.902  -1.237   0.390  -0.170   0.336   0.401
   1.500   0.522   0.817   2.443   1.272  -0.574   0.954   2.209  -0.492   1.424
   0.744  -1.990   1.331   1.433  -2.797   1.040  -0.253  -1.981   0.762   0.344
  -1.999   2.372   1.654  -0.482  -0.596   2.317  -1.410  -1.169   1.566   0.782
  -1.103   1.077   1.528  -0.574   2.120   1.112  -2.429   3.233   1.074  -2.521
   1.749   0.400  -3.181   1.907   2.237  -2.743
  -2.100   2.237   0.829  -1.290   1.882   1.526  -1.878   1.750   2.488  -0.484
   2.581   1.591  -0.800   0.540   0.996  -1.415  -0.117   0.160   0.464   0.140
   1.382   0.898   0.851   2.030   1.384  -0.912   0.782   2.328  -0.842   1.354
   0.853  -2.227   1.000   1.559  -2.906   0.553  -0.209  -2.398   0.576   0.644
  -2.384   2.081   1.806  -0.612  -0.703   2.528  -1.380  -1.312   1.501   0.560
  -1.232   0.960   1.149  -0.593   2.157   1.124  -2.460   3.172   1.295  -2.235
   2.207   0.461  -3.319   1.599   2.030  -2.773
  -2.413   1.627   2.307  -1.288   1.791   2.362  -1.010   1.721   3.422  -1.173
   2.795   1.957  -0.703   0.846   1.434  -1.381   0.451   0.499   0.589   0.470
   1.735   1.112   0.982   2.443   1.432  -0.483   0.993   2.371  -0.465   1.551
   0.867  -1.911   1.125   1.489  -2.687   0.757  -0.034  -1.956   0.459   0.461
  -2.150   2.137   1.828  -0.268  -0.524   2.541  -1.125  -1.067   1.558   0.905
  -1.146   1.106   1.564  -0.546   1.645   1.293  -2.552   2.466   2.039  -2.534
   2.018   0.440  -3.082   0.663   1.748  -2.863
  -2.340   1.810   2.024  -1.270   1.900   1.937  -0.853   1.986   2.932  -1.146
   2.953   1.469  -0.704   0.749   1.092  -1.372   0.260   0.170   0.476   0.302
   1.474   0.849   0.881   2.124   1.395  -0.618   0.725   2.269  -0.755   1.405
   0.719  -2.009   0.666   1.472  -2.786   0.353  -0.258  -2.060   0.099   0.476
  -2.256   1.702   1.977  -0.130  -0.600   2.929  -0.721  -1.066   1.491   0.945
  -1.257   0.654   1.331  -0.875   2.076   1.507  -2.420   3.148   1.686  -2.473
   1.870   0.724  -3.185   1.787   2.481  -2.771
  -2.422   1.812   1.437  -1.362   1.836   1.576  -1.149   1.696   2.540  -0.878
   2.812   1.306  -0.846   0.711   0.716  -1.422   0.412  -0.366   0.304   0.227
   1.166   0.626   0.652   1.990   1.232  -0.799   0.623   2.123  -0.786   1.199
   0.716  -2.283   0.723   1.446  -2.979   0.856   0.254  -2.520  -0.228  -0.090
  -2.346   1.496   1.796  -0.349  -0.777   2.580  -1.092  -1.326   1.452   0.848
  -1.268   0.952   1.508  -0.738   1.897   1.397  -2.526   2.937   1.725  -2.459
   1.601   0.647  -3.239   1.289   2.266  -2.838
  -2.503   2.015   1.234  -1.704   1.509   1.662  -2.097   0.884   2.447  -0.983
   2.269   1.986  -0.911   0.684   0.741  -1.285   0.583  -0.432   0.191   0.118
   1.183   0.344   0.402   2.168   1.143  -0.806   0.413   2.061  -0.741   1.075
   0.697  -2.297   0.469   1.530  -2.990   0.380   0.072  -2.446  -0.373   0.216
  -2.435   1.387   1.740  -0.324  -0.944   2.606  -1.069  -1.570   1.487   0.883
  -1.442   0.860   1.539  -0.935   2.007   1.417  -2.767   2.882   0.802  -3.108
   1.214   1.308  -3.581   2.191   2.476  -2.610
  -1.922   2.367   1.185  -1.762   1.380   1.631  -2.633   0.889   1.834  -1.034
   1.580   2.511  -0.993   0.442   0.668  -1.454   0.184  -0.451   0.243   0.080
   0.989   0.657   0.316   1.864   1.136  -0.768   0.119   2.170  -0.730   0.635
   0.586  -2.236   0.213   1.217  -2.976  -0.229  -0.445  -2.247  -0.201   0.490
  -2.535   1.263   1.494  -0.253  -1.368   1.991  -1.001  -2.194   1.141   1.031
  -1.683   0.618   1.500  -1.028   1.391   1.627  -2.968   1.923   2.656  -2.895
   2.027   1.038  -3.599   0.417   1.917  -3.445
  -2.041   2.089   1.219  -1.375   1.390   1.660  -1.904   0.828   2.433  -0.568
   1.984   2.087  -0.814   0.483   0.655  -1.533   0.142  -0.291   0.382  -0.051
   0.853   0.876   0.214   1.708   1.132  -1.003  -0.154   2.056  -1.346   0.281
   0.298  -2.299  -0.305   0.947  -3.106  -0.660  -0.479  -2.170  -1.022  -0.197
  -2.628   0.617   1.526  -0.436  -1.483   1.965  -1.225  -2.339   1.483   0.889
  -1.691   1.163   1.352  -0.842   1.709   1.687  -2.890   2.478   2.415  -2.712
   2.153   0.991  -3.664   0.823   2.107  -3.383
  -2.360   1.100   1.273  -1.340   1.023   1.536  -1.223   0.614   2.556  -0.787
   1.934   1.566  -0.723   0.133   0.509  -1.374  -0.102  -0.548   0.475  -0.398
   0.800   0.885  -0.161   1.662   1.328  -1.214  -0.063   2.230  -1.415   0.504
   0.693  -2.641  -0.182   1.372  -3.310  -0.635  -0.213  -2.565  -0.813   0.441
  -3.075   0.798   1.841  -0.532  -1.414   2.254  -1.150  -2.362   1.643   0.795
  -1.453   1.327   1.180  -0.608   2.008   1.635  -2.552   2.686   2.389  -2.194
   2.580   0.994  -3.243   1.143   2.044  -3.074
  -2.688   1.295   1.119  -1.622   1.101   1.437  -1.733   0.688   2.444  -1.114
   2.066   1.438  -0.837   0.241   0.483  -1.304   0.119  -0.610   0.284  -0.360
   0.811   0.504  -0.268   1.773   1.163  -1.260   0.024   2.003  -1.279   0.793
   0.444  -2.638  -0.086   1.161  -3.471  -0.263  -0.254  -2.545  -0.941  -0.256
  -2.931   0.747   1.783  -0.624  -1.309   2.195  -1.417  -2.194   1.740   0.679
  -1.442   1.077   1.177  -0.825   2.432   1.528  -2.386   2.891   2.333  -1.709
   3.210   1.030  -3.026   1.680   2.059  -2.993
  -2.285   1.783   0.877  -1.773   0.904   1.411  -2.553   0.245   1.707  -1.303
   1.409   2.267  -0.811   0.267   0.375  -1.044   0.395  -0.818   0.212  -0.388
   0.949   0.317  -0.349   1.989   1.268  -1.283   0.204   2.227  -1.188   0.700
   0.766  -2.761   0.260   1.542  -3.389  -0.217  -0.094  -2.796  -0.390   0.571
  -3.073   1.245   1.617  -0.681  -1.223   1.927  -1.532  -2.068   1.694   0.636
  -1.418   1.437   1.231  -0.614   2.062   1.264  -2.665   3.119   1.092  -2.852
   1.585   0.697  -3.444   1.867   2.328  -2.743
  -2.866   0.548   0.548  -1.872   0.760   1.055  -1.900   0.327   2.046  -1.763
   1.874   0.923  -0.900   0.023   0.183  -1.249  -0.389  -0.885   0.307  -0.169
   0.600   0.579   0.264   1.489   1.354  -1.028   0.141   2.311  -0.951   0.661
   0.965  -2.474   0.494   1.783  -3.138   0.384   0.167  -2.846  -0.194   0.566
  -2.507   1.504   1.710  -0.794  -1.321   2.152  -1.730  -1.980   1.539   0.479
  -1.789   1.133   1.088  -1.094   2.115   1.051  -2.975   2.604   0.166  -3.545
   1.261   1.415  -3.537   2.743   1.821  -2.726
  -2.779  -0.015   0.917  -1.854   0.539   1.118  -1.623   0.490   2.231  -2.035
   1.554   0.836  -0.833  -0.153   0.256  -1.088  -0.587  -0.869   0.304  -0.442
   0.912   0.426   0.068   1.723   1.535  -1.160   0.375   2.316  -0.867   1.112
   1.247  -2.667   0.267   2.036  -3.329  -0.086   0.500  -2.820  -0.508   0.822
  -3.020   1.193   2.083  -0.683  -1.030   2.862  -1.397  -1.739   1.542   0.390
  -1.555   0.748   0.873  -1.101   1.995   0.954  -2.894   3.051   0.655  -3.174
   1.432   0.671  -3.771   1.928   2.022  -2.862
