default_name                                                                    
   22  0.1200000E+03
  -2.0275839   0.2158361   2.8647231  -1.2910747   0.9262981   2.5226512
  -0.7936809   1.3564723   3.3586200  -1.8462994   1.8250056   2.0110911
  -0.4392008   0.2965060   1.5014798  -0.6059172  -0.8799471   1.2022009
   0.6683625   1.0027936   1.2442225   0.7356727   1.9334139   1.7246332
   1.9041713   0.5634585   0.5360146   2.5489505   1.4216203   0.3956626
   2.8717147  -0.3265449   1.3976681   3.8113560  -0.5101239   0.8931660
   2.3191196  -1.2128732   1.6289614   3.2249486   0.2202043   2.3009347
   1.5197788  -0.0710938  -0.9054674   2.0628190  -1.1302654  -1.2930986
   0.6428781   0.5893938  -1.6243573   0.2058517   1.4053451  -1.2628911
   0.3094623   0.2261426  -3.0328803   0.8452763  -0.6952885  -3.3501687
  -0.6605648  -0.1941155  -3.0105356   0.4952355   0.9685284  -3.7904797
  -0.3096576  -0.5158027  -0.0018745   0.1212573  -0.0404872   0.0863710
  -0.2767196   0.2335567  -0.6065867  -0.2630555   1.0917111  -0.0694185
   0.2869698   0.0289667  -0.0741347   0.1598562  -0.1729890   0.1429494
  -0.1037131   0.0237097  -0.0544663  -0.2404583   0.4639508   0.6018517
   0.0728791  -0.1156294   0.1859896   0.1010107   0.0811863   1.0371514
  -0.0010272   0.1379396  -0.0613444  -0.5362958   0.8385530  -0.8226801
  -0.9000531  -0.7848709  -0.9129021  -0.3305856   0.4663890   0.1786639
  -0.1991325  -0.1631636   0.1804170   0.1661031  -0.0372432   0.0199712
  -0.2929160  -0.0602597   0.1458554  -0.3292629  -1.1741130  -0.9501353
  -0.0953788   0.0733469  -0.1791569   0.5889604   0.3668249  -0.3576015
   1.5287914  -1.1910455  -0.4722041   1.1553212   0.8950611  -0.5233056
