default_name                                                                    
  -3.881   1.770   0.361  -3.010   1.755   1.024  -3.411   1.371   1.935  -2.510
   2.740   1.204  -1.987   0.793   0.499  -2.322   0.078  -0.459  -0.783   0.730
   1.134  -0.650   1.358   1.970   0.321  -0.175   0.855   1.101   0.228   1.567
   0.028  -1.657   1.340   0.911  -2.308   1.248  -0.837  -2.098   0.884  -0.100
  -1.528   2.436   0.968  -0.158  -0.545   1.968  -0.882  -0.730   0.312   0.629
  -1.479  -0.599   0.993  -1.275   0.888   0.936  -2.821   1.410   0.038  -3.179
   0.087   1.172  -3.512   1.635   1.738  -2.844
  -2.380   2.852   1.721  -2.893   1.893   1.511  -3.843   2.154   0.997  -3.199
   1.472   2.491  -2.070   0.823   0.752  -2.427   0.258  -0.270  -0.806   0.723
   1.179  -0.440   1.428   1.789   0.231  -0.243   0.821   1.094   0.006   1.467
  -0.269  -1.652   1.303   0.516  -2.425   1.188  -1.122  -1.942   0.718  -0.523
  -1.554   2.373   0.793  -0.360  -0.580   1.765  -1.038  -0.922   0.285   0.592
  -1.409  -0.499   1.117  -1.075   1.046   1.112  -2.560   1.260   0.227  -3.239
   0.464   1.806  -3.158   1.995   1.573  -2.246
  -2.296   3.325   1.126  -2.515   2.302   1.471  -3.637   2.055   1.440  -2.235
   2.272   2.503  -1.771   1.274   0.719  -2.161   0.750  -0.307  -0.648   0.809
   1.278  -0.320   1.363   2.021   0.240  -0.322   1.028   0.999  -0.320   1.827
  -0.607  -1.570   1.280   0.040  -2.388   1.298  -1.395  -1.825   0.552  -1.057
  -1.479   2.203   0.928  -0.327  -0.416   1.936  -0.868  -0.603   0.272   0.209
  -1.462  -0.691   0.532  -1.275   0.993   0.714  -2.730   1.579  -0.082  -3.168
   0.243   1.148  -3.458   1.717   1.511  -2.391
  -3.397   2.648   1.028  -2.762   2.005   1.721  -3.514   1.528   2.421  -2.155
   2.696   2.240  -1.912   1.119   0.938  -2.190   0.704  -0.167  -0.827   0.653
   1.576  -0.713   1.034   2.487   0.165  -0.347   1.064   0.884  -0.405   1.902
  -0.521  -1.702   1.057   0.244  -2.491   0.774  -1.388  -1.617   0.274  -0.881
  -1.919   2.001   0.895  -0.217  -0.290   2.023  -0.652  -0.291   0.267   0.319
  -1.348  -0.771   0.325  -1.292   0.727   0.637  -2.720   1.597   0.145  -2.935
  -0.008   0.337  -3.485   0.751   1.680  -2.950
  -3.834   1.675   1.658  -3.010   2.143   1.212  -2.462   2.660   2.039  -3.294
   2.814   0.448  -2.271   1.082   0.526  -2.619   0.610  -0.517  -1.225   0.663
   1.261  -1.143   1.104   2.152  -0.086  -0.279   0.985   0.585   0.036   1.771
  -0.628  -1.669   1.286   0.253  -2.367   1.398  -1.256  -2.134   0.467  -1.088
  -1.702   2.300   0.637  -0.150  -0.420   1.871  -0.290  -0.490   0.026   0.362
  -1.557  -0.923   0.598  -1.550   0.593   0.488  -2.868   1.196  -0.379  -3.200
  -0.246   0.541  -3.543   1.191   1.384  -2.989
  -3.251   1.828   2.076  -3.082   2.082   0.982  -2.740   3.078   0.808  -4.050
   1.846   0.645  -2.111   1.183   0.319  -2.402   0.776  -0.779  -1.007   0.736
   0.993  -0.885   1.240   1.853  -0.172  -0.406   0.707   0.643  -0.353   1.475
  -0.924  -1.787   0.865  -0.098  -2.559   0.812  -1.695  -1.918   0.042  -1.384
  -1.886   1.780   0.614  -0.218  -0.535   1.800  -0.608  -0.564   0.062   0.305
  -1.580  -0.948   0.390  -1.470   0.736   0.620  -2.792   0.856  -0.313  -3.404
   0.227   1.321  -3.451   1.694   1.025  -2.477
  -1.462   3.085   1.445  -2.411   2.439   1.199  -2.921   3.012   0.470  -3.058
   2.269   2.031  -2.001   1.151   0.595  -2.491   0.769  -0.467  -1.086   0.500
   1.272  -0.771   0.907   2.147  -0.207  -0.592   0.779   0.543  -0.734   1.583
  -0.966  -1.924   0.696  -0.229  -2.673   0.372  -1.756  -1.760   0.010  -1.434
  -2.205   1.608   0.618  -0.285  -0.462   1.836  -0.630  -0.421   0.132   0.487
  -1.438  -0.840   0.809  -1.219   0.612   0.754  -2.766   1.171  -0.090  -3.213
  -0.224   0.859  -3.343   1.139   1.655  -2.654
  -2.016   2.915   1.652  -2.571   1.976   1.760  -3.639   2.094   1.486  -2.450
   1.689   2.824  -1.941   0.961   0.907  -2.399   0.723  -0.201  -0.922   0.351
   1.477  -0.652   0.737   2.379  -0.011  -0.726   0.962   0.670  -0.892   1.772
  -0.820  -2.005   0.757  -0.047  -2.806   0.778  -1.339  -2.008  -0.204  -1.649
  -2.082   1.531   0.814  -0.345  -0.225   2.079  -0.525  -0.258   0.243  -0.063
  -1.400  -0.775   0.057  -1.244   0.764   0.779  -2.524   1.582   0.201  -3.017
  -0.080   1.038  -3.236   1.180   1.624  -2.073
  -2.108   3.178   1.269  -2.298   2.215   1.724  -3.290   2.033   1.765  -1.821
   2.309   2.733  -1.752   1.086   0.905  -2.141   0.854  -0.238  -0.776   0.363
   1.503  -0.542   0.601   2.455   0.062  -0.750   0.949   0.823  -1.058   1.649
  -0.762  -1.982   0.668  -0.043  -2.803   0.649  -1.355  -1.953  -0.260  -1.409
  -2.074   1.548   0.928  -0.323  -0.251   2.138  -0.096  -0.127   0.292   0.044
  -1.334  -0.746   0.044  -1.350   0.921   0.361  -2.594   1.005  -0.444  -3.305
   0.359   1.174  -3.118   1.927   0.784  -2.478
  -3.019   2.816   0.768  -2.321   2.350   1.547  -2.968   2.074   2.389  -1.429
   2.986   1.901  -1.766   1.063   0.951  -2.318   0.566  -0.049  -0.783   0.500
   1.632  -0.586   0.820   2.570   0.053  -0.632   1.185   0.742  -0.675   2.097
  -0.789  -1.939   1.264  -0.265  -2.845   1.535  -1.124  -2.250   0.248  -1.609
  -1.901   2.005   1.015  -0.354   0.001   2.224  -0.205   0.214   0.423  -0.061
  -1.180  -0.589  -0.075  -1.171   1.114   0.625  -2.258   0.620   0.584  -3.188
   1.329   1.588  -1.918   2.047   0.115  -2.359
  -3.587   2.668   1.601  -2.720   2.321   2.027  -3.047   1.756   2.909  -2.219
   3.168   2.398  -1.911   1.352   1.224  -2.113   1.351  -0.034  -1.058   0.512
   1.778  -0.925   0.737   2.769  -0.231  -0.592   1.268   0.415  -0.866   2.109
  -1.089  -1.803   0.877  -0.488  -2.534   0.309  -1.953  -1.437   0.378  -1.493
  -2.157   1.788   0.725  -0.207   0.103   1.988  -0.345   0.205   0.227   0.249
  -1.059  -0.773   0.373  -1.198   0.924   0.447  -2.304   0.296   0.172  -3.066
   1.366   1.426  -2.322   1.763  -0.195  -2.470
  -3.343   3.147   1.455  -2.576   2.537   1.961  -3.052   1.995   2.804  -1.804
   3.334   2.248  -1.920   1.506   1.078  -2.230   1.412  -0.115  -1.049   0.755
   1.708  -0.761   1.031   2.622  -0.265  -0.357   1.117   0.460  -0.633   1.903
  -1.159  -1.541   0.687  -0.639  -2.328   0.089  -1.991  -1.061   0.075  -1.434
  -2.113   1.598   0.750  -0.115  -0.073   1.971  -0.309   0.030   0.205   0.392
  -1.153  -0.701   0.848  -0.958   0.900   0.719  -2.385   0.267   0.575  -3.270
   1.180   1.765  -2.434   1.704  -0.036  -2.581
  -3.310   2.610   1.772  -2.367   2.313   2.193  -2.506   1.884   3.082  -1.816
   3.200   2.386  -1.670   1.443   1.185  -1.988   1.356   0.014  -0.733   0.666
   1.715  -0.488   0.815   2.703   0.101  -0.282   0.959   0.878  -0.646   1.627
  -0.722  -1.607   0.616  -0.078  -2.454   0.343  -1.350  -1.431  -0.299  -1.383
  -1.991   1.384   0.979   0.128  -0.215   2.172  -0.189  -0.295   0.298   0.612
  -1.217  -0.688   0.784  -1.030   0.868   0.981  -2.439   0.601   1.928  -2.732
   1.992   0.967  -2.445   0.433   0.391  -3.219
  -3.307   2.748   1.354  -2.349   2.448   1.780  -2.497   2.115   2.813  -1.600
   3.226   1.700  -1.654   1.278   1.046  -2.141   1.037  -0.050  -0.583   0.692
   1.594  -0.447   0.877   2.545   0.203  -0.368   0.955   0.976  -0.729   1.636
  -0.601  -1.641   0.802   0.090  -2.476   0.531  -1.375  -1.433   0.084  -1.067
  -1.916   1.745   0.982  -0.008  -0.381   2.197   0.127  -0.352   0.271   0.299
  -1.518  -0.751   0.402  -1.442   0.892   0.876  -2.664   1.135   1.933  -2.467
   1.905   0.486  -2.790   0.196   0.846  -3.594
  -3.311   2.176   1.932  -2.265   2.032   2.336  -2.366   1.744   3.357  -1.684
   2.972   2.210  -1.590   0.966   1.504  -2.139   0.681   0.437  -0.336   0.446
   1.900   0.004   0.634   2.869   0.490  -0.428   1.059   1.271  -0.799   1.711
  -0.134  -1.691   0.638   0.599  -2.483   0.695  -0.547  -1.706  -0.371  -0.940
  -1.991   1.299   1.148   0.320  -0.125   2.413   0.180  -0.304   0.374   0.937
  -1.070  -0.562   0.943  -0.816   0.834   1.338  -2.442   1.242   0.476  -2.973
  -0.009   1.846  -2.898   1.711   1.956  -2.425
  -3.414   2.180   1.868  -2.610   1.710   2.377  -3.114   1.030   3.071  -2.110
   2.477   2.952  -1.669   1.024   1.404  -2.091   0.843   0.204  -0.533   0.554
   1.804  -0.453   0.895   2.800   0.427  -0.405   1.119   1.298  -0.613   1.804
  -0.248  -1.760   0.887   0.614  -2.508   0.623  -0.926  -1.656  -0.005  -0.773
  -1.998   1.814   1.120   0.127  -0.185   2.401   0.063  -0.305   0.402   0.733
  -1.109  -0.655   0.782  -0.921   0.886   1.370  -2.347   0.370   0.932  -3.176
   0.587   2.397  -2.387   1.975   1.346  -2.393
  -3.918   1.847   2.081  -2.894   1.850   2.391  -2.791   1.537   3.486  -2.616
   2.910   2.383  -2.002   1.115   1.381  -2.302   1.187   0.176  -0.932   0.474
   1.859  -0.881   0.463   2.856   0.017  -0.437   1.167   0.862  -0.677   1.867
  -0.550  -1.870   0.957   0.228  -2.577   0.473  -1.496  -1.781   0.320  -0.893
  -2.372   1.896   0.804   0.000  -0.101   2.004  -0.334  -0.288   0.242   0.891
  -0.957  -0.787   1.024  -0.830   0.785   1.496  -2.125   0.359   1.087  -3.041
   0.520   2.530  -2.141   1.876   1.274  -2.278
  -4.001   1.819   1.901  -3.008   1.656   2.320  -3.053   0.984   3.122  -2.662
   2.634   2.696  -2.095   1.097   1.260  -2.500   1.111   0.085  -0.926   0.543
   1.642  -0.907   0.483   2.636   0.030  -0.318   0.863   0.770  -0.525   1.617
  -0.685  -1.669   0.544   0.134  -2.353   0.332  -1.347  -1.604  -0.284  -1.220
  -2.043   1.402   0.689   0.311  -0.292   1.899   0.117  -0.377   0.000   1.066
  -1.162  -0.991   1.042  -0.959   0.476   1.778  -2.360  -0.359   1.905  -3.057
   0.996   2.741  -2.068   1.251   1.223  -2.809
  -3.447   2.499   1.926  -2.884   1.660   2.333  -3.495   0.932   2.888  -2.122
   2.085   3.027  -2.105   0.936   1.285  -2.545   0.870   0.154  -0.931   0.383
   1.673  -0.766   0.465   2.649  -0.035  -0.597   1.038   0.826  -0.766   1.780
  -0.750  -1.880   0.724  -0.082  -2.742   0.738  -1.161  -1.835  -0.233  -1.534
  -2.146   1.477   0.741  -0.082  -0.273   1.981  -0.290  -0.323   0.056   0.603
  -1.190  -0.936   0.842  -0.918   0.508   0.763  -2.563   0.089   1.625  -3.059
   1.564   0.896  -2.556   0.233  -0.190  -3.129
  -3.964   1.109   2.324  -2.947   1.206   2.619  -2.707   0.676   3.531  -2.675
   2.179   2.785  -2.016   0.797   1.517  -2.419   0.971   0.355  -0.805   0.310
   1.908  -0.720   0.271   2.940   0.164  -0.515   1.230   1.005  -0.521   1.888
  -0.302  -1.921   1.161   0.453  -2.575   0.722  -1.174  -2.010   0.561  -0.557
  -2.269   2.194   0.751  -0.029  -0.111   1.947   0.097  -0.298  -0.240   0.132
  -1.016  -1.213  -0.061  -0.660  -0.123   0.262  -2.458  -0.295   1.330  -2.613
   0.915   0.014  -2.775  -0.892  -0.318  -2.985
