default_name                                                                    
   22  0.1200000E+03
  -4.6984331  -1.7765420   1.6464548  -3.7341629  -2.0571738   2.1310348
  -3.8831362  -2.9582634   2.7801693  -3.5051860  -1.1389939   2.6624109
  -2.6437566  -2.4421718   1.2174646  -2.8606337  -2.7734892   0.0527146
  -1.4210449  -2.2839370   1.7866945  -1.4589139  -2.0255154   2.7883451
  -0.0900904  -2.5290874   1.2617930   0.6387883  -1.8718974   1.8726795
   0.3798780  -4.0284127   1.3010817   1.4380572  -4.0541053   0.9226487
  -0.3888761  -4.5669252   0.6458839   0.2945977  -4.4049286   2.2878878
   0.0529113  -1.8755322  -0.1226945   0.3866828  -2.4978603  -1.0843298
  -0.3805872  -0.6015888  -0.1474880  -0.8319700  -0.2178249   0.6711492
  -0.5500704   0.2443071  -1.3720231  -0.7686210  -0.5025630  -2.2137019
  -1.3388352   0.9983710  -1.2758514   0.4593541   0.6870596  -1.5550741
  -0.0182598   0.2911937  -0.5120259  -0.1846165  -0.0641278  -0.2722666
  -1.2063484  -0.3471521  -0.3295496   0.8068494  -0.6344604  -0.5291054
   0.2212449  -0.1044091   0.1296214  -0.0481538  -0.0408840  -0.1216558
   0.4244013   0.3721826  -0.0405830   1.4597329   0.8903482   1.3106120
  -0.5461967  -0.3359352   0.1073492  -0.6547550  -1.0040262   0.6616223
   0.1099708  -0.0619305   0.1882219  -0.8768645   0.3943086  -0.2191812
  -0.8196020   0.1201550   0.4082198   0.1839902   0.2201815   0.0920300
  -0.1265978   0.1580232  -0.2651011  -0.0392379  -0.0204684  -0.0044463
  -0.0751744   0.2536532   0.0429566   0.6837304   1.5840412  -0.8826399
  -0.1678698   0.0378133   0.0444075  -0.2879433  -0.9299445  -0.6108918
  -0.8046809   0.7526084  -0.5949213  -0.0126297  -0.4724072   0.8141734
