default_name                                                                    
  -3.903   0.522   0.158  -3.081   0.653   0.805  -3.425   0.210   1.733  -2.829
   1.718   0.967  -1.817  -0.004   0.219  -1.897  -0.471  -0.931  -0.734   0.003
   1.011  -0.775   0.517   1.859   0.593  -0.612   0.815   1.252  -0.136   1.527
   0.573  -2.047   1.089   1.618  -2.407   1.015  -0.098  -2.564   0.366   0.121
  -2.134   2.140   1.425  -0.213  -0.431   2.395  -0.912  -0.804   1.112   0.897
  -1.112   0.242   1.341  -0.747   1.698   1.521  -2.350   1.156   2.348  -2.795
   2.712   1.856  -2.209   1.754   0.796  -3.153
  -3.806   0.341   0.178  -3.175   0.045   1.022  -3.789  -0.633   1.532  -2.881
   0.892   1.640  -1.886  -0.555   0.480  -1.941  -1.124  -0.578  -0.703  -0.316
   1.161  -0.746   0.333   1.909   0.685  -0.812   0.882   1.300  -0.435   1.680
   0.733  -2.339   1.072   1.749  -2.760   0.897  -0.019  -2.768   0.478   0.420
  -2.557   2.114   1.331  -0.267  -0.396   2.272  -0.793  -1.017   0.724   0.825
  -0.952   0.122   1.382  -0.348   1.010   1.344  -2.320   0.354   2.160  -2.562
   1.999   1.755  -2.289   1.007   0.556  -3.109
  -4.004  -0.011   1.328  -2.971  -0.076   1.799  -3.051  -0.790   2.542  -2.623
   0.847   2.308  -1.835  -0.563   0.876  -2.031  -1.163  -0.166  -0.615  -0.319
   1.347  -0.559   0.225   2.210   0.677  -0.843   0.928   1.366  -0.599   1.746
   0.619  -2.416   0.933   1.613  -2.845   1.127   0.257  -2.794   0.005  -0.013
  -2.785   1.786   1.249  -0.278  -0.437   2.268  -0.842  -0.992   0.737   0.818
  -0.938   0.006   1.368  -0.399   1.161   1.537  -2.157   0.586   2.476  -2.224
   2.227   1.769  -1.936   1.061   0.915  -2.958
  -3.648  -0.445   2.058  -2.694   0.090   2.135  -2.270  -0.092   3.142  -2.823
   1.164   1.946  -1.624  -0.372   1.177  -1.929  -0.792   0.093  -0.341  -0.330
   1.596  -0.180   0.302   2.479   0.884  -0.966   1.011   1.686  -0.528   1.598
   0.817  -2.477   1.223   1.863  -2.860   1.220   0.339  -3.065   0.450   0.475
  -2.681   2.236   1.235  -0.519  -0.471   1.694  -1.310  -1.256   1.081   0.753
  -0.795   0.699   1.303  -0.001   1.382   1.424  -2.062   1.268   2.505  -1.949
   2.426   1.205  -2.439   0.587   1.105  -2.766
  -2.807  -0.391   2.619  -2.631   0.448   1.900  -2.507   1.322   2.533  -3.509
   0.676   1.311  -1.420   0.142   1.044  -1.715  -0.244  -0.070  -0.155   0.266
   1.510   0.001   0.675   2.406   0.965  -0.582   1.017   1.910  -0.287   1.388
   0.715  -2.039   1.448   1.434  -2.697   1.015  -0.222  -2.263   1.121   0.824
  -1.961   2.562   1.279  -0.449  -0.491   1.750  -1.412  -1.137   1.030   0.745
  -1.103   0.598   1.428  -0.549   1.538   1.269  -2.346   1.417   2.320  -2.309
   2.631   0.994  -2.401   1.035   0.703  -3.147
  -3.598   0.750   1.592  -2.719   1.265   1.724  -2.634   1.300   2.792  -2.711
   2.308   1.299  -1.606   0.415   1.012  -1.898  -0.300   0.039  -0.371   0.507
   1.568  -0.267   1.184   2.311   0.717  -0.374   1.248   1.673  -0.144   1.887
   0.347  -1.827   1.759   1.177  -2.483   1.701  -0.456  -2.300   1.100  -0.008
  -1.824   2.809   1.192  -0.292  -0.264   1.608  -1.285  -0.803   1.067   0.882
  -0.932   0.573   1.614  -0.443   1.654   1.198  -2.287   1.416   2.265  -2.543
   2.727   1.068  -2.197   1.189   0.580  -3.031
  -3.973   1.019   1.216  -2.964   1.293   1.574  -3.030   1.176   2.685  -2.737
   2.349   1.370  -1.865   0.347   0.938  -2.157  -0.346  -0.012  -0.688   0.399
   1.572  -0.509   0.998   2.333   0.366  -0.531   1.312   1.173  -0.187   1.976
   0.003  -1.910   1.796   0.833  -2.607   1.743  -0.831  -2.254   1.217  -0.172
  -1.926   2.867   0.955  -0.397  -0.141   1.429  -1.438  -0.649   0.840   0.858
  -0.672   0.271   1.570  -0.211   1.401   1.133  -2.005   0.963   2.072  -2.337
   2.493   1.095  -1.892   1.123   0.250  -2.728
  -3.793   0.798   1.709  -2.879   1.235   1.922  -2.664   1.177   3.014  -2.876
   2.249   1.638  -1.731   0.482   1.147  -1.993  -0.233   0.154  -0.504   0.579
   1.622  -0.511   1.228   2.410   0.500  -0.305   1.340   1.418   0.233   1.760
   0.374  -1.575   2.172   1.026  -2.409   1.870  -0.627  -1.991   2.147   0.554
  -1.274   3.184   0.859  -0.444  -0.171   1.250  -1.529  -0.699   0.834   0.683
  -0.847   0.683   1.503  -0.236   1.269   0.868  -2.221   0.928   1.871  -2.561
   2.370   0.818  -2.273   0.833   0.067  -2.849
  -3.904   0.946   1.524  -2.876   1.431   1.605  -2.680   1.398   2.717  -2.842
   2.429   1.140  -1.782   0.613   1.010  -2.051  -0.079  -0.018  -0.599   0.677
   1.634  -0.529   1.328   2.385   0.582  -0.148   1.288   1.308   0.353   1.845
   0.437  -1.485   2.058   1.363  -1.899   2.133  -0.275  -2.212   1.673   0.181
  -1.223   3.061   0.794  -0.225  -0.189   0.952  -1.284  -0.759   0.822   0.819
  -0.948   0.760   1.668  -0.402   1.048   0.933  -2.404   0.518   1.808  -2.828
   2.100   0.937  -2.653   0.757   0.101  -2.971
  -3.826   1.140   1.812  -2.908   1.609   1.820  -2.805   1.837   2.879  -2.954
   2.432   1.058  -1.913   0.581   1.286  -2.230  -0.132   0.391  -0.732   0.548
   1.832  -0.447   1.308   2.394   0.289  -0.373   1.376   1.153   0.090   1.704
   0.058  -1.687   2.154   0.941  -2.307   1.937  -0.839  -2.261   1.694  -0.028
  -1.444   3.178   0.606  -0.469  -0.153   1.059  -1.502  -0.606   0.494   0.618
  -0.931   0.214   1.488  -0.481   0.669   0.760  -2.392   1.365   1.568  -2.615
   1.175  -0.135  -2.784  -0.193   0.947  -2.964
  -4.013   1.097   1.649  -2.975   1.466   1.795  -2.858   1.763   2.806  -2.939
   2.415   1.187  -1.938   0.477   1.281  -2.261  -0.512   0.638  -0.671   0.604
   1.696  -0.433   1.349   2.376   0.494  -0.239   1.387   1.389   0.285   1.709
   0.317  -1.553   2.200   1.249  -2.155   2.102  -0.430  -2.201   1.778   0.140
  -1.314   3.269   0.633  -0.416  -0.172   1.123  -1.475  -0.673   0.362   0.658
  -0.951  -0.069   1.407  -0.520   0.378   0.602  -2.433   0.701   1.573  -2.818
   1.072  -0.189  -2.772  -0.550   0.310  -2.767
  -3.229   1.536   3.098  -2.939   1.926   2.080  -2.428   2.900   2.177  -3.916
   2.009   1.569  -2.062   0.902   1.388  -2.427   0.157   0.468  -0.837   0.747
   1.845  -0.543   1.367   2.599   0.154  -0.255   1.509   1.081  -0.010   2.095
  -0.298  -1.553   2.207   0.561  -2.213   2.367  -1.017  -2.077   1.556  -0.660
  -1.390   3.174   0.646  -0.486   0.081   1.342  -1.490  -0.151   0.223   0.255
  -0.946  -0.432   0.947  -0.737   0.405  -0.015  -2.383   0.120   0.870  -2.818
   1.443  -0.181  -2.628  -0.157  -0.923  -2.590
  -3.244   1.744   3.120  -2.811   2.057   2.240  -2.109   2.925   2.417  -3.602
   2.412   1.585  -2.039   0.968   1.556  -2.397   0.546   0.453  -1.037   0.489
   2.250  -0.738   0.950   3.171  -0.059  -0.485   1.820   0.824  -0.236   2.286
  -0.446  -1.768   2.501   0.316  -2.553   2.356  -1.363  -2.153   2.096  -0.656
  -1.562   3.584   0.386  -0.546   0.377   0.620  -1.661  -0.067   0.451   0.583
  -0.395   0.197   1.432   0.089   0.660   0.547  -1.833   0.831   1.583  -2.214
   1.450  -0.295  -2.031  -0.242   0.279  -2.412
  -3.307   1.807   3.017  -3.105   2.088   2.006  -2.636   3.111   2.000  -4.055
   2.082   1.524  -2.145   1.109   1.282  -2.328   0.748   0.090  -1.094   0.716
   1.982  -0.979   1.139   2.898  -0.200  -0.396   1.601   0.695  -0.110   2.030
  -0.574  -1.707   2.332   0.205  -2.488   2.267  -1.419  -2.117   1.831  -0.938
  -1.516   3.399   0.256  -0.682   0.085   0.498  -1.825  -0.307   0.355   0.386
  -0.668   0.471   1.304  -0.265   0.650   0.362  -2.096   0.645   1.404  -2.417
   1.645  -0.112  -2.418  -0.109  -0.250  -2.570
  -2.541   2.399   3.153  -2.326   2.409   2.049  -1.630   3.178   1.806  -3.205
   2.576   1.483  -1.809   1.108   1.593  -2.262   0.603   0.549  -0.790   0.603
   2.302  -0.485   1.032   3.167  -0.030  -0.566   1.833   0.993  -0.360   2.288
  -0.559  -1.858   2.405   0.156  -2.695   2.297  -1.461  -2.110   1.842  -0.866
  -1.729   3.525   0.309  -0.613   0.352   0.372  -1.740  -0.184   0.322   0.536
  -0.370   0.101   1.415   0.049   0.642   0.618  -1.792   0.676   1.693  -1.983
   1.657   0.259  -2.024  -0.104   0.325  -2.523
  -2.905   1.521   3.253  -2.895   1.893   2.205  -2.363   2.872   2.145  -3.890
   1.781   1.784  -2.051   0.930   1.426  -2.485   0.426   0.330  -0.940   0.494
   2.060  -0.756   0.825   3.011  -0.099  -0.649   1.601   0.838  -0.593   2.201
  -0.739  -2.028   1.839  -0.090  -2.940   1.742  -1.612  -2.166   1.182  -0.984
  -2.095   2.877   0.452  -0.421   0.159   0.662  -1.339  -0.623   0.676   0.830
  -0.286   0.410   1.601   0.328   1.224   1.107  -1.584   1.867   2.038  -1.623
   1.906   0.330  -1.851   0.474   1.238  -2.357
  -3.308   1.828   3.236  -2.683   2.081   2.339  -2.037   2.922   2.579  -3.231
   2.566   1.455  -1.921   0.915   1.807  -2.405   0.338   0.814  -0.728   0.579
   2.393  -0.516   1.027   3.265   0.147  -0.497   1.876   1.177  -0.318   2.301
  -0.532  -1.871   2.286  -0.087  -2.617   1.693  -1.620  -1.866   2.197  -0.323
  -2.104   3.295   0.468  -0.359   0.290   0.512  -1.380  -0.471   0.685   0.878
  -0.132   0.801   1.605   0.598   1.189   1.144  -1.491   0.373   1.284  -2.268
   1.887   1.964  -1.426   1.775   0.279  -1.887
  -3.579   1.973   2.869  -2.673   2.248   2.273  -2.016   2.571   3.077  -2.937
   3.008   1.581  -1.994   1.099   1.582  -2.278   0.855   0.414  -0.963   0.525
   2.195  -0.754   0.800   3.173  -0.131  -0.598   1.757   0.712  -0.475   2.445
  -0.792  -1.947   2.099  -0.071  -2.656   2.084  -1.603  -2.190   1.409  -1.261
  -1.837   3.098   0.398  -0.488   0.254   0.432  -1.460  -0.487   0.854   0.760
  -0.163   0.749   1.584   0.455   1.308   1.114  -1.499   0.492   1.683  -2.073
   2.264   1.739  -1.337   1.783   0.235  -1.993
  -3.598   1.729   2.814  -2.997   2.051   2.019  -2.209   2.775   2.192  -3.748
   2.489   1.260  -2.325   0.846   1.359  -2.698   0.469   0.214  -1.382   0.276
   2.079  -1.332   0.564   3.040  -0.385  -0.690   1.751   0.365  -0.456   2.499
  -0.912  -2.098   1.879  -0.097  -2.777   1.739  -1.663  -2.313   1.052  -1.357
  -2.127   2.776   0.393  -0.451   0.407   0.629  -1.409  -0.335   0.779   0.742
   0.048   0.477   1.537   0.652   1.531   1.063  -1.162   0.803   1.356  -1.983
   2.200   1.924  -0.913   2.092   0.158  -1.480
  -3.525   1.944   2.646  -3.032   2.349   1.716  -2.321   3.140   2.022  -3.811
   2.709   1.013  -2.286   1.198   1.149  -2.576   0.633   0.124  -1.362   0.757
   1.946  -1.185   1.299   2.799  -0.484  -0.379   1.693   0.310  -0.326   2.398
  -1.111  -1.686   2.084  -0.559  -2.545   1.687  -2.096  -1.696   1.554  -1.341
  -1.745   3.100   0.211  -0.409   0.264   0.369  -1.474  -0.373   0.570   0.759
  -0.297   0.337   1.562   0.231   1.533   0.940  -1.355   1.251   1.771  -1.976
   2.470   1.167  -0.866   1.735   0.054  -1.983
