default_name                                                                    
   22  0.1200000E+03
  -3.6519716  -0.5248314   1.1990445  -3.0642125  -0.1330712   0.3921070
  -3.4608970   0.8484873   0.1545634  -3.0345307  -0.6682366  -0.5337765
  -1.6544156   0.1252863   0.9597653  -1.3746126   1.2293013   1.3961517
  -0.8754811  -0.9337163   1.0091827  -1.2754581  -1.8962960   0.7804445
   0.5876327  -0.8269846   1.2332204   0.9398638  -0.1332152   2.0165107
   1.1744860  -2.2174250   1.5355203   2.3053270  -2.1341417   1.5448538
   0.8778383  -2.9024740   0.7860910   0.8967038  -2.5269969   2.5734980
   1.4166887  -0.2574003   0.0286534   2.6090261  -0.0721866   0.1227007
   0.6772358  -0.0185983  -1.0481286  -0.2726153  -0.3006495  -0.9610318
   1.1285221   0.0571946  -2.4126392   0.8373789  -0.7813466  -2.9593428
   0.6637506   0.9378826  -2.8927964   2.2676459   0.1176703  -2.4511599
   0.0551779  -0.3921409   0.5219572  -0.3109256  -0.3118138   0.1351631
   0.4976884  -0.4898747   1.6624941   1.0151992   0.3914737   0.9885252
  -0.0048600   0.0066001   0.3624636  -0.1740922   0.1271186  -0.0470816
   0.1187861  -0.0277424  -0.0473592   0.8159490  -0.4868744  -0.8383277
  -0.0217085  -0.0368649  -0.0600990   0.1999834   1.8908393  -0.0796198
  -0.0122981   0.2047023  -0.0041109  -0.4138372   0.5204610   0.5437276
  -0.3489959   1.0471691  -0.2976832  -0.4833370  -0.2177904   0.1473382
   0.1894177  -0.0570459   0.3421224  -0.3329323  -0.4185056  -0.2408266
   0.1789348   0.3626726   0.3166844  -0.9232624   1.3211196   0.5332754
   0.3000174  -0.2205427   0.1748293   0.1327390   0.7133928  -0.5891829
   0.5276306  -0.5606202  -0.0117051  -0.1851095   1.2755879  -0.2941766
