default_name                                                                    
  -3.311   1.897   0.721  -2.688   1.251   1.392  -3.328   0.896   2.190  -2.003
   1.923   1.930  -1.857   0.179   0.767  -2.204  -0.307  -0.308  -0.753  -0.218
   1.417  -0.551   0.302   2.259   0.327  -1.092   0.899   1.097  -1.264   1.700
  -0.222  -2.565   0.737   0.620  -3.208   0.429  -0.970  -2.544  -0.066  -0.678
  -2.890   1.631   1.117  -0.608  -0.351   2.284  -0.943  -0.501   0.474   0.044
  -1.315  -0.508   0.100  -1.138   1.100   0.720  -2.510   2.053   1.144  -2.230
   1.172  -0.062  -3.279   0.467   1.555  -2.923
  -2.908   1.989   0.365  -2.599   1.429   1.257  -3.494   1.162   1.789  -1.995
   2.015   1.876  -1.888   0.231   0.757  -2.080  -0.227  -0.363  -0.885  -0.192
   1.525  -0.920   0.061   2.465   0.119  -1.234   1.079   0.752  -1.352   1.998
  -0.552  -2.653   0.880   0.234  -3.369   1.016  -1.024  -2.816  -0.119  -1.310
  -2.824   1.574   1.042  -0.892  -0.167   2.178  -1.240  -0.026   0.555  -0.251
  -1.230  -0.424  -0.098  -1.285   1.373   0.464  -2.181   2.440   0.141  -2.244
   0.922   0.486  -3.197   1.315   1.514  -1.906
  -2.471   1.976   0.910  -2.874   1.014   1.192  -3.850   0.884   0.803  -2.886
   0.986   2.298  -1.971  -0.034   0.625  -2.157  -0.327  -0.556  -1.129  -0.737
   1.456  -1.134  -0.568   2.454  -0.014  -1.620   1.141   0.507  -1.805   2.135
  -0.594  -2.963   0.583   0.135  -3.815   0.491  -1.079  -2.965  -0.394  -1.279
  -3.362   1.300   1.006  -0.979   0.175   2.199  -1.119   0.539   0.605  -0.244
  -0.886  -0.378  -0.309  -1.042   1.470   0.445  -1.811   2.584   0.182  -1.563
   1.186   0.303  -2.799   1.410   1.514  -1.616
  -1.928   1.647   1.623  -2.636   0.981   1.155  -3.176   1.459   0.401  -3.256
   0.502   1.863  -1.871  -0.134   0.453  -1.895  -0.135  -0.792  -1.091  -0.902
   1.212  -1.172  -0.797   2.165  -0.011  -1.790   0.786   0.470  -2.149   1.646
  -0.543  -3.017   0.167   0.285  -3.485  -0.408  -1.294  -2.792  -0.568  -0.980
  -3.661   0.919   1.140  -1.117  -0.088   2.322  -1.408   0.226   0.752  -0.422
  -1.150  -0.255  -0.393  -1.169   1.564   0.451  -1.905   1.876   1.308  -1.282
   2.498  -0.075  -2.269   0.938   0.862  -2.683
  -1.824   1.118   1.982  -2.579   0.635   1.381  -2.952   1.490   0.793  -3.321
   0.124   1.988  -1.899  -0.431   0.618  -2.194  -0.535  -0.604  -1.059  -1.248
   1.281  -0.937  -1.044   2.244   0.084  -1.967   0.729   0.635  -2.409   1.558
  -0.513  -3.142  -0.014   0.229  -3.656  -0.583  -1.303  -2.800  -0.630  -0.874
  -3.910   0.728   1.042  -1.197  -0.153   2.197  -1.164   0.163   0.639  -0.631
  -1.293  -0.381  -0.642  -1.431   1.342   0.423  -2.036   0.730   1.327  -2.229
   2.257   0.750  -1.402   1.642   0.133  -3.036
  -2.071   1.745   1.216  -2.397   0.784   1.438  -3.508   0.665   1.366  -2.068
   0.554   2.426  -1.779  -0.189   0.492  -2.102  -0.129  -0.695  -1.017  -1.154
   1.092  -1.045  -1.011   2.094  -0.099  -2.173   0.584   0.340  -2.491   1.549
  -0.809  -3.375   0.039  -0.085  -4.160   0.142  -1.149  -3.216  -0.919  -1.724
  -3.482   0.664   1.025  -1.725  -0.399   2.233  -1.750  -0.081   0.602  -1.166
  -1.541  -0.386  -1.154  -1.736   1.431  -0.470  -2.522   0.847  -0.368  -3.455
   1.793   0.537  -2.211   2.255  -1.153  -2.863
  -3.504   1.061   0.420  -2.694   0.637   1.030  -2.887   0.128   1.993  -2.068
   1.487   1.168  -2.028  -0.451   0.234  -2.229  -0.541  -0.942  -1.202  -1.223
   0.900  -1.323  -1.195   1.869  -0.238  -2.227   0.434   0.317  -2.641   1.306
  -0.954  -3.422  -0.214  -0.344  -4.345  -0.280  -1.353  -3.095  -1.223  -1.793
  -3.646   0.424   0.880  -1.652  -0.467   2.026  -1.527  -0.064   0.475  -1.111
  -1.588  -0.551  -1.120  -1.652   1.319  -0.752  -2.737   0.719  -0.065  -3.315
   2.232  -0.230  -2.441   1.536  -1.646  -3.286
  -3.186  -0.006   2.040  -2.541   0.406   1.260  -1.753   0.987   1.737  -3.118
   1.157   0.571  -1.964  -0.683   0.457  -2.268  -0.756  -0.703  -0.970  -1.376
   0.963  -0.897  -1.214   1.957  -0.100  -2.373   0.214   0.540  -2.722   0.976
  -0.743  -3.636  -0.373  -0.030  -4.329  -0.807  -1.389  -3.309  -1.193  -1.414
  -4.123   0.409   0.883  -1.657  -0.661   1.861  -1.167  -0.138   0.615  -1.558
  -2.003  -0.311  -1.884  -2.366   1.539  -0.955  -3.017   0.932  -0.220  -3.593
   2.409  -0.572  -2.495   2.078  -1.713  -3.658
  -3.398  -0.693   2.297  -3.067  -0.085   1.444  -2.554   0.887   1.705  -3.935
   0.194   0.810  -2.006  -0.902   0.556  -2.123  -0.858  -0.680  -1.124  -1.720
   1.244  -0.983  -1.543   2.235  -0.038  -2.539   0.665   0.775  -2.880   1.447
  -0.541  -3.892  -0.024   0.316  -4.386  -0.471  -1.343  -3.673  -0.721  -0.959
  -4.606   0.772   0.756  -1.599  -0.252   1.635  -0.958   0.299   0.504  -1.537
  -1.555  -0.242  -2.068  -1.955   1.493  -0.909  -2.493   1.227  -0.978  -3.538
   1.619   0.161  -2.306   2.469  -1.447  -2.466
  -2.354   0.526   1.809  -2.975  -0.171   1.264  -3.609   0.432   0.606  -3.499
  -0.763   1.944  -1.994  -0.970   0.392  -1.942  -0.897  -0.890  -1.191  -1.717
   1.111  -1.419  -1.653   2.078   0.046  -2.432   0.641   0.619  -2.668   1.505
  -0.353  -3.693  -0.115   0.372  -4.400  -0.427  -0.813  -3.466  -1.084  -1.061
  -4.314   0.424   1.036  -1.568  -0.180   1.967  -1.070   0.477   0.899  -1.443
  -1.537   0.167  -1.965  -2.005   1.818  -0.598  -2.305   1.318  -0.112  -3.147
   2.141   0.313  -1.805   2.589  -1.171  -2.669
  -2.595   0.349   1.713  -2.928   0.067   0.776  -3.033   0.857   0.022  -3.844
  -0.372   1.017  -1.930  -1.001   0.150  -1.903  -1.123  -1.122  -1.150  -1.681
   0.977  -1.202  -1.555   2.006   0.068  -2.477   0.533   0.663  -2.832   1.384
  -0.308  -3.781  -0.176   0.460  -4.503  -0.203  -0.712  -3.666  -1.189  -1.118
  -4.152   0.358   1.102  -1.621  -0.267   2.118  -1.255   0.320   0.860  -1.348
  -1.620  -0.079  -1.583  -1.942   1.758  -0.695  -2.446   1.228  -0.359  -3.319
   2.094   0.198  -1.919   2.635  -1.259  -2.755
  -3.138   0.488   1.183  -3.329  -0.464   0.746  -4.125  -0.417  -0.003  -3.640
  -1.152   1.452  -2.141  -1.084   0.121  -2.079  -1.258  -1.104  -1.239  -1.682
   0.906  -1.493  -1.709   1.891  -0.013  -2.492   0.484   0.535  -2.660   1.386
  -0.345  -3.856  -0.147   0.562  -4.480  -0.341  -0.835  -3.817  -1.153  -1.048
  -4.394   0.517   0.979  -1.599  -0.347   1.971  -1.110   0.149   0.671  -1.422
  -1.629  -0.177  -1.805  -1.899   1.504  -0.573  -2.527   1.266  -0.803  -3.588
   1.302   0.527  -2.321   2.590  -0.847  -2.385
  -3.127   0.473   0.604  -3.331  -0.561   0.858  -4.375  -0.866   0.662  -3.203
  -0.755   1.903  -2.363  -1.389   0.095  -2.482  -1.474  -1.104  -1.429  -2.015
   0.757  -1.538  -2.080   1.762  -0.152  -2.603   0.298   0.357  -2.878   1.216
  -0.429  -4.012  -0.269   0.442  -4.582   0.076  -0.731  -3.938  -1.327  -1.264
  -4.429   0.286   0.855  -1.762  -0.573   1.955  -1.377  -0.265   0.529  -1.687
  -1.900  -0.317  -1.986  -2.208   1.233  -0.977  -2.945   0.577  -0.586  -3.632
   1.902  -0.252  -2.657   1.775  -1.695  -3.596
  -2.467   0.278   1.296  -2.896  -0.693   1.118  -3.889  -0.599   0.586  -3.095
  -1.123   2.060  -1.909  -1.495   0.362  -2.144  -1.741  -0.813  -0.915  -2.039
   1.072  -0.726  -1.691   2.004   0.153  -2.857   0.483   0.734  -3.091   1.406
  -0.285  -4.208   0.040   0.630  -4.841  -0.104  -0.842  -4.148  -0.918  -0.806
  -4.651   0.893   0.954  -2.095  -0.551   1.984  -1.463  -0.206   0.557  -2.082
  -1.874  -0.187  -2.690  -2.140   1.467  -1.527  -2.830   0.967  -1.382  -3.777
   1.823  -0.495  -2.686   2.336  -2.172  -3.107
  -2.088   0.612   1.135  -2.437  -0.365   1.246  -3.438  -0.376   0.896  -2.361
  -0.508   2.275  -1.664  -1.345   0.444  -1.869  -1.671  -0.771  -0.575  -1.851
   1.059  -0.627  -1.680   2.078   0.547  -2.671   0.595   1.227  -2.878   1.497
  -0.059  -4.116   0.202   0.760  -4.738  -0.226  -0.822  -3.973  -0.615  -0.648
  -4.601   1.052   1.411  -2.003  -0.482   2.529  -1.560  -0.242   0.876  -1.956
  -1.694  -0.123  -2.155  -1.760   1.667  -1.575  -2.863   1.078  -1.648  -3.759
   2.193  -0.607  -2.684   2.432  -2.382  -2.944
  -3.779  -0.755   0.494  -2.896  -0.775   1.007  -2.895  -1.002   2.067  -2.590
   0.262   1.043  -1.841  -1.535   0.180  -1.877  -1.419  -1.058  -0.974  -2.104
   0.984  -1.119  -2.072   2.035   0.256  -2.842   0.561   0.838  -3.017   1.462
   0.007  -4.257   0.020   0.997  -4.741  -0.071  -0.630  -4.286  -0.895  -0.427
  -4.822   0.859   1.246  -1.998  -0.270   2.315  -1.610   0.203   0.860  -1.668
  -1.471  -0.156  -1.592  -1.720   1.801  -1.049  -2.466   1.182  -0.675  -3.299
   2.469  -0.371  -1.972   2.473  -1.798  -2.879
  -3.295  -0.286   0.780  -2.544  -0.746   1.442  -2.939  -1.458   2.068  -1.949
   0.029   1.996  -1.594  -1.449   0.592  -1.547  -1.170  -0.586  -0.692  -2.189
   1.268  -0.749  -2.276   2.256   0.462  -2.941   0.657   1.116  -3.263   1.492
   0.102  -4.264  -0.127   0.974  -4.881  -0.322  -0.439  -4.080  -1.061  -0.639
  -4.824   0.425   1.384  -2.027  -0.151   2.519  -1.827   0.257   0.986  -1.483
  -1.297   0.006  -1.595  -1.453   1.836  -0.996  -2.374   1.261  -0.649  -3.180
   2.403  -0.177  -1.914   2.421  -1.742  -2.731
  -3.359  -1.258   1.195  -2.389  -0.785   1.305  -2.161  -0.835   2.356  -2.337
   0.326   1.313  -1.306  -1.496   0.487  -1.409  -1.356  -0.728  -0.477  -2.334
   1.102  -0.682  -2.509   2.096   0.703  -3.019   0.585   1.335  -3.340   1.471
   0.191  -4.275  -0.085   1.006  -4.804  -0.533  -0.432  -4.012  -0.941  -0.301
  -4.988   0.573   1.647  -2.204  -0.353   2.898  -2.117  -0.064   1.165  -1.737
  -1.434   0.107  -1.835  -1.446   1.883  -0.956  -2.449   2.354  -1.643  -3.159
   1.271  -0.183  -2.903   2.614  -0.311  -1.956
  -2.728  -1.486   2.360  -2.268  -0.749   1.616  -1.811   0.084   2.147  -3.033
  -0.362   0.957  -1.263  -1.504   0.770  -1.389  -1.397  -0.452  -0.362  -2.251
   1.317  -0.409  -2.410   2.269   0.755  -2.976   0.496   1.496  -3.357   1.194
   0.184  -4.155  -0.135   0.964  -4.791  -0.509  -0.460  -3.874  -0.963  -0.358
  -4.694   0.638   1.652  -2.136  -0.417   2.827  -1.957  -0.138   1.127  -1.707
  -1.561   0.140  -1.552  -1.541   1.930  -1.132  -2.622   2.929  -1.512  -2.727
   1.328  -1.304  -3.480   2.006  -0.045  -2.486
  -3.125  -2.085   1.879  -2.485  -1.219   1.759  -1.969  -0.914   2.619  -2.887
  -0.240   1.434  -1.446  -1.558   0.768  -1.478  -1.226  -0.414  -0.468  -2.325
   1.232  -0.734  -2.692   2.137   0.608  -3.014   0.468   1.288  -3.293   1.262
   0.075  -4.316  -0.166   0.869  -4.853  -0.706  -0.742  -4.074  -0.814  -0.453
  -5.021   0.522   1.569  -2.317  -0.546   2.751  -2.179  -0.207   1.188  -1.964
  -1.767   0.229  -1.987  -1.953   2.050  -1.389  -2.844   2.854  -0.781  -2.485
   2.475  -2.184  -3.422   1.523  -0.703  -3.563
