default_name                                                                    
  -2.560   0.292   2.613  -2.510   0.443   1.545  -3.224   1.034   1.083  -2.764
  -0.480   1.071  -1.052   0.841   1.258  -0.653   1.974   1.059  -0.208  -0.182
   1.285  -0.571  -1.126   1.516   1.199  -0.106   1.149   1.529   0.675   1.779
   1.756  -1.454   1.739   2.762  -1.378   1.771   1.433  -2.308   1.078   1.428
  -1.478   2.759   1.710   0.102  -0.317   2.798   0.593  -0.406   0.851  -0.130
  -1.304  -0.097  -0.423  -1.013   1.133  -0.065  -2.716   0.570   0.731  -3.067
   2.175   0.088  -2.918   1.066  -1.022  -3.239
  -2.752   0.028   2.014  -2.381   0.703   1.225  -2.872   1.662   1.410  -2.520
   0.312   0.233  -0.847   0.844   1.180  -0.331   1.982   1.044  -0.146  -0.201
   1.609  -0.677  -1.061   1.764   1.344  -0.319   1.467   1.830   0.428   2.151
   1.829  -1.705   1.986   2.919  -1.773   1.968   1.402  -2.557   1.378   1.455
  -1.760   3.058   1.863  -0.054   0.047   3.063   0.270  -0.039   1.054  -0.220
  -0.996   0.074  -0.491  -0.860   1.445  -0.142  -2.360   2.322   0.393  -2.606
   1.542  -1.128  -2.695   0.661   0.352  -2.975
  -2.589   0.114   2.461  -2.343   0.705   1.528  -2.885   1.647   1.466  -2.603
   0.104   0.698  -0.800   0.833   1.464  -0.379   1.868   1.050  -0.023  -0.209
   1.613  -0.434  -1.128   1.888   1.431  -0.223   1.517   1.845   0.596   2.114
   1.996  -1.543   2.243   3.072  -1.398   2.531   1.824  -2.386   1.543   1.521
  -1.631   3.166   1.962  -0.050   0.070   3.195   0.131  -0.109   1.176  -0.273
  -1.003   0.206  -0.563  -0.729   1.498  -0.028  -2.464   2.333   0.716  -2.399
   1.740  -0.938  -3.010   0.598   0.380  -2.888
  -2.788   1.621   1.433  -2.287   0.679   1.729  -2.643  -0.038   1.028  -2.473
   0.325   2.775  -0.737   0.747   1.543  -0.230   1.846   1.561   0.020  -0.352
   1.407  -0.368  -1.238   1.312   1.475  -0.376   1.415   1.853   0.449   2.047
   1.968  -1.597   2.213   3.084  -1.538   2.401   1.653  -2.527   1.696   1.366
  -1.567   3.126   2.022  -0.355  -0.040   3.213  -0.140  -0.269   1.211  -0.640
  -1.008   0.283  -0.800  -0.797   1.502  -0.566  -2.426   1.957   0.381  -2.664
   2.215  -1.331  -2.724   0.592  -0.712  -2.988
  -2.557   1.987   1.191  -2.258   0.981   1.445  -2.607   0.140   0.827  -2.702
   0.810   2.439  -0.727   0.943   1.470  -0.101   2.003   1.375  -0.124  -0.237
   1.674  -0.669  -1.019   1.896   1.366  -0.393   1.662   1.823   0.482   1.990
   1.735  -1.703   2.374   2.754  -2.021   2.084   1.089  -2.506   2.043   1.635
  -1.629   3.438   1.966  -0.357   0.221   3.109   0.046   0.067   1.148  -0.451
  -0.784   0.190  -0.560  -0.557   1.567  -0.143  -2.204   2.278   0.702  -2.161
   2.146  -0.913  -2.610   0.694   0.085  -2.884
  -2.528   0.364   0.572  -2.199   0.922   1.482  -2.477   0.232   2.265  -2.731
   1.849   1.731  -0.675   1.055   1.711  -0.222   2.145   1.858   0.040  -0.085
   1.715  -0.550  -0.933   1.757   1.468  -0.275   1.569   1.950   0.313   2.356
   1.805  -1.676   1.846   2.867  -1.884   1.954   1.248  -2.397   1.198   1.368
  -2.006   2.825   1.969   0.021   0.100   3.152   0.304  -0.122   1.076  -0.200
  -0.893   0.108  -0.464  -0.533   1.309   0.011  -2.298   2.331   0.399  -2.502
   1.425  -0.914  -2.804   0.462   0.579  -2.765
  -2.341   0.537   1.213  -1.950   0.910   2.150  -1.948  -0.006   2.726  -2.444
   1.698   2.644  -0.503   1.178   1.899  -0.116   2.328   1.664   0.196   0.029
   1.679  -0.345  -0.815   1.760   1.647  -0.163   1.387   2.273   0.449   1.981
   2.087  -1.528   1.893   3.135  -1.633   1.782   1.657  -2.361   1.382   1.840
  -1.593   2.962   2.027   0.091  -0.086   3.087   0.600  -0.385   1.033   0.013
  -0.926   0.243  -0.492  -0.615   1.034   0.622  -2.242   1.991   0.438  -2.707
   0.198   0.199  -2.807   0.804   1.772  -2.153
  -2.726   0.640   2.066  -1.834   0.790   2.757  -1.812  -0.011   3.508  -1.907
   1.698   3.277  -0.600   0.832   1.925  -0.205   1.916   1.419   0.122  -0.302
   1.722  -0.323  -1.205   1.867   1.531  -0.279   1.472   1.930   0.553   2.105
   2.070  -1.581   1.969   3.108  -1.785   1.853   1.550  -2.273   1.372   1.802
  -1.805   2.980   2.081  -0.069   0.058   3.257   0.313  -0.021   1.236  -0.202
  -0.931   0.304  -0.518  -0.670   1.357   0.310  -2.266   2.406   0.295  -2.559
   0.841  -0.485  -2.841   0.864   1.291  -2.227
  -2.817   0.535   1.227  -2.278   0.502   2.151  -2.396  -0.449   2.620  -2.578
   1.333   2.729  -0.713   0.642   1.857  -0.262   1.752   1.764  -0.012  -0.452
   1.527  -0.467  -1.287   1.579   1.426  -0.475   1.257   1.933   0.314   1.719
   2.038  -1.739   1.889   3.102  -1.635   2.081   1.792  -2.713   1.367   1.608
  -1.897   2.892   1.870  -0.270  -0.253   3.052  -0.162  -0.460   1.012  -0.288
  -1.323   0.001  -0.403  -1.135   1.336   0.340  -2.708   1.886  -0.332  -3.361
   0.452   0.587  -3.233   1.914   1.262  -2.589
  -2.617   0.232   1.524  -2.048   0.598   2.376  -2.072  -0.210   3.121  -2.523
   1.397   2.907  -0.605   0.809   1.874  -0.086   1.942   1.807   0.018  -0.319
   1.567  -0.482  -1.217   1.779   1.477  -0.284   1.175   2.073   0.376   1.832
   2.039  -1.740   1.415   3.099  -1.758   1.607   1.725  -2.274   0.502   1.606
  -2.194   2.273   1.872   0.079  -0.314   3.036   0.348  -0.585   0.892  -0.046
  -1.164   0.007  -0.396  -0.755   1.067   0.007  -2.696   1.873  -0.629  -3.054
   0.149  -0.446  -3.108   1.302   0.998  -3.082
  -2.319  -0.441   1.909  -1.757   0.189   2.544  -1.712  -0.216   3.559  -2.157
   1.171   2.652  -0.326   0.418   2.134   0.140   1.555   2.103   0.350  -0.605
   1.630  -0.028  -1.573   1.716   1.708  -0.498   1.193   2.272   0.150   1.888
   2.238  -1.934   1.258   3.232  -2.010   0.820   1.581  -2.463   0.593   2.117
  -2.280   2.244   1.902   0.079  -0.276   2.943   0.671  -0.622   0.914  -0.156
  -1.094   0.141  -0.684  -0.653   0.883   0.059  -2.512   1.545  -0.601  -3.090
  -0.115  -0.204  -2.827   1.106   1.145  -2.888
  -2.202   0.344   2.340  -1.333   0.283   2.958  -1.199  -0.625   3.572  -1.399
   1.074   3.667  -0.069   0.528   2.144   0.328   1.656   2.010   0.603  -0.520
   1.707   0.122  -1.395   1.798   1.979  -0.503   1.244   2.640   0.088   1.947
   2.643  -1.873   1.342   3.631  -1.924   0.837   2.094  -2.598   0.752   2.690
  -2.218   2.400   2.216   0.196  -0.098   3.249   0.820  -0.361   1.235   0.069
  -1.040   0.351  -0.331  -0.720   1.233   0.466  -2.444   2.188   0.896  -2.690
   1.159  -0.563  -2.926   0.306   1.070  -2.545
  -2.202   0.091   1.737  -1.505   0.213   2.589  -1.533  -0.818   2.995  -1.830
   0.900   3.462  -0.137   0.511   2.062   0.221   1.716   1.971   0.585  -0.509
   1.711   0.121  -1.450   1.706   1.980  -0.297   1.355   2.369   0.550   2.002
   2.883  -1.567   1.721   3.904  -1.318   1.709   2.655  -2.365   1.107   2.690
  -1.921   2.722   2.284   0.047  -0.072   3.383   0.473  -0.452   1.200  -0.173
  -0.904   0.289  -0.488  -0.541   1.094   0.359  -2.265   2.040   0.194  -2.818
   0.265   0.055  -2.831   1.071   1.483  -2.184
  -1.802  -0.628   1.871  -1.218   0.020   2.558  -1.062  -0.549   3.461  -1.732
   0.910   2.898   0.205   0.467   2.038   0.409   1.643   2.099   1.060  -0.464
   1.682   0.833  -1.455   1.872   2.405  -0.181   1.130   2.824   0.647   1.721
   3.356  -1.395   1.430   4.392  -1.166   1.279   2.941  -2.203   0.872   3.286
  -1.678   2.488   2.389   0.218  -0.405   3.349   0.734  -0.921   1.308  -0.106
  -1.179   0.500  -0.564  -0.707   1.116   0.249  -2.556   1.979   0.144  -3.107
   0.340  -0.430  -2.914   0.821   1.279  -2.634
  -1.895  -0.295   1.715  -1.159  -0.071   2.493  -0.890  -1.030   2.908  -1.580
   0.519   3.338   0.101   0.663   2.056   0.282   1.859   2.179   1.024  -0.143
   1.586   0.794  -1.100   1.550   2.288   0.297   0.961   2.621   1.228   1.409
   3.288  -0.809   1.353   4.253  -0.563   0.794   3.032  -1.788   1.059   3.555
  -0.822   2.324   2.277   0.555  -0.624   3.293   1.048  -1.177   1.115   0.268
  -1.218   0.444  -0.231  -0.625   0.873   0.325  -2.645  -0.107  -0.166  -2.698
   0.735   1.380  -3.045   1.721  -0.043  -3.191
  -1.971   0.401   2.152  -1.054  -0.157   2.478  -1.000  -1.094   1.975  -1.152
  -0.211   3.541   0.144   0.615   2.058   0.064   1.859   2.026   1.231  -0.116
   1.807   1.254  -1.065   2.217   2.467   0.386   1.114   2.648   1.384   1.420
   3.591  -0.650   1.418   4.586  -0.322   1.090   3.414  -1.659   1.042   3.648
  -0.706   2.437   2.291   0.522  -0.368   3.136   1.099  -1.052   1.182   0.039
  -1.012   0.505  -0.469  -0.498   0.969   0.096  -2.470   0.438   0.938  -2.883
   1.937   0.060  -2.988   0.415  -0.834  -2.733
  -1.530   0.275   3.181  -0.895  -0.412   2.679  -1.488  -0.853   1.851  -0.435
  -1.191   3.262   0.266   0.406   2.131   0.174   1.539   1.702   1.395  -0.328
   2.027   1.395  -1.280   2.414   2.604   0.183   1.329   2.897   1.090   1.880
   3.738  -0.901   1.412   4.645  -0.594   0.814   3.362  -1.787   1.046   3.982
  -1.054   2.460   2.316   0.682  -0.104   2.896   1.671  -0.530   1.409   0.045
  -0.802   1.001  -0.759  -0.271   0.906   0.336  -2.132  -0.146   0.645  -2.111
   1.578   1.137  -2.552   0.987  -0.618  -2.657
  -1.842  -0.368   2.068  -0.875  -0.717   2.593  -0.639  -1.759   2.466  -0.988
  -0.446   3.640   0.073   0.184   1.961  -0.233   1.255   1.451   1.235  -0.396
   1.631   1.415  -1.361   1.871   2.398   0.283   0.973   2.679   1.123   1.580
   3.662  -0.542   1.118   4.522  -0.204   0.482   3.557  -1.645   0.972   3.905
  -0.375   2.169   2.166   0.714  -0.481   2.910   1.578  -0.928   1.216   0.177
  -1.245   0.555  -0.345  -0.740   0.863   0.527  -2.636   0.037   1.249  -2.628
   1.567   1.197  -3.094   0.505  -0.281  -3.345
  -1.950  -0.221   2.366  -1.019  -0.740   2.527  -1.076  -1.647   1.987  -0.907
  -0.931   3.587   0.077   0.069   1.844  -0.173   1.119   1.258   1.262  -0.461
   1.745   1.363  -1.310   2.209   2.395   0.071   0.954   2.773   1.022   1.467
   3.383  -1.018   0.874   4.185  -0.606   0.377   3.095  -1.805   0.191   3.734
  -1.315   1.856   2.113   0.575  -0.531   2.816   1.491  -1.013   1.112   0.027
  -1.204   0.685  -0.793  -0.719   0.599   0.223  -2.560   0.126   1.172  -2.565
   1.280   0.296  -3.369  -0.051  -0.602  -2.768
  -1.672   0.151   3.125  -0.751  -0.513   2.955  -1.063  -1.450   2.558  -0.288
  -0.667   3.920   0.229   0.155   1.968   0.058   1.298   1.583   1.305  -0.556
   1.568   1.387  -1.496   1.922   2.495  -0.059   0.843   2.718   0.922   1.205
   3.736  -0.888   1.186   4.606  -0.411   0.881   3.694  -1.902   0.853   3.777
  -0.861   2.254   2.251   0.217  -0.660   3.065   0.780  -1.407   1.100  -0.238
  -1.143   0.510  -0.450  -0.363   0.454   0.028  -2.405   0.074   1.023  -2.387
   1.225   0.057  -3.133  -0.326  -0.693  -2.665
