default_name                                                                    
  -3.250   0.178   1.555  -2.787   0.797   0.808  -3.308   1.769   0.924  -3.169
   0.527  -0.216  -1.300   0.946   0.874  -0.782   2.049   1.187  -0.516  -0.135
   0.658  -0.980  -1.034   0.500   0.949  -0.184   0.632   1.331   0.721   1.241
   1.268  -1.454   1.490   2.289  -1.548   1.549   0.788  -2.304   0.997   0.832
  -1.562   2.523   1.516  -0.005  -0.784   2.767  -0.230  -0.887   0.757   0.393
  -1.800  -0.268   0.484  -1.595   1.237   0.652  -3.214   1.670   1.638  -3.368
   2.002  -0.087  -3.467   0.404   0.439  -3.924
  -3.635   1.278   1.864  -3.153   0.842   0.995  -3.498   1.559   0.180  -3.558
  -0.154   0.772  -1.671   0.927   0.877  -1.072   2.010   0.992  -0.945  -0.208
   0.686  -1.454  -1.025   0.606   0.622  -0.298   0.702   1.010   0.406   1.444
   1.141  -1.641   1.139   2.194  -1.662   1.365   0.965  -2.400   0.434   0.602
  -1.978   2.016   1.275   0.118  -0.663   2.539   0.255  -0.746   0.516   0.226
  -1.750  -0.429  -0.111  -1.700   0.920   0.840  -2.971   1.133   1.932  -2.859
   1.859   0.424  -3.357   0.069   0.795  -3.683
  -3.749   1.236   1.311  -3.198   0.810   0.490  -3.534   1.333  -0.368  -3.441
  -0.260   0.465  -1.721   1.019   0.567  -1.289   2.186   0.804  -0.896  -0.025
   0.447  -1.333  -0.920   0.286   0.588   0.040   0.453   0.898   0.942   0.999
   1.154  -1.213   1.155   2.266  -1.228   1.083   0.760  -2.105   0.627   0.700
  -1.389   2.136   1.186   0.314  -0.927   2.425   0.242  -1.044   0.430   0.703
  -1.945  -0.528   0.699  -1.672   0.777   0.934  -3.299   1.448   1.805  -3.362
   1.343   0.094  -3.686  -0.108   1.143  -3.951
  -3.462  -0.109   1.438  -3.252   0.676   0.674  -3.843   1.539   1.005  -3.568
   0.200  -0.352  -1.853   1.017   0.652  -1.526   2.147   0.863  -0.969   0.040
   0.573  -1.338  -0.899   0.375   0.455   0.182   0.725   0.613   0.964   1.396
   0.894  -1.186   1.396   1.941  -1.095   1.717   0.675  -2.178   0.830   0.259
  -1.354   2.295   1.230   0.602  -0.544   2.456   0.602  -0.523   0.534   0.960
  -1.645  -0.438   0.745  -1.539   1.120   1.221  -2.987   1.511   2.244  -3.114
   1.919   0.453  -3.170   0.400   1.068  -3.758
  -3.482  -0.016   1.637  -3.443   0.798   0.848  -4.104   1.609   0.988  -3.691
   0.358  -0.139  -2.015   1.272   0.857  -1.646   2.368   1.147  -1.123   0.287
   0.612  -1.568  -0.629   0.390   0.334   0.354   0.750   0.621   1.052   1.533
   0.722  -0.995   1.369   1.813  -0.965   1.541   0.548  -1.873   0.689   0.194
  -1.127   2.325   1.109   0.678  -0.538   2.256   1.178  -0.482   0.505   0.549
  -1.794  -0.488   0.303  -1.766   1.176   0.871  -3.072   1.595   1.879  -2.951
   1.936   0.228  -3.182   0.450   0.698  -3.885
  -3.297   0.142   1.817  -3.279   0.741   0.916  -3.917   1.613   1.119  -3.596
   0.295  -0.052  -1.888   1.191   0.641  -1.579   2.371   0.588  -1.012   0.255
   0.576  -1.270  -0.768   0.660   0.443   0.519   0.613   0.677   1.157   1.507
   1.105  -0.798   1.078   2.165  -0.474   1.098   0.876  -1.636   0.420   0.626
  -0.932   2.034   1.099   0.979  -0.693   2.269   1.361  -0.547   0.476   1.089
  -1.867  -0.470   0.690  -1.927   1.108   1.433  -3.201   0.679   2.397  -3.505
   2.178   1.550  -3.190   0.861   0.704  -3.921
  -3.767   2.055   1.379  -3.314   1.193   0.813  -3.758   1.096  -0.165  -3.497
   0.241   1.308  -1.758   1.378   0.746  -1.261   2.426   1.201  -0.930   0.355
   0.475  -1.290  -0.495   0.068   0.521   0.342   0.629   0.589   0.987   1.498
   1.186  -0.944   1.188   2.121  -0.715   1.629   1.362  -1.660   0.386   0.549
  -1.373   1.947   1.170   0.993  -0.597   2.389   1.114  -0.570   0.371   1.359
  -1.628  -0.609   1.165  -1.516   0.802   1.997  -2.851  -0.034   2.475  -3.222
   1.624   2.737  -2.678   1.051   1.310  -3.601
  -3.854   1.877   0.473  -3.240   1.077   0.934  -3.385   0.235   0.270  -3.629
   0.872   1.933  -1.712   1.452   0.837  -1.471   2.615   1.081  -0.793   0.563
   0.413  -1.035  -0.388   0.209   0.687   0.788   0.319   0.930   1.630   0.985
   1.345  -0.481   0.767   2.429  -0.374   0.719   1.087  -1.263   0.054   0.896
  -0.789   1.768   1.185   1.173  -1.034   2.355   1.459  -1.104   0.336   1.230
  -2.016  -0.647   1.154  -1.824   0.703   1.645  -3.425   0.377   0.835  -4.066
   0.144   2.525  -3.717   1.708   1.932  -3.509
  -3.511   0.568   1.522  -3.275   1.223   0.685  -3.792   2.162   0.644  -3.378
   0.670  -0.312  -1.820   1.521   0.722  -1.500   2.694   0.797  -0.972   0.477
   0.470  -1.366  -0.452   0.419   0.523   0.423   0.438   0.749   1.130   1.218
   1.072  -0.932   0.770   1.993  -0.998   1.334   1.116  -1.579  -0.052   0.318
  -1.352   1.421   1.185   1.055  -0.846   2.407   1.217  -0.852   0.308   1.339
  -1.864  -0.716   1.126  -1.713   0.740   1.866  -3.130   0.203   1.355  -3.936
   0.472   2.988  -3.216   1.775   1.706  -3.298
  -3.502   2.201   1.808  -3.180   1.584   0.976  -3.341   1.954   0.027  -3.700
   0.691   0.974  -1.690   1.498   0.792  -1.040   2.530   0.839  -1.131   0.342
   0.674  -1.630  -0.510   0.474   0.362   0.184   0.632   0.810   0.670   1.482
   0.522  -1.354   0.762   1.550  -1.672   0.557   0.078  -1.962  -0.047   0.166
  -1.665   1.691   1.012   0.766  -0.676   2.213   1.048  -0.638   0.187   0.920
  -1.755  -0.736   0.479  -1.615   0.453   1.717  -2.916  -0.086   1.384  -3.896
   0.131   2.709  -2.703   1.506   1.726  -3.286
  -3.199   1.127   1.850  -2.967   1.729   1.020  -3.325   2.774   1.073  -3.330
   1.373   0.098  -1.418   1.594   1.018  -0.706   2.586   1.261  -0.846   0.402
   0.764  -1.425  -0.433   0.836   0.625   0.256   0.826   1.027   0.750   1.724
   1.000  -1.208   0.790   2.115  -1.294   0.926   0.833  -1.711  -0.163   0.328
  -1.683   1.504   1.317   0.940  -0.384   2.470   1.412  -0.220   0.592   1.078
  -1.429  -0.401   0.796  -1.248   0.912   1.722  -2.687  -0.064   1.703  -3.330
   1.148   2.742  -2.443   1.716   1.267  -3.171
  -3.246   1.502   2.399  -3.112   1.980   1.455  -3.423   3.020   1.531  -3.663
   1.470   0.617  -1.618   1.977   1.179  -1.112   3.053   1.106  -0.984   0.817
   0.888  -1.615  -0.021   0.800   0.478   0.726   0.757   0.867   1.522   1.420
   1.063  -0.668   1.010   2.139  -0.709   0.905   0.590  -1.183   0.179   0.751
  -1.001   2.007   1.051   1.168  -0.603   2.279   1.395  -0.733   0.317   1.177
  -1.707  -0.639   0.915  -1.642   0.750   1.784  -3.000  -0.129   1.814  -3.733
   1.140   2.738  -2.857   1.456   1.239  -3.532
  -2.821   1.763   2.646  -2.902   2.032   1.552  -3.306   3.021   1.518  -3.578
   1.372   0.968  -1.544   2.038   1.003  -0.950   3.149   0.794  -0.871   0.879
   0.910  -1.369   0.021   1.200   0.616   0.818   0.696   1.080   1.427   1.462
   0.980  -0.629   0.998   2.069  -0.651   1.206   0.633  -1.220   0.121   0.485
  -0.945   1.900   1.066   1.372  -0.649   2.254   1.604  -0.820   0.264   1.542
  -1.669  -0.683   1.419  -1.485   0.660   1.980  -2.964  -0.103   2.403  -3.631
   1.576   2.557  -2.878   0.951   1.065  -3.511
  -3.059   1.346   2.245  -2.831   1.943   1.370  -3.279   2.957   1.592  -3.364
   1.408   0.558  -1.319   1.931   1.100  -0.622   2.957   0.848  -0.791   0.716
   0.950  -1.403  -0.099   1.077   0.623   0.475   0.720   1.153   0.954   1.598
   0.742  -1.114   0.926   1.783  -1.411   0.946   0.302  -1.581   0.022   0.295
  -1.480   1.858   1.202   0.796  -0.685   2.386   0.887  -0.848   0.294   1.092
  -1.691  -0.677   1.089  -1.500   0.603   1.835  -2.958   1.201   1.193  -3.647
  -0.323   2.215  -3.502   1.248   2.686  -2.634
  -3.012   0.475   1.843  -2.886   1.458   1.383  -3.333   2.252   1.930  -3.387
   1.467   0.491  -1.439   1.709   1.080  -0.977   2.851   1.177  -0.756   0.641
   0.766  -1.264  -0.218   0.679   0.600   0.545   0.471   1.207   0.985   1.326
   0.875  -1.019   0.523   1.957  -1.307   0.469   0.259  -1.530  -0.213   0.486
  -1.440   1.473   1.081   1.138  -0.820   2.233   1.500  -0.950   0.133   1.363
  -1.739  -0.782   0.964  -1.547   0.362   1.803  -3.138   1.293   1.465  -3.537
  -0.421   1.482  -3.769   0.353   2.927  -3.206
  -3.227   1.582   2.132  -2.924   2.117   1.273  -3.112   3.117   1.495  -3.523
   1.818   0.417  -1.446   1.788   1.029  -0.710   2.733   1.125  -1.049   0.541
   0.791  -1.661  -0.277   1.129   0.308   0.149   0.290   0.996   0.394   1.108
   0.292  -1.386   0.062   1.305  -1.669  -0.259  -0.481  -1.591  -0.750  -0.071
  -1.899   0.944   0.830   0.838  -1.039   1.917   1.396  -1.127  -0.009   0.979
  -2.046  -0.999   0.770  -1.936   0.315   1.569  -3.364   0.965   0.950  -4.038
  -0.557   1.798  -3.940   0.836   2.509  -3.164
  -3.305   0.594   1.805  -2.989   1.526   1.552  -3.074   2.192   2.406  -3.539
   1.901   0.703  -1.600   1.373   0.968  -0.909   2.372   0.901  -1.165   0.156
   0.732  -1.773  -0.709   0.830   0.164  -0.147   0.308   0.839   0.125   1.092
   0.326  -1.672   0.183   1.402  -2.009   0.209  -0.125  -2.095  -0.705  -0.164
  -2.250   0.982   0.640   0.585  -0.960   1.764   0.960  -1.014  -0.276   0.959
  -1.897  -1.176   0.722  -1.696   0.067   1.449  -3.257   1.115   1.140  -3.533
  -0.593   1.036  -3.959  -0.160   2.503  -3.387
  -3.353   0.702   2.051  -2.935   1.684   1.849  -2.920   2.418   2.656  -3.403
   2.208   1.025  -1.495   1.489   1.450  -0.584   2.295   1.550  -1.253   0.275
   0.828  -2.043  -0.370   0.591   0.115  -0.076   0.354   0.803   0.419   1.054
   0.212  -1.646   0.311   1.202  -2.059   0.029  -0.451  -2.081  -0.446  -0.004
  -2.107   1.261   0.526   0.534  -0.952   1.624   1.098  -1.042  -0.432   0.801
  -1.842  -1.404   0.528  -1.603  -0.238   1.408  -3.137   0.814   1.571  -3.389
  -0.840   0.781  -3.879  -0.781   2.343  -3.228
  -3.195   0.839   2.704  -2.879   1.544   1.919  -3.117   2.522   2.227  -3.552
   1.508   0.997  -1.453   1.253   1.499  -0.569   2.077   1.769  -1.212   0.129
   0.796  -1.984  -0.525   0.613   0.097  -0.226   0.285   0.948   0.124   0.917
   0.238  -1.710   0.335   1.312  -1.961   0.325  -0.210  -2.210  -0.556  -0.247
  -2.111   1.173   0.367   0.404  -1.161   1.525   0.545  -1.456  -0.592   0.936
  -1.936  -1.534   0.824  -1.545  -0.419   1.784  -3.170   0.658   1.776  -3.597
  -1.080   1.336  -3.949  -0.613   2.790  -2.876
  -3.513   0.356   2.479  -3.252   1.264   1.932  -3.339   2.056   2.660  -3.973
   1.433   1.186  -1.913   1.189   1.263  -1.071   2.054   1.309  -1.603   0.053
   0.670  -2.351  -0.617   0.720  -0.274  -0.370   0.087   0.578  -0.146   0.813
  -0.479  -1.862  -0.133   0.406  -2.393  -0.527  -1.313  -2.019  -0.803  -0.659
  -2.298   0.811   0.025   0.290  -1.338   1.221   0.589  -1.615  -0.979   0.706
  -2.111  -1.882   0.555  -1.705  -0.992   1.247  -3.460  -0.054   1.102  -4.002
  -1.802   0.796  -4.089  -1.144   2.340  -3.479
