default_name                                                                    
   22  0.5400000E+03
  -4.9841509  -2.1701994  -3.1495440  -5.3400192  -2.0251399  -2.1303244
  -5.9281096  -2.8896438  -1.8239948  -5.9593060  -1.1301827  -2.0857207
  -4.1569112  -1.8601062  -1.2033639  -3.9970323  -2.6440416  -0.2700159
  -3.3287410  -0.8477543  -1.4710381  -3.5663739  -0.2707412  -2.2651565
  -2.1182220  -0.4656582  -0.7198745  -1.6524317   0.3315838  -1.3012754
  -2.5325790   0.1699104   0.6172474  -1.6617248   0.6120930   1.1025446
  -2.9593726  -0.5864651   1.2766409  -3.2702989   0.9544157   0.4435585
  -1.0056287  -1.5432686  -0.5812356   0.0002460  -1.3074261   0.0966983
  -1.1438315  -2.7061111  -1.2343008  -2.0041469  -2.8435725  -1.7450180
  -0.1239321  -3.7517896  -1.3275975   0.8229147  -3.3246534  -1.6649492
   0.0254589  -4.2169120  -0.3513439  -0.4367971  -4.5173295  -2.0402334
   0.0004985   0.0006085  -0.0001498   0.0001497   0.0007012  -0.0002839
  -0.0002050   0.0008865  -0.0004998   0.0004005   0.0008813  -0.0005412
  -0.0001576   0.0004077   0.0001501  -0.0007221   0.0003742   0.0002211
   0.0002040   0.0001804   0.0004381   0.0006381   0.0002160   0.0003341
   0.0000485  -0.0000231   0.0007868   0.0002651   0.0000323   0.0010273
  -0.0002316  -0.0001945   0.0007804  -0.0003160  -0.0003557   0.0010796
  -0.0004878  -0.0002530   0.0005448  -0.0001214  -0.0000955   0.0006894
  -0.0000333  -0.0000807   0.0009907   0.0003890   0.0003908   0.0002064
  -0.0005149  -0.0005855   0.0020265  -0.0008590  -0.0009841   0.0026868
  -0.0007528  -0.0008612   0.0024927  -0.0008246  -0.0013131   0.0016461
  -0.0003802   0.0000019   0.0028595  -0.0012007  -0.0014088   0.0033170
