default_name                                                                    
   22  0.5400000E+03
   5.1771432   2.0700813   3.5229550   4.1988600   2.0022656   3.9971758
   3.6222836   2.8980968   3.7700167   4.3235176   1.9135155   5.0758637
   3.4699430   0.7880046   3.4675384   3.1154016  -0.0992271   4.2402023
   3.2424953   0.7611089   2.1525950   3.5846911   1.5520232   1.6259647
   2.5608544  -0.2921660   1.3754129   2.4842810   0.0986976   0.3595154
   3.4716111  -1.5259960   1.2858092   4.4632097  -1.2318944   0.9393030
   3.0533512  -2.2431678   0.5785336   3.5573052  -2.0015273   2.2633202
   1.0950728  -0.6334336   1.7674168   0.4595238  -1.4617167   1.1065688
   0.5287910   0.0061075   2.8001515   1.1206832   0.6331508   3.3263840
  -0.8752553  -0.0986974   3.2012065  -1.5262711   0.0529007   2.3375429
  -1.0709334  -1.0863311   3.6231203  -1.1072608   0.6590182   3.9521250
   0.0001520  -0.0000488  -0.0003505   0.0001350  -0.0000596  -0.0003373
  -0.0000067  -0.0002304  -0.0006140   0.0001502   0.0003077  -0.0003105
   0.0003303  -0.0003332   0.0000258   0.0003893  -0.0001119   0.0003188
   0.0004130  -0.0007988   0.0000236   0.0003383  -0.0008826  -0.0001952
   0.0006294  -0.0010924   0.0002277   0.0008652  -0.0014771   0.0000531
   0.0006993  -0.0010914   0.0009036   0.0007656  -0.0011954   0.0009912
   0.0008573  -0.0013478   0.0011131   0.0005131  -0.0007022   0.0011298
   0.0005806  -0.0011176  -0.0000292   0.0003375  -0.0002009  -0.0009388
   0.0007732  -0.0021082   0.0006880   0.0010347  -0.0030392   0.0015390
   0.0007954  -0.0023117   0.0007154   0.0007355  -0.0011913   0.0009451
   0.0006737  -0.0027595  -0.0003928   0.0010120  -0.0031295   0.0016109
