default_name                                                                    
  -2.474   1.967  -0.277  -2.816   0.992  -0.046  -2.818   0.308  -0.931  -3.757
   1.043   0.522  -1.808   0.383   0.852  -2.074   0.065   2.000  -0.676   0.161
   0.263  -0.627   0.410  -0.695   0.552  -0.449   0.829   0.199  -1.185   1.585
   1.372  -1.094  -0.288   0.886  -1.923  -0.749   2.271  -1.422   0.105   1.513
  -0.320  -1.034   1.473   0.629   1.582   2.439   0.258   2.235   1.121   1.919
   1.552   0.319   2.154   1.017   1.677   3.003   2.442   2.786   3.109   2.253
   1.258   3.992   2.258   1.482   2.824   3.447
  -2.977   1.584  -0.450  -2.918   0.482  -0.212  -2.657  -0.097  -1.097  -3.959
   0.167   0.002  -1.981   0.120   0.881  -2.375  -0.114   1.985  -0.754  -0.176
   0.504  -0.573  -0.147  -0.437   0.318  -0.731   1.399  -0.206  -1.306   2.151
   1.077  -1.821   0.595   0.401  -2.626   0.200   1.784  -2.262   1.298   1.681
  -1.338  -0.154   1.227   0.340   1.972   2.262   0.004   2.567   0.832   1.610
   1.869   0.032   1.753   1.320   1.583   2.716   2.414   1.503   2.865   3.502
   2.607   2.715   2.120   1.305   3.624   1.857
  -2.464   0.933  -0.959  -2.742   0.035  -0.391  -2.772  -0.781  -1.084  -3.772
   0.086   0.057  -1.800  -0.224   0.725  -2.067  -0.037   1.910  -0.599  -0.599
   0.303  -0.483  -0.813  -0.653   0.503  -0.948   1.193   0.124  -1.429   2.053
   1.460  -1.937   0.466   0.817  -2.781   0.231   2.274  -2.263   1.067   1.833
  -1.442  -0.442   1.224   0.247   1.821   2.213   0.122   2.547   0.791   1.456
   1.432  -0.106   1.409   0.915   1.283   2.748   1.987   0.964   2.851   3.026
   2.414   2.721   1.980   0.748   3.572   1.414
  -2.655  -0.266  -1.130  -2.901  -0.674  -0.163  -2.960  -1.761  -0.290  -3.803
  -0.260   0.211  -1.771  -0.385   0.806  -2.066   0.445   1.686  -0.652  -1.028
   0.582  -0.624  -1.653  -0.254   0.447  -1.152   1.489   0.041  -1.537   2.442
   1.358  -2.235   0.915   0.895  -3.190   0.784   2.238  -2.384   1.562   1.771
  -1.843  -0.019   1.169   0.210   1.844   1.926   0.258   2.823   1.085   1.249
   0.970   0.595   1.103   0.114   2.027   2.378   0.956   2.488   2.617   2.011
   2.735   2.123   0.161   1.578   3.328   0.636
  -2.284   0.861  -0.912  -2.718  -0.030  -0.442  -2.645  -0.884  -1.192  -3.754
   0.174  -0.203  -1.892  -0.355   0.749  -2.244   0.058   1.851  -0.712  -0.976
   0.561  -0.528  -1.359  -0.344   0.271  -1.145   1.636  -0.313  -1.405   2.511
   1.056  -2.363   1.276   0.371  -3.219   1.246   1.759  -2.574   2.088   1.657
  -2.261   0.402   1.205   0.083   1.890   1.952   0.064   2.869   1.182   1.075
   1.019   0.572   0.943   0.226   1.833   2.385   1.192   1.855   2.609   2.256
   2.774   2.401   0.720   1.249   3.219   0.742
  -2.385   0.249  -0.925  -2.810  -0.068   0.000  -3.306  -1.009  -0.148  -3.511
   0.734   0.294  -1.693  -0.192   0.993  -1.772   0.420   2.072  -0.606  -0.898
   0.621  -0.626  -1.422  -0.237   0.467  -1.280   1.543   0.030  -1.492   2.487
   1.113  -2.603   0.975   0.346  -3.367   0.975   1.950  -2.927   1.630   1.528
  -2.451  -0.005   1.525  -0.176   1.796   2.372  -0.318   2.677   1.413   0.888
   0.973   0.730   0.862   0.244   2.384   1.946   0.804   2.334   2.610   1.693
   3.402   1.581   0.640   1.968   2.499  -0.059
  -2.454   0.296  -0.984  -2.764  -0.309  -0.135  -3.034  -1.295  -0.511  -3.585
   0.150   0.321  -1.626  -0.428   0.886  -1.670   0.117   1.962  -0.598  -1.197
   0.549  -0.619  -1.507  -0.412   0.571  -1.516   1.399   0.153  -1.740   2.379
   1.286  -2.809   0.917   0.507  -3.587   0.808   2.049  -3.098   1.657   1.751
  -2.622  -0.079   1.472  -0.304   1.644   2.123  -0.262   2.699   1.473   0.673
   0.706   0.887   0.544  -0.113   2.222   1.902   0.815   2.092   2.308   1.828
   3.319   1.700   0.675   1.896   2.709   0.131
  -2.722   0.531  -0.640  -2.830  -0.355  -0.017  -2.835  -1.253  -0.623  -3.777
  -0.307   0.479  -1.724  -0.481   0.990  -1.816   0.113   2.081  -0.728  -1.286
   0.611  -0.773  -1.790  -0.267   0.475  -1.606   1.446   0.071  -1.819   2.450
   1.089  -2.926   0.912   0.280  -3.627   0.688   1.797  -3.293   1.696   1.685
  -2.713   0.050   1.470  -0.462   1.633   2.366  -0.457   2.508   1.314   0.564
   0.781   0.565   0.519   0.139   2.145   1.779   0.772   1.652   2.583   1.368
   3.141   1.596   1.116   2.220   2.078  -0.283
  -2.393  -0.017  -1.015  -2.746  -0.529  -0.129  -3.194  -1.507  -0.391  -3.523
   0.048   0.372  -1.630  -0.718   0.877  -1.654  -0.170   1.973  -0.581  -1.476
   0.492  -0.627  -1.855  -0.454   0.587  -1.676   1.327   0.246  -1.958   2.324
   1.360  -2.865   0.739   0.719  -3.729   0.715   2.199  -3.087   1.397   1.759
  -2.606  -0.225   1.458  -0.411   1.464   2.217  -0.337   2.459   1.389   0.551
   0.536   0.768   0.393  -0.247   2.137   1.773   0.556   1.748   2.432   1.307
   3.189   1.567   0.807   2.013   2.310  -0.393
  -2.420  -0.306  -1.094  -2.778  -0.578  -0.109  -3.241  -1.560  -0.143  -3.541
   0.105   0.232  -1.633  -0.605   0.890  -1.680   0.065   1.927  -0.616  -1.402
   0.536  -0.708  -1.963  -0.276   0.597  -1.551   1.320   0.268  -1.705   2.336
   1.313  -2.830   0.855   0.624  -3.682   0.743   2.036  -3.084   1.609   1.831
  -2.642  -0.082   1.581  -0.352   1.352   2.382  -0.278   2.287   1.459   0.610
   0.432   0.777   0.495  -0.297   2.195   1.884   0.467   1.724   2.626   1.111
   3.214   1.765   0.812   2.263   2.272  -0.559
  -2.445  -0.143  -1.171  -2.805  -0.427  -0.183  -3.254  -1.418  -0.232  -3.549
   0.293   0.156  -1.644  -0.453   0.786  -1.661   0.263   1.786  -0.636  -1.275
   0.493  -0.709  -1.831  -0.347   0.545  -1.476   1.347   0.204  -1.637   2.371
   1.247  -2.757   0.875   0.557  -3.601   0.927   2.102  -2.966   1.519   1.597
  -2.637  -0.151   1.530  -0.281   1.378   2.365  -0.195   2.285   1.444   0.642
   0.408   0.736   0.503  -0.299   2.296   1.827   0.301   2.061   2.529   1.104
   3.347   1.541   0.379   2.136   2.319  -0.660
  -2.401  -0.074  -1.179  -2.782  -0.389  -0.208  -3.223  -1.381  -0.295  -3.538
   0.317   0.132  -1.643  -0.433   0.786  -1.674   0.269   1.795  -0.635  -1.257
   0.498  -0.702  -1.805  -0.347   0.542  -1.459   1.354   0.199  -1.618   2.378
   1.243  -2.742   0.885   0.547  -3.581   0.921   2.087  -2.960   1.540   1.609
  -2.618  -0.136   1.527  -0.264   1.383   2.368  -0.180   2.284   1.438   0.659
   0.413   0.725   0.519  -0.289   2.288   1.845   0.299   2.152   2.489   1.170
   3.338   1.549   0.238   2.028   2.408  -0.600
