default_name                                                                    
  -2.041  -5.709   1.755  -2.295  -5.004   0.977  -3.379  -4.764   1.272  -2.262
  -5.389  -0.065  -1.441  -3.762   1.092  -1.867  -2.740   1.645  -0.220  -3.738
   0.517   0.231  -4.623   0.320   0.685  -2.577   0.508   0.947  -2.256   1.557
   2.040  -3.111  -0.067   1.879  -3.468  -1.064   2.367  -3.822   0.662   2.716
  -2.325  -0.151   0.134  -1.365  -0.404   0.812  -0.339  -0.530  -0.998  -1.539
  -1.036  -1.464  -2.422  -1.057  -1.710  -0.494  -1.774  -1.905   0.319  -1.087
  -1.140  -0.054  -2.584  -2.509  -0.942  -2.305
  -2.810  -5.393   2.185  -2.734  -4.932   1.184  -3.686  -4.461   0.957  -2.518
  -5.681   0.464  -1.597  -3.875   1.188  -1.722  -2.930   1.983  -0.528  -3.945
   0.365  -0.519  -4.732  -0.240   0.474  -2.843   0.352   0.826  -2.666   1.356
   1.723  -3.254  -0.544   1.600  -3.062  -1.595   2.016  -4.288  -0.364   2.539
  -2.583  -0.200  -0.167  -1.577  -0.350   0.398  -0.436  -0.295  -1.198  -1.692
  -1.170  -1.641  -2.580  -1.422  -1.673  -0.612  -2.072  -2.222   0.173  -1.573
  -0.879  -0.191  -2.643  -2.448  -1.024  -2.815
  -2.764  -4.948   2.376  -2.348  -5.064   1.391  -3.200  -5.125   0.697  -1.688
  -5.920   1.360  -1.524  -3.854   1.123  -1.857  -2.782   1.634  -0.398  -4.005
   0.430  -0.274  -4.909   0.104   0.616  -2.907   0.317   0.770  -2.569   1.390
   1.875  -3.469  -0.298   1.665  -3.965  -1.278   2.367  -4.226   0.408   2.560
  -2.680  -0.485   0.149  -1.739  -0.580   0.643  -0.650  -0.344  -0.727  -2.051
  -1.559  -1.024  -3.022  -1.636  -1.313  -1.051  -2.428  -2.407  -1.262  -2.529
  -1.167  -0.056  -2.057  -0.856  -1.068  -3.411
  -1.347  -6.085   2.292  -2.012  -5.468   1.699  -2.927  -5.389   2.297  -2.293
  -6.047   0.771  -1.365  -4.140   1.474  -1.868  -3.145   1.995  -0.306  -4.183
   0.703  -0.187  -4.994   0.138   0.628  -3.082   0.379   0.935  -2.595   1.284
   1.869  -3.615  -0.330   1.621  -4.016  -1.257   2.165  -4.498   0.288   2.638
  -2.854  -0.475  -0.057  -2.032  -0.476   0.295  -0.847  -0.367  -1.012  -2.390
  -1.364  -1.119  -3.387  -1.466  -1.780  -1.508  -2.260  -2.558  -2.110  -2.796
  -2.356  -0.772  -1.656  -1.100  -1.044  -2.999
  -1.264  -6.240   2.651  -1.940  -5.648   2.021  -2.835  -5.351   2.523  -2.218
  -6.182   1.092  -1.251  -4.369   1.612  -1.754  -3.341   2.011  -0.125  -4.334
   0.861   0.183  -5.240   0.508   0.707  -3.131   0.557   1.017  -2.689   1.494
   1.950  -3.638  -0.190   1.676  -4.093  -1.158   2.472  -4.360   0.398   2.737
  -2.824  -0.385  -0.026  -2.107  -0.356   0.229  -0.911  -0.225  -0.922  -2.558
  -1.238  -1.110  -3.541  -1.135  -1.754  -1.798  -2.176  -2.446  -2.441  -2.663
  -2.289  -0.983  -1.633  -1.097  -1.397  -2.890
  -1.207  -6.471   1.626  -1.871  -5.646   1.825  -2.170  -5.700   2.882  -2.674
  -5.813   1.140  -1.217  -4.288   1.522  -1.682  -3.227   1.955  -0.043  -4.288
   0.806   0.316  -5.163   0.483   0.685  -3.068   0.513   0.575  -2.436   1.457
   2.168  -3.306   0.352   2.294  -3.923  -0.493   2.522  -3.782   1.300   2.652
  -2.316   0.305   0.087  -2.187  -0.584   0.541  -1.010  -0.739  -0.846  -2.700
  -1.409  -1.051  -3.691  -1.234  -1.539  -2.028  -2.530  -2.294  -2.723  -2.913
  -2.010  -1.097  -2.232  -0.763  -1.881  -3.282
  -1.445  -6.214   2.352  -2.038  -5.721   1.565  -3.108  -5.661   1.840  -1.985
  -6.291   0.611  -1.498  -4.286   1.340  -2.067  -3.341   1.807  -0.286  -4.127
   0.761   0.158  -4.975   0.438   0.440  -2.873   0.519   0.334  -2.248   1.409
   1.942  -3.152   0.330   2.082  -3.811  -0.549   2.270  -3.625   1.245   2.472
  -2.165   0.137  -0.188  -1.995  -0.632   0.062  -0.775  -0.639  -1.021  -2.547
  -1.514  -1.203  -3.517  -1.487  -1.805  -1.745  -2.518  -2.398  -2.358  -3.206
  -2.496  -1.109  -2.049  -1.148  -1.107  -3.088
  -1.135  -6.333   2.238  -1.786  -5.757   1.546  -2.784  -5.693   1.980  -1.832
  -6.224   0.565  -1.277  -4.365   1.388  -1.959  -3.409   1.787  -0.099  -4.259
   0.764   0.329  -5.115   0.513   0.624  -2.994   0.509   0.578  -2.445   1.460
   2.069  -3.339   0.108   2.035  -4.053  -0.710   2.565  -3.852   0.908   2.611
  -2.401  -0.111   0.032  -2.048  -0.591   0.352  -0.864  -0.591  -0.873  -2.565
  -1.421  -1.102  -3.548  -1.342  -1.615  -1.821  -2.378  -2.222  -2.437  -3.013
  -2.290  -1.141  -1.804  -0.936  -1.151  -2.923
  -0.606  -6.368   2.090  -1.444  -5.812   1.697  -2.255  -5.854   2.402  -1.766
  -6.209   0.735  -0.991  -4.374   1.522  -1.609  -3.461   2.046   0.136  -4.194
   0.885   0.622  -4.983   0.491   0.720  -2.854   0.631   0.675  -2.266   1.546
   2.226  -3.071   0.305   2.359  -3.652  -0.625   2.721  -3.588   1.131   2.735
  -2.112   0.151  -0.001  -2.047  -0.503   0.169  -0.836  -0.639  -0.784  -2.737
  -1.319  -0.848  -3.707  -1.131  -1.589  -2.197  -2.416  -1.948  -3.023  -3.029
  -2.451  -1.676  -2.010  -0.980  -1.563  -3.078
  -0.706  -6.537   2.155  -1.444  -6.005   1.554  -2.407  -6.053   2.060  -1.527
  -6.434   0.528  -1.047  -4.530   1.434  -1.772  -3.670   1.949   0.072  -4.270
   0.769   0.600  -5.069   0.382   0.671  -2.945   0.608   0.513  -2.417   1.553
   2.194  -3.113   0.385   2.359  -3.725  -0.507   2.662  -3.567   1.227   2.677
  -2.161   0.197  -0.039  -2.053  -0.445   0.314  -0.880  -0.597  -0.927  -2.609
  -1.273  -1.100  -3.607  -1.145  -1.669  -1.910  -2.334  -2.562  -2.519  -2.604
  -2.027  -0.945  -1.960  -1.015  -1.785  -3.212
  -0.637  -6.614   1.924  -1.376  -6.002   1.409  -2.333  -6.079   1.923  -1.483
  -6.351   0.383  -0.915  -4.562   1.408  -1.580  -3.699   1.977   0.225  -4.298
   0.767   0.716  -5.070   0.339   0.831  -2.961   0.670   0.735  -2.473   1.641
   2.332  -3.136   0.392   2.481  -3.607  -0.581   2.784  -3.756   1.167   2.822
  -2.162   0.396   0.167  -2.022  -0.372   0.430  -0.815  -0.377  -0.679  -2.559
  -1.265  -0.833  -3.555  -1.202  -1.414  -1.822  -2.293  -2.083  -2.497  -2.831
  -2.010  -1.032  -1.832  -0.718  -1.372  -3.003
  -0.653  -6.588   1.942  -1.389  -5.984   1.414  -2.348  -6.050   1.926  -1.495
  -6.351   0.394  -0.926  -4.545   1.383  -1.620  -3.661   1.884   0.246  -4.313
   0.789   0.751  -5.105   0.418   0.869  -2.988   0.675   0.812  -2.500   1.650
   2.351  -3.187   0.336   2.453  -3.664  -0.640   2.825  -3.810   1.096   2.855
  -2.220   0.314   0.181  -2.042  -0.342   0.400  -0.827  -0.304  -0.645  -2.578
  -1.253  -0.772  -3.580  -1.223  -1.385  -1.826  -2.268  -2.016  -2.502  -2.850
  -2.020  -1.076  -1.792  -0.690  -1.324  -2.943
