default_name                                                                    
  -3.483   0.892  -1.046  -2.937   1.045  -0.075  -3.557   0.817   0.791  -2.484
   2.035   0.109  -1.667   0.187  -0.192  -0.919   0.218  -1.184  -1.515  -0.559
   0.858  -2.305  -0.533   1.534  -0.217  -1.172   1.245  -0.353  -1.478   2.273
   0.052  -2.508   0.516  -0.840  -3.149   0.431   0.770  -3.126   1.098   0.386
  -2.314  -0.514   0.985  -0.168   1.445   1.059   0.519   2.438   1.865  -0.049
   0.412   1.685  -0.556  -0.407   2.914   0.914   0.369   3.780   0.506   0.941
   3.289   1.108  -0.641   2.527   1.909   0.723
  -3.474   1.629  -0.810  -3.447   0.889   0.031  -4.130   0.074  -0.172  -3.713
   1.281   0.957  -2.084   0.246   0.032  -1.366   0.362  -0.979  -1.695  -0.429
   1.126  -2.334  -0.541   1.896  -0.372  -1.024   1.336  -0.363  -1.478   2.371
  -0.106  -2.325   0.466  -0.687  -3.148   0.844   0.972  -2.578   0.609  -0.337
  -2.133  -0.569   0.788   0.030   1.299   0.899   0.739   2.257   1.567   0.059
   0.256   1.362  -0.635  -0.486   2.690   1.008   0.083   3.115   1.302   1.079
   3.513   0.481  -0.504   2.370   1.869  -0.522
  -3.846   2.067  -0.360  -3.674   1.064   0.071  -4.286   0.265  -0.453  -4.053
   1.162   1.099  -2.256   0.637   0.079  -1.528   0.931  -0.872  -1.992  -0.152
   1.144  -2.758  -0.380   1.784  -0.743  -0.782   1.531  -0.799  -1.080   2.565
  -0.615  -2.118   0.755  -1.560  -2.586   0.933   0.215  -2.689   1.136  -0.384
  -1.958  -0.287   0.534   0.098   1.489   0.912   0.608   2.554   1.210   0.197
   0.366   0.779  -0.375  -0.333   2.468   0.906   0.114   3.261   0.376   0.711
   2.741   0.898  -0.928   2.452   1.947   0.439
  -3.919   1.287  -1.117  -3.745   0.766  -0.169  -4.485  -0.048  -0.090  -3.860
   1.541   0.609  -2.336   0.255  -0.151  -1.466   0.638  -0.961  -2.122  -0.585
   0.823  -2.949  -0.741   1.306  -0.839  -1.161   1.195  -0.962  -1.576   2.167
  -0.570  -2.330   0.310  -1.300  -3.088   0.452   0.371  -2.819   0.591  -0.569
  -2.034  -0.776   0.384  -0.217   1.307   0.622   0.421   2.354   1.289  -0.205
   0.317   1.176  -0.788  -0.463   2.452   0.623   0.326   3.145   0.034   0.903
   2.798   0.780  -0.758   2.467   1.562   0.867
  -4.070   1.296  -0.985  -4.006   0.781  -0.008  -4.698  -0.113   0.027  -4.284
   1.524   0.749  -2.574   0.283   0.176  -1.748   0.650  -0.661  -2.265  -0.359
   1.254  -2.969  -0.581   1.958  -0.966  -0.909   1.538  -1.082  -1.276   2.533
  -0.666  -2.196   0.616  -1.238  -3.005   0.938   0.365  -2.475   0.684  -0.978
  -1.911  -0.419   0.171   0.120   1.633   0.240   0.829   2.646   1.006   0.222
   0.573   0.940  -0.390  -0.224   2.242   0.941   0.602   2.991   0.483   1.235
   2.664   1.023  -0.403   2.090   1.956   1.006
  -4.006   0.759  -1.396  -3.848   0.492  -0.371  -4.418  -0.368  -0.151  -4.115
   1.257   0.338  -2.373   0.156  -0.144  -1.551   0.449  -1.027  -2.078  -0.524
   0.928  -2.831  -0.729   1.606  -0.759  -0.998   1.374  -0.990  -1.345   2.397
  -0.397  -2.228   0.497  -1.181  -2.934   0.607   0.572  -2.648   0.841  -0.250
  -1.999  -0.503   0.317   0.105   1.463   0.422   0.802   2.473   1.261   0.183
   0.481   1.156  -0.428  -0.341   2.456   1.084   0.410   2.894   1.215   1.438
   3.226   0.602  -0.157   2.175   2.022  -0.095
  -3.745   0.849  -1.754  -3.625   0.644  -0.702  -4.266  -0.222  -0.400  -4.023
   1.561  -0.186  -2.208   0.340  -0.352  -1.305   0.655  -1.148  -2.016  -0.394
   0.721  -2.859  -0.581   1.245  -0.753  -1.063   1.191  -0.967  -1.429   2.187
  -0.437  -2.291   0.332  -1.239  -3.031   0.297   0.449  -2.809   0.728  -0.234
  -2.021  -0.676   0.366  -0.017   1.391   0.472   0.546   2.495   1.232   0.221
   0.366   1.105  -0.188  -0.525   2.380   1.091   0.562   3.099   0.657   1.264
   2.872   1.170  -0.432   2.106   2.095   0.868
  -3.977   1.487  -1.629  -3.956   0.629  -0.952  -4.537  -0.163  -1.437  -4.427
   0.915   0.006  -2.533   0.144  -0.726  -1.663   0.479  -1.517  -2.326  -0.488
   0.439  -3.149  -0.633   1.035  -1.041  -1.007   0.909  -1.236  -1.390   1.895
  -0.746  -2.293   0.118  -1.679  -2.888   0.116   0.100  -2.852   0.590  -0.446
  -2.027  -0.887   0.150  -0.054   1.099   0.211   0.622   2.135   1.033   0.095
   0.121   0.887  -0.359  -0.775   2.318   0.776   0.312   2.866   0.259   1.088
   2.926   0.747  -0.616   2.122   1.781   0.596
  -3.986   1.115  -2.159  -3.974   0.543  -1.203  -4.598  -0.362  -1.320  -4.419
   1.160  -0.421  -2.534   0.153  -0.828  -1.594   0.622  -1.441  -2.412  -0.728
   0.179  -3.281  -1.043   0.584  -1.205  -1.254   0.814  -1.506  -1.621   1.799
  -0.670  -2.446   0.041  -1.448  -3.244   0.056   0.223  -2.842   0.525  -0.448
  -2.182  -0.989  -0.139  -0.177   1.091  -0.157   0.470   2.136   0.864  -0.054
   0.203   0.828  -0.662  -0.607   1.953   0.925   0.386   2.535   0.715   1.308
   2.628   0.881  -0.471   1.517   1.924   0.485
  -4.115   1.160  -2.529  -4.077   0.492  -1.675  -4.611  -0.409  -1.913  -4.541
   1.043  -0.866  -2.639   0.118  -1.342  -1.707   0.735  -1.799  -2.516  -0.916
  -0.502  -3.376  -1.423  -0.294  -1.333  -1.381   0.197  -1.678  -1.753   1.165
  -0.774  -2.619  -0.487  -1.555  -3.353  -0.580   0.029  -3.041   0.135  -0.424
  -2.335  -1.473  -0.252  -0.333   0.559  -0.355   0.293   1.639   0.759  -0.133
  -0.304   0.752  -0.719  -1.122   1.865   0.819  -0.107   2.568   0.437   0.620
   2.345   0.903  -1.073   1.493   1.819   0.213
  -3.829   1.606  -2.783  -3.904   0.658  -2.253  -4.254  -0.115  -2.936  -4.606
   0.757  -1.427  -2.549   0.271  -1.709  -1.589   1.017  -1.881  -2.505  -0.898
  -1.069  -3.378  -1.403  -1.036  -1.393  -1.528  -0.338  -1.825  -1.954   0.569
  -0.866  -2.719  -1.154  -1.676  -3.428  -1.333  -0.074  -3.225  -0.599  -0.477
  -2.381  -2.115  -0.270  -0.583   0.158  -0.302  -0.138   1.312   0.729  -0.294
  -0.690   0.668  -0.675  -1.624   1.866   0.569  -0.366   2.392   0.186   0.510
   2.560   0.604  -1.208   1.517   1.582  -0.155
  -3.835   1.840  -2.931  -3.912   0.844  -2.495  -4.192   0.130  -3.268  -4.669
   0.847  -1.711  -2.580   0.443  -1.902  -1.633   1.224  -1.954  -2.543  -0.772
  -1.349  -3.407  -1.290  -1.398  -1.445  -1.454  -0.643  -1.881  -1.888   0.258
  -0.968  -2.640  -1.498  -1.800  -3.322  -1.679  -0.181  -3.182  -0.971  -0.585
  -2.290  -2.457  -0.280  -0.565  -0.141  -0.274  -0.155   1.025   0.712  -0.286
  -1.001   0.621  -0.639  -1.943   1.892   0.518  -0.677   2.427   0.077   0.167
   2.563   0.561  -1.537   1.591   1.533  -0.414
