default_name                                                                    
   22  0.4240000E+03
  -2.4677495  -5.6583919  -0.1057297  -2.5144280  -5.0432932   0.7744747
  -2.2486910  -5.7224610   1.6070185  -3.4980984  -4.6955623   0.8141440
  -1.6364322  -3.8803251   0.8478913  -1.9170207  -2.9570620   1.5523211
  -0.4868272  -3.9251940   0.1702649  -0.2702064  -4.8232406  -0.1800856
   0.5987091  -2.9197272   0.1322534   0.8045155  -2.5859173   1.1357753
   1.9067508  -3.5660783  -0.4111326   1.6464496  -4.1123967  -1.3346638
   2.2101911  -4.4110447   0.2260416   2.7347685  -2.8095892  -0.5166956
   0.2258856  -1.6316124  -0.6570521   0.5847212  -0.5286470  -0.3390316
  -0.5803073  -1.8583387  -1.6724297  -0.8411218  -2.7888227  -1.8959231
  -1.1909151  -0.8134530  -2.5536380  -1.8148500  -0.1523957  -1.8925224
  -0.4337103  -0.2803830  -3.1419341  -1.7977397  -1.3012540  -3.4149700
   1.6784772  -0.8158479   1.5259458  -0.0233068   0.3000334   0.2646624
   0.8114351   1.2370631  -0.5807816   1.3766945  -0.1409937  -0.8406294
  -0.2222272   0.1245779  -0.1299674   0.2042900  -0.1339756   0.2802029
  -0.0991338   0.1691224  -0.2014097   0.6968550   0.6045082   0.5266430
  -0.1314577  -0.1259297  -0.2097596   1.1862012  -0.0201996  -0.3890025
  -0.1660473  -0.2368213  -0.2840841  -1.4989967  -0.2189586  -0.1503608
  -0.2244162   1.0457299   0.3890537  -1.0623534  -0.4331974   1.1966310
  -0.1956805   0.1968788  -0.2532001   0.0755445   0.0761212   0.2231806
  -0.3603432   0.3107279   0.0458247  -1.6356013  -1.0198086   0.6431105
   0.2133497  -0.0786192   0.1457592  -0.2705928   1.0261874  -0.3919346
  -0.0803198   0.2136337   0.1074862  -0.1786879  -0.7737423   1.2351270
