default_name                                                                    
   3.735   0.936   1.331   2.764   0.527   1.561   2.383  -0.156   0.844   2.033
   1.308   1.679   2.914  -0.288   2.857   1.925  -0.501   3.570   4.146  -0.662
   3.165   4.902  -0.374   2.561   4.541  -1.490   4.365   5.594  -1.722   4.120
   4.547  -0.679   5.635   4.908  -1.309   6.465   3.535  -0.498   5.919   5.044
   0.273   5.450   3.885  -2.904   4.589   4.621  -3.895   4.529   2.616  -3.018
   5.047   2.048  -2.204   4.884   2.018  -4.320   5.493   2.841  -4.999   5.804
   1.405  -4.076   6.384   1.350  -4.788   4.718
   3.613   0.449   1.089   2.700   0.055   1.492   2.367  -0.778   0.947   1.951
   0.795   1.483   2.887  -0.327   2.957   1.970  -0.272   3.783   4.157  -0.630
   3.199   4.744  -0.669   2.364   4.728  -1.109   4.500   5.844  -1.134   4.267
   4.568  -0.031   5.643   5.138  -0.427   6.498   3.546   0.122   6.021   4.995
   0.929   5.474   4.229  -2.478   4.897   5.077  -3.372   4.962   2.937  -2.625
   5.192   2.354  -1.782   5.169   2.265  -3.917   5.569   2.338  -4.069   6.643
   1.208  -3.779   5.456   2.726  -4.785   5.033
   3.367   0.976   1.625   2.790   0.112   1.834   2.997  -0.692   1.162   1.772
   0.424   1.805   3.153  -0.341   3.186   2.317  -0.320   4.060   4.473  -0.691
   3.310   5.008  -0.651   2.442   5.195  -1.308   4.367   6.176  -1.507   3.888
   5.405  -0.335   5.575   6.139  -0.813   6.289   4.420  -0.152   6.070   5.816
   0.614   5.203   4.559  -2.694   4.742   5.291  -3.691   4.610   3.354  -2.704
   5.320   2.814  -1.888   5.209   2.794  -3.817   6.054   3.360  -4.184   6.951
   1.728  -3.549   6.314   2.644  -4.617   5.301
   4.050   0.047   1.152   3.097  -0.095   1.659   2.451  -0.930   1.314   2.599
   0.843   1.558   3.413  -0.361   3.138   2.531  -0.265   4.027   4.689  -0.730
   3.406   5.384  -0.717   2.646   5.149  -1.315   4.682   6.194  -1.655   4.416
   5.400  -0.334   5.866   6.245  -0.640   6.503   4.522  -0.167   6.443   5.630
   0.622   5.490   4.381  -2.621   5.103   4.975  -3.688   5.176   3.136  -2.510
   5.533   2.754  -1.582   5.478   2.333  -3.647   6.098   2.935  -4.626   6.088
   2.081  -3.416   7.147   1.393  -3.795   5.528
   3.679  -0.653   1.153   3.427   0.207   1.763   2.396   0.468   1.510   4.098
   1.023   1.447   3.516  -0.124   3.234   2.489  -0.078   3.894   4.746  -0.496
   3.663   5.457  -0.548   2.936   5.096  -1.201   4.935   6.193  -1.461   4.940
   4.916  -0.236   6.149   5.165  -0.712   7.070   3.905   0.128   6.196   5.594
   0.620   6.117   4.355  -2.527   5.067   4.988  -3.587   4.818   3.036  -2.537
   5.368   2.526  -1.649   5.377   2.278  -3.811   5.574   2.159  -3.982   6.654
   1.318  -3.671   5.125   2.754  -4.714   5.173
   3.760  -0.516   1.192   3.540   0.334   1.838   2.553   0.734   1.601   4.262
   1.158   1.729   3.583  -0.127   3.248   2.490  -0.197   3.909   4.788  -0.427
   3.727   5.566  -0.463   3.071   5.100  -1.025   5.036   6.149  -1.196   5.052
   4.729  -0.055   6.182   5.181  -0.340   7.154   3.683  -0.013   6.318   5.012
   0.963   5.875   4.471  -2.462   5.148   5.160  -3.425   4.916   3.203  -2.575
   5.478   2.691  -1.701   5.571   2.506  -3.808   5.597   1.465  -3.587   5.830
   2.597  -4.360   4.634   2.922  -4.402   6.414
   3.448   0.222   1.220   3.199   0.833   2.091   2.139   1.190   2.033   3.851
   1.732   2.073   3.384   0.075   3.390   2.393  -0.127   4.117   4.623  -0.305
   3.662   5.411  -0.002   3.050   5.075  -1.043   4.860   6.190  -1.184   4.825
   4.868  -0.204   6.134   5.331  -0.672   7.000   3.853   0.033   6.338   5.360
   0.767   6.020   4.516  -2.493   4.987   5.278  -3.441   4.840   3.202  -2.635
   5.186   2.669  -1.794   5.062   2.410  -3.865   5.422   1.349  -3.598   5.539
   2.395  -4.495   4.554   2.761  -4.358   6.336
   4.082   0.339   1.206   3.353   0.658   1.973   2.354   0.440   1.608   3.456
   1.716   2.083   3.539  -0.070   3.306   2.526  -0.342   3.987   4.791  -0.346
   3.702   5.523  -0.022   3.127   5.288  -1.047   4.923   6.380  -1.186   4.790
   5.110  -0.162   6.126   5.514  -0.659   7.003   4.055  -0.017   6.344   5.533
   0.832   5.969   4.725  -2.480   5.080   5.440  -3.475   4.917   3.434  -2.606
   5.415   2.890  -1.721   5.468   2.681  -3.826   5.677   1.785  -3.769   5.073
   3.265  -4.713   5.409   2.383  -3.862   6.717
   3.673  -0.112   1.256   3.183   0.474   2.041   2.146   0.574   1.813   3.632
   1.456   2.105   3.333  -0.208   3.372   2.349  -0.507   4.043   4.588  -0.419
   3.772   5.305  -0.182   3.088   5.076  -1.073   5.010   6.142  -1.098   4.905
   4.821  -0.183   6.212   5.381  -0.552   7.082   3.754  -0.174   6.469   5.122
   0.819   5.977   4.633  -2.525   5.148   5.387  -3.446   4.885   3.369  -2.753
   5.537   2.771  -1.941   5.579   2.744  -4.059   5.630   2.895  -4.584   4.694
   3.207  -4.625   6.451   1.688  -3.948   5.849
   3.096  -0.250   1.345   3.387   0.483   2.079   2.656   1.279   2.129   4.313
   0.909   1.760   3.515  -0.140   3.460   2.506  -0.356   4.114   4.755  -0.332
   3.883   5.505  -0.018   3.315   5.170  -1.069   5.066   6.258  -1.174   4.996
   4.917  -0.246   6.351   5.240  -0.835   7.215   3.849   0.010   6.466   5.535
   0.648   6.289   4.614  -2.537   5.139   5.305  -3.490   4.749   3.387  -2.727
   5.646   2.882  -1.880   5.871   2.739  -4.017   5.959   3.054  -4.779   5.241
   2.959  -4.303   6.983   1.650  -3.913   5.943
   3.794   0.178   1.530   3.214   0.691   2.296   2.162   0.692   2.014   3.565
   1.718   2.391   3.386  -0.024   3.617   2.411  -0.521   4.175   4.624  -0.052
   4.113   5.332   0.418   3.569   5.101  -0.789   5.293   6.186  -0.853   5.198
   4.842   0.031   6.567   5.263  -0.488   7.429   3.772   0.175   6.719   5.320
   1.007   6.479   4.621  -2.262   5.368   5.280  -3.156   4.823   3.495  -2.526
   6.047   2.991  -1.735   6.423   2.900  -3.856   6.199   2.998  -4.427   5.273
   3.402  -4.398   7.002   1.840  -3.766   6.442
   3.697   0.456   1.548   2.947   0.819   2.250   1.952   0.650   1.839   3.093
   1.885   2.419   3.089   0.079   3.560   2.161  -0.606   3.982   4.253   0.241
   4.192   4.915   0.855   3.742   4.735  -0.444   5.401   5.825  -0.452   5.338
   4.394   0.394   6.643   4.792  -0.090   7.536   3.313   0.507   6.742   4.845
   1.383   6.552   4.332  -1.936   5.510   5.030  -2.805   4.973   3.227  -2.242
   6.207   2.692  -1.473   6.587   2.727  -3.602   6.417   2.545  -4.086   5.456
   3.459  -4.188   6.976   1.792  -3.574   6.980
