default_name                                                                    
   0.697   6.039  -1.940   1.337   5.270  -2.261   1.969   5.494  -3.083   0.658
   4.508  -2.612   2.202   4.816  -1.134   3.410   4.697  -1.289   1.504   4.313
  -0.073   0.490   4.469  -0.013   2.080   3.639   1.027   2.996   4.108   1.378
   1.017   3.743   2.126   1.406   3.441   3.142   0.177   3.106   1.952   0.633
   4.736   2.276   2.345   2.145   0.864   3.089   1.566   1.651   1.721   1.521
  -0.123   1.240   2.078  -0.779   1.651   0.115  -0.356   1.584  -0.498   0.537
   0.806  -0.226  -0.972   2.487  -0.196  -0.936
   0.720   6.285  -1.947   1.381   5.519  -2.361   2.044   5.767  -3.183   0.657
   4.753  -2.717   2.234   5.050  -1.245   3.475   5.069  -1.351   1.535   4.666
  -0.207   0.532   4.889  -0.255   2.086   4.096   1.009   3.046   4.629   1.161
   0.970   4.337   2.122   0.693   5.419   2.208   1.450   4.092   3.106   0.097
   3.700   1.974   2.372   2.553   0.843   3.185   1.996   1.622   1.708   1.867
  -0.137   1.231   2.411  -0.865   1.787   0.396  -0.218   2.747  -0.069   0.002
   0.995  -0.089   0.386   1.539  -0.034  -1.214
   1.337   6.561  -2.262   1.273   5.476  -2.367   1.741   5.260  -3.285   0.254
   5.139  -2.468   2.105   4.857  -1.255   3.294   4.725  -1.383   1.471   4.459
  -0.153   0.471   4.584  -0.184   2.106   3.965   1.099   3.037   4.482   1.286
   1.087   4.113   2.163   0.791   5.125   2.213   1.453   3.789   3.165   0.266
   3.440   1.856   2.569   2.489   0.920   3.411   2.012   1.698   2.022   1.774
  -0.041   1.348   2.241  -0.639   2.369   0.396  -0.244   3.427   0.300  -0.480
   2.019  -0.195   0.555   1.859   0.043  -1.170
   1.785   6.518  -2.662   1.853   5.448  -2.686   2.377   5.118  -3.597   0.806
   5.021  -2.753   2.595   4.943  -1.443   3.837   4.782  -1.409   1.767   4.645
  -0.422   0.777   4.922  -0.455   2.272   4.221   0.917   3.022   4.868   1.294
   1.077   4.244   1.916   0.515   5.156   1.884   1.426   4.017   2.897   0.496
   3.383   1.593   2.895   2.774   0.944   3.825   2.493   1.770   2.369   1.881
   0.054   1.763   2.241  -0.621   2.797   0.486  -0.201   3.598   0.090   0.456
   1.932  -0.152   0.039   3.073   0.351  -1.246
   1.176   6.682  -2.242   1.742   5.820  -2.542   2.484   6.080  -3.315   0.989
   5.163  -2.938   2.415   5.175  -1.348   3.657   5.083  -1.315   1.646   4.762
  -0.328   0.636   4.859  -0.386   2.179   4.257   0.941   2.861   4.994   1.367
   0.940   4.161   1.835   0.400   5.097   1.988   1.277   3.895   2.876   0.278
   3.324   1.555   2.921   2.855   0.795   3.816   2.577   1.577   2.448   1.980
  -0.079   1.699   2.405  -0.614   2.698   0.512  -0.118   3.604   0.189  -0.627
   2.736   0.177   0.959   1.905  -0.014  -0.700
   0.980   6.456  -2.119   1.770   5.840  -2.526   2.479   6.425  -3.094   1.367
   5.016  -3.123   2.525   5.097  -1.397   3.768   4.953  -1.395   1.758   4.772
  -0.379   0.802   5.058  -0.416   2.231   4.377   0.937   3.104   4.983   1.065
   1.195   4.890   1.965   0.983   5.915   1.793   1.640   4.805   2.973   0.293
   4.254   1.918   2.668   2.893   1.100   3.327   2.550   2.088   2.199   1.985
   0.201   1.593   2.342  -0.506   2.641   0.590   0.099   3.712   0.570   0.389
   2.049  -0.041   0.785   2.529   0.279  -0.968
   1.488   6.473  -2.799   1.763   5.408  -2.790   2.324   5.149  -3.614   0.821
   4.902  -2.926   2.406   4.909  -1.486   3.606   4.707  -1.499   1.636   4.775
  -0.400   0.678   5.108  -0.460   2.085   4.388   0.940   3.033   4.924   1.146
   1.020   4.906   1.907   1.078   6.001   1.840   1.241   4.660   2.952   0.067
   4.474   1.600   2.339   2.868   1.060   3.171   2.472   1.839   1.676   2.001
   0.300   0.934   2.369  -0.267   1.842   0.589   0.206   1.819   0.235  -0.824
   2.781   0.189   0.682   1.002   0.105   0.666
   1.472   6.490  -2.951   1.534   5.420  -2.984   2.181   5.146  -3.818   0.538
   4.996  -2.988   2.256   5.057  -1.715   3.444   4.753  -1.770   1.545   5.037
  -0.584   0.546   5.183  -0.668   1.973   4.575   0.726   2.800   5.183   1.042
   0.832   4.823   1.727   0.465   5.809   1.677   1.198   4.720   2.736   0.077
   4.050   1.502   2.422   3.065   0.851   3.158   2.695   1.784   1.961   2.219
  -0.127   1.337   2.586  -0.810   2.327   0.801  -0.265   1.823   0.419  -1.124
   3.411   0.730  -0.474   2.079   0.268   0.637
   1.547   6.743  -2.811   1.578   5.648  -2.873   2.145   5.334  -3.760   0.563
   5.268  -2.930   2.241   5.152  -1.619   3.439   4.871  -1.641   1.454   5.080
  -0.552   0.471   5.219  -0.639   1.908   4.589   0.755   2.790   5.154   1.018
   0.819   4.911   1.814   0.686   5.993   1.844   1.135   4.561   2.773  -0.124
   4.446   1.578   2.266   3.098   0.779   3.030   2.661   1.634   1.731   2.282
  -0.145   1.102   2.697  -0.816   2.083   0.895  -0.322   1.690   0.526  -1.258
   3.169   0.757  -0.332   1.619   0.294   0.492
   1.428   6.714  -2.631   1.792   5.735  -2.800   2.530   5.756  -3.611   0.967
   5.121  -3.073   2.452   5.246  -1.527   3.641   4.940  -1.499   1.634   5.148
  -0.460   0.668   5.396  -0.580   2.055   4.565   0.829   3.011   5.011   1.121
   1.047   5.026   1.880   0.974   6.100   1.820   1.417   4.698   2.862   0.055
   4.596   1.689   2.237   3.049   0.801   2.846   2.500   1.718   1.699   2.364
  -0.196   1.175   2.858  -0.894   1.765   0.888  -0.319   0.839   0.474  -0.707
   2.604   0.616  -0.966   1.954   0.431   0.652
   1.441   6.917  -2.585   1.843   5.924  -2.786   2.607   5.991  -3.559   1.040
   5.271  -3.124   2.447   5.357  -1.521   3.617   4.975  -1.510   1.643   5.295
  -0.458   0.705   5.655  -0.557   2.014   4.703   0.833   2.974   5.122   1.144
   0.955   5.117   1.862   0.872   6.205   1.894   1.243   4.758   2.851  -0.014
   4.690   1.598   2.168   3.162   0.795   2.894   2.590   1.615   1.494   2.482
  -0.145   0.912   3.020  -0.772   1.573   1.034  -0.360   1.169   0.779  -1.342
   2.611   0.698  -0.311   0.996   0.512   0.406
   1.799   7.114  -2.475   1.975   6.054  -2.654   2.696   5.937  -3.462   1.038
   5.572  -2.931   2.513   5.415  -1.393   3.602   4.843  -1.407   1.743   5.506
  -0.308   0.874   6.014  -0.391   2.060   4.904   0.993   3.028   5.284   1.325
   0.993   5.363   1.995   0.975   6.452   2.048   1.227   4.968   2.985   0.010
   4.999   1.692   2.151   3.358   0.961   2.945   2.767   1.700   1.353   2.697
   0.108   0.726   3.252  -0.457   1.367   1.248  -0.107   0.705   0.985  -0.934
   2.378   0.913  -0.347   1.028   0.732   0.794
