default_name                                                                    
   22  0.4240000E+03
  -6.3426501  -3.4908154  -0.4427598  -5.4706164  -3.4412562  -1.0374090
  -5.3944777  -2.6856755  -1.7229287  -5.2364112  -4.3342665  -1.6109112
  -4.3842235  -3.1999475  -0.0447823  -4.4668517  -2.2408478   0.7659033
  -3.3258655  -3.9859763  -0.1477110  -3.3151709  -4.8440803  -0.7098669
  -2.0874880  -3.7803384   0.7062118  -2.3360784  -3.7728482   1.8071964
  -1.3299466  -5.1341705   0.6280474  -2.1051563  -5.9096328   0.8682891
  -0.5491952  -5.1803812   1.3244721  -1.0942563  -5.2633718  -0.4584158
  -1.3070972  -2.5198299   0.4667474  -0.3713808  -2.1785404   1.1863665
  -1.5785127  -1.7858306  -0.6256745  -2.4289799  -2.0074385  -1.1798859
  -1.0023456  -0.5281930  -1.0433334  -1.2387533   0.2521482  -0.3494532
   0.1100619  -0.6840797  -1.1492703  -1.4526942  -0.1809623  -1.9729932
   0.9468160   0.1634289  -1.4298382   0.1549280   0.0043944   0.2801337
   0.4784901   0.7558834  -0.8138033  -0.5668668   0.6526040   1.9799160
   0.1770944   0.1002815  -0.1958953   0.0777606  -0.2359774   0.2272326
   0.1794563   0.0963105   0.0523105   0.7117328  -0.5261618  -0.0256827
  -0.2028889   0.1451769  -0.2185978  -0.7254793  -0.1921571   0.2290600
   0.3968005  -0.0154120   0.1590599   0.6759187   0.3020390  -0.4308783
  -0.5521266  -0.3327145  -0.1797869   1.2381000   0.7306773   0.5956914
  -0.1560956  -0.1224718   0.0300807  -0.0678243   0.3185490   0.0427664
  -0.0246439   0.3605267  -0.0941445   1.9702500  -0.5267742  -0.1287487
  -0.5988795  -0.0201225   0.1136277  -0.7507596  -0.9543812   0.0517779
  -0.2538760   1.3551859   0.0350818  -2.0414674   0.2477476   1.3721586
