default_name                                                                    
  -4.291  -4.727   1.401  -3.432  -5.354   1.598  -3.497  -6.290   1.012  -3.388
  -5.552   2.681  -2.214  -4.521   1.259  -2.292  -3.286   1.189  -1.034  -5.140
   1.202  -0.935  -6.118   1.410   0.282  -4.477   0.972   0.655  -3.757   1.759
   1.345  -5.577   0.950   1.135  -6.421   0.210   1.384  -5.881   2.011   2.277
  -5.114   0.643   0.361  -3.750  -0.394   0.991  -2.711  -0.466  -0.359  -4.230
  -1.416  -0.913  -5.055  -1.146  -0.475  -3.498  -2.604  -1.369  -3.677  -3.215
  -0.582  -2.410  -2.402   0.465  -3.689  -3.153
  -3.824  -4.682   0.888  -3.039  -5.203   1.421  -2.895  -6.039   0.760  -3.285
  -5.558   2.369  -1.796  -4.360   1.477  -1.843  -3.137   1.532  -0.704  -5.058
   1.460  -0.806  -6.030   1.231   0.693  -4.467   1.265   0.896  -3.797   2.121
   1.634  -5.651   1.291   1.561  -6.332   0.446   1.449  -6.222   2.162   2.676
  -5.312   1.341   0.840  -3.711  -0.039   1.687  -2.867  -0.124   0.082  -4.046
  -1.086  -0.656  -4.707  -0.948   0.071  -3.359  -2.419  -0.949  -3.358  -2.765
   0.404  -2.349  -2.203   0.637  -3.914  -3.159
  -4.063  -4.495   1.969  -3.214  -5.211   1.909  -3.315  -5.874   1.071  -3.239
  -5.721   2.908  -1.878  -4.438   1.856  -1.849  -3.228   1.894  -0.786  -5.228
   1.840  -0.984  -6.168   1.841   0.547  -4.832   1.432   0.880  -4.132   2.205
   1.460  -6.107   1.348   1.127  -6.720   0.506   1.427  -6.679   2.275   2.523
  -5.771   1.239   0.602  -3.923   0.106   1.121  -2.812   0.146   0.035  -4.381
  -1.011  -0.247  -5.372  -1.045  -0.081  -3.784  -2.394  -0.179  -4.541  -3.167
  -0.983  -3.094  -2.399   0.781  -3.167  -2.618
  -3.934  -4.507   2.377  -3.047  -5.106   2.520  -3.045  -5.971   1.817  -2.877
  -5.404   3.570  -1.827  -4.309   2.225  -1.876  -3.117   2.178  -0.746  -4.998
   2.051  -0.874  -5.959   2.141   0.544  -4.527   1.593   0.867  -3.759   2.316
   1.541  -5.652   1.643   1.167  -6.435   0.976   1.647  -6.010   2.690   2.475
  -5.292   1.278   0.587  -3.824   0.243   1.280  -2.848   0.066  -0.231  -4.292
  -0.672  -0.653  -5.198  -0.460  -0.293  -3.826  -2.028  -1.279  -4.081  -2.485
  -0.169  -2.762  -2.067   0.500  -4.330  -2.529
  -3.422  -4.246   3.215  -2.707  -5.012   2.893  -3.063  -5.618   2.065  -2.384
  -5.643   3.706  -1.437  -4.292   2.387  -1.359  -3.075   2.247  -0.427  -5.122
   2.122  -0.516  -6.125   2.282   0.895  -4.675   1.624   1.230  -3.992   2.332
   1.872  -5.836   1.638   1.655  -6.499   0.809   1.762  -6.401   2.544   2.895
  -5.543   1.558   0.804  -3.957   0.239   1.390  -2.884   0.073  -0.002  -4.465
  -0.670  -0.486  -5.277  -0.373  -0.411  -3.782  -1.917   0.078  -4.208  -2.833
  -1.502  -3.809  -2.012  -0.042  -2.727  -1.887
  -3.249  -3.938   3.329  -2.407  -4.658   3.328  -2.759  -5.481   2.711  -2.289
  -5.018   4.324  -1.145  -3.990   2.809  -1.211  -2.769   2.539  -0.102  -4.794
   2.658  -0.182  -5.737   2.929   1.137  -4.528   1.907   1.657  -3.704   2.432
   2.041  -5.794   2.005   1.713  -6.589   1.335   2.084  -6.177   2.964   3.013
  -5.523   1.649   0.938  -3.970   0.480   1.434  -2.901   0.075   0.135  -4.703
  -0.328  -0.259  -5.534   0.096  -0.549  -4.296  -1.541   0.052  -3.608  -2.110
  -0.900  -5.175  -2.090  -1.437  -3.727  -1.261
  -2.723  -3.621   4.057  -1.878  -4.358   3.974  -2.276  -5.291   3.581  -1.493
  -4.572   4.963  -0.796  -3.857   3.103  -0.918  -2.765   2.520   0.255  -4.659
   3.023   0.277  -5.436   3.702   1.500  -4.427   2.270   2.024  -3.602   2.791
   2.324  -5.684   2.362   1.787  -6.495   1.906   2.447  -5.941   3.420   3.308
  -5.517   1.927   1.323  -4.003   0.807   2.024  -3.096   0.325   0.332  -4.579
   0.096  -0.264  -5.274   0.613  -0.067  -4.264  -1.289   0.805  -4.156  -1.899
  -0.700  -5.107  -1.615  -0.645  -3.339  -1.279
  -2.737  -3.791   3.492  -1.840  -4.279   3.874  -1.897  -5.363   3.730  -1.734
  -3.991   4.959  -0.592  -3.865   3.053  -0.578  -2.787   2.468   0.483  -4.690
   3.045   0.406  -5.451   3.666   1.707  -4.537   2.271   2.288  -3.797   2.833
   2.518  -5.834   2.285   1.919  -6.618   1.806   2.717  -6.063   3.326   3.450
  -5.707   1.763   1.559  -3.997   0.811   2.257  -3.045   0.392   0.711  -4.618
   0.023   0.237  -5.423   0.430   0.426  -4.278  -1.391   1.342  -4.131  -1.931
  -0.144  -5.034  -1.902  -0.179  -3.361  -1.453
  -1.900  -3.028   4.195  -1.251  -3.908   4.049  -1.781  -4.756   3.702  -0.793
  -4.186   4.989  -0.138  -3.588   3.096  -0.259  -2.625   2.350   0.954  -4.383
   3.156   0.936  -5.110   3.843   2.217  -4.186   2.405   2.815  -3.379   2.838
   3.014  -5.500   2.558   2.411  -6.341   2.256   3.396  -5.639   3.578   3.883
  -5.422   1.902   1.991  -3.891   0.901   2.599  -2.974   0.361   1.082  -4.630
   0.230   0.593  -5.319   0.797   0.666  -4.374  -1.167   1.499  -4.029  -1.823
   0.295  -5.306  -1.610  -0.153  -3.630  -1.191
  -1.739  -3.278   4.271  -0.980  -4.058   4.190  -1.418  -4.936   3.702  -0.594
  -4.378   5.143   0.156  -3.587   3.318   0.093  -2.487   2.767   1.199  -4.409
   3.265   1.152  -5.245   3.818   2.440  -4.143   2.545   2.924  -3.264   2.974
   3.378  -5.343   2.768   2.956  -6.266   2.309   3.454  -5.530   3.857   4.371
  -5.108   2.362   2.282  -3.832   1.039   2.952  -2.955   0.490   1.381  -4.546
   0.368   0.918  -5.282   0.858   1.013  -4.407  -1.043   1.943  -4.262  -1.615
   0.489  -5.296  -1.395   0.374  -3.550  -1.142
  -1.754  -3.090   3.857  -0.957  -3.806   4.055  -1.253  -4.788   3.688  -0.773
  -3.860   5.127   0.311  -3.367   3.351   0.326  -2.323   2.703   1.361  -4.182
   3.460   1.245  -5.001   4.039   2.634  -4.055   2.733   3.152  -3.175   3.119
   3.485  -5.286   3.071   2.994  -6.194   2.717   3.634  -5.354   4.149   4.460
  -5.200   2.590   2.507  -3.868   1.194   3.235  -3.063   0.605   1.598  -4.600
   0.532   1.045  -5.241   1.086   1.275  -4.490  -0.892   2.188  -4.405  -1.485
   0.727  -5.375  -1.219   0.656  -3.607  -1.068
  -1.259  -2.765   4.072  -0.452  -3.464   4.288  -0.773  -4.476   4.044  -0.197
  -3.409   5.346   0.765  -3.111   3.458   0.716  -2.170   2.669   1.837  -3.890
   3.623   1.762  -4.620   4.316   3.081  -3.851   2.840   3.658  -2.986   3.172
   3.883  -5.113   3.186   3.330  -6.007   2.892   4.079  -5.149   4.259   4.837
  -5.097   2.657   2.898  -3.715   1.304   3.541  -2.866   0.679   2.030  -4.531
   0.688   1.543  -5.202   1.267   1.693  -4.494  -0.737   2.593  -4.627  -1.340
   0.987  -5.292  -0.977   1.237  -3.534  -0.988
