default_name                                                                    
   22  0.5400000E+03
  -1.2032031  -2.3819816  -0.6678068  -1.0153392  -1.5694398   0.0330634
  -1.7663107  -1.5886815   0.8217593  -1.0646434  -0.6167810  -0.4926962
   0.3583572  -1.7322431   0.6447233   1.0698747  -2.6760347   0.3069435
   0.7115035  -0.8153315   1.5475939   0.0288728  -0.0998185   1.7501488
   2.0139810  -0.6838416   2.2166260   1.9922138   0.2750324   2.7373901
   2.1564175  -1.7472928   3.3180813   1.3293040  -1.6580288   4.0236056
   3.0935592  -1.5953853   3.8554250   2.1480935  -2.7497434   2.8890438
   3.2219419  -0.5839908   1.2514213   3.6220924   0.5248105   0.8795998
   3.8140200  -1.7181641   0.8522402   3.3970236  -2.5844817   1.1656128
   4.9361867  -1.7971858  -0.0841580   5.1350039  -2.8390259  -0.3421829
   4.7021730  -1.2476324  -0.9983908   5.8321318  -1.3671227   0.3677861
   0.0000018   0.0000534   0.0000428  -0.0001282  -0.0001953   0.0003580
  -0.0000691  -0.0006829   0.0004370  -0.0003512   0.0000169   0.0007697
  -0.0000478  -0.0001894   0.0001858   0.0000994   0.0000747  -0.0002259
  -0.0001383  -0.0004610   0.0005004  -0.0002391  -0.0006303   0.0008292
  -0.0001291  -0.0006014   0.0005119  -0.0000710  -0.0006665   0.0006455
  -0.0001681  -0.0007973   0.0003331  -0.0000810  -0.0008048   0.0003655
  -0.0001276  -0.0009654   0.0002804  -0.0003154  -0.0007331   0.0001563
  -0.0001885  -0.0004742   0.0004514  -0.0007384  -0.0004727  -0.0001089
   0.0003962  -0.0003922   0.0010385   0.0008668  -0.0004618   0.0015189
   0.0005480  -0.0002877   0.0012076   0.0012764  -0.0003527   0.0019639
   0.0002765  -0.0011077   0.0008057   0.0002028   0.0006271   0.0009822
