default_name                                                                    
   22  0.5400000E+03
  -4.2564516   1.4989196  -0.5306557  -3.3763699   2.1405942  -0.5460265
  -3.6216121   3.1050298  -0.1026667  -3.0508209   2.2853219  -1.5753350
  -2.2661437   1.4847126   0.2437415  -1.7845870   2.0517747   1.2232302
  -1.8570038   0.2908282  -0.1858846  -2.3197381  -0.1043325  -0.9914557
  -0.8108870  -0.5099833   0.4641000  -1.0182628  -0.5432759   1.5351874
  -0.9120485  -1.9403428  -0.0835948  -0.7023234  -1.9488003  -1.1544056
  -1.9132093  -2.3365827   0.0924265  -0.1891599  -2.5800806   0.4245344
   0.6230125   0.0512530   0.2930108   1.5235835  -0.3160159   1.0552018
   0.8476226   0.9336203  -0.6922696   0.0595270   1.1823254  -1.2737508
   2.1385163   1.5578120  -0.9855260   2.8983983   0.7907287  -1.1486404
   2.0618613   2.1739093  -1.8834437   2.4470654   2.1889663  -0.1496636
   0.0000176   0.0000089  -0.0000013   0.0000123  -0.0000029  -0.0000309
   0.0000236   0.0000210  -0.0000493   0.0000017  -0.0000635  -0.0000223
   0.0000070  -0.0000023  -0.0000134   0.0000283   0.0000253  -0.0000424
  -0.0000059  -0.0000161   0.0000114  -0.0000505  -0.0000169   0.0000393
  -0.0000056  -0.0000070   0.0000199  -0.0000172   0.0000209   0.0000100
  -0.0000051  -0.0000184   0.0000374  -0.0000003  -0.0000386   0.0000467
   0.0000004   0.0000018   0.0000416  -0.0000074  -0.0000088   0.0000796
   0.0000026  -0.0000095   0.0000042   0.0000153  -0.0000541  -0.0000476
  -0.0000237   0.0000362   0.0000296  -0.0000766   0.0000535   0.0000627
  -0.0000266   0.0000411   0.0000263  -0.0001687   0.0000316  -0.0005281
  -0.0002084   0.0004979   0.0003580   0.0002269  -0.0003966   0.0002621
