default_name                                                                    
  -4.733  -2.636  -3.490  -5.053  -2.609  -2.424  -5.581  -3.568  -2.225  -5.765
  -1.807  -2.266  -3.915  -2.307  -1.442  -3.672  -3.169  -0.600  -3.296  -1.121
  -1.507  -3.583  -0.414  -2.225  -2.166  -0.706  -0.684  -1.803   0.238  -1.078
  -2.738  -0.414   0.736  -2.013   0.180   1.318  -2.912  -1.344   1.256  -3.691
   0.191   0.699  -0.976  -1.726  -0.699  -0.155  -1.671   0.290  -0.844  -2.522
  -1.789  -1.512  -2.524  -2.503   0.331  -3.351  -2.042   0.194  -4.382  -1.716
   0.403  -3.317  -3.095   1.352  -3.001  -1.638
  -4.321  -3.063  -3.304  -4.821  -2.380  -2.679  -5.727  -2.831  -2.326  -4.965
  -1.401  -3.226  -3.893  -2.119  -1.486  -3.742  -2.971  -0.612  -3.158  -1.032
  -1.478  -3.381  -0.395  -2.224  -1.955  -0.655  -0.656  -1.436   0.161  -1.145
  -2.373   0.045   0.606  -1.469   0.360   1.075  -2.840  -0.684   1.342  -3.036
   0.948   0.446  -0.917  -1.812  -0.467  -0.396  -2.162   0.632  -0.680  -2.383
  -1.681  -1.362  -2.045  -2.352  -0.074  -3.731  -1.830   0.881  -3.768  -1.220
  -0.829  -4.481  -1.578   0.314  -3.925  -2.790
  -4.607  -2.179  -3.437  -5.169  -2.284  -2.497  -5.667  -3.232  -2.576  -5.845
  -1.419  -2.499  -4.136  -2.220  -1.382  -4.017  -3.113  -0.550  -3.368  -1.118
  -1.368  -3.596  -0.528  -2.132  -2.263  -0.829  -0.433  -1.791   0.058  -0.860
  -2.873  -0.429   0.941  -2.170  -0.214   1.733  -3.502  -1.213   1.293  -3.345
   0.511   0.864  -1.215  -1.941  -0.317  -0.400  -1.990   0.636  -1.139  -2.843
  -1.312  -1.802  -2.905  -2.086  -0.228  -3.983  -1.332   0.812  -3.676  -1.337
  -0.327  -4.615  -0.468  -0.369  -4.611  -2.188
  -4.627  -1.723  -3.638  -5.066  -1.947  -2.628  -5.702  -2.819  -2.731  -5.699
  -1.136  -2.308  -3.899  -2.126  -1.705  -3.700  -3.186  -1.162  -3.170  -1.050
  -1.475  -3.476  -0.144  -1.935  -2.081  -0.995  -0.479  -1.416  -0.183  -0.658
  -2.748  -0.721   0.912  -2.023  -0.450   1.746  -3.143  -1.626   1.239  -3.470
   0.124   0.906  -1.035  -2.143  -0.495  -0.222  -2.166   0.411  -0.865  -2.924
  -1.570  -1.501  -2.704  -2.358   0.216  -3.904  -1.701   1.116  -3.494  -1.345
   0.007  -4.789  -1.102   0.333  -4.160  -2.777
  -4.638  -1.196  -3.469  -5.031  -1.895  -2.707  -5.192  -2.866  -3.128  -5.934
  -1.462  -2.333  -3.952  -1.973  -1.676  -3.720  -2.942  -0.953  -3.226  -0.844
  -1.573  -3.535  -0.017  -2.068  -2.108  -0.596  -0.626  -1.728   0.391  -0.933
  -2.651  -0.294   0.802  -1.893   0.203   1.463  -2.948  -1.218   1.327  -3.473
   0.399   0.692  -0.905  -1.570  -0.732  -0.109  -1.766   0.177  -0.664  -2.160
  -1.959  -1.210  -1.757  -2.735   0.339  -3.180  -2.223   1.256  -2.791  -2.641
   0.521  -3.792  -1.264  -0.044  -3.836  -3.018
  -4.506  -1.628  -3.830  -4.982  -1.824  -2.902  -5.526  -2.796  -2.969  -5.686
  -1.016  -2.666  -3.941  -1.780  -1.832  -3.880  -2.677  -1.000  -3.153  -0.690
  -1.803  -3.431  -0.091  -2.612  -2.097  -0.327  -0.830  -1.724   0.596  -1.167
  -2.696  -0.011   0.590  -1.983   0.615   1.073  -2.851  -0.953   1.121  -3.639
   0.525   0.506  -0.826  -1.250  -0.774  -0.071  -1.251   0.215  -0.661  -2.050
  -1.842  -1.220  -1.861  -2.658   0.438  -2.975  -1.940   1.284  -2.554  -2.483
   0.784  -3.387  -0.966   0.069  -3.818  -2.450
  -4.518  -1.929  -3.660  -4.943  -2.039  -2.628  -5.339  -3.053  -2.518  -5.709
  -1.301  -2.434  -3.839  -1.779  -1.604  -3.598  -2.621  -0.736  -3.130  -0.647
  -1.777  -3.307  -0.096  -2.614  -2.009  -0.173  -0.899  -1.578   0.706  -1.394
  -2.592   0.380   0.435  -1.770   0.801   1.061  -3.051  -0.437   1.000  -3.357
   1.109   0.206  -0.849  -1.176  -0.727  -0.203  -1.200   0.332  -0.599  -1.988
  -1.779  -1.140  -1.768  -2.642   0.422  -3.008  -1.892   1.402  -2.515  -1.853
   0.330  -3.668  -0.981   0.271  -3.582  -2.804
  -4.728  -1.771  -3.504  -4.956  -2.167  -2.510  -5.112  -3.260  -2.622  -5.867
  -1.661  -2.179  -3.882  -1.888  -1.518  -3.640  -2.726  -0.672  -3.217  -0.765
  -1.700  -3.467  -0.144  -2.455  -2.087  -0.284  -0.863  -1.741   0.591  -1.376
  -2.674   0.231   0.459  -1.877   0.724   0.997  -2.998  -0.620   1.060  -3.490
   0.933   0.277  -0.852  -1.232  -0.733  -0.061  -1.061   0.207  -0.642  -2.213
  -1.624  -1.323  -2.365  -2.339   0.555  -3.118  -1.670   1.481  -2.522  -1.698
   0.555  -3.782  -0.760   0.519  -3.689  -2.597
  -4.620  -2.094  -3.536  -4.996  -2.144  -2.516  -5.458  -3.108  -2.263  -5.731
  -1.347  -2.434  -3.880  -1.882  -1.526  -3.616  -2.723  -0.660  -3.176  -0.774
  -1.719  -3.430  -0.218  -2.547  -2.101  -0.279  -0.870  -1.678   0.550  -1.433
  -2.672   0.250   0.470  -1.887   0.703   1.069  -3.145  -0.572   0.977  -3.406
   1.011   0.237  -0.893  -1.268  -0.728  -0.120  -1.186   0.221  -0.735  -2.194
  -1.673  -1.365  -2.147  -2.470   0.345  -3.198  -1.676   1.292  -2.721  -1.343
   0.129  -4.044  -1.000   0.479  -3.603  -2.677
  -4.946  -2.663  -3.141  -5.291  -2.235  -2.202  -5.899  -2.966  -1.668  -5.878
  -1.331  -2.340  -4.052  -1.931  -1.355  -3.770  -2.684  -0.434  -3.342  -0.859
  -1.695  -3.715  -0.320  -2.476  -2.169  -0.325  -0.962  -1.771   0.500  -1.528
  -2.607   0.322   0.379  -1.773   0.826   0.806  -2.953  -0.431   1.074  -3.444
   1.034   0.193  -1.008  -1.350  -0.815  -0.215  -1.331   0.132  -0.886  -2.267
  -1.790  -1.579  -2.210  -2.524   0.041  -3.384  -1.752   1.087  -3.077  -1.738
  -0.114  -3.984  -0.843  -0.148  -4.086  -2.596
  -5.086  -2.328  -3.090  -5.357  -2.174  -2.046  -5.879  -3.055  -1.673  -6.010
  -1.306  -1.964  -4.107  -1.939  -1.230  -3.815  -2.713  -0.321  -3.371  -0.872
  -1.554  -3.709  -0.299  -2.314  -2.133  -0.433  -0.885  -1.716   0.350  -1.520
  -2.491   0.242   0.449  -1.604   0.711   0.878  -2.878  -0.497   1.151  -3.247
   1.011   0.286  -1.005  -1.500  -0.787  -0.129  -1.415   0.080  -1.014  -2.507
  -1.673  -1.777  -2.526  -2.335   0.048  -3.500  -1.830   0.995  -3.003  -2.051
   0.157  -4.080  -0.911  -0.193  -4.179  -2.649
  -4.984  -2.170  -3.150  -5.340  -2.025  -2.130  -5.928  -2.890  -1.824  -5.959
  -1.130  -2.086  -4.157  -1.860  -1.203  -3.997  -2.644  -0.270  -3.329  -0.848
  -1.471  -3.566  -0.271  -2.265  -2.118  -0.466  -0.720  -1.652   0.332  -1.301
  -2.533   0.170   0.617  -1.662   0.612   1.103  -2.959  -0.586   1.277  -3.270
   0.954   0.444  -1.006  -1.543  -0.581   0.000  -1.307   0.097  -1.144  -2.706
  -1.234  -2.004  -2.844  -1.745  -0.124  -3.752  -1.328   0.823  -3.325  -1.665
   0.025  -4.217  -0.351  -0.437  -4.517  -2.040
