default_name                                                                    
  -4.149  -1.510  -0.144  -3.734  -2.096   0.656  -3.818  -3.132   0.516  -4.330
  -1.728   1.486  -2.382  -1.654   0.965  -2.202  -1.197   2.099  -1.525  -1.769
  -0.018  -1.767  -2.197  -0.962  -0.074  -1.427   0.171   0.303  -1.625   1.176
   0.751  -2.292  -0.815   0.485  -3.363  -0.655   1.784  -2.156  -0.649   0.455
  -1.946  -1.794   0.140   0.127  -0.131   1.248   0.608   0.047  -0.920   0.889
  -0.452  -1.805   0.374  -0.616  -0.965   2.313  -0.722  -0.245   2.541  -1.557
  -1.990   2.406  -0.966  -0.822   2.958   0.139
  -4.079  -1.908  -0.527  -3.886  -2.410   0.353  -4.016  -3.496   0.126  -4.484
  -1.976   1.190  -2.429  -2.027   0.651  -2.129  -1.557   1.774  -1.564  -2.363
  -0.289  -1.921  -2.859  -1.097  -0.169  -1.841  -0.312   0.322  -2.020   0.573
   0.504  -2.565  -1.506   0.467  -3.671  -1.358   1.489  -2.180  -1.673  -0.101
  -2.332  -2.384  -0.022  -0.302  -0.559   1.097   0.211  -0.472  -1.108   0.429
  -0.704  -1.962  -0.014  -0.887  -1.165   1.903  -0.447  -0.231   2.452  -0.357
  -1.701   2.244  -1.287  -1.673   2.033   0.536
  -4.143  -2.246   0.034  -3.430  -3.082   0.227  -3.269  -3.770  -0.660  -3.815
  -3.735   1.004  -2.110  -2.506   0.634  -1.933  -2.192   1.796  -1.290  -2.352
  -0.378  -1.554  -2.604  -1.280   0.099  -1.855  -0.379   0.590  -2.206   0.528
   0.863  -2.477  -1.588   0.882  -3.541  -1.619   1.908  -2.216  -1.525   0.499
  -2.152  -2.542   0.218  -0.289  -0.281   1.334   0.262  -0.277  -0.966   0.413
  -0.304  -1.858  -0.059  -0.350  -0.950   1.893  -0.346  -0.292   2.349   0.420
  -0.660   2.378  -1.349  -1.926   2.234  -0.163
  -4.547  -2.966   1.020  -3.927  -2.765   0.164  -4.341  -1.992  -0.455  -3.873
  -3.662  -0.417  -2.529  -2.398   0.520  -2.284  -2.141   1.705  -1.640  -2.481
  -0.415  -1.935  -2.891  -1.261  -0.269  -2.059  -0.364   0.139  -2.369   0.590
   0.459  -2.856  -1.454   0.357  -3.935  -1.216   1.550  -2.593  -1.547  -0.013
  -2.558  -2.382   0.091  -0.634  -0.517   1.209  -0.238  -0.209  -0.889   0.220
  -0.950  -1.772  -0.123  -1.259  -0.784   1.645  -0.813  -0.412   1.855   0.191
  -0.182   2.180  -1.547  -1.846   2.025  -0.883
  -4.366  -2.533   0.858  -3.787  -2.520  -0.093  -4.087  -1.707  -0.762  -3.914
  -3.512  -0.582  -2.378  -2.378   0.336  -2.084  -2.188   1.516  -1.515  -2.402
  -0.677  -1.917  -2.544  -1.622  -0.136  -1.972  -0.540   0.182  -2.364   0.417
   0.672  -2.657  -1.656   0.626  -3.736  -1.637   1.763  -2.350  -1.596   0.255
  -2.431  -2.658   0.010  -0.424  -0.534   1.102   0.113  -0.226  -1.042   0.320
  -0.811  -1.892  -0.175  -0.947  -1.083   1.765  -0.943  -0.565   2.301  -0.159
  -0.626   2.008  -1.899  -2.103   2.188  -0.958
  -4.012  -3.644   0.774  -3.853  -2.886   0.032  -4.554  -2.065   0.178  -3.998
  -3.238  -1.008  -2.474  -2.320   0.218  -2.137  -1.937   1.361  -1.656  -2.156
  -0.854  -1.919  -2.524  -1.749  -0.213  -1.836  -0.721   0.227  -2.298   0.171
   0.493  -2.437  -1.911   0.407  -3.518  -1.847   1.560  -2.165  -1.910   0.069
  -2.094  -2.820  -0.013  -0.269  -0.616   1.133   0.184  -0.554  -1.093   0.536
  -0.556  -2.045   0.147  -0.611  -1.020   2.010  -0.508  -0.154   2.299   0.108
  -0.978   2.440  -1.515  -1.956   2.425  -0.060
  -3.751  -3.756   0.121  -3.874  -2.674   0.149  -4.644  -2.434   0.902  -4.251
  -2.230  -0.799  -2.536  -2.058   0.369  -2.314  -1.491   1.445  -1.684  -2.077
  -0.676  -1.990  -2.390  -1.565  -0.292  -1.613  -0.660   0.209  -2.076   0.181
   0.447  -2.125  -1.893   0.448  -3.192  -1.981   1.514  -1.843  -1.806   0.058
  -1.721  -2.827  -0.111  -0.070  -0.426   1.005   0.434  -0.127  -1.184   0.710
  -0.606  -1.978   0.217  -0.901  -1.287   2.108  -0.358  -0.469   2.597  -0.817
  -2.215   2.518  -0.773  -1.187   2.304   0.707
  -3.866  -3.694  -0.712  -3.993  -2.748  -0.176  -4.604  -2.841   0.709  -4.518
  -2.039  -0.817  -2.621  -2.155   0.177  -2.381  -1.753   1.311  -1.741  -2.017
  -0.826  -2.052  -2.355  -1.697  -0.421  -1.445  -0.698  -0.015  -1.965   0.156
   0.400  -1.857  -1.903   0.496  -2.912  -1.938   1.433  -1.530  -1.745   0.042
  -1.474  -2.815  -0.282   0.060  -0.337   0.802   0.420   0.116  -1.310   0.897
  -0.519  -2.115   0.561  -1.038  -1.230   2.335  -0.282  -0.412   2.752  -0.865
  -2.195   2.811  -0.523  -1.080   2.444   0.789
  -4.038  -3.428  -0.699  -4.043  -2.474  -0.201  -4.651  -2.597   0.700  -4.473
  -1.712  -0.875  -2.628  -2.071   0.180  -2.344  -1.851   1.349  -1.784  -1.856
  -0.839  -2.151  -2.071  -1.755  -0.362  -1.532  -0.660   0.047  -2.124   0.181
   0.368  -1.935  -1.932   0.192  -2.992  -2.128   1.449  -1.817  -1.818   0.027
  -1.368  -2.772  -0.100  -0.043  -0.323   0.999   0.294   0.148  -1.114   0.784
  -0.577  -1.938   0.357  -0.990  -1.087   2.217  -0.388  -0.419   2.670  -1.124
  -2.093   2.615  -0.505  -0.709   2.447   0.606
  -4.231  -3.228  -0.998  -4.172  -2.366  -0.314  -4.712  -2.578   0.587  -4.579
  -1.501  -0.830  -2.750  -2.066   0.031  -2.432  -2.006   1.220  -1.855  -1.886
  -0.947  -2.204  -1.997  -1.896  -0.448  -1.555  -0.748  -0.003  -2.192  -0.011
   0.294  -1.845  -2.059   0.081  -2.885  -2.388   1.360  -1.705  -1.935  -0.058
  -1.121  -2.788  -0.187  -0.081  -0.289   0.879   0.202   0.247  -1.178   0.855
  -0.428  -2.056   0.549  -0.822  -1.045   2.240   0.038  -0.297   2.807  -0.500
  -2.043   2.699  -0.046  -0.795   2.234   1.115
  -4.148  -3.368  -0.908  -4.182  -2.442  -0.337  -4.809  -2.579   0.544  -4.595
  -1.648  -0.958  -2.781  -2.068   0.091  -2.480  -2.055   1.283  -1.923  -1.759
  -0.882  -2.256  -1.803  -1.834  -0.502  -1.450  -0.667  -0.112  -2.145   0.078
   0.238  -1.716  -1.986   0.060  -2.742  -2.313   1.310  -1.580  -1.838  -0.105
  -1.025  -2.757  -0.223  -0.021  -0.137   0.900   0.269   0.287  -1.226   0.869
  -0.143  -2.118   0.549  -0.495  -1.114   2.271   0.259  -0.298   2.752  -0.284
  -2.043   2.799   0.039  -0.914   2.339   1.330
  -4.183  -3.177  -1.024  -4.210  -2.334  -0.335  -4.801  -2.598   0.541  -4.658
  -1.474  -0.831  -2.799  -1.991   0.087  -2.476  -2.051   1.272  -1.961  -1.626
  -0.883  -2.315  -1.612  -1.829  -0.535  -1.329  -0.685  -0.135  -2.047   0.033
   0.181  -1.562  -2.023  -0.004  -2.579  -2.372   1.256  -1.429  -1.894  -0.178
  -0.852  -2.769  -0.238   0.082  -0.115   0.911   0.378   0.229  -1.252   0.954
  -0.009  -2.163   0.635  -0.307  -1.133   2.329   0.476  -0.399   2.875  -0.120
  -2.096   2.837   0.399  -0.814   2.331   1.520
