default_name                                                                    
   22  0.5400000E+03
  -6.1246113   1.1453631   0.2601687  -5.5437449   0.2247560   0.3039746
  -6.0679861  -0.5623325  -0.2365163  -5.4133516  -0.0738551   1.3433625
  -4.1870279   0.4478306  -0.3263632  -3.8976933   1.5457290  -0.7992848
  -3.3605401  -0.5985225  -0.3388985  -3.6793754  -1.4561531   0.0876748
  -2.0074849  -0.5792016  -0.9093724  -1.4749426   0.2839447  -0.5060143
  -1.2839715  -1.8481837  -0.4397731  -1.2737313  -1.8891120   0.6504023
  -0.2539152  -1.8367804  -0.7988029  -1.7862259  -2.7345011  -0.8308142
  -1.9738509  -0.4614371  -2.4531871  -0.9709836  -0.0084170  -3.0153056
  -3.0539405  -0.8567824  -3.1440934  -3.8321930  -1.2210868  -2.6123243
  -3.1997555  -0.7649166  -4.5980085  -3.0987447   0.2737622  -4.9196740
  -2.4308398  -1.3635767  -5.0905707  -4.1817484  -1.1332149  -4.9008747
   0.0004267   0.0001856  -0.0000034   0.0004036   0.0002139   0.0001889
   0.0003741   0.0000626   0.0003963   0.0003907   0.0004630   0.0002548
   0.0004105   0.0000428   0.0001198   0.0003860  -0.0000803  -0.0001868
   0.0004157   0.0000497   0.0004256   0.0004137   0.0001532   0.0006555
   0.0003556  -0.0001632   0.0002892   0.0004832  -0.0001519   0.0001437
   0.0002808  -0.0001755   0.0003576   0.0004058  -0.0000622   0.0003465
   0.0002486  -0.0003407   0.0002155   0.0001583  -0.0001756   0.0004890
   0.0001971  -0.0003579   0.0002847  -0.0000296  -0.0000492   0.0001312
   0.0002945  -0.0008798   0.0004224   0.0004762  -0.0011384   0.0005236
   0.0000976  -0.0009833   0.0004342  -0.0001195  -0.0009696   0.0003575
   0.0001233  -0.0008920   0.0003697   0.0001203  -0.0011467   0.0005904
