default_name                                                                    
  -1.786   1.968   0.341  -1.668   0.949   0.094  -1.391   0.717  -0.947  -2.556
   0.428   0.423  -0.538   0.427   0.898  -0.749  -0.318   1.833   0.636   0.749
   0.444   0.651   1.362  -0.348   1.963   0.167   0.802   2.598   0.500  -0.003
   2.490   0.912   2.074   1.860   0.682   2.973   2.438   1.974   1.931   3.505
   0.619   2.303   2.180  -1.353   0.874   3.111  -1.830   1.518   1.289  -2.168
   0.262   0.539  -1.708  -0.198   1.167  -3.556   0.544   0.372  -3.930  -0.079
   2.105  -4.065   0.319   0.993  -3.638   1.566
  -1.865   1.824  -0.160  -1.685   0.720  -0.166  -1.333   0.417  -1.138  -2.683
   0.255  -0.090  -0.733   0.218   0.851  -1.086  -0.624   1.657   0.533   0.559
   0.656   0.688   1.153  -0.081   1.720   0.111   1.484   2.565   0.531   0.923
   1.607   0.693   2.890   0.868   0.141   3.498   1.384   1.821   2.796   2.532
   0.588   3.483   2.050  -1.431   1.427   3.070  -1.855   2.002   1.209  -2.289
   0.833   0.453  -1.927   0.340   1.320  -3.750   0.776   0.328  -4.145   0.642
   1.926  -3.883  -0.095   1.830  -4.164   1.626
  -1.550   1.549  -0.334  -1.619   0.462  -0.273  -1.528   0.092  -1.283  -2.612
   0.158   0.154  -0.586  -0.076   0.619  -0.890  -0.724   1.648   0.654   0.267
   0.261   0.780   0.784  -0.582   1.848  -0.058   1.022   2.716   0.358   0.459
   1.879   0.699   2.358   1.075   0.388   3.070   1.682   1.735   2.114   2.860
   0.659   2.808   2.099  -1.593   1.261   3.075  -1.924   1.945   1.308  -2.505
   0.643   0.409  -2.229   0.214   1.458  -3.926   0.706   1.045  -4.330  -0.234
   2.535  -4.262   0.881   0.761  -4.313   1.501
  -1.221   0.600  -1.274  -1.644   0.019  -0.477  -1.924  -0.938  -0.920  -2.457
   0.533  -0.024  -0.610  -0.307   0.593  -1.093  -0.748   1.621   0.630   0.001
   0.319   0.800   0.312  -0.633   1.801  -0.271   1.121   2.656   0.018   0.542
   1.730   0.653   2.322   0.910   0.415   2.984   1.711   1.682   1.976   2.642
   0.630   2.937   2.032  -1.728   1.502   2.729  -2.048   2.478   1.615  -2.637
   0.589   1.228  -2.302  -0.274   1.890  -4.088   0.643   2.827  -4.253   0.170
   2.062  -4.550   1.657   1.116  -4.606   0.196
  -1.601   1.381  -0.451  -1.509   0.293  -0.650  -1.013   0.083  -1.650  -2.501
  -0.202  -0.676  -0.658  -0.321   0.422  -1.117  -0.885   1.370   0.665  -0.052
   0.306   0.914   0.428  -0.527   1.698  -0.207   1.344   2.582   0.149   0.799
   1.351   0.739   2.536   0.337   0.552   2.970   1.409   1.801   2.209   1.994
   0.506   3.417   2.069  -1.671   1.672   2.871  -1.923   2.575   1.570  -2.669
   0.925   0.948  -2.414   0.179   1.837  -4.093   1.091   2.754  -4.390   0.653
   1.789  -4.345   2.193   1.049  -4.600   0.591
  -1.942   1.080   0.235  -1.581   0.160  -0.258  -1.206   0.371  -1.263  -2.465
  -0.471  -0.335  -0.507  -0.369   0.642  -0.832  -1.206   1.475   0.752   0.147
   0.538   0.953   0.756  -0.251   1.920  -0.129   1.409   2.792   0.339   0.861
   1.800   0.625   2.712   0.901   0.337   3.258   1.742   1.669   2.519   2.682
   0.461   3.349   2.347  -1.637   1.663   3.229  -1.922   2.472   1.687  -2.607
   0.948   1.036  -2.261   0.274   1.968  -4.055   0.795   2.103  -4.257  -0.251
   2.852  -4.322   1.411   1.080  -4.646   1.094
  -1.514   1.088  -0.584  -1.446   0.018  -0.528  -1.126  -0.358  -1.498  -2.390
  -0.390  -0.299  -0.453  -0.407   0.568  -0.783  -1.238   1.402   0.789   0.089
   0.517   0.924   0.888  -0.146   1.942  -0.270   1.396   2.828   0.154   0.901
   1.735   0.461   2.740   0.736   0.218   3.129   1.750   1.548   2.556   2.555
   0.269   3.403   2.209  -1.785   1.657   2.878  -2.161   2.637   1.729  -2.705
   0.810   1.136  -2.377   0.044   2.073  -4.147   0.890   3.129  -4.284   1.127
   1.565  -4.661   1.694   1.862  -4.543  -0.072
  -1.812   1.040  -0.327  -1.388   0.068  -0.487  -0.746   0.070  -1.341  -2.210
  -0.621  -0.658  -0.575  -0.369   0.700  -1.116  -1.026   1.600   0.709  -0.046
   0.664   1.031   0.421  -0.147   1.794  -0.392   1.636   2.692   0.058   1.240
   1.475   0.259   2.989   0.637  -0.239   3.508   1.210   1.296   2.882   2.370
   0.265   3.614   2.085  -1.915   1.849   3.061  -2.216   2.559   1.322  -2.815
   1.181   0.562  -2.414   0.667   1.593  -4.256   1.128   2.639  -4.485   1.211
   1.040  -4.792   1.903   1.218  -4.635   0.176
  -1.675   1.137  -0.287  -1.303   0.160  -0.580  -0.742   0.200  -1.517  -2.129
  -0.541  -0.723  -0.467  -0.425   0.547  -0.959  -1.158   1.412   0.845  -0.117
   0.522   1.093   0.500  -0.244   1.842  -0.422   1.541   2.775  -0.010   1.145
   1.495   0.338   2.832   0.614  -0.073   3.329   1.310   1.384   2.621   2.329
   0.269   3.563   2.112  -1.934   1.748   2.976  -2.292   2.586   1.463  -2.837
   1.017   0.797  -2.475   0.346   1.673  -4.305   1.060   2.584  -4.553   0.482
   1.787  -4.634   2.115   0.805  -4.809   0.620
  -1.038   1.192  -0.883  -1.211   0.142  -0.696  -0.885  -0.419  -1.540  -2.276
  -0.042  -0.538  -0.450  -0.308   0.543  -1.022  -0.955   1.416   0.841   0.021
   0.572   1.185   0.549  -0.194   1.844  -0.279   1.595   2.750   0.224   1.259
   1.459   0.381   2.944   0.673  -0.213   3.419   1.095   1.410   2.787   2.324
   0.379   3.626   2.208  -1.795   1.741   3.131  -2.145   2.481   1.465  -2.717
   1.089   0.705  -2.358   0.539   1.689  -4.159   1.165   2.722  -4.333   0.827
   1.604  -4.482   2.211   0.989  -4.710   0.526
  -1.170   1.449  -0.634  -1.179   0.361  -0.691  -0.686   0.043  -1.609  -2.208
   0.005  -0.687  -0.440  -0.209   0.500  -1.024  -0.965   1.272   0.837   0.154
   0.637   1.193   0.780  -0.071   1.792  -0.218   1.702   2.745   0.228   1.412
   1.383   0.471   3.013   0.465   0.028   3.399   1.224   1.537   2.840   2.174
   0.351   3.754   2.107  -1.728   1.891   3.141  -2.060   2.479   1.276  -2.645
   1.379   0.411  -2.300   0.981   1.519  -4.088   1.343   2.367  -4.306   0.691
   1.740  -4.458   2.347   0.639  -4.608   0.961
  -1.034   1.490  -0.641  -1.035   0.402  -0.680  -0.471   0.068  -1.549  -2.061
   0.042  -0.751  -0.392  -0.144   0.575  -1.039  -0.877   1.321   0.873   0.224
   0.797   1.275   0.836   0.102   1.771  -0.162   1.904   2.727   0.318   1.690
   1.266   0.467   3.210   0.322   0.011   3.510   1.121   1.540   3.076   2.001
   0.308   4.000   2.105  -1.670   2.057   3.251  -2.008   2.370   1.151  -2.581
   1.826   0.226  -2.224   1.611   1.351  -4.030   1.804   2.164  -4.287   1.121
   1.601  -4.390   2.804   0.439  -4.527   1.467
