default_name                                                                    
  -4.935   2.035   1.223  -4.877   0.980   0.885  -5.677   0.756   0.153  -5.110
   0.353   1.734  -3.510   0.709   0.306  -2.766   1.643   0.035  -3.107  -0.570
   0.115  -3.792  -1.287   0.414  -1.751  -0.874  -0.448  -1.057  -0.251  -0.002
  -1.450  -2.303  -0.023  -1.460  -2.427   1.062  -0.439  -2.522  -0.302  -2.160
  -2.993  -0.470  -1.629  -0.729  -1.979  -0.536  -0.903  -2.502  -2.704  -0.536
  -2.739  -3.676  -0.420  -2.319  -2.586  -0.441  -4.174  -2.721  -1.423  -4.606
  -3.361   0.143  -4.525  -1.575  -0.087  -4.391
  -4.959   0.516   2.101  -5.090   0.633   1.072  -5.679   1.542   0.862  -5.654
  -0.264   0.779  -3.713   0.645   0.376  -3.279   1.707  -0.119  -3.080  -0.533
   0.277  -3.467  -1.346   0.755  -1.786  -0.802  -0.326  -1.211  -0.008   0.111
  -1.227  -2.151   0.092  -1.300  -2.412   1.150  -0.172  -2.235  -0.230  -1.706
  -2.963  -0.360  -1.667  -0.642  -1.842  -0.588  -0.299  -2.354  -2.753  -0.836
  -2.585  -3.624  -1.021  -2.047  -2.881  -0.586  -3.985  -3.688  -1.244  -4.323
  -3.127   0.474  -4.119  -1.903  -0.851  -4.483
  -4.957   0.270   2.230  -5.235   0.185   1.195  -6.060   0.828   0.923  -5.500
  -0.867   1.116  -3.996   0.477   0.300  -3.725   1.671   0.055  -3.224  -0.586
  -0.008  -3.597  -1.401   0.443  -1.950  -0.555  -0.750  -1.383   0.331  -0.410
  -1.223  -1.841  -0.465  -0.950  -1.840   0.618  -0.299  -2.054  -1.026  -1.817
  -2.742  -0.686  -1.997  -0.408  -2.286  -1.006  -0.104  -2.971  -3.191  -0.684
  -2.828  -3.974  -0.806  -2.203  -3.457  -0.637  -4.262  -4.509  -0.369  -4.341
  -2.824   0.092  -4.777  -3.341  -1.618  -4.648
  -4.960   1.328   1.935  -5.211   0.647   1.064  -6.088   0.899   0.479  -5.352
  -0.284   1.578  -4.038   0.594   0.108  -3.660   1.666  -0.346  -3.369  -0.562
  -0.027  -3.669  -1.399   0.575  -2.102  -0.569  -0.774  -1.576   0.370  -0.557
  -1.268  -1.746  -0.330  -1.344  -1.799   0.749  -0.251  -1.574  -0.611  -1.661
  -2.681  -0.771  -2.245  -0.572  -2.307  -1.258  -0.315  -3.006  -3.410  -0.906
  -2.882  -4.190  -1.125  -2.304  -3.675  -1.008  -4.335  -3.956   0.004  -4.797
  -2.770  -1.286  -4.871  -4.440  -1.684  -4.553
  -5.359   2.132   0.784  -5.121   1.052   0.744  -5.885   0.412   0.283  -4.875
   0.639   1.721  -3.934   1.034  -0.170  -3.624   2.065  -0.800  -3.287  -0.155
  -0.185  -3.528  -0.949   0.430  -2.062  -0.297  -0.962  -1.510   0.594  -0.730
  -1.300  -1.491  -0.358  -0.921  -1.206   0.634  -0.337  -1.564  -0.893  -1.881
  -2.448  -0.277  -2.283  -0.475  -2.474  -1.369  -0.151  -3.226  -3.514  -0.819
  -2.914  -4.254  -0.999  -2.271  -3.782  -1.238  -4.290  -3.870  -0.323  -4.904
  -2.969  -1.862  -4.663  -4.735  -1.724  -4.313
  -5.393   1.950   1.024  -5.112   0.972   0.624  -5.832   0.666  -0.125  -5.133
   0.282   1.487  -3.724   0.924  -0.053  -3.211   1.995  -0.329  -3.188  -0.265
  -0.284  -3.714  -1.029   0.030  -1.903  -0.487  -0.982  -1.148   0.207  -0.770
  -1.276  -1.856  -0.583  -1.025  -1.882   0.440  -0.364  -1.956  -1.138  -2.002
  -2.637  -0.862  -2.139  -0.365  -2.556  -1.249  -0.032  -3.326  -3.405  -0.610
  -3.004  -4.156  -0.720  -2.296  -3.708  -0.830  -4.408  -2.865  -0.519  -5.066
  -3.788  -1.914  -4.494  -4.593  -0.313  -4.861
  -5.946   1.633   0.160  -5.375   0.702   0.371  -5.914  -0.149   0.073  -5.207
   0.550   1.461  -4.038   0.778  -0.269  -3.534   1.875  -0.510  -3.426  -0.382
  -0.508  -3.830  -1.199  -0.138  -2.111  -0.494  -1.151  -1.463   0.338  -0.815
  -1.468  -1.780  -0.515  -1.482  -1.760   0.565  -0.414  -1.898  -0.831  -2.032
  -2.655  -0.858  -2.154  -0.553  -2.671  -1.097  -0.388  -3.300  -3.322  -0.723
  -3.255  -4.162  -0.817  -2.692  -3.464  -0.898  -4.702  -2.926  -0.101  -5.171
  -2.986  -1.863  -4.911  -4.502  -0.880  -5.023
  -5.802   1.529   0.676  -5.444   0.550   0.414  -6.159   0.017  -0.215  -5.353
  -0.072   1.333  -4.129   0.662  -0.308  -3.714   1.745  -0.701  -3.486  -0.486
  -0.565  -3.935  -1.324  -0.323  -2.131  -0.587  -1.094  -1.582   0.239  -0.649
  -1.493  -1.936  -0.704  -1.413  -1.969   0.372  -0.480  -1.970  -1.096  -2.063
  -2.814  -1.058  -2.132  -0.381  -2.672  -1.104   0.017  -3.274  -3.244  -0.641
  -3.338  -4.053  -0.940  -2.814  -3.329  -0.479  -4.764  -3.165   0.596  -5.040
  -2.566  -1.062  -5.270  -4.310  -0.749  -5.097
  -6.221   1.071   0.121  -5.534   0.250   0.321  -5.951  -0.703   0.014  -5.313
   0.290   1.388  -4.214   0.473  -0.408  -3.896   1.576  -0.830  -3.458  -0.613
  -0.543  -3.770  -1.477  -0.150  -2.105  -0.610  -1.083  -1.576   0.232  -0.626
  -1.434  -1.938  -0.724  -1.503  -2.108   0.356  -0.381  -1.964  -1.028  -1.985
  -2.771  -1.218  -2.033  -0.344  -2.626  -0.942   0.001  -3.100  -3.100  -0.561
  -3.380  -3.982  -0.720  -2.886  -3.197  -0.405  -4.833  -2.708   0.512  -5.146
  -2.728  -1.264  -5.300  -4.278  -0.340  -5.162
  -5.988   1.239   0.535  -5.479   0.265   0.480  -6.072  -0.477  -0.058  -5.246
  -0.127   1.465  -4.186   0.501  -0.279  -3.922   1.614  -0.772  -3.335  -0.524
  -0.348  -3.601  -1.382   0.102  -1.981  -0.455  -0.930  -1.517   0.468  -0.562
  -1.200  -1.666  -0.438  -1.257  -1.718   0.648  -0.135  -1.588  -0.757  -1.650
  -2.568  -0.859  -1.937  -0.395  -2.476  -0.878  -0.171  -3.080  -3.068  -0.689
  -3.133  -3.885  -0.881  -2.577  -3.216  -0.559  -4.600  -3.342   0.498  -4.810
  -2.341  -0.946  -5.149  -4.115  -1.095  -4.961
  -6.212   1.084   0.262  -5.617   0.171   0.284  -6.134  -0.613  -0.268  -5.477
  -0.147   1.317  -4.266   0.427  -0.346  -3.987   1.546  -0.774  -3.433  -0.612
  -0.411  -3.747  -1.491  -0.027  -2.068  -0.555  -0.954  -1.568   0.316  -0.526
  -1.316  -1.808  -0.485  -1.349  -1.877   0.604  -0.273  -1.747  -0.799  -1.766
  -2.701  -0.919  -1.994  -0.406  -2.495  -0.940  -0.044  -3.027  -3.091  -0.678
  -3.218  -3.912  -0.976  -2.711  -3.193  -0.548  -4.673  -3.112   0.503  -4.960
  -2.393  -1.111  -5.157  -4.154  -0.934  -5.018
  -6.125   1.145   0.260  -5.544   0.225   0.304  -6.068  -0.562  -0.237  -5.413
  -0.074   1.343  -4.187   0.448  -0.326  -3.898   1.546  -0.799  -3.361  -0.599
  -0.339  -3.679  -1.456   0.088  -2.007  -0.579  -0.909  -1.475   0.284  -0.506
  -1.284  -1.848  -0.440  -1.274  -1.889   0.650  -0.254  -1.837  -0.799  -1.786
  -2.735  -0.831  -1.974  -0.461  -2.453  -0.971  -0.008  -3.015  -3.054  -0.857
  -3.144  -3.832  -1.221  -2.612  -3.200  -0.765  -4.598  -3.099   0.274  -4.920
  -2.431  -1.364  -5.091  -4.182  -1.133  -4.901
