default_name                                                                    
   2.332  -4.882   2.125   3.232  -5.435   2.203   3.094  -6.518   2.145   3.672
  -5.171   3.188   4.276  -4.973   1.196   3.941  -4.101   0.380   5.441  -5.643
   1.188   5.478  -6.410   1.859   6.544  -5.594   0.291   7.156  -4.664   0.513
   7.398  -6.852   0.440   8.255  -6.760  -0.131   6.843  -7.740   0.109   7.681
  -7.046   1.477   6.083  -5.408  -1.285   6.448  -4.368  -1.783   5.335  -6.312
  -1.968   5.049  -7.141  -1.458   5.064  -6.261  -3.404   4.189  -6.929  -3.584
   4.654  -5.288  -3.694   5.830  -6.597  -4.021
   3.914  -5.182   3.285   3.549  -5.391   2.275   2.549  -4.959   2.123   3.467
  -6.405   2.113   4.588  -4.880   1.235   4.283  -3.998   0.418   5.727  -5.567
   1.341   5.865  -6.033   2.274   6.872  -5.421   0.385   7.448  -4.601   0.776
   7.681  -6.651   0.473   8.646  -6.518  -0.025   7.128  -7.461   0.014   7.819
  -6.916   1.503   6.456  -5.092  -1.045   6.739  -4.065  -1.566   5.894  -6.087
  -1.671   5.574  -6.823  -1.055   5.532  -6.225  -3.028   4.466  -5.999  -3.055
   6.161  -5.567  -3.654   5.767  -7.219  -3.346
   4.389  -5.395   3.073   3.962  -5.637   2.103   2.950  -5.256   1.953   3.980
  -6.751   2.035   4.918  -5.028   1.137   4.543  -4.146   0.319   6.153  -5.459
   1.152   6.341  -6.165   1.765   7.221  -5.128   0.188   7.763  -4.224   0.582
   8.246  -6.302   0.229   9.162  -5.929  -0.297   7.725  -7.140  -0.261   8.449
  -6.655   1.230   6.812  -4.755  -1.309   7.318  -3.795  -1.862   6.043  -5.629
  -1.965   5.600  -6.290  -1.375   5.544  -5.569  -3.311   5.419  -4.549  -3.618
   6.253  -6.048  -3.994   4.595  -6.088  -3.363
   4.501  -4.560   2.907   4.412  -5.340   2.137   3.387  -5.320   1.779   4.647
  -6.271   2.533   5.240  -4.927   0.901   4.748  -4.099   0.128   6.476  -5.412
   0.876   6.638  -6.146   1.502   7.564  -5.010  -0.005   7.937  -4.088   0.330
   8.651  -6.094   0.062   9.535  -5.729  -0.472   8.363  -7.089  -0.358   9.002
  -6.268   1.091   7.136  -4.789  -1.493   7.487  -3.768  -2.035   6.415  -5.681
  -2.179   6.073  -6.500  -1.682   5.997  -5.609  -3.596   5.139  -4.988  -3.559
   6.817  -5.152  -4.193   5.664  -6.614  -4.019
   5.052  -5.820   2.370   4.751  -4.852   2.000   4.957  -4.121   2.763   3.676
  -4.882   1.726   5.593  -4.540   0.739   5.112  -4.007  -0.215   6.888  -4.884
   0.851   7.212  -5.325   1.693   7.981  -4.756  -0.138   8.634  -3.883   0.081
   8.883  -5.988   0.073   9.626  -5.992  -0.770   8.384  -6.977   0.074   9.397
  -5.893   1.045   7.627  -4.690  -1.611   7.752  -3.660  -2.268   7.006  -5.753
  -2.101   6.909  -6.548  -1.461   6.460  -5.891  -3.429   5.472  -5.367  -3.478
   7.137  -5.422  -4.190   6.283  -6.922  -3.675
   5.347  -5.883   2.227   4.967  -4.922   1.940   4.991  -4.262   2.802   3.966
  -5.041   1.674   5.769  -4.334   0.788   5.147  -3.862  -0.146   7.129  -4.393
   0.899   7.475  -4.716   1.819   8.159  -4.268  -0.149   8.559  -3.242  -0.142
   9.231  -5.281   0.330  10.035  -5.341  -0.390   8.822  -6.251   0.343   9.643
  -5.032   1.314   7.704  -4.469  -1.630   7.680  -3.512  -2.418   7.433  -5.684
  -2.012   7.538  -6.426  -1.335   6.781  -6.036  -3.319   5.985  -5.306  -3.533
   7.515  -5.970  -4.141   6.441  -7.021  -3.160
   5.109  -5.411   2.153   5.287  -4.314   2.162   5.785  -4.073   3.096   4.321
  -3.801   2.096   6.100  -3.972   0.946   5.493  -3.701  -0.083   7.420  -4.084
   1.038   7.779  -4.285   1.922   8.414  -3.845  -0.032   8.817  -2.853   0.187
   9.533  -4.862   0.326  10.312  -4.785  -0.427   9.205  -5.885   0.308   9.933
  -4.608   1.302   7.980  -3.944  -1.511   7.733  -2.986  -2.257   7.663  -5.158
  -1.918   7.899  -5.897  -1.290   7.016  -5.540  -3.227   6.446  -4.725  -3.649
   7.797  -5.864  -3.960   6.262  -6.304  -3.089
   5.521  -5.058   2.300   5.452  -3.977   2.194   5.917  -3.579   3.078   4.449
  -3.605   2.126   6.220  -3.609   0.948   5.617  -3.319  -0.091   7.548  -3.616
   1.045   7.872  -3.751   2.013   8.596  -3.540  -0.016   9.014  -2.552  -0.030
   9.746  -4.479   0.356  10.515  -4.457  -0.435   9.456  -5.501   0.391  10.151
  -4.157   1.322   8.155  -3.716  -1.474   8.115  -2.751  -2.230   7.872  -4.939
  -1.926   7.913  -5.712  -1.268   7.371  -5.267  -3.292   6.630  -4.540  -3.587
   8.152  -5.192  -4.004   6.998  -6.265  -3.322
   6.137  -4.352   2.693   5.840  -3.389   2.234   6.232  -2.557   2.847   4.745
  -3.369   2.190   6.416  -3.253   0.837   5.675  -3.352  -0.141   7.736  -3.015
   0.798   8.194  -2.936   1.676   8.627  -2.812  -0.354   8.897  -1.765  -0.434
   9.932  -3.586  -0.042  10.595  -3.537  -0.889   9.688  -4.603   0.212  10.385
  -3.171   0.862   8.108  -3.217  -1.737   7.989  -2.386  -2.639   7.782  -4.511
  -1.934   7.843  -5.160  -1.144   7.280  -5.035  -3.213   6.751  -4.262  -3.761
   8.109  -5.385  -3.828   6.602  -5.879  -3.017
   6.552  -3.780   2.852   5.986  -3.032   2.295   6.129  -2.058   2.784   4.943
  -3.323   2.272   6.480  -2.901   0.882   5.664  -2.825  -0.045   7.818  -2.868
   0.740   8.322  -2.903   1.594   8.615  -2.654  -0.490   8.680  -1.564  -0.576
  10.026  -3.203  -0.209  10.737  -2.910  -0.981   9.970  -4.283  -0.096  10.402
  -2.767   0.736   8.036  -3.212  -1.823   7.949  -2.480  -2.807   7.710  -4.510
  -1.890   7.837  -5.047  -1.016   7.113  -5.156  -3.070   6.474  -4.412  -3.602
   7.902  -5.581  -3.697   6.475  -5.984  -2.790
   6.385  -3.723   2.354   6.056  -2.751   1.991   6.407  -1.971   2.665   4.967
  -2.731   1.947   6.627  -2.513   0.607   5.867  -2.385  -0.350   7.959  -2.471
   0.517   8.461  -2.581   1.385   8.788  -2.316  -0.692   8.905  -1.247  -0.870
  10.180  -2.883  -0.375  10.845  -2.720  -1.225  10.118  -3.954  -0.174  10.599
  -2.379   0.497   8.232  -2.925  -2.009   8.117  -2.218  -3.014   7.905  -4.225
  -2.027   8.028  -4.739  -1.165   7.345  -4.944  -3.174   6.475  -4.411  -3.561
   8.092  -5.024  -3.967   7.037  -5.948  -2.875
   6.749  -3.297   2.181   6.316  -2.380   1.783   6.591  -1.541   2.420   5.231
  -2.475   1.755   6.844  -2.143   0.383   6.059  -2.098  -0.562   8.167  -2.005
   0.270   8.686  -2.042   1.135   8.975  -1.881  -0.955   9.084  -0.816  -1.165
  10.375  -2.431  -0.638  11.019  -2.319  -1.511  10.318  -3.487  -0.372  10.813
  -1.876   0.193   8.397  -2.526  -2.245   8.178  -1.828  -3.240   8.158  -3.845
  -2.249   8.366  -4.348  -1.397   7.577  -4.606  -3.357   6.611  -4.181  -3.637
   8.242  -4.576  -4.222   7.431  -5.647  -3.060
