default_name                                                                    
   22  0.5400000E+03
   2.4071028   1.0010589   3.1205340   1.4265797   0.7264500   2.7336754
   1.0060022   1.5650954   2.1797562   0.7672047   0.4714798   3.5623358
   1.5648976  -0.4693032   1.8187296   1.2271917  -0.3785578   0.6407158
   2.0703215  -1.5782063   2.3634159   2.3117688  -1.5182880   3.3421470
   2.3074058  -2.8847197   1.7182368   2.8007950  -3.4992898   2.4729758
   0.9565482  -3.5605133   1.4390397   1.1199699  -4.5878476   1.1112423
   0.4201746  -3.0213729   0.6575594   0.3526675  -3.5749075   2.3473504
   3.2682583  -2.9224281   0.4969039   3.6940501  -4.0094369   0.0924286
   3.6533540  -1.7739247  -0.0751182   3.2046317  -0.9296933   0.2556367
   4.6677354  -1.6439736  -1.1223353   5.5851148  -2.1554731  -0.8231593
   4.3039699  -2.0847198  -2.0524907   4.8940183  -0.5900553  -1.2948123
   0.0002554  -0.0009026   0.0004811   0.0001576  -0.0005478   0.0005102
   0.0003268  -0.0003274   0.0007881   0.0001595  -0.0006370   0.0004900
  -0.0001719  -0.0003181   0.0001593  -0.0002041   0.0001151   0.0001958
  -0.0004402  -0.0005986  -0.0001652  -0.0004038  -0.0008736  -0.0001626
  -0.0007358  -0.0005314  -0.0004309  -0.0010093  -0.0008606  -0.0004998
  -0.0008959  -0.0000517  -0.0007818  -0.0011350   0.0000172  -0.0010524
  -0.0006629   0.0003255  -0.0006796  -0.0009713  -0.0001444  -0.0008479
  -0.0006503  -0.0005491  -0.0003506   0.0003445  -0.0004836   0.0004980
  -0.0016601  -0.0006461  -0.0012123  -0.0025671  -0.0007920  -0.0019283
  -0.0018739  -0.0005381  -0.0014016  -0.0014222   0.0003367  -0.0011783
  -0.0016382  -0.0014086  -0.0010731  -0.0027097  -0.0004633  -0.0020913
