default_name                                                                    
   22  0.4240000E+03
  -1.3714912   2.2844992   0.4117120  -0.9210388   2.2532753  -0.5424017
  -0.3077306   3.1452601  -0.6912857  -1.7878158   2.2606131  -1.1741750
  -0.2080625   0.9321302  -0.8794458   0.2094932   0.1870792  -0.0344292
  -0.3528644   0.5968033  -2.1588169  -0.7683483   1.2519996  -2.8489240
   0.0548727  -0.6966100  -2.6807182  -0.4891086  -0.8488677  -3.6339759
   1.5248799  -0.6986245  -2.9409773   1.9579875  -1.6671879  -3.2220458
   2.0785525  -0.5281898  -1.9731196   1.8613500   0.1070750  -3.5743827
  -0.5009093  -2.0112554  -1.9744718   0.1035454  -3.0595129  -1.9925401
  -1.7888558  -1.9845274  -1.5928503  -2.2809069  -1.0820925  -1.6827770
  -2.6865113  -3.0682704  -1.1214714  -2.1878261  -3.9943758  -0.9325654
  -3.2195529  -2.8042864  -0.2070373  -3.4534501  -3.3361405  -1.9428772
  -0.0593949  -0.0283093   0.4257979  -0.2893126  -0.1782295   0.2237213
  -0.6978209   0.0988390  -0.3683959  -0.2496374  -0.2798790  -0.0877611
   0.0663480   0.2402440   0.0594430   0.1823036  -0.3649593  -0.0718139
   0.1526147  -0.0098986   0.0655025  -1.2130494   0.4064568  -0.8134984
   0.3475740  -0.1326442   0.0102899   1.2711218   0.3988411  -0.7455611
   0.0571557   0.2707072  -0.4249316  -0.4818753   0.3261142  -0.0901192
   0.6797208   1.2224234   0.0370400   0.5988870   1.1772874  -0.6780779
  -0.0123854  -0.2577389   0.1084617  -0.2371899   0.0563001   0.0111780
  -0.2070245  -0.3306788   0.2073051   0.0734410   0.7422994   0.0676747
  -0.1262671  -0.2552296   0.0858007  -0.8993100   0.1740265  -0.6844742
  -0.1849891  -0.6913656  -0.0584285  -0.5661900  -0.7232845  -0.4862579
