default_name                                                                    
   0.533   0.466   2.939  -0.189  -0.173   2.395  -0.711   0.533   1.700  -0.879
  -0.613   3.128   0.511  -1.286   1.632   0.511  -1.229   0.395   1.168  -2.238
   2.267   1.123  -2.165   3.271   2.042  -3.282   1.743   2.448  -3.784   2.608
   1.191  -4.297   1.014   1.817  -5.203   0.911   0.730  -4.058   0.037   0.395
  -4.672   1.658   3.310  -2.806   1.014   4.143  -3.664   0.661   3.507  -1.482
   0.798   2.857  -0.788   1.166   4.607  -0.937  -0.009   4.331   0.084  -0.272
   5.615  -0.909   0.485   4.830  -1.542  -0.901
   0.406   0.400   2.663  -0.174  -0.223   1.989  -0.558   0.376   1.174  -0.996
  -0.616   2.528   0.683  -1.330   1.456   0.803  -1.343   0.248   1.240  -2.199
   2.274   1.080  -2.033   3.278   2.040  -3.394   1.904   2.485  -3.816   2.824
   1.068  -4.435   1.296   1.602  -5.382   1.182   0.618  -4.054   0.326   0.143
  -4.589   1.954   3.271  -3.076   1.035   3.803  -4.030   0.474   3.794  -1.821
   0.980   3.320  -1.137   1.493   4.836  -1.403   0.076   5.759  -1.233   0.597
   5.016  -2.077  -0.744   4.522  -0.416  -0.349
   1.005   0.721   2.220   0.265  -0.075   1.940  -0.451   0.327   1.196  -0.262
  -0.393   2.872   1.030  -1.238   1.447   1.254  -1.210   0.220   1.452  -2.233
   2.286   1.046  -2.201   3.185   2.147  -3.429   1.843   2.437  -4.028   2.672
   1.186  -4.294   1.042   1.423  -5.368   1.013   1.104  -3.946   0.023   0.227
  -4.226   1.512   3.437  -3.110   1.107   3.937  -3.888   0.265   4.131  -2.030
   1.457   3.699  -1.427   2.189   5.259  -1.509   0.764   6.059  -1.155   1.430
   5.734  -2.219   0.107   4.874  -0.642   0.120
   1.226   0.827   2.670   0.467   0.242   2.185   0.037   0.804   1.393  -0.309
  -0.019   2.942   1.229  -0.923   1.528   1.273  -1.022   0.279   1.608  -1.836
   2.406   1.433  -1.647   3.421   2.160  -3.107   2.040   2.519  -3.613   2.933
   1.134  -4.128   1.515   1.533  -5.126   1.417   0.724  -3.706   0.621   0.293
  -4.173   2.274   3.486  -2.936   1.170   3.846  -3.850   0.465   4.262  -1.887
   1.360   3.889  -1.178   1.921   5.612  -1.760   0.910   6.245  -1.629   1.779
   6.046  -2.647   0.432   5.675  -0.952   0.221
   1.597   1.356   2.398   0.879   0.816   1.760   0.531   1.382   0.918   0.056
   0.535   2.421   1.421  -0.496   1.258   1.527  -0.635   0.024   1.795  -1.367
   2.169   1.672  -1.109   3.161   2.181  -2.719   1.886   2.551  -3.162   2.823
   0.986  -3.614   1.428   1.405  -4.644   1.414   0.717  -3.408   0.387   0.130
  -3.577   2.084   3.414  -2.805   0.900   3.583  -3.780   0.166   4.367  -1.834
   1.010   4.152  -1.137   1.699   5.569  -1.747   0.202   6.498  -1.822   0.756
   5.555  -2.541  -0.567   5.681  -0.796  -0.333
   1.781   1.310   2.623   0.989   0.834   2.081   0.586   1.513   1.269   0.242
   0.586   2.760   1.446  -0.529   1.520   1.405  -0.751   0.347   1.876  -1.468
   2.373   1.824  -1.167   3.339   2.362  -2.776   2.004   2.840  -3.235   2.892
   1.197  -3.672   1.666   1.517  -4.679   1.448   0.609  -3.324   0.842   0.502
  -3.707   2.514   3.478  -2.856   0.912   3.609  -3.818   0.207   4.316  -1.814
   0.857   4.198  -1.111   1.575   5.409  -1.575  -0.053   6.215  -2.309   0.002
   5.007  -1.523  -1.057   5.812  -0.570   0.113
   2.029   1.208   2.943   1.315   0.882   2.227   1.120   1.617   1.448   0.352
   0.761   2.708   1.707  -0.431   1.559   1.599  -0.530   0.350   2.136  -1.434
   2.361   2.178  -1.249   3.341   2.555  -2.789   1.970   3.001  -3.273   2.831
   1.313  -3.609   1.702   1.538  -4.694   1.792   0.911  -3.402   0.701   0.587
  -3.386   2.478   3.620  -2.857   0.866   3.688  -3.862   0.130   4.495  -1.827
   0.703   4.342  -0.998   1.290   5.634  -1.878  -0.239   6.364  -2.614   0.114
   5.325  -2.220  -1.230   6.111  -0.879  -0.342
   2.330   1.142   2.888   1.482   0.806   2.373   1.184   1.599   1.721   0.713
   0.544   3.049   1.791  -0.450   1.640   1.505  -0.547   0.449   2.368  -1.396
   2.334   2.464  -1.252   3.330   2.727  -2.699   1.803   3.279  -3.218   2.609
   1.392  -3.463   1.513   1.626  -4.527   1.273   0.869  -3.018   0.677   0.753
  -3.438   2.390   3.756  -2.655   0.615   3.840  -3.613  -0.159   4.540  -1.618
   0.468   4.423  -0.848   1.125   5.522  -1.478  -0.614   6.299  -2.257  -0.473
   5.055  -1.586  -1.616   6.022  -0.530  -0.495
   2.614   1.232   2.569   1.613   0.864   2.426   1.095   1.607   1.844   1.139
   0.745   3.410   1.689  -0.438   1.685   1.393  -0.458   0.484   2.200  -1.459
   2.361   2.347  -1.301   3.359   2.550  -2.774   1.809   3.087  -3.292   2.637
   1.272  -3.565   1.503   1.533  -4.597   1.139   0.642  -3.053   0.762   0.704
  -3.693   2.395   3.569  -2.775   0.639   3.709  -3.799  -0.070   4.299  -1.682
   0.404   4.091  -0.864   0.954   5.326  -1.502  -0.621   5.762  -2.494  -0.839
   4.910  -1.061  -1.532   6.119  -0.883  -0.270
   2.530   1.095   2.994   1.580   0.874   2.482   1.362   1.720   1.854   0.773
   0.707   3.212   1.716  -0.389   1.681   1.418  -0.411   0.500   2.300  -1.385
   2.348   2.527  -1.215   3.306   2.583  -2.735   1.799   3.027  -3.277   2.626
   1.234  -3.461   1.546   1.424  -4.502   1.240   0.696  -2.999   0.735   0.620
  -3.439   2.411   3.602  -2.782   0.621   3.793  -3.830  -0.041   4.340  -1.683
   0.382   4.169  -0.854   0.905   5.316  -1.555  -0.700   6.230  -1.989  -0.332
   5.043  -2.113  -1.597   5.543  -0.519  -0.972
   2.340   1.227   2.966   1.389   0.833   2.611   0.882   1.586   2.009   0.762
   0.572   3.462   1.636  -0.402   1.776   1.356  -0.400   0.578   2.168  -1.447
   2.412   2.358  -1.326   3.397   2.477  -2.772   1.841   3.010  -3.310   2.626
   1.168  -3.545   1.611   1.393  -4.585   1.371   0.613  -3.100   0.785   0.554
  -3.519   2.512   3.445  -2.799   0.625   3.644  -3.855   0.014   4.077  -1.668
   0.281   3.852  -0.841   0.814   5.116  -1.554  -0.744   5.976  -2.172  -0.478
   4.728  -1.885  -1.709   5.443  -0.516  -0.833
   2.407   1.001   3.121   1.427   0.726   2.734   1.006   1.565   2.180   0.767
   0.471   3.562   1.565  -0.469   1.819   1.227  -0.379   0.641   2.070  -1.578
   2.363   2.312  -1.518   3.342   2.307  -2.885   1.718   2.801  -3.499   2.473
   0.957  -3.561   1.439   1.120  -4.588   1.111   0.420  -3.021   0.658   0.353
  -3.575   2.347   3.268  -2.922   0.497   3.694  -4.009   0.092   3.653  -1.774
  -0.075   3.205  -0.930   0.256   4.668  -1.644  -1.122   5.585  -2.155  -0.823
   4.304  -2.085  -2.052   4.894  -0.590  -1.295
