default_name                                                                    
   22  0.5400000E+03
  -1.2591182  -2.7651219   4.0717960  -0.4516160  -3.4637918   4.2881125
  -0.7730719  -4.4757699   4.0443799  -0.1967175  -3.4090749   5.3456024
   0.7652093  -3.1111164   3.4583321   0.7163257  -2.1696917   2.6694191
   1.8369580  -3.8897647   3.6233951   1.7616066  -4.6200089   4.3159865
   3.0811401  -3.8510718   2.8400985   3.6579830  -2.9862825   3.1718232
   3.8832850  -5.1134718   3.1861267   3.3300922  -6.0069856   2.8918922
   4.0788640  -5.1486755   4.2588683   4.8372247  -5.0969781   2.6572493
   2.8977406  -3.7148107   1.3040312   3.5410734  -2.8663319   0.6787936
   2.0295338  -4.5311195   0.6879598   1.5431690  -5.2016971   1.2672836
   1.6927210  -4.4938661  -0.7367796   2.5932853  -4.6268866  -1.3396208
   0.9869896  -5.2915541  -0.9766175   1.2373658  -3.5336986  -0.9879858
   0.0022837   0.0014501   0.0007485   0.0023924   0.0016035   0.0009084
   0.0024115   0.0014449   0.0015045   0.0026169   0.0021604   0.0008477
   0.0021858   0.0012478   0.0004462   0.0019584   0.0008822   0.0000302
   0.0022477   0.0013641   0.0005594   0.0023947   0.0016413   0.0009136
   0.0021157   0.0010910   0.0003480   0.0022252   0.0011431   0.0000597
   0.0021091   0.0011326   0.0005304   0.0019707   0.0011017   0.0008375
   0.0022926   0.0014055   0.0004982   0.0020161   0.0009500   0.0003541
   0.0018970   0.0007338   0.0003446   0.0017107   0.0006776   0.0000672
   0.0019106   0.0004894   0.0006296   0.0020626   0.0005631   0.0008164
   0.0017693   0.0001106   0.0006479   0.0016607  -0.0002835   0.0006218
   0.0015598   0.0002079   0.0009647   0.0019588   0.0001533   0.0003693
