default_name                                                                    
   22  0.4240000E+03
  -1.6623351  -3.5409305   4.7186647  -1.8387428  -2.4777702   4.3921058
  -2.0188825  -1.9332535   5.2824112  -2.7009163  -2.2410580   3.7502195
  -0.5949093  -1.9529377   3.6811436  -0.4735477  -0.7650125   3.6613037
   0.2663682  -2.7969979   3.0554881   0.1221809  -3.7780551   3.2050285
   1.4071202  -2.4485439   2.1694390   1.8075858  -1.4995039   2.4161381
   2.5283884  -3.5501967   2.3756228   2.1832778  -4.5456753   2.1418679
   2.8725272  -3.6391924   3.4234463   3.4491590  -3.4035618   1.8205543
   0.9477478  -2.2591425   0.6365131   1.7114363  -1.8547950  -0.2324720
  -0.3843175  -2.3205611   0.3933656  -1.0189940  -2.4635022   1.2092237
  -1.1731791  -2.4106478  -0.8132477  -0.5472079  -2.6097810  -1.6891257
  -1.9113045  -3.2838718  -0.7441948  -1.7714645  -1.4777150  -0.9404421
   0.0074255  -0.6654504   0.2842113  -0.2923089   0.1039547   0.1997364
   0.2365562  -0.0689105   0.1045372   1.0252979  -0.2046345   0.0220112
  -0.0549738  -0.0950046  -0.2941944   0.2884376   0.0594479  -0.1179615
  -0.2811730  -0.2109790  -0.1620359  -1.4448445   0.7778027   0.0771682
  -0.5075024  -0.0174521  -0.2299401  -0.2399553  -0.7626989  -0.6446371
  -0.1889806  -0.3530752   0.1436135   0.7485025  -0.4496737   0.2200443
   1.0265993   0.0718022   0.6742205   0.6125417  -0.5793970  -0.0717383
   0.2225622   0.2742753   0.1714154  -0.0286265  -0.2404215  -0.1711328
  -0.1436462   0.0340506   0.0048715  -1.0624963   1.6928273   1.0937032
   0.1537095   0.5510514   0.0434383   1.5644545   0.3066595   0.3738704
   1.4479551  -0.1508492   0.0538596  -0.7170561  -0.4517755   1.0081388
