default_name                                                                    
   22  0.4240000E+03
  -5.0443015   2.2462154   3.0679479  -4.3969127   1.4366064   2.7555095
  -4.7265357   0.5292518   3.1115056  -3.3432035   1.7425003   3.0796585
  -4.4304292   1.2452101   1.2780308  -5.4074868   1.5728698   0.6740887
  -3.3069105   0.7486347   0.7107734  -2.6097660   0.4205983   1.4342034
  -2.9700017   0.6249580  -0.7569717  -1.8474007   0.3360598  -0.7109693
  -3.5721304  -0.6087684  -1.4702707  -2.9748444  -0.8777369  -2.3395923
  -4.6221016  -0.4718621  -1.6756644  -3.4345644  -1.4645351  -0.8669091
  -3.0686560   1.9319104  -1.6467457  -2.4129811   2.0296827  -2.7025565
  -3.8345450   2.9980507  -1.2034526  -4.3731398   2.8500886  -0.3725802
  -4.0745955   4.2282062  -2.0535675  -3.8929403   4.0744632  -3.1186284
  -5.1720481   4.3537507  -1.9550931  -3.6218395   5.1357921  -1.5870717
  -1.6793442  -0.3855308   0.9557997   0.1788741  -0.2607195   0.0209868
  -0.0048003  -0.7529860  -0.2943554   0.4918760  -0.8503358  -0.1754072
   0.2457372   0.7446074  -0.2300495  -0.2147869  -0.0545222  -0.1710597
   0.0702679   0.0733543  -0.0835642   0.5499720   0.5380782  -0.1333961
   0.4033099  -0.5095888  -0.3580164   0.5981297  -0.5272227  -0.7195595
   0.2113035  -0.0204618   0.4077062  -0.5705963  -0.5708071   1.1575765
   1.4235336   1.1787458   0.1418585  -1.1583567  -0.0193768   0.4684336
   0.0516804   0.2035424   0.0149321   0.0650358   0.1355432  -0.0673152
  -0.1501204  -0.0453698   0.2493587   0.0507192  -0.1176433  -1.1674332
  -0.1162874  -0.0389147  -0.1262594  -0.4930636  -0.4245478   0.2198567
   0.0457331   1.4943353   1.0618719  -2.1577136  -0.3692934  -0.6216328
