default_name                                                                    
   2.421   2.985   0.546   1.702   2.294   0.897   1.201   2.567   1.855   2.163
   1.334   1.030   0.668   2.135  -0.136   0.368   3.151  -0.771   0.005   0.995
  -0.144   0.100   0.374   0.662  -1.228   0.809  -0.916  -1.566  -0.208  -0.844
  -2.320   1.717  -0.342  -3.229   1.369  -0.799  -2.220   2.756  -0.534  -2.514
   1.535   0.721  -1.222   0.911  -2.435  -2.247   0.520  -3.041  -0.107   1.213
  -3.112   0.702   1.523  -2.606  -0.113   1.284  -4.541  -0.948   1.828  -4.966
   0.792   1.760  -4.873  -0.055   0.286  -4.871
   2.359   2.978   0.853   1.851   2.044   0.947   1.480   1.823   1.942   2.511
   1.214   0.730   0.674   2.066  -0.054   0.473   2.981  -0.839  -0.092   0.965
   0.004   0.302   0.160   0.479  -1.410   0.753  -0.651  -1.657  -0.310  -0.473
  -2.497   1.485   0.092  -3.412   1.264  -0.451  -2.313   2.604   0.029  -2.461
   1.210   1.161  -1.601   1.015  -2.196  -2.696   0.664  -2.711  -0.627   1.543
  -2.952   0.174   1.743  -2.373  -0.523   1.676  -4.339  -0.796   2.667  -4.541
   0.520   1.405  -4.611  -1.181   0.966  -4.833
   2.413   2.342  -0.282   1.640   1.849   0.391   1.651   2.336   1.331   1.920
   0.825   0.539   0.263   2.090  -0.270   0.076   3.174  -0.805  -0.622   1.076
  -0.176  -0.298   0.284   0.423  -1.994   1.079  -0.718  -2.338   0.104  -0.569
  -2.899   2.047   0.132  -3.969   2.036  -0.231  -2.610   3.119   0.086  -2.910
   1.754   1.178  -2.062   1.295  -2.227  -3.160   1.427  -2.783  -0.973   1.223
  -2.995  -0.098   1.018  -2.567  -1.047   1.413  -4.481  -1.154   2.452  -4.732
  -0.086   1.058  -4.843  -1.767   0.725  -4.841
   2.367   1.977   0.237   1.533   1.753   0.923   1.535   2.387   1.840   1.709
   0.732   1.169   0.312   2.102   0.134   0.263   3.210  -0.355  -0.685   1.212
   0.051  -0.527   0.319   0.500  -2.003   1.379  -0.511  -2.587   0.449  -0.432
  -2.716   2.419   0.304  -3.631   2.658  -0.050  -2.201   3.337   0.357  -2.950
   2.070   1.336  -1.973   1.668  -2.127  -3.080   1.930  -2.621  -0.869   1.637
  -2.862   0.026   1.590  -2.387  -0.839   1.529  -4.325  -0.061   2.171  -4.628
  -0.410   0.522  -4.506  -1.812   1.742  -4.743
   2.214   2.113   0.845   1.363   1.432   0.811   1.046   1.215   1.813   1.641
   0.518   0.345   0.231   2.048  -0.013   0.480   2.996  -0.727  -0.919   1.335
   0.085  -0.894   0.492   0.611  -2.172   1.631  -0.580  -2.851   0.791  -0.299
  -2.780   2.948  -0.001  -3.841   3.041  -0.233  -2.204   3.811  -0.351  -2.678
   3.005   1.076  -2.199   1.623  -2.132  -3.258   1.752  -2.727  -1.051   1.586
  -2.842  -0.211   1.479  -2.305  -0.943   1.576  -4.312  -0.032   1.094  -4.660
  -1.775   1.018  -4.772  -0.983   2.623  -4.639
   2.499   1.469   0.415   1.525   1.189   0.827   1.548   1.602   1.849   1.542
   0.089   0.891   0.370   1.780   0.022   0.648   2.796  -0.659  -0.785   1.171
   0.025  -0.842   0.389   0.614  -2.056   1.553  -0.628  -2.786   0.784  -0.316
  -2.530   2.898  -0.070  -3.452   3.101  -0.641  -1.848   3.675  -0.259  -2.685
   2.878   1.007  -2.012   1.465  -2.196  -3.037   1.533  -2.835  -0.834   1.315
  -2.845   0.055   1.345  -2.300  -0.676   1.323  -4.263   0.368   1.595  -4.504
  -0.855   0.348  -4.735  -1.403   2.005  -4.707
   2.445   1.415   0.561   1.433   1.172   0.895   1.259   1.503   1.909   1.288
   0.088   0.866   0.448   1.813  -0.036   0.785   2.733  -0.795  -0.817   1.416
   0.055  -1.017   0.671   0.703  -2.012   1.879  -0.675  -2.832   1.226  -0.396
  -2.360   3.248  -0.104  -3.314   3.541  -0.573  -1.598   3.997  -0.323  -2.445
   3.179   0.983  -2.008   1.787  -2.231  -3.047   2.035  -2.860  -0.938   1.357
  -2.867  -0.139   1.194  -2.289  -0.785   1.107  -4.310   0.003   1.694  -4.706
  -0.411   0.109  -4.390  -1.733   1.171  -4.902
   2.614   1.274   0.712   1.605   0.839   0.745   1.332   0.627   1.772   1.608
  -0.131   0.209   0.641   1.695   0.020   1.111   2.598  -0.682  -0.649   1.467
   0.199  -0.865   0.680   0.772  -1.828   2.101  -0.427  -2.709   1.645   0.023
  -1.896   3.564  -0.004  -2.896   3.937  -0.188  -1.203   4.180  -0.534  -1.687
   3.617   1.073  -1.997   1.933  -1.974  -3.131   2.136  -2.473  -0.945   1.581
  -2.727  -0.030   1.437  -2.294  -0.980   1.645  -4.205  -1.021   2.706  -4.560
  -0.025   1.195  -4.535  -1.808   1.135  -4.593
   2.500   1.261   0.763   1.528   0.772   0.746   1.227   0.621   1.772   1.543
  -0.197   0.258   0.514   1.637   0.022   0.940   2.571  -0.653  -0.776   1.354
   0.169  -0.992   0.545   0.758  -1.932   2.070  -0.400  -2.843   1.531  -0.098
  -2.052   3.459   0.245  -3.041   3.836   0.001  -1.270   4.138  -0.093  -2.013
   3.363   1.348  -2.030   2.131  -1.955  -3.133   2.398  -2.440  -0.927   1.859
  -2.669  -0.073   1.636  -2.173  -0.878   1.813  -4.129  -1.433   2.684  -4.536
   0.151   1.795  -4.481  -1.365   0.882  -4.479
   2.588   0.889   0.532   1.552   0.613   0.708   1.350   0.487   1.762   1.410
  -0.364   0.224   0.559   1.537   0.025   0.969   2.491  -0.614  -0.741   1.255
   0.181  -0.908   0.464   0.761  -1.888   1.998  -0.347  -2.757   1.351  -0.099
  -2.055   3.302   0.482  -2.964   3.815   0.183  -1.208   3.982   0.273  -2.100
   3.123   1.551  -2.014   2.276  -1.886  -3.128   2.545  -2.377  -0.930   2.084
  -2.657  -0.089   1.879  -2.167  -0.891   2.205  -4.117  -1.249   3.187  -4.454
   0.164   2.112  -4.438  -1.486   1.382  -4.538
   2.398   0.822   0.319   1.378   0.603   0.633   1.326   0.587   1.721   1.078
  -0.368   0.241   0.444   1.672   0.107   0.912   2.689  -0.400  -0.865   1.434
   0.230  -1.109   0.563   0.678  -2.004   2.248  -0.242  -2.900   1.677   0.009
  -2.084   3.540   0.585  -3.003   4.073   0.341  -1.232   4.184   0.362  -2.087
   3.301   1.649  -2.112   2.504  -1.770  -3.226   2.544  -2.303  -0.995   2.650
  -2.495  -0.120   2.662  -1.983  -0.935   2.703  -3.958  -1.238   3.691  -4.309
   0.085   2.507  -4.296  -1.597   1.951  -4.392
   2.242   0.807   0.508   1.191   0.586   0.688   1.020   0.476   1.758   0.922
  -0.339   0.180   0.336   1.715   0.157   0.873   2.682  -0.380  -0.982   1.587
   0.325  -1.282   0.747   0.799  -2.061   2.479  -0.139  -2.994   1.994   0.153
  -2.015   3.800   0.643  -2.892   4.400   0.395  -1.118   4.364   0.387  -2.020
   3.597   1.715  -2.174   2.684  -1.672  -3.248   2.458  -2.240  -1.097   3.094
  -2.352  -0.250   3.240  -1.812  -1.016   3.232  -3.807  -1.621   4.078  -4.138
   0.020   3.398  -4.108  -1.381   2.324  -4.292
