default_name                                                                    
  -1.443  -3.073   5.183  -1.858  -2.525   4.351  -2.590  -1.754   4.702  -2.444
  -3.154   3.612  -0.669  -1.904   3.656  -0.524  -0.658   3.593   0.204  -2.778
   3.124   0.003  -3.760   3.281   1.331  -2.432   2.230   1.763  -1.549   2.609
   2.410  -3.480   2.373   1.990  -4.374   1.953   2.767  -3.725   3.387   3.310
  -3.206   1.778   0.811  -2.192   0.785   1.693  -1.838   0.016  -0.520  -2.266
   0.538  -1.224  -2.638   1.168  -1.003  -2.256  -0.843  -0.252  -1.923  -1.566
  -1.344  -3.259  -1.143  -1.708  -1.429  -0.928
  -1.349  -2.363   5.778  -1.781  -2.173   4.760  -2.520  -1.312   4.657  -2.285
  -3.117   4.544  -0.615  -1.894   3.831  -0.204  -0.752   3.748  -0.049  -2.936
   3.134  -0.485  -3.786   3.167   1.186  -2.836   2.287   1.795  -2.077   2.701
   1.899  -4.230   2.188   1.184  -5.121   1.967   2.483  -4.443   3.062   2.634
  -4.088   1.375   0.782  -2.320   0.857   1.631  -2.212  -0.049  -0.513  -1.976
   0.726  -1.111  -1.978   1.578  -1.085  -1.797  -0.552  -1.816  -1.039  -0.435
  -0.336  -1.359  -1.227  -1.558  -2.660  -0.929
  -1.359  -2.776   5.724  -1.692  -1.963   5.057  -1.769  -1.061   5.631  -2.694
  -2.244   4.635  -0.744  -1.740   3.926  -0.390  -0.594   3.633  -0.286  -2.839
   3.330  -0.672  -3.732   3.539   0.869  -2.807   2.417   1.579  -2.045   2.773
   1.661  -4.130   2.532   1.152  -4.972   2.121   1.824  -4.447   3.568   2.560
  -4.019   1.994   0.600  -2.388   0.937   1.427  -2.475   0.051  -0.627  -1.858
   0.715  -1.200  -1.874   1.578  -1.120  -1.426  -0.589  -2.049  -0.863  -0.442
  -0.419  -0.720  -1.174  -1.399  -2.351  -1.121
  -1.720  -2.539   5.496  -2.004  -1.717   4.846  -1.997  -0.846   5.454  -2.989
  -1.924   4.447  -0.972  -1.659   3.760  -0.544  -0.565   3.368  -0.571  -2.802
   3.216  -1.005  -3.623   3.644   0.588  -2.947   2.307   1.466  -2.431   2.587
   1.006  -4.449   2.410   0.257  -4.956   1.818   0.947  -4.761   3.439   2.022
  -4.617   2.026   0.327  -2.565   0.852   1.245  -2.341   0.049  -0.978  -2.398
   0.479  -1.696  -2.760   1.114  -1.467  -1.756  -0.715  -2.525  -1.499  -0.568
  -0.767  -0.905  -0.976  -1.461  -2.485  -1.537
  -1.022  -2.304   6.147  -1.632  -1.938   5.323  -2.060  -0.959   5.608  -2.438
  -2.661   5.153  -0.903  -1.794   4.035  -0.646  -0.683   3.586  -0.493  -2.935
   3.455  -0.788  -3.806   3.894   0.530  -3.036   2.408   1.508  -2.554   2.676
   0.766  -4.573   2.283  -0.100  -5.202   2.054   1.207  -4.946   3.208   1.522
  -4.714   1.576   0.080  -2.391   1.080   0.966  -1.910   0.353  -1.190  -2.443
   0.714  -1.824  -2.905   1.310  -1.706  -1.793  -0.462  -1.239  -0.791  -0.538
  -1.442  -2.359  -1.359  -2.801  -1.682  -0.461
  -0.797  -2.196   5.999  -1.304  -1.563   5.262  -1.520  -0.542   5.639  -2.212
  -2.171   5.048  -0.512  -1.401   4.018  -0.145  -0.289   3.606  -0.158  -2.557
   3.447  -0.423  -3.369   3.909   0.675  -2.769   2.225   1.563  -2.134   2.341
   1.111  -4.249   2.169   0.249  -4.847   1.873   1.435  -4.625   3.131   1.945
  -4.388   1.464   0.172  -2.230   0.877   0.919  -2.125  -0.093  -1.139  -1.875
   0.870  -1.704  -2.081   1.680  -1.867  -1.389  -0.267  -2.205  -0.396  -0.022
  -1.181  -1.354  -1.085  -2.684  -2.050  -0.522
  -0.860  -1.979   6.164  -1.412  -1.691   5.272  -1.791  -0.717   5.461  -2.205
  -2.409   5.048  -0.422  -1.592   4.125  -0.067  -0.515   3.654  -0.016  -2.765
   3.677  -0.313  -3.551   4.212   0.884  -2.937   2.521   1.735  -2.355   2.812
   1.356  -4.412   2.538   0.537  -5.028   2.176   1.744  -4.646   3.522   2.130
  -4.562   1.790   0.335  -2.418   1.169   1.138  -2.403   0.200  -0.934  -2.006
   1.103  -1.556  -2.127   1.880  -1.473  -1.312  -0.074  -2.045  -0.419   0.202
  -0.641  -0.956  -0.696  -2.101  -1.978  -0.698
  -0.943  -2.664   5.988  -1.284  -1.890   5.301  -1.305  -0.933   5.818  -2.256
  -2.121   4.923  -0.381  -1.823   4.114   0.144  -0.768   3.772  -0.178  -2.992
   3.508  -0.561  -3.831   3.903   0.797  -3.134   2.412   1.711  -2.610   2.703
   1.146  -4.635   2.251   0.273  -5.199   1.905   1.478  -5.083   3.188   1.958
  -4.733   1.557   0.348  -2.495   1.041   1.190  -2.278   0.148  -0.945  -2.151
   0.874  -1.524  -2.293   1.673  -1.560  -1.630  -0.344  -2.584  -1.340  -0.162
  -1.047  -0.751  -0.725  -1.514  -2.454  -1.085
  -0.800  -2.696   5.943  -1.120  -1.926   5.244  -1.169  -0.960   5.738  -2.093
  -2.195   4.826  -0.143  -1.838   4.137   0.488  -0.819   3.940   0.030  -2.979
   3.447  -0.573  -3.767   3.679   0.932  -3.063   2.310   1.934  -2.690   2.578
   1.152  -4.560   2.023   0.204  -5.077   1.816   1.643  -5.057   2.851   1.812
  -4.636   1.168   0.422  -2.331   1.038   1.220  -1.914   0.194  -0.888  -2.211
   0.887  -1.452  -2.657   1.605  -1.605  -1.528  -0.200  -2.671  -1.312   0.062
  -1.108  -0.589  -0.393  -1.520  -2.132  -1.127
  -1.039  -2.782   5.905  -1.166  -1.879   5.294  -1.086  -0.965   5.878  -2.182
  -1.941   4.856  -0.123  -1.885   4.204   0.535  -0.872   4.015   0.037  -2.988
   3.477  -0.476  -3.805   3.738   0.952  -3.081   2.351   1.944  -2.687   2.675
   1.154  -4.576   2.048   0.213  -5.030   1.694   1.477  -5.075   2.983   1.898
  -4.717   1.280   0.528  -2.320   1.077   1.407  -1.940   0.279  -0.761  -2.070
   0.856  -1.408  -2.485   1.516  -1.316  -1.252  -0.221  -2.374  -1.126  -0.012
  -0.909  -0.255  -0.209  -1.156  -1.729  -1.201
  -0.863  -2.691   5.963  -1.199  -1.947   5.241  -1.311  -0.982   5.735  -2.156
  -2.254   4.822  -0.179  -1.838   4.131   0.395  -0.770   3.920   0.039  -2.943
   3.419  -0.464  -3.779   3.679   1.001  -3.041   2.314   1.952  -2.619   2.643
   1.216  -4.531   2.018   0.281  -4.990   1.694   1.578  -5.039   2.914   1.959
  -4.647   1.229   0.578  -2.276   1.035   1.433  -1.930   0.212  -0.724  -2.004
   0.862  -1.358  -2.323   1.581  -1.289  -1.300  -0.289  -2.376  -1.247  -0.198
  -0.889  -0.285  -0.338  -1.037  -1.825  -1.213
  -0.881  -2.700   5.958  -1.210  -1.944   5.245  -1.304  -0.984   5.751  -2.174
  -2.233   4.829  -0.194  -1.835   4.130   0.377  -0.767   3.915   0.027  -2.940
   3.417  -0.479  -3.776   3.674   0.992  -3.035   2.314   1.939  -2.605   2.646
   1.222  -4.525   2.025   0.296  -4.989   1.682   1.567  -5.031   2.928   1.983
  -4.635   1.251   0.571  -2.278   1.030   1.419  -1.987   0.180  -0.722  -1.956
   0.876  -1.354  -2.231   1.615  -1.282  -1.243  -0.273  -2.362  -1.134  -0.157
  -0.834  -0.251  -0.352  -1.080  -1.797  -1.192
