default_name                                                                    
  -0.533  -1.275   2.676   0.305  -1.770   3.225   0.246  -2.815   3.008   0.240
  -1.644   4.275   1.745  -1.274   2.788   2.524  -0.839   3.607   2.029  -1.370
   1.439   1.391  -1.696   0.796   3.342  -0.947   0.948   4.104  -1.451   1.493
   3.525  -1.375  -0.457   3.332  -2.441  -0.570   4.585  -1.292  -0.690   2.872
  -0.750  -1.148   3.666   0.544   1.052   4.791   0.976   0.775   2.667   1.407
   1.354   1.765   0.951   1.419   2.653   2.844   1.575   3.569   3.326   1.265
   1.867   3.348   1.062   2.567   3.024   2.600
  -0.150  -1.946   2.845   0.751  -2.364   3.294   0.877  -3.311   2.782   0.635
  -2.405   4.371   1.914  -1.573   2.864   2.784  -1.236   3.701   2.082  -1.371
   1.534   1.419  -1.869   0.963   3.214  -0.807   0.877   4.076  -1.286   1.254
   3.085  -1.432  -0.532   3.139  -2.497  -0.519   3.801  -1.117  -1.200   2.083
  -1.182  -0.929   3.327   0.715   1.016   4.464   1.255   0.984   2.207   1.369
   1.269   1.364   0.782   1.222   1.990   2.785   1.421   2.843   3.362   0.983
   1.090   3.083   0.804   1.815   3.138   2.429
  -0.385  -1.900   2.949   0.407  -2.166   3.627   0.458  -3.179   3.694   0.104
  -1.738   4.591   1.784  -1.546   3.191   2.496  -1.125   4.052   2.064  -1.482
   1.905   1.344  -1.810   1.306   3.300  -0.988   1.246   4.141  -1.437   1.755
   3.294  -1.459  -0.215   3.049  -2.509  -0.096   4.302  -1.289  -0.515   2.620
  -0.970  -0.880   3.401   0.550   1.326   4.524   1.049   1.236   2.244   1.253
   1.607   1.399   0.774   1.607   2.082   2.656   1.808   2.311   3.293   0.939
   1.100   2.946   2.203   2.825   2.943   2.552
  -0.315  -1.771   2.587   0.407  -2.062   3.367   0.463  -3.151   3.367   0.056
  -1.762   4.330   1.770  -1.430   3.090   2.426  -0.924   4.033   2.155  -1.478
   1.817   1.591  -1.866   1.135   3.455  -1.001   1.403   4.163  -1.400   2.077
   3.760  -1.591   0.007   3.869  -2.616   0.130   4.679  -1.085  -0.380   2.873
  -1.354  -0.613   3.589   0.528   1.458   4.722   1.012   1.429   2.463   1.256
   1.515   1.645   0.761   1.315   2.292   2.694   1.655   3.063   3.208   1.105
   1.352   3.041   1.217   2.352   2.911   2.717
  -0.612  -1.173   3.389   0.125  -1.848   3.793   0.002  -2.814   3.238  -0.058
  -1.994   4.879   1.517  -1.267   3.467   2.286  -0.833   4.339   1.906  -1.291
   2.194   1.377  -1.857   1.548   3.177  -0.784   1.680   4.031  -1.123   2.308
   3.315  -1.309   0.258   3.224  -2.415   0.198   4.327  -1.065  -0.140   2.585
  -0.844  -0.406   3.344   0.721   1.580   4.530   1.158   1.638   2.315   1.633
   1.556   1.407   1.277   1.682   2.499   3.072   1.671   2.622   3.496   0.724
   1.596   3.454   2.056   3.333   3.307   2.293
  -0.137  -1.531   3.610   0.739  -1.939   4.111   0.830  -3.009   3.994   0.640
  -1.686   5.181   1.991  -1.283   3.615   2.662  -0.637   4.404   2.233  -1.367
   2.314   1.630  -1.949   1.756   3.440  -0.883   1.724   4.330  -1.240   2.298
   3.627  -1.519   0.365   3.741  -2.589   0.533   4.520  -1.135  -0.141   2.745
  -1.395  -0.258   3.576   0.638   1.521   4.643   1.192   1.255   2.454   1.381
   1.596   1.627   0.878   1.808   2.263   2.816   1.394   2.676   3.133   0.427
   1.211   3.052   1.411   2.709   3.400   2.198
   0.186  -1.824   3.309   1.054  -2.129   3.908   1.278  -3.136   3.631   0.868
  -2.109   5.008   2.212  -1.249   3.518   2.711  -0.461   4.351   2.571  -1.402
   2.225   2.030  -2.091   1.689   3.753  -0.866   1.567   4.663  -1.021   2.122
   3.872  -1.616   0.248   3.887  -2.665   0.437   4.794  -1.307  -0.235   3.045
  -1.425  -0.393   3.614   0.674   1.330   4.580   1.346   1.032   2.412   1.249
   1.504   1.615   0.680   1.748   2.248   2.736   1.565   2.604   3.318   0.720
   1.155   2.928   1.583   2.759   3.155   2.426
  -0.016  -1.789   3.605   0.912  -2.120   4.116   1.067  -3.199   3.894   0.841
  -1.968   5.177   2.111  -1.335   3.636   2.793  -0.662   4.390   2.408  -1.442
   2.346   1.843  -2.039   1.763   3.567  -0.804   1.677   4.400  -1.142   2.290
   3.709  -1.311   0.225   3.817  -2.373   0.242   4.587  -0.817  -0.225   2.838
  -0.975  -0.289   3.505   0.764   1.640   4.565   1.407   1.638   2.327   1.386
   1.667   1.511   0.744   1.678   2.102   2.848   1.677   2.693   3.257   0.889
   1.038   3.123   1.630   2.440   3.395   2.587
   0.093  -1.846   3.426   0.964  -2.298   3.925   1.072  -3.318   3.581   0.851
  -2.322   4.992   2.196  -1.480   3.537   2.782  -0.813   4.388   2.506  -1.527
   2.244   1.955  -2.119   1.634   3.653  -0.851   1.671   4.505  -1.019   2.356
   4.029  -1.527   0.362   4.362  -2.564   0.604   4.844  -0.984  -0.090   3.174
  -1.525  -0.352   3.568   0.685   1.522   4.590   1.356   1.290   2.351   1.238
   1.621   1.561   0.631   1.800   2.057   2.659   1.520   2.859   3.225   1.047
   1.121   2.779   0.943   1.835   3.101   2.477
  -0.001  -1.801   3.404   0.844  -2.101   4.019   1.052  -3.183   3.823   0.630
  -1.938   5.074   2.053  -1.296   3.583   2.611  -0.580   4.386   2.468  -1.465
   2.344   1.950  -2.091   1.732   3.628  -0.765   1.786   4.430  -0.838   2.505
   4.007  -1.498   0.479   4.088  -2.585   0.637   4.933  -1.101   0.097   3.230
  -1.228  -0.237   3.468   0.763   1.566   4.455   1.505   1.478   2.240   1.275
   1.482   1.457   0.628   1.567   1.903   2.672   1.272   2.574   3.113   0.528
   0.864   2.755   0.970   2.002   3.165   2.238
   0.044  -2.017   3.409   0.903  -2.292   4.019   1.187  -3.320   3.801   0.644
  -2.203   5.074   2.063  -1.374   3.699   2.554  -0.672   4.581   2.503  -1.383
   2.441   2.045  -2.001   1.787   3.667  -0.625   1.963   4.476  -0.741   2.687
   4.115  -1.265   0.642   4.343  -2.320   0.799   5.014  -0.766   0.277   3.327
  -1.172  -0.108   3.424   0.894   1.785   4.390   1.659   1.701   2.160   1.341
   1.735   1.424   0.654   1.820   1.778   2.738   1.522   2.144   3.081   0.552
   0.691   2.838   1.546   2.206   3.369   2.303
   0.074  -1.985   3.337   0.914  -2.261   3.973   1.192  -3.296   3.777   0.630
  -2.153   5.019   2.091  -1.361   3.668   2.569  -0.650   4.551   2.551  -1.387
   2.417   2.103  -2.012   1.763   3.693  -0.598   1.937   4.505  -0.695   2.661
   4.164  -1.218   0.615   4.409  -2.271   0.764   5.057  -0.699   0.263   3.382
  -1.131  -0.140   3.406   0.916   1.777   4.345   1.713   1.674   2.128   1.325
   1.750   1.416   0.613   1.838   1.695   2.716   1.608   2.050   3.124   0.660
   0.605   2.773   1.632   2.097   3.319   2.425
