default_name                                                                    
   22  0.5400000E+03
   0.0739384  -1.9848487   3.3374772   0.9142781  -2.2611066   3.9730287
   1.1924313  -3.2958998   3.7772665   0.6304166  -2.1525680   5.0192464
   2.0909659  -1.3610802   3.6683806   2.5687377  -0.6495506   4.5508495
   2.5510084  -1.3870270   2.4170979   2.1033386  -2.0124077   1.7631052
   3.6934768  -0.5981222   1.9374505   4.5048095  -0.6946309   2.6612132
   4.1641239  -1.2182695   0.6153190   4.4086173  -2.2710623   0.7643201
   5.0566825  -0.6992519   0.2633070   3.3815749  -1.1314807  -0.1401042
   3.4059823   0.9160661   1.7767452   4.3451804   1.7126246   1.6738330
   2.1282611   1.3245234   1.7498802   1.4159727   0.6133372   1.8383320
   1.6949236   2.7155769   1.6083404   2.0496152   3.1235774   0.6596168
   0.6050747   2.7734403   1.6316426   2.0974797   3.3187190   2.4247906
   0.0002691  -0.0002195  -0.0003418   0.0003130  -0.0000852  -0.0003418
   0.0003318  -0.0001069  -0.0002076   0.0003023   0.0000277  -0.0003389
   0.0002647  -0.0000798  -0.0005046   0.0002594   0.0000472  -0.0006097
   0.0002380  -0.0002633  -0.0005097   0.0002938  -0.0003875  -0.0003974
   0.0001160  -0.0001409  -0.0006435   0.0001808  -0.0001011  -0.0007498
   0.0000719   0.0000386  -0.0007351   0.0002229   0.0000651  -0.0008573
  -0.0000413   0.0002311  -0.0007603  -0.0000203  -0.0000077  -0.0006685
  -0.0000938  -0.0001545  -0.0004569  -0.0002102   0.0000644   0.0002277
  -0.0001510  -0.0003859  -0.0009735  -0.0000403  -0.0005549  -0.0015993
  -0.0003282  -0.0003442  -0.0001269  -0.0004134   0.0002593   0.0001056
  -0.0003190  -0.0004875   0.0000012  -0.0003637  -0.0008004   0.0002168
