default_name                                                                    
   3.458   3.193   5.614   3.137   3.211   4.580   3.867   3.675   3.922   2.155
   3.658   4.444   2.948   1.820   4.112   2.578   0.970   4.896   3.242   1.586
   2.809   3.465   2.460   2.320   3.082   0.321   1.985   3.253   0.549   0.973
   3.988  -0.800   2.319   4.972  -0.448   2.562   4.025  -1.503   1.416   3.561
  -1.195   3.249   1.589  -0.164   2.009   1.301  -1.224   1.336   0.688   0.638
   2.604   1.098   1.430   3.121  -0.693   0.639   2.356  -1.206   1.150   3.168
  -0.948   1.208   1.447  -1.111  -0.372   2.128
   4.677   2.846   4.812   3.604   2.678   4.807   3.102   3.566   4.265   3.311
   2.573   5.864   3.155   1.461   4.076   3.076   0.359   4.637   2.999   1.598
   2.764   3.233   2.515   2.442   2.620   0.560   1.755   2.555   0.981   0.752
   3.715  -0.439   1.508   4.708  -0.011   1.358   3.556  -1.025   0.612   3.753
  -1.002   2.437   1.284  -0.130   2.071   1.045  -1.324   1.842   0.370   0.631
   2.644   0.683   1.539   2.833  -1.048   0.228   2.867  -1.604   1.081   3.183
  -1.477  -0.082   1.941  -1.044  -0.591   3.623
   3.511   3.632   3.855   3.364   2.836   4.616   2.443   2.970   5.127   4.181
   2.772   5.361   3.115   1.513   3.920   3.329   0.416   4.509   2.760   1.487
   2.627   2.714   2.370   2.098   2.371   0.276   1.840   2.006   0.595   0.842
   3.640  -0.572   1.538   4.430   0.077   1.114   3.415  -1.396   0.933   4.063
  -0.988   2.470   1.166  -0.542   2.402   1.009  -1.733   2.166   0.281   0.155
   3.146   0.453   1.112   3.199  -1.105  -0.297   3.459  -1.082  -1.126   4.166
  -1.647   0.477   3.918  -1.674  -0.628   2.528
   3.242   3.425   3.193   3.535   2.753   3.968   2.963   2.998   4.882   4.647
   2.779   4.170   3.131   1.361   3.493   3.085   0.437   4.287   2.829   1.227
   2.187   3.033   2.016   1.552   2.394   0.061   1.479   1.950   0.433   0.558
   3.578  -0.762   1.103   4.114  -0.217   0.345   3.328  -1.708   0.745   4.231
  -0.998   1.930   1.226  -0.653   2.201   1.158  -1.852   2.164   0.279   0.069
   2.846   0.330   1.063   2.741  -0.783  -0.528   3.629  -1.469  -1.024   2.968
  -0.402  -1.242   4.314  -1.411   0.204   4.169
   4.783   2.944   3.013   4.181   2.590   3.831   3.469   3.385   4.111   4.734
   2.297   4.729   3.427   1.394   3.262   3.248   0.417   3.957   2.894   1.531
   2.065   3.033   2.414   1.530   2.270   0.396   1.300   1.927   0.873   0.372
   3.383  -0.561   0.832   4.231   0.042   0.448   3.093  -1.130  -0.017   3.720
  -1.073   1.695   1.155  -0.345   2.124   0.971  -1.536   1.915   0.429   0.359
   3.026   0.725   1.309   3.144  -0.656  -0.212   3.865  -1.461  -0.631   3.309
  -0.165  -0.964   4.494  -1.085   0.522   4.496
   4.721   3.281   2.806   4.053   2.798   3.532   3.172   3.420   3.647   4.527
   2.770   4.486   3.630   1.420   3.117   3.591   0.450   3.897   3.116   1.361
   1.885   3.067   2.267   1.456   2.487   0.165   1.299   2.185   0.508   0.314
   3.517  -0.949   1.107   4.344  -0.522   0.604   3.124  -1.769   0.446   3.853
  -1.393   2.029   1.166  -0.340   1.993   0.721  -1.475   1.786   0.442   0.516
   2.792   0.826   1.457   2.990  -0.845   0.252   3.459  -1.303   1.143   3.725
  -1.529  -0.230   2.736  -0.750  -0.422   4.352
   4.887   2.866   2.710   4.336   2.411   3.580   3.610   3.096   3.957   5.010
   2.195   4.396   3.622   1.184   3.076   3.578   0.197   3.824   3.202   1.275
   1.823   3.341   2.135   1.335   2.407   0.245   1.130   2.056   0.688   0.203
   3.269  -0.990   0.767   4.168  -0.675   0.302   2.724  -1.584   0.078   3.494
  -1.590   1.676   1.085  -0.128   1.858   0.552  -1.201   1.620   0.510   0.785
   2.668   0.956   1.697   2.805  -0.628   0.442   3.609  -0.619   1.145   4.416
  -1.627   0.502   3.093  -0.593  -0.554   4.039
   4.863   2.728   3.174   4.173   2.377   3.889   3.470   3.107   4.290   4.732
   2.030   4.729   3.425   1.206   3.291   3.161   0.194   3.975   3.098   1.323
   1.970   3.271   2.247   1.552   2.460   0.292   1.147   2.330   0.696   0.152
   3.380  -0.929   0.991   4.387  -0.630   0.642   2.977  -1.669   0.277   3.456
  -1.443   1.930   1.041  -0.072   1.725   0.556  -1.166   1.480   0.410   0.805
   2.539   0.847   1.692   2.709  -0.948   0.646   3.064  -1.198   1.519   3.706
  -1.664   0.686   2.267  -1.013  -0.264   3.618
   5.131   2.539   3.686   4.183   2.336   4.177   3.540   3.231   4.108   4.372
   2.088   5.226   3.434   1.181   3.539   2.988   0.292   4.227   3.296   1.223
   2.219   3.790   1.932   1.712   2.552   0.246   1.397   2.414   0.755   0.424
   3.401  -1.010   1.060   4.373  -0.680   0.710   2.927  -1.584   0.235   3.496
  -1.672   1.908   1.108  -0.108   1.879   0.583  -1.190   1.594   0.428   0.836
   2.563   0.937   1.673   2.761  -0.934   0.674   3.125  -1.652   1.259   2.555
  -1.232  -0.359   3.091  -0.934   0.975   4.161
   5.141   2.177   3.689   4.112   2.130   4.044   3.582   3.055   3.796   4.147
   2.017   5.135   3.399   0.959   3.436   3.068   0.016   4.149   3.136   1.055
   2.125   3.506   1.873   1.660   2.406   0.045   1.337   2.268   0.551   0.373
   3.271  -1.203   1.084   4.231  -0.860   0.670   2.757  -1.883   0.434   3.433
  -1.715   2.021   0.973  -0.254   1.824   0.356  -1.290   1.553   0.360   0.714
   2.507   0.830   1.570   2.650  -0.958   0.600   3.140  -1.746   0.522   2.379
  -1.068  -0.207   3.854  -1.152   1.545   3.664
   5.143   2.047   3.589   4.160   1.994   4.056   3.630   2.931   3.895   4.275
   1.819   5.125   3.374   0.862   3.436   2.966  -0.059   4.140   3.166   0.934
   2.120   3.555   1.736   1.644   2.435  -0.041   1.287   2.320   0.438   0.313
   3.313  -1.279   1.048   4.299  -0.972   0.697   2.856  -1.915   0.289   3.419
  -1.847   1.974   0.981  -0.364   1.732   0.413  -1.388   1.339   0.367   0.497
   2.554   0.899   1.303   2.850  -1.034   0.422   2.969  -1.683   0.367   2.092
  -1.195  -0.466   3.584  -1.303   1.307   3.549
   5.177   2.070   3.523   4.199   2.002   3.997   3.622   2.898   3.770   4.324
   1.914   5.076   3.470   0.788   3.468   3.115  -0.099   4.240   3.242   0.761
   2.153   3.585   1.552   1.626   2.561  -0.292   1.375   2.484   0.099   0.360
   3.472  -1.526   1.286   4.463  -1.232   0.939   3.053  -2.243   0.579   3.557
  -2.002   2.263   1.095  -0.633   1.767   0.460  -1.462   1.107   0.529   0.006
   2.800   1.121   0.633   3.326  -0.875  -0.099   3.201  -1.526   0.053   2.338
  -1.071  -1.086   3.623  -1.107   0.659   3.952
