default_name                                                                    
   22  0.4240000E+03
  -6.5271863  -2.9103400   4.2036002  -5.9536541  -3.7332162   4.6113491
  -6.3822318  -4.5696986   4.1543501  -6.0058731  -3.8008680   5.7291768
  -4.4918607  -3.6413897   4.1501165  -3.9179796  -4.5828699   3.6337501
  -4.0266705  -2.3948167   4.0793461  -4.6428418  -1.6604666   4.4671838
  -2.7337524  -1.9468557   3.7007741  -2.6936326  -0.8958658   3.7123900
  -1.7653470  -2.5044324   4.7010179  -1.7686895  -3.5510091   4.6604644
  -2.1471110  -2.2565457   5.6608281  -0.7813037  -2.0331423   4.7187717
  -2.3813206  -2.2169050   2.1563097  -1.2533038  -2.0658797   1.7256656
  -3.4172801  -2.5874521   1.3439109  -4.2939708  -2.6767994   1.7639967
  -3.1719135  -3.1000500  -0.0544530  -3.2215781  -2.2106716  -0.7187335
  -2.1798709  -3.5681315  -0.0461739  -3.9738089  -3.8060356  -0.4403958
   0.2156452   0.1329368  -0.5987472   0.2043649  -0.1120834   0.0094891
  -1.3658696  -0.6427375   1.1156386   0.0560881   0.1196957   0.8593352
   0.2789847  -0.1043361   0.3087856   0.0434347   0.0335557  -0.0508329
  -0.2391585   0.2221475  -0.3630662   0.0015795  -0.3847645   0.3474063
  -0.1992170  -0.0945358  -0.2227594   0.5470575   0.0916147  -1.5453271
   0.2212860  -0.3525600  -0.4239529   0.0821527  -0.0534705   0.7848781
  -0.3779482  -0.0684874   0.1021883   0.0599095  -0.1983100   0.3950195
  -0.0252987  -0.3645525  -0.1091818   0.0169457   0.1357368  -0.1867536
   0.3792209  -0.1121402  -0.1233144   0.1437790  -0.4626155  -0.3064835
   0.1641112  -0.2213082  -0.2010908  -0.5129577   0.7567842   0.1340800
  -1.0980475  -0.9038182   1.7862524  -1.2243431   0.1492853  -0.6966947
