default_name                                                                    
   22  0.4240000E+03
   2.5249262   2.7179527   0.6456306   2.0332817   1.7569836   0.6920293
   1.8207506   1.6226130   1.7414667   2.5619046   0.9293857   0.3253946
   0.7248723   1.8767465  -0.0166617   0.5327640   2.8177045  -0.7321493
   0.0094677   0.7611748   0.0474419   0.2957408   0.0541103   0.7230840
  -1.3146286   0.5496964  -0.6004553  -1.6550581  -0.4664095  -0.3222517
  -2.4254988   1.4969123   0.0146561  -3.4484370   1.2068763  -0.2951503
  -2.1636988   2.4798803  -0.3672266  -2.3460124   1.5134549   1.1620188
  -1.3485607   0.6306743  -2.1659178  -2.3737351   0.2044426  -2.6674943
  -0.2694909   1.0560010  -2.8489708   0.4927349   1.5053464  -2.2501900
  -0.0244435   0.9891624  -4.2778416  -0.9664157   0.7656110  -4.8123183
   0.5073923   1.9702296  -4.5675954   0.6022002   0.1489407  -4.4056045
  -0.2807368   1.1270772  -2.1581417  -0.1066043   0.0427867  -0.2277930
   0.5165704  -0.5410082  -1.3466459   0.2897711  -0.4633173   0.2568298
  -0.1858588   0.3374748   0.0191510   0.0385001  -0.1884212  -0.1935275
   0.1164210   0.1141883  -0.2332690   0.0733307   0.5966573   0.2700262
   0.1142317   0.0545359  -0.2069179  -0.3564033  -0.7775236  -0.3674358
   0.0396256   0.2496348   0.1274369  -0.0399614  -0.2230331  -0.5060815
  -1.1556187   0.4710805  -0.2381099  -1.1060695  -0.0050276  -0.5061302
   0.3396667   0.0283720  -0.2620717   0.0419021   0.2301675   0.2023656
  -0.5598533  -0.1789959   0.0230946  -0.1927462   1.4204242  -0.0397891
   0.0906238   0.4160627  -0.0104112  -0.1489485   0.7068901   0.4115008
   0.8050659   0.1208481   0.1714345  -0.2958845   1.0951748   0.7018159
