default_name                                                                    
  -6.228  -4.340   3.256  -5.884  -3.743   4.122  -6.015  -4.262   5.053  -6.414
  -2.808   4.161  -4.428  -3.528   3.954  -3.688  -4.486   3.863  -3.987  -2.287
   3.967  -4.681  -1.578   4.133  -2.619  -1.846   3.600  -2.567  -0.765   3.710
  -1.568  -2.308   4.605  -1.471  -3.437   4.543  -1.997  -2.138   5.547  -0.578
  -1.818   4.409  -2.088  -2.118   2.149  -0.944  -1.979   1.809  -3.012  -2.423
   1.258  -3.986  -2.339   1.601  -2.789  -2.965  -0.096  -3.613  -2.631  -0.821
  -1.898  -2.520  -0.476  -2.649  -4.083  -0.146
  -6.391  -3.473   3.905  -5.621  -3.777   4.636  -5.662  -4.888   4.661  -5.814
  -3.268   5.615  -4.250  -3.342   4.103  -3.494  -4.252   3.696  -3.960  -2.032
   4.026  -4.686  -1.439   4.329  -2.723  -1.432   3.585  -2.831  -0.368   3.501
  -1.674  -1.630   4.686  -1.474  -2.694   4.795  -2.068  -1.265   5.649  -0.787
  -1.084   4.392  -2.214  -1.811   2.176  -0.965  -1.940   1.976  -3.128  -2.014
   1.263  -4.062  -1.893   1.589  -2.915  -2.654  -0.106  -3.774  -2.679  -0.798
  -2.128  -2.211  -0.683  -2.494  -3.667   0.013
  -6.218  -4.361   3.843  -5.526  -4.003   4.611  -5.175  -4.783   5.256  -6.003
  -3.165   5.201  -4.294  -3.501   3.932  -3.525  -4.272   3.343  -4.059  -2.257
   4.081  -4.784  -1.773   4.493  -2.848  -1.506   3.743  -3.208  -0.485   3.873
  -1.708  -1.750   4.777  -1.344  -2.766   4.705  -2.096  -1.504   5.794  -0.850
  -1.065   4.553  -2.320  -1.663   2.248  -1.107  -1.659   1.999  -3.184  -1.943
   1.240  -4.153  -2.139   1.463  -2.776  -1.821  -0.161  -3.424  -1.020  -0.502
  -1.779  -1.477  -0.307  -3.036  -2.713  -0.794
  -5.759  -5.206   4.598  -5.590  -4.136   4.632  -5.619  -3.883   5.680  -6.345
  -3.615   4.051  -4.304  -3.648   3.965  -3.511  -4.483   3.595  -4.091  -2.321
   4.042  -4.912  -1.702   4.225  -2.839  -1.628   3.661  -2.990  -0.553   3.815
  -1.751  -2.025   4.639  -1.415  -3.060   4.460  -2.148  -2.022   5.631  -0.877
  -1.437   4.501  -2.382  -1.741   2.191  -1.275  -1.378   1.865  -3.200  -2.244
   1.269  -4.074  -2.592   1.638  -2.881  -2.397  -0.128  -3.736  -2.677  -0.755
  -2.586  -1.405  -0.528  -2.134  -3.206  -0.227
  -5.834  -3.872   5.360  -5.703  -4.153   4.300  -6.508  -3.690   3.712  -5.812
  -5.236   4.166  -4.359  -3.731   3.882  -3.547  -4.568   3.396  -4.039  -2.434
   4.076  -4.695  -1.947   4.592  -2.816  -1.683   3.744  -3.182  -0.662   3.796
  -1.762  -1.850   4.891  -1.463  -2.880   5.076  -2.254  -1.487   5.769  -0.845
  -1.277   4.645  -2.307  -1.874   2.274  -1.111  -1.715   1.956  -3.237  -2.153
   1.329  -4.190  -2.248   1.669  -3.097  -2.343  -0.100  -3.583  -1.540  -0.685
  -2.031  -2.399  -0.345  -3.594  -3.275  -0.251
  -5.876  -4.101   5.199  -5.788  -4.365   4.175  -6.584  -3.874   3.551  -5.812
  -5.448   4.122  -4.464  -3.809   3.779  -3.630  -4.567   3.196  -4.206  -2.531
   4.091  -4.949  -2.061   4.607  -2.915  -1.794   3.924  -3.139  -0.749   4.134
  -1.963  -2.265   5.043  -1.622  -3.267   4.890  -2.548  -2.258   5.983  -1.146
  -1.561   5.135  -2.259  -1.805   2.493  -1.078  -1.471   2.364  -3.014  -2.147
   1.471  -3.977  -2.356   1.638  -2.666  -2.079   0.053  -1.610  -2.027  -0.179
  -3.134  -2.993  -0.435  -3.205  -1.202  -0.376
  -6.029  -4.654   5.168  -5.906  -4.556   4.078  -6.683  -3.875   3.682  -6.021
  -5.539   3.661  -4.557  -3.982   3.801  -3.678  -4.691   3.291  -4.335  -2.678
   4.113  -5.077  -2.166   4.529  -3.057  -1.927   3.858  -3.317  -0.876   3.820
  -2.087  -2.106   5.032  -1.705  -3.101   5.027  -2.646  -1.880   5.933  -1.242
  -1.422   4.934  -2.447  -2.112   2.462  -1.244  -2.021   2.273  -3.251  -2.407
   1.404  -4.271  -2.419   1.522  -2.801  -2.594   0.035  -1.767  -2.960   0.005
  -3.432  -3.265  -0.529  -2.871  -1.632  -0.496
  -6.608  -4.325   4.661  -6.117  -4.582   3.759  -6.669  -4.352   2.882  -5.972
  -5.667   3.775  -4.714  -3.984   3.628  -3.792  -4.686   3.297  -4.568  -2.671
   3.905  -5.414  -2.138   4.118  -3.349  -1.873   3.714  -3.647  -0.837   3.724
  -2.456  -2.067   4.960  -2.119  -3.096   5.053  -3.012  -1.812   5.870  -1.569
  -1.474   4.857  -2.638  -2.088   2.372  -1.401  -2.011   2.280  -3.352  -2.336
   1.250  -4.326  -2.460   1.317  -2.710  -2.652  -0.060  -1.881  -3.360   0.060
  -3.463  -3.082  -0.682  -2.332  -1.721  -0.477
  -6.336  -4.710   4.691  -5.975  -4.754   3.668  -6.640  -4.142   3.032  -5.947
  -5.769   3.324  -4.593  -4.173   3.668  -3.638  -4.900   3.409  -4.495  -2.856
   3.904  -5.371  -2.396   4.155  -3.308  -2.017   3.821  -3.647  -0.979   3.924
  -2.397  -2.243   5.028  -2.065  -3.291   5.027  -2.964  -2.019   5.975  -1.509
  -1.614   4.989  -2.555  -2.026   2.453  -1.412  -1.564   2.328  -3.214  -2.503
   1.382  -4.150  -2.864   1.505  -2.711  -2.380   0.016  -1.975  -1.547  -0.093
  -2.243  -3.321  -0.269  -3.556  -2.184  -0.659
  -6.309  -4.697   4.703  -5.996  -4.747   3.662  -6.686  -4.242   2.993  -5.895
  -5.784   3.338  -4.668  -4.049   3.588  -3.645  -4.713   3.363  -4.660  -2.749
   3.787  -5.517  -2.271   4.048  -3.474  -1.913   3.689  -3.882  -0.906   3.764
  -2.591  -2.092   4.929  -2.239  -3.124   4.960  -3.136  -1.857   5.837  -1.710
  -1.412   4.858  -2.776  -1.997   2.317  -1.592  -1.722   2.221  -3.513  -2.353
   1.263  -4.484  -2.608   1.427  -3.051  -2.478  -0.117  -2.727  -1.481  -0.424
  -2.280  -3.219  -0.210  -3.899  -2.749  -0.736
  -6.453  -4.585   4.805  -6.079  -4.820   3.809  -6.762  -4.417   3.062  -6.008
  -5.902   3.696  -4.713  -4.198   3.625  -3.747  -4.905   3.343  -4.627  -2.876
   3.790  -5.480  -2.391   4.031  -3.401  -2.059   3.693  -3.737  -1.022   3.748
  -2.526  -2.285   4.938  -2.111  -3.293   4.927  -3.124  -2.151   5.841  -1.710
  -1.562   4.951  -2.641  -2.139   2.339  -1.447  -1.832   2.262  -3.317  -2.569
   1.264  -4.284  -2.826   1.408  -2.792  -2.646  -0.100  -2.463  -1.658  -0.430
  -1.944  -3.333  -0.137  -3.566  -3.005  -0.781
  -6.467  -4.461   4.798  -6.113  -4.662   3.787  -6.761  -4.162   3.069  -6.128
  -5.736   3.605  -4.701  -4.141   3.639  -3.789  -4.914   3.352  -4.529  -2.830
   3.827  -5.353  -2.296   4.064  -3.260  -2.085   3.744  -3.533  -1.032   3.830
  -2.402  -2.403   4.979  -2.043  -3.432   4.933  -2.991  -2.267   5.886  -1.544
  -1.731   5.017  -2.489  -2.175   2.396  -1.342  -1.723   2.306  -3.107  -2.718
   1.337  -4.037  -3.080   1.487  -2.566  -2.775  -0.022  -2.290  -1.774  -0.359
  -1.681  -3.414  -0.046  -3.314  -3.182  -0.705
