default_name                                                                    
  -6.288  -2.983  -1.309  -5.337  -3.451  -1.588  -4.835  -3.092  -2.454  -5.473
  -4.539  -1.682  -4.341  -3.174  -0.447  -4.489  -2.135   0.217  -3.260  -4.011
  -0.310  -3.119  -4.711  -0.990  -2.217  -3.880   0.735  -2.742  -3.913   1.706
  -1.279  -5.110   0.522  -1.809  -6.018   0.579  -0.581  -5.067   1.355  -0.674
  -5.053  -0.343  -1.410  -2.546   0.797  -0.920  -2.135   1.861  -1.270  -1.892
  -0.338  -1.713  -2.245  -1.186  -0.479  -0.751  -0.603   0.592  -0.980  -0.273
  -0.386  -0.675  -1.696  -0.859   0.046  -0.014
  -6.289  -4.060  -1.317  -5.304  -3.734  -1.613  -5.360  -2.833  -2.199  -5.024
  -4.573  -2.211  -4.610  -3.453  -0.322  -5.069  -2.639   0.472  -3.390  -3.996
  -0.180  -3.033  -4.459  -0.982  -2.288  -3.750   0.761  -2.677  -3.843   1.762
  -1.170  -4.798   0.607  -1.596  -5.757   0.486  -0.348  -4.704   1.339  -0.711
  -4.611  -0.331  -1.671  -2.320   0.677  -1.071  -1.846   1.676  -1.565  -1.670
  -0.533  -2.099  -2.019  -1.382  -0.953  -0.442  -0.783   0.135  -0.572  -0.758
  -1.270  -0.246  -1.732  -1.160   0.372  -0.038
  -5.985  -4.705  -1.570  -5.135  -4.031  -1.745  -5.445  -3.104  -2.165  -4.430
  -4.389  -2.438  -4.343  -3.618  -0.438  -4.809  -2.809   0.385  -3.125  -4.149
  -0.260  -2.820  -4.788  -0.961  -2.175  -3.739   0.781  -2.680  -3.899   1.762
  -1.021  -4.670   0.710  -1.301  -5.696   0.937  -0.365  -4.513   1.518  -0.406
  -4.418  -0.212  -1.584  -2.301   0.739  -1.203  -1.781   1.770  -1.538  -1.687
  -0.423  -1.824  -2.166  -1.244  -0.990  -0.326  -0.570  -0.140  -0.199   0.050
  -0.782  -0.130  -1.630  -1.813   0.341  -0.222
  -4.973  -4.846  -1.445  -5.151  -3.784  -1.391  -6.169  -3.474  -1.116  -4.937
  -3.396  -2.369  -4.167  -3.158  -0.450  -4.506  -2.228   0.307  -2.936  -3.669
  -0.364  -2.714  -4.423  -1.023  -2.003  -3.434   0.731  -2.589  -3.659   1.601
  -0.906  -4.488   0.703  -1.387  -5.440   0.486  -0.441  -4.601   1.665  -0.110
  -4.249  -0.036  -1.465  -1.963   0.760  -1.195  -1.420   1.843  -1.590  -1.235
  -0.365  -1.939  -1.745  -1.126  -1.127   0.184  -0.620  -1.125   0.646   0.351
  -0.066   0.142  -1.007  -1.829   0.688  -1.222
  -5.242  -4.219  -1.515  -4.990  -3.168  -1.311  -5.871  -2.592  -1.285  -4.346
  -2.804  -2.118  -4.182  -3.110  -0.016  -4.664  -2.422   0.894  -2.925  -3.655
  -0.013  -2.654  -4.223  -0.854  -1.969  -3.458   1.114  -2.488  -3.521   2.103
  -0.854  -4.539   1.056  -1.228  -5.530   0.790  -0.261  -4.584   1.988  -0.125
  -4.238   0.295  -1.358  -2.064   1.011  -0.829  -1.505   2.009  -1.342  -1.423
  -0.147  -1.749  -1.948  -0.957  -0.701  -0.165  -0.486  -1.503   0.568  -0.663
  -0.176   0.252   0.358  -0.029  -0.200  -1.373
  -5.854  -2.844  -1.389  -4.922  -3.422  -1.317  -4.337  -3.237  -2.176  -5.179
  -4.507  -1.344  -4.071  -3.057  -0.089  -4.510  -2.210   0.678  -2.889  -3.639
  -0.027  -2.529  -4.278  -0.717  -1.943  -3.521   1.111  -2.509  -3.475   2.038
  -1.120  -4.775   1.243  -1.799  -5.650   1.161  -0.727  -4.805   2.262  -0.351
  -4.826   0.467  -1.025  -2.285   1.059  -0.338  -1.950   2.040  -0.992  -1.620
  -0.098  -1.635  -1.934  -0.802  -0.179  -0.460  -0.398  -0.614   0.153  -1.146
  -0.038   0.228   0.456   0.766  -0.796  -0.746
  -5.776  -3.047  -1.530  -4.786  -3.415  -1.583  -4.250  -3.023  -2.417  -4.891
  -4.487  -1.745  -4.032  -3.173  -0.282  -4.431  -2.438   0.581  -2.905  -3.791
  -0.106  -2.606  -4.521  -0.785  -1.976  -3.521   1.011  -2.625  -3.373   1.915
  -1.141  -4.785   1.191  -1.727  -5.707   1.199  -0.604  -4.737   2.143  -0.367
  -4.852   0.375  -1.109  -2.257   0.847  -0.533  -1.757   1.813  -1.020  -1.702
  -0.365  -1.513  -2.154  -1.128  -0.185  -0.516  -0.702   0.269  -0.584  -1.717
  -0.823   0.384  -0.692   0.659  -0.430  -0.004
  -5.660  -2.709  -1.770  -4.866  -3.435  -1.692  -4.210  -3.376  -2.564  -5.256
  -4.452  -1.631  -4.053  -3.039  -0.470  -4.404  -2.153   0.297  -2.971  -3.778
  -0.247  -2.758  -4.481  -0.903  -2.044  -3.563   0.859  -2.637  -3.516   1.742
  -1.071  -4.733   0.919  -1.633  -5.655   1.020  -0.400  -4.570   1.770  -0.443
  -4.786   0.036  -1.260  -2.236   0.717  -0.769  -1.722   1.701  -1.166  -1.695
  -0.510  -1.495  -2.298  -1.255  -0.564  -0.378  -0.854   0.049  -0.490  -1.735
  -1.371   0.326  -1.099   0.075  -0.071  -0.024
  -5.907  -3.231  -1.423  -4.935  -3.731  -1.505  -4.535  -3.597  -2.533  -5.082
  -4.783  -1.344  -3.980  -3.151  -0.508  -4.253  -2.104   0.104  -2.882  -3.862
  -0.252  -2.763  -4.778  -0.683  -1.952  -3.554   0.842  -2.545  -3.441   1.754
  -1.026  -4.772   0.977  -1.569  -5.677   1.132  -0.318  -4.579   1.784  -0.457
  -4.891   0.035  -1.168  -2.223   0.646  -0.678  -1.643   1.617  -1.064  -1.763
  -0.597  -1.479  -2.344  -1.325  -0.404  -0.491  -0.955   0.684  -0.577  -0.800
  -0.622  -0.294  -2.021  -0.786   0.335  -0.367
  -5.763  -2.977  -1.798  -4.902  -3.626  -1.587  -4.293  -3.677  -2.490  -5.293
  -4.593  -1.295  -4.049  -3.086  -0.439  -4.418  -2.086   0.159  -2.930  -3.787
  -0.149  -2.699  -4.589  -0.748  -2.077  -3.477   0.987  -2.714  -3.293   1.846
  -1.145  -4.699   1.193  -1.707  -5.600   1.313  -0.532  -4.537   2.064  -0.481
  -4.820   0.342  -1.233  -2.209   0.784  -0.642  -1.731   1.762  -1.071  -1.725
  -0.477  -1.678  -2.173  -1.152  -0.192  -0.619  -0.878   0.767  -0.690  -0.395
  -0.064  -0.648  -1.968  -0.622   0.351  -0.605
  -5.665  -2.709  -1.687  -4.873  -3.438  -1.525  -4.246  -3.494  -2.414  -5.309
  -4.416  -1.327  -4.031  -3.020  -0.340  -4.365  -2.057   0.349  -2.933  -3.739
  -0.109  -2.748  -4.524  -0.715  -1.993  -3.484   0.992  -2.567  -3.306   1.904
  -1.158  -4.756   1.197  -1.814  -5.604   1.402  -0.486  -4.621   2.046  -0.566
  -4.965   0.306  -1.080  -2.250   0.778  -0.476  -1.757   1.736  -0.976  -1.744
  -0.460  -1.495  -2.210  -1.191  -0.183  -0.571  -0.823   0.878  -0.771  -0.660
  -0.339  -0.320  -1.874  -0.479   0.285  -0.211
  -5.725  -2.752  -1.583  -4.885  -3.440  -1.487  -4.299  -3.428  -2.405  -5.259
  -4.447  -1.309  -4.011  -3.019  -0.328  -4.298  -2.022   0.334  -2.940  -3.776
  -0.088  -2.794  -4.584  -0.676  -1.977  -3.534   0.994  -2.533  -3.370   1.918
  -1.135  -4.805   1.166  -1.785  -5.657   1.368  -0.451  -4.680   2.007  -0.555
  -4.997   0.262  -1.075  -2.293   0.777  -0.502  -1.772   1.740  -0.941  -1.813
  -0.469  -1.437  -2.297  -1.204  -0.158  -0.631  -0.834   0.896  -0.793  -0.602
  -0.258  -0.429  -1.902  -0.511   0.240  -0.277
