default_name                                                                    
   22  0.4240000E+03
   0.7181814   1.4775173  -3.0383394   1.3095503   2.4148763  -2.9716340
   0.7278452   3.1230380  -3.5221172   2.2477462   2.1987138  -3.4279621
   1.4839101   2.6043824  -1.4696182   1.8013419   3.6804521  -1.0591559
   1.3482060   1.5508239  -0.6931214   1.0561503   0.6236872  -1.0960505
   1.3964568   1.5700715   0.7610369   0.8642380   2.4900783   1.0363301
   0.7677317   0.3640389   1.4653551   0.6535837   0.6877839   2.5871888
   1.4246840  -0.5555384   1.4246744  -0.1478279  -0.0079944   1.0887531
   2.7927997   1.8815435   1.3848613   2.8742836   1.9420376   2.5781114
   3.8406813   2.1224131   0.6342940   3.6957452   2.2437917  -0.3309508
   5.2309208   2.4282302   1.0432347   5.3338841   2.2797930   2.1228325
   5.9534972   1.8988058   0.4629880   5.3532286   3.4771757   0.8182015
   0.1806089  -0.6803367   0.7988879   0.0575229  -0.0153073   0.2240773
  -0.1694326   0.7479994   0.3010917   0.0939469  -0.7334368   0.1152033
   0.3843071   0.1868681  -0.2435398   0.1077507  -0.4860261   0.0009838
  -0.3672400   0.1734767   0.1291552   0.3684983   0.6684845  -0.8038157
   0.2091595  -0.2226718  -0.4264563   0.4037292   0.4510751  -0.3694404
  -0.2317222   0.2587607  -0.1010248   0.3989866  -1.1089208   0.5745751
   0.5809929  -1.3173303  -0.6396188   0.8795757  -0.8105954   0.5718700
   0.4091262  -0.0373788   0.0659635   0.1399056  -0.1579280  -0.0130947
   0.0897991   0.0227094  -0.1819325   0.0554446   0.2285486   0.6373928
  -0.3176641  -0.0344217  -0.1893586  -0.2292409   1.2393852  -1.1490519
   0.0511356   0.4748105  -0.2363381   0.7700016  -0.1150223   0.2997759
