default_name                                                                    
   22  0.5400000E+03
  -4.1834155  -3.1773814  -1.0237615  -4.2098491  -2.3338811  -0.3349968
  -4.8010693  -2.5980536   0.5410908  -4.6584426  -1.4743004  -0.8312525
  -2.7990835  -1.9905396   0.0873439  -2.4755422  -2.0508744   1.2724244
  -1.9610355  -1.6258181  -0.8832332  -2.3150022  -1.6116351  -1.8286739
  -0.5351458  -1.3288414  -0.6848300  -0.1346039  -2.0470205   0.0329520
   0.1810273  -1.5616265  -2.0228746  -0.0042683  -2.5786035  -2.3719149
   1.2560219  -1.4286496  -1.8938340  -0.1779420  -0.8515848  -2.7694400
  -0.2382684   0.0817834  -0.1153284   0.9109746   0.3780355   0.2289356
  -1.2517522   0.9535891  -0.0093629  -2.1631645   0.6346467  -0.3069219
  -1.1333658   2.3287609   0.4757905  -0.3986796   2.8747193  -0.1197341
  -2.0962938   2.8373422   0.3994854  -0.8143775   2.3311296   1.5200022
  -0.0002038   0.0006893  -0.0001818  -0.0001255   0.0004865   0.0000622
   0.0000278   0.0002098   0.0000681  -0.0001702   0.0006043   0.0003930
  -0.0000548   0.0003549  -0.0000460   0.0001086   0.0000193  -0.0001085
  -0.0001945   0.0006274  -0.0000642  -0.0002870   0.0008952   0.0000040
  -0.0001654   0.0005677  -0.0001882  -0.0000796   0.0004408  -0.0003723
  -0.0003304   0.0008325  -0.0003242  -0.0003791   0.0009059  -0.0005108
  -0.0003028   0.0007992  -0.0004200  -0.0004103   0.0010039  -0.0001398
  -0.0000814   0.0004499   0.0000756  -0.0000101   0.0003954  -0.0001016
  -0.0000741   0.0003927   0.0005000  -0.0001748   0.0004321   0.0006273
  -0.0000252   0.0002716   0.0008330  -0.0003141   0.0005120   0.0007116
  -0.0001055   0.0002024   0.0013373   0.0003544   0.0000167   0.0007133
