default_name                                                                    
  -3.676  -0.902   3.104  -3.073   0.028   3.064  -2.869   0.383   4.111  -3.627
   0.836   2.680  -1.721  -0.072   2.346  -1.395   0.721   1.441  -0.861  -1.010
   2.810  -1.251  -1.654   3.482   0.498  -1.179   2.480   0.887  -0.205   2.403
   1.228  -1.871   3.623   0.848  -2.861   3.835   1.041  -1.195   4.473   2.329
  -1.862   3.453   0.835  -1.872   1.150   2.047  -2.123   0.884  -0.089  -2.114
   0.278  -0.982  -1.733   0.579   0.079  -2.490  -1.108   0.511  -3.524  -1.075
  -0.824  -2.462  -1.699   0.806  -1.802  -1.591
  -3.559  -1.351   2.276  -3.147  -0.482   2.851  -3.114  -0.640   3.943  -3.717
   0.392   2.595  -1.673  -0.347   2.618  -1.311   0.619   1.966  -0.901  -1.370
   3.019  -1.313  -2.094   3.549   0.585  -1.500   2.643   1.013  -0.607   2.915
   1.103  -2.512   3.590   0.704  -3.529   3.535   0.812  -2.206   4.642   2.203
  -2.521   3.546   0.892  -1.822   1.129   2.051  -1.806   0.690  -0.110  -2.286
   0.343  -0.958  -2.398   0.889  -0.022  -2.729  -1.034   0.731  -3.500  -1.048
  -0.946  -3.222  -1.354   0.218  -1.898  -1.712
  -4.028  -1.355   2.781  -3.474  -0.417   2.929  -3.538  -0.213   4.042  -4.013
   0.386   2.362  -2.033  -0.522   2.476  -1.585   0.359   1.749  -1.243  -1.409
   3.100  -1.642  -1.983   3.786   0.243  -1.555   2.794   0.778  -0.616   3.044
   0.768  -2.590   3.789   0.603  -3.557   3.451   0.269  -2.481   4.758   1.879
  -2.464   3.933   0.643  -1.891   1.327   1.819  -1.640   0.984  -0.341  -2.369
   0.563  -1.254  -2.633   0.986  -0.144  -2.859  -0.844   0.826  -2.568  -1.320
  -0.132  -3.962  -0.797  -0.983  -2.467  -1.381
  -3.651  -1.052   3.287  -3.112  -0.102   3.106  -3.117   0.595   3.929  -3.683
   0.412   2.315  -1.705  -0.429   2.657  -1.117   0.246   1.793  -1.091  -1.461
   3.232  -1.521  -2.065   3.927   0.312  -1.743   2.959   0.851  -0.857   3.137
   0.764  -2.829   3.985   0.147  -3.719   3.870   0.682  -2.493   4.998   1.801
  -3.013   3.883   0.640  -2.138   1.513   1.744  -1.881   1.034  -0.324  -2.737
   0.833  -1.169  -2.999   1.328  -0.093  -3.361  -0.466   0.619  -4.161  -0.424
  -1.072  -3.729  -0.726   0.179  -2.559  -1.225
  -3.519  -1.083   3.270  -3.001  -0.116   3.061  -2.879   0.451   3.996  -3.510
   0.532   2.359  -1.627  -0.446   2.478  -1.200   0.252   1.560  -0.931  -1.446
   3.052  -1.378  -1.893   3.839   0.441  -1.782   2.733   1.031  -0.893   2.924
   0.927  -2.943   3.634   0.289  -3.829   3.454   0.811  -2.690   4.682   2.001
  -3.200   3.472   0.689  -2.189   1.284   1.726  -1.867   0.759  -0.197  -2.907
   0.612  -1.053  -3.057   1.099  -0.013  -3.427  -0.743  -1.002  -3.620  -1.205
   0.594  -2.749  -1.386   0.510  -4.347  -0.758
  -2.946  -0.694   4.189  -2.829  -0.160   3.242  -2.945   0.946   3.282  -3.551
  -0.559   2.580  -1.474  -0.344   2.609  -0.959   0.580   1.972  -0.840  -1.487
   2.773  -1.312  -2.146   3.400   0.574  -1.716   2.415   1.204  -0.961   2.834
   1.005  -3.059   3.094   0.574  -3.918   2.561   0.711  -3.120   4.170   2.079
  -3.114   3.029   0.864  -1.824   0.872   1.952  -1.374   0.464  -0.128  -2.316
   0.093  -0.927  -2.816   0.518  -0.117  -2.304  -1.358  -1.150  -2.472  -1.707
   0.204  -1.352  -1.825   0.564  -3.105  -1.660
  -2.767  -0.650   4.384  -2.794  -0.508   3.319  -3.254   0.447   3.058  -3.331
  -1.337   2.887  -1.345  -0.483   2.894  -0.798   0.582   2.620  -0.711  -1.651
   2.897  -1.279  -2.429   3.183   0.710  -1.875   2.517   1.351  -1.129   2.965
   1.123  -3.253   3.095   0.505  -3.977   2.614   1.048  -3.224   4.161   2.150
  -3.503   2.871   0.969  -1.822   1.003   2.174  -1.901   0.649  -0.084  -1.751
   0.161  -1.000  -1.682   0.567   0.036  -1.596  -1.304   0.233  -2.564  -1.748
  -0.894  -1.300  -1.716   0.809  -0.911  -1.624
  -2.779  -0.475   4.490  -2.746  -0.361   3.375  -3.218   0.603   3.054  -3.255
  -1.231   2.930  -1.346  -0.382   2.869  -0.721   0.646   2.619  -0.808  -1.593
   2.826  -1.373  -2.390   3.063   0.566  -1.803   2.391   1.244  -1.141   2.991
   0.909  -3.273   2.744   0.315  -3.976   2.158   0.714  -3.455   3.826   1.997
  -3.415   2.520   0.781  -1.584   0.865   1.885  -1.360   0.392  -0.290  -1.666
   0.082  -1.147  -1.847   0.589  -0.357  -1.543  -1.344   0.296  -2.311  -1.844
  -1.389  -1.649  -1.667   0.029  -0.570  -1.661
  -2.677  -1.197   4.637  -2.671  -0.583   3.736  -3.003   0.408   3.953  -3.340
  -0.978   2.975  -1.280  -0.503   3.194  -0.755   0.572   2.957  -0.675  -1.662
   2.991  -1.190  -2.511   3.173   0.688  -1.850   2.458   1.367  -1.128   2.899
   1.157  -3.246   2.842   0.485  -4.000   2.406   1.202  -3.369   3.928   2.143
  -3.434   2.472   0.786  -1.654   0.914   1.876  -1.510   0.377  -0.349  -1.586
   0.223  -1.217  -1.594   0.734  -0.439  -1.367  -1.218  -0.079  -2.230  -1.809
  -1.493  -1.147  -1.469   0.108  -0.433  -1.464
  -2.544  -1.038   4.819  -2.546  -0.537   3.835  -2.877   0.496   3.969  -3.231
  -1.034   3.145  -1.181  -0.518   3.163  -0.675   0.493   2.700  -0.599  -1.723
   3.079  -1.077  -2.509   3.462   0.729  -1.931   2.471   1.454  -1.284   2.948
   1.144  -3.354   2.781   0.487  -4.049   2.258   1.044  -3.496   3.836   2.184
  -3.540   2.447   0.776  -1.655   0.952   1.827  -1.438   0.373  -0.387  -1.650
   0.276  -1.258  -1.801   0.775  -0.527  -1.478  -1.170   0.329  -1.867  -1.688
  -1.370  -2.065  -1.576  -0.683  -0.426  -1.365
  -2.276  -0.840   4.949  -2.433  -0.518   3.920  -2.865   0.482   3.911  -3.113
  -1.210   3.424  -1.108  -0.508   3.193  -0.640   0.549   2.770  -0.505  -1.688
   3.048  -0.965  -2.500   3.431   0.820  -1.876   2.444   1.513  -1.174   2.911
   1.289  -3.300   2.783   0.626  -4.033   2.321   1.294  -3.443   3.864   2.302
  -3.450   2.407   0.873  -1.621   0.917   1.958  -1.391   0.372  -0.274  -1.653
   0.221  -1.118  -1.854   0.739  -0.392  -1.427  -1.221   0.024  -2.276  -1.768
  -1.441  -1.308  -1.498   0.151  -0.524  -1.507
  -2.384  -0.951   4.851  -2.487  -0.517   3.857  -2.874   0.498   3.942  -3.175
  -1.121   3.267  -1.134  -0.490   3.182  -0.637   0.579   2.832  -0.541  -1.669
   2.994  -1.021  -2.495   3.322   0.794  -1.844   2.407   1.471  -1.129   2.877
   1.277  -3.257   2.763   0.629  -4.003   2.301   1.270  -3.391   3.846   2.297
  -3.399   2.401   0.865  -1.598   0.878   1.962  -1.446   0.329  -0.282  -1.557
   0.185  -1.138  -1.689   0.706  -0.387  -1.351  -1.260   0.140  -2.146  -1.791
  -1.435  -1.358  -1.565   0.053  -0.390  -1.535
