default_name                                                                    
   22  0.5400000E+03
  -1.0343232   1.4903728  -0.6414432  -1.0354744   0.4018018  -0.6795808
  -0.4713869   0.0675848  -1.5493691  -2.0613336   0.0420360  -0.7512646
  -0.3917609  -0.1436768   0.5754376  -1.0389522  -0.8765352   1.3205237
   0.8729164   0.2235210   0.7968608   1.2753593   0.8358715   0.1021871
   1.7707106  -0.1616489   1.9035486   2.7272884   0.3184839   1.6903099
   1.2658448   0.4670808   3.2101759   0.3221411   0.0106829   3.5104669
   1.1213133   1.5398748   3.0755161   2.0013296   0.3079235   3.9997565
   2.1045031  -1.6697500   2.0565964   3.2508025  -2.0078773   2.3697347
   1.1512410  -2.5806542   1.8260478   0.2261150  -2.2244795   1.6108433
   1.3508388  -4.0304192   1.8036234   2.1638940  -4.2874622   1.1213139
   1.6010503  -4.3896398   2.8036980   0.4392274  -4.5273738   1.4666251
   0.0006982   0.0001828   0.0000237   0.0006903   0.0001972   0.0001127
   0.0009649   0.0000875   0.0003420   0.0007362   0.0001992  -0.0001796
   0.0003016   0.0003068   0.0003665   0.0000547   0.0003735   0.0002351
   0.0002210   0.0003435   0.0007410   0.0004318   0.0003417   0.0008468
  -0.0000688   0.0002907   0.0009501  -0.0000632   0.0004176   0.0012857
  -0.0004652   0.0000611   0.0009117  -0.0004958  -0.0000383   0.0005979
  -0.0004857   0.0000562   0.0010283  -0.0006778  -0.0000222   0.0011023
  -0.0000375   0.0002915   0.0007778   0.0002692   0.0002105  -0.0004358
  -0.0004141   0.0003760   0.0020039  -0.0005654   0.0004850   0.0027311
  -0.0006652   0.0003428   0.0021795  -0.0012306   0.0000734   0.0015924
   0.0000694   0.0005538   0.0020705  -0.0010055   0.0004090   0.0029982
