default_name                                                                    
   22  0.5400000E+03
  -1.6125306  -3.4824654  -4.6078979  -2.6700371  -3.3451198  -4.3859422
  -3.2417209  -4.1669323  -4.8158473  -3.0118841  -2.4029571  -4.8124628
  -2.8685161  -3.3168728  -2.8872448  -3.5880217  -4.1578849  -2.3529081
  -2.2262057  -2.3534299  -2.2225974  -1.6673756  -1.7307286  -2.7879266
  -2.2254080  -2.0761830  -0.7722036  -1.5317780  -1.2456090  -0.6310345
  -3.6070945  -1.5479952  -0.3599203  -3.8943778  -0.7148768  -1.0028134
  -3.5723270  -1.1984747   0.6726964  -4.3529623  -2.3394688  -0.4396271
  -1.7039518  -3.1912303   0.1755043  -1.2416966  -2.8799926   1.2781354
  -1.7302230  -4.4676905  -0.2281472  -2.1911070  -4.6538419  -1.1112478
  -1.1398180  -5.5992541   0.4884637  -0.1280606  -5.3519595   0.8170743
  -1.7457508  -5.8454564   1.3624600  -1.0918650  -6.4713938  -0.1663083
   0.0005313   0.0007945   0.0006314   0.0004494   0.0006546   0.0002594
   0.0006745   0.0006373  -0.0000474   0.0004711   0.0006642   0.0002878
  -0.0000769   0.0004350   0.0001889  -0.0001815   0.0002900  -0.0001910
  -0.0004123   0.0004408   0.0005163  -0.0003008   0.0005596   0.0007519
  -0.0007865   0.0002528   0.0005627  -0.0011152   0.0004868   0.0007935
  -0.0010247  -0.0002443   0.0003715  -0.0011529  -0.0002482   0.0004740
  -0.0013185  -0.0004208   0.0004629  -0.0007636  -0.0004692   0.0001250
  -0.0006681   0.0002677   0.0004931   0.0005056   0.0003740  -0.0000241
  -0.0018764   0.0001364   0.0009881  -0.0026225   0.0001324   0.0013541
  -0.0021375  -0.0000038   0.0009767  -0.0015066  -0.0008238  -0.0003816
  -0.0013302   0.0011323   0.0018480  -0.0037813  -0.0004587   0.0014162
