default_name                                                                    
  -4.192   1.506   3.140  -4.774   0.685   2.649  -5.822   0.910   3.035  -4.409
  -0.314   2.934  -4.640   0.924   1.194  -5.587   1.193   0.453  -3.383   0.628
   0.748  -2.799   0.253   1.428  -2.910   0.657  -0.646  -1.839   0.335  -0.631
  -3.716  -0.452  -1.397  -3.559  -0.345  -2.458  -4.764  -0.335  -1.364  -3.421
  -1.466  -1.021  -2.949   2.021  -1.427  -2.255   2.116  -2.436  -3.889   2.961
  -1.080  -4.468   2.757  -0.263  -4.010   4.335  -1.674  -3.072   4.652  -2.147
  -4.766   4.205  -2.454  -4.269   5.087  -0.872
  -3.501   1.561   2.822  -4.461   1.086   2.433  -5.312   1.698   2.634  -4.671
   0.075   2.783  -4.422   0.996   0.902  -5.303   1.522   0.229  -3.263   0.540
   0.432  -2.646   0.010   1.035  -2.745   0.777  -0.904  -1.716   0.304  -0.852
  -3.553  -0.191  -1.751  -3.019  -0.242  -2.750  -4.595   0.191  -1.949  -3.442
  -1.254  -1.471  -2.647   2.277  -1.465  -1.907   2.497  -2.458  -3.380   3.260
  -0.940  -4.067   3.074  -0.231  -3.246   4.723  -1.162  -2.907   4.940  -2.191
  -4.287   5.112  -1.157  -2.756   5.315  -0.372
  -4.175   1.202   2.912  -4.822   0.672   2.241  -5.894   0.859   2.418  -4.550
  -0.416   2.411  -4.513   1.113   0.840  -5.463   1.498   0.134  -3.204   0.998
   0.506  -2.663   0.684   1.287  -2.649   1.296  -0.824  -1.576   1.084  -0.699
  -3.215   0.282  -1.855  -2.838   0.430  -2.869  -4.276   0.352  -1.967  -3.035
  -0.718  -1.433  -2.701   2.762  -1.402  -1.851   3.077  -2.239  -3.455   3.703
  -0.812  -4.147   3.343  -0.147  -3.605   5.037  -1.330  -2.857   5.730  -0.894
  -3.456   4.920  -2.405  -4.536   5.530  -0.989
  -3.945   0.376   2.974  -4.890   0.568   2.469  -5.506   1.316   2.915  -5.354
  -0.377   2.306  -4.536   1.106   1.055  -5.385   1.638   0.398  -3.321   0.868
   0.612  -2.748   0.465   1.303  -2.701   1.061  -0.706  -1.633   0.818  -0.601
  -3.263   0.013  -1.655  -2.815   0.146  -2.634  -4.319   0.118  -1.715  -3.020
  -0.913  -1.155  -2.811   2.445  -1.366  -2.169   2.747  -2.387  -3.631   3.376
  -0.845  -4.133   3.027  -0.007  -3.696   4.795  -1.140  -4.763   5.036  -1.366
  -3.458   5.448  -0.318  -3.105   5.036  -1.977
  -3.753   0.997   3.057  -4.498   0.531   2.382  -5.477   0.905   2.702  -4.397
  -0.595   2.348  -4.211   1.030   0.970  -5.123   1.517   0.367  -3.004   0.768
   0.451  -2.306   0.309   1.023  -2.596   0.912  -0.955  -1.488   0.758  -0.894
  -3.232  -0.234  -1.756  -2.819  -0.272  -2.745  -4.348  -0.118  -1.793  -3.005
  -1.197  -1.235  -2.738   2.263  -1.663  -2.026   2.538  -2.620  -3.607   3.162
  -1.230  -4.322   2.821  -0.610  -3.793   4.542  -1.688  -4.293   4.569  -2.649
  -4.298   5.098  -0.881  -2.844   5.050  -1.864
  -3.709   1.474   2.737  -4.373   0.754   2.231  -5.368   0.962   2.560  -4.050
  -0.228   2.579  -4.229   0.891   0.751  -5.162   1.289   0.080  -3.028   0.678
   0.318  -2.358   0.330   0.978  -2.532   0.791  -1.049  -1.457   0.585  -0.967
  -3.055  -0.409  -1.914  -2.621  -0.404  -2.924  -4.106  -0.384  -1.990  -2.719
  -1.334  -1.373  -2.682   2.178  -1.788  -1.907   2.409  -2.715  -3.528   3.076
  -1.305  -4.210   2.797  -0.604  -3.740   4.373  -1.910  -2.779   4.813  -2.197
  -4.286   4.266  -2.908  -4.393   5.031  -1.265
  -3.866   0.371   2.536  -4.728   0.313   1.906  -5.466   0.934   2.335  -5.046
  -0.707   1.914  -4.373   0.745   0.515  -5.216   1.310  -0.186  -3.111   0.508
   0.094  -2.488   0.178   0.811  -2.506   0.574  -1.236  -1.451   0.331  -1.134
  -3.094  -0.613  -2.071  -2.619  -0.687  -3.054  -4.172  -0.455  -2.188  -2.934
  -1.580  -1.575  -2.582   1.927  -1.985  -1.802   2.157  -2.935  -3.399   2.881
  -1.560  -4.032   2.633  -0.821  -3.539   4.247  -2.024  -2.737   4.472  -2.749
  -4.492   4.405  -2.520  -3.427   4.931  -1.165
  -3.826   1.232   2.668  -4.492   0.597   2.065  -5.527   0.835   2.350  -4.249
  -0.455   2.314  -4.315   0.763   0.565  -5.256   1.044  -0.144  -3.075   0.538
   0.090  -2.477   0.045   0.723  -2.608   0.622  -1.295  -1.545   0.324  -1.282
  -3.263  -0.505  -2.057  -2.848  -0.612  -3.066  -4.341  -0.279  -2.138  -3.155
  -1.418  -1.538  -2.662   2.019  -2.012  -1.853   2.274  -2.878  -3.625   2.916
  -1.658  -4.312   2.540  -1.019  -3.743   4.314  -2.067  -3.611   4.460  -3.147
  -4.735   4.646  -1.855  -3.021   4.899  -1.533
  -3.753   1.800   2.645  -4.373   0.956   2.377  -5.376   1.124   2.770  -3.935
   0.023   2.756  -4.385   0.856   0.868  -5.425   1.068   0.224  -3.213   0.530
   0.299  -2.464   0.328   0.957  -2.842   0.500  -1.132  -1.812   0.207  -1.173
  -3.599  -0.628  -1.849  -3.132  -0.824  -2.821  -4.642  -0.303  -2.044  -3.564
  -1.540  -1.242  -2.897   1.841  -1.895  -2.026   2.095  -2.740  -3.873   2.716
  -1.649  -4.540   2.397  -0.977  -3.971   4.056  -2.195  -4.333   3.983  -3.226
  -4.661   4.641  -1.583  -3.001   4.547  -2.218
  -3.588   1.497   2.602  -4.321   0.795   2.198  -5.303   1.029   2.578  -4.054
  -0.208   2.506  -4.308   0.876   0.697  -5.310   1.235   0.094  -3.168   0.554
   0.103  -2.468   0.198   0.733  -2.805   0.531  -1.329  -1.741   0.294  -1.301
  -3.478  -0.628  -2.025  -3.019  -0.724  -3.015  -4.526  -0.387  -2.128  -3.328
  -1.575  -1.486  -2.932   1.875  -2.111  -2.100   2.162  -3.011  -3.992   2.686
  -1.904  -4.638   2.361  -1.213  -4.195   4.007  -2.509  -4.593   3.886  -3.488
  -4.905   4.561  -1.894  -3.273   4.576  -2.575
  -3.350   1.490   2.398  -4.126   0.791   2.088  -5.087   1.122   2.481  -3.898
  -0.202   2.471  -4.185   0.746   0.578  -5.236   1.018  -0.002  -3.055   0.398
  -0.042  -2.277   0.178   0.562  -2.775   0.362  -1.488  -1.723   0.087  -1.577
  -3.562  -0.783  -2.141  -3.249  -0.895  -3.180  -4.632  -0.574  -2.115  -3.365
  -1.717  -1.613  -2.906   1.706  -2.249  -1.951   2.126  -2.909  -4.050   2.394
  -2.167  -4.782   1.986  -1.595  -4.274   3.734  -2.713  -4.293   3.696  -3.803
  -5.228   4.125  -2.356  -3.476   4.408  -2.394
  -3.202   1.341   2.268  -4.018   0.679   1.981  -4.949   1.036   2.420  -3.812
  -0.329   2.339  -4.141   0.660   0.474  -5.187   1.030  -0.056  -3.077   0.218
  -0.200  -2.289  -0.074   0.360  -2.886   0.176  -1.659  -1.858  -0.156  -1.816
  -3.770  -0.917  -2.279  -3.539  -1.014  -3.341  -4.825  -0.666  -2.167  -3.576
  -1.871  -1.788  -2.978   1.544  -2.382  -1.957   2.065  -2.843  -4.177   2.130
  -2.492  -4.949   1.665  -2.027  -4.424   3.447  -3.081  -4.232   3.418  -4.155
  -5.461   3.742  -2.914  -3.769   4.191  -2.624
