default_name                                                                    
   22  0.4240000E+03
  -3.5524496  -0.0786171   2.7332355  -2.8294593   0.7183610   2.8812076
  -2.6645955   0.8285515   3.9652457  -3.2369544   1.6482602   2.4760811
  -1.4856211   0.3552500   2.2962782  -1.1440182   0.8458293   1.2818904
  -0.6737118  -0.4568391   2.9652765  -1.0267784  -0.8571156   3.7870681
   0.7413957  -0.7567480   2.6767489   1.4174466   0.1371177   2.7545351
   1.1235098  -1.6233642   3.8675493   0.4893000  -2.4954735   3.7835751
   0.9493742  -1.0939463   4.8335398   2.1975678  -1.8288704   3.8561636
   1.0105466  -1.3969239   1.2940385   2.1395475  -1.4501799   0.8112844
  -0.0268939  -1.8371063   0.5356444  -0.9110688  -1.6486945   0.9708278
  -0.0475158  -2.1002094  -0.9388764   0.7964240  -2.6671476  -1.2266260
  -0.9671329  -2.7047481  -1.1153133  -0.0859469  -1.2077020  -1.5386757
   0.8703368   1.5002965  -0.6432510  -0.1717598  -0.1683381  -0.4517789
   0.7461623  -0.2818136  -1.5939638  -0.9254360  -0.9763201   1.9122174
  -0.2009970   0.0507740   0.2343373   0.1176713   0.1342317  -0.2029933
   0.0988430  -0.6235433   0.4429757   0.6668311   0.7679567   0.1515564
  -0.0942902   0.3225833  -0.0580564   1.0788409  -0.2994469   0.9879236
   0.1923751  -0.3111307  -0.1065384  -0.3337323   0.1982783  -0.8973206
  -1.1283803   0.8713108  -0.1566550   0.2235774   0.3341946   0.5487732
   0.1013621   0.0636853   0.1482249  -0.4089027   0.1543150   0.1383336
   0.2291855   0.0731229   0.0587297   0.1151934   0.3516197   0.0408332
   0.1547439  -0.1935809  -0.0421062   0.4817931   0.9027886  -0.3255233
   1.0210462   0.1212160   0.0014000  -0.7203437  -0.0949416  -0.1120256
