default_name                                                                    
   22  0.5400000E+03
  -2.4889527  -1.0248999  -3.3402804  -2.2482396   0.0262628  -3.1863529
  -3.0833108   0.5220103  -2.6926399  -2.0606745   0.5002784  -4.1488850
  -1.0108925   0.1337016  -2.3242266  -1.0589168   0.7136985  -1.2407211
   0.0996102  -0.4257543  -2.8040367   0.0432665  -0.8899659  -3.6988183
   1.3824570  -0.4765213  -2.0884097   1.1868124  -0.7551585  -1.0513982
   2.2223953  -1.5925220  -2.7269037   1.6762172  -2.5363553  -2.6917149
   3.1572516  -1.7104351  -2.1772665   2.4498838  -1.3445667  -3.7649039
   2.1621907   0.8628714  -2.0588951   3.1334071   0.9939340  -1.3063107
   1.7586527   1.8540907  -2.8674095   0.9566921   1.6690452  -3.4535578
   2.3959051   3.1667696  -2.9755257   2.3891688   3.6677768  -2.0053636
   3.4297610   3.0549031  -3.3086496   1.8584027   3.7862511  -3.6959820
   0.0001034   0.0003980  -0.0005319   0.0000483   0.0003794  -0.0004053
  -0.0000332   0.0003027  -0.0004756   0.0002055   0.0004901  -0.0003284
  -0.0000961   0.0003414  -0.0001976  -0.0002824   0.0002508  -0.0001550
  -0.0000023   0.0004087  -0.0000564   0.0001217   0.0004894  -0.0001125
  -0.0001047   0.0003660   0.0001323  -0.0002666   0.0004018   0.0000856
  -0.0000618   0.0003084   0.0002883  -0.0001413   0.0003322   0.0002066
  -0.0001577   0.0002835   0.0004839   0.0000978   0.0002564   0.0003139
  -0.0000669   0.0003432   0.0002171  -0.0000563   0.0002522   0.0002374
  -0.0000179   0.0004143   0.0002878  -0.0000087   0.0004734   0.0002970
   0.0000272   0.0003997   0.0003944  -0.0001436   0.0004091   0.0003901
   0.0000773   0.0003832   0.0005738   0.0001449   0.0004098   0.0002935
