default_name                                                                    
  -4.229   2.198   0.621  -3.301   2.271  -0.030  -3.077   3.342  -0.123  -3.465
   1.798  -0.930  -2.155   1.610   0.699  -1.734   2.207   1.725  -1.676   0.473
   0.196  -2.194   0.224  -0.694  -0.556  -0.406   0.648  -0.702  -0.514   1.679
  -0.784  -1.793   0.053  -0.807  -1.783  -1.026  -1.732  -2.113   0.374  -0.072
  -2.564   0.476   0.875   0.071   0.391   1.816  -0.684   0.454   1.050   1.316
  -0.010   0.265   1.960  -0.038   2.337   2.020  -0.088   2.442   2.198  -1.100
   2.416   2.960   0.526   3.194   1.371   0.182
  -4.234   1.756   0.380  -3.371   2.370   0.489  -3.689   3.287   1.058  -3.063
   2.769  -0.466  -2.335   1.552   1.085  -1.739   1.933   2.085  -2.022   0.469
   0.472  -2.512   0.208  -0.377  -0.944  -0.500   0.792  -0.913  -0.756   1.856
  -1.361  -1.869   0.218  -1.366  -1.748  -0.853  -2.390  -2.216   0.534  -0.569
  -2.621   0.547   0.473   0.052   0.380   1.523  -0.637   0.485   0.429   1.270
  -0.026  -0.402   1.740   0.051   1.605   2.103  -0.387   1.885   1.938  -1.452
   1.441   3.134  -0.250   2.465   1.845   0.209
  -4.409   1.048  -0.030  -3.756   1.850   0.206  -4.244   2.526   0.905  -3.400
   2.347  -0.703  -2.485   1.383   0.795  -2.000   1.961   1.808  -1.947   0.293
   0.265  -2.402  -0.119  -0.568  -0.715  -0.393   0.776  -0.832  -0.398   1.876
  -0.782  -1.884   0.224  -0.732  -1.961  -0.838  -1.707  -2.355   0.651   0.049
  -2.475   0.616   0.629   0.376   0.522   1.736  -0.156   0.762   0.541   1.650
   0.069  -0.356   2.040  -0.123   1.645   2.511  -0.011   2.459   2.190   0.704
   2.087   2.643  -0.983   1.372   3.532   0.320
  -4.151   1.608  -0.201  -3.368   2.266   0.194  -3.800   3.104   0.769  -3.003
   2.657  -0.711  -2.269   1.560   0.900  -1.756   2.068   1.881  -1.952   0.422
   0.304  -2.324   0.225  -0.570  -0.898  -0.442   0.824  -0.991  -0.405   1.912
  -1.192  -1.912   0.307  -1.241  -1.908  -0.770  -2.078  -2.274   0.759  -0.377
  -2.595   0.552   0.508   0.132   0.508   1.529  -0.533   0.790   0.575   1.253
  -0.195  -0.295   1.582  -0.558   1.709   2.102  -0.454   1.659   2.860   0.334
   2.701   1.545  -0.482   1.567   2.612  -1.399
  -4.259   2.609   0.836  -3.495   2.670   0.130  -3.110   3.704   0.137  -3.839
   2.455  -0.891  -2.339   1.787   0.592  -1.624   2.168   1.538  -2.150   0.644
  -0.052  -2.782   0.432  -0.776  -1.103  -0.315   0.295  -1.157  -0.410   1.390
  -1.426  -1.700  -0.220  -1.209  -1.714  -1.313  -2.449  -1.938   0.064  -0.835
  -2.487   0.218   0.356   0.055   0.088   1.224  -0.619   0.637   0.704   1.155
  -0.548  -0.027   1.666  -1.026   2.122   1.550  -0.838   2.799   0.677  -0.834
   2.189   2.048  -1.771   2.402   2.277  -0.094
  -4.210   1.928   0.689  -3.333   2.541   0.409  -3.365   3.433   1.006  -3.388
   2.819  -0.662  -2.128   1.697   0.685  -1.365   1.899   1.622  -2.074   0.574
  -0.028  -2.720   0.484  -0.785  -1.152  -0.512   0.297  -1.288  -0.752   1.362
  -1.626  -1.771  -0.432  -1.551  -1.641  -1.533  -2.618  -2.012  -0.176  -0.998
  -2.610  -0.139   0.348  -0.196   0.049   1.210  -0.821   0.640   0.627   0.874
  -0.728  -0.171   1.369  -1.165   1.976   1.441  -0.967   2.677   0.594  -0.879
   2.071   1.794  -1.995   2.221   2.217  -0.260
  -4.170   1.780  -0.123  -3.254   2.392   0.088  -3.552   3.179   0.824  -2.899
   2.838  -0.832  -2.174   1.548   0.648  -1.385   2.036   1.495  -2.078   0.328
   0.137  -2.808  -0.035  -0.475  -0.991  -0.626   0.478  -1.030  -0.928   1.584
  -1.233  -1.875  -0.320  -1.229  -1.658  -1.430  -2.202  -2.303  -0.075  -0.483
  -2.579  -0.034   0.423  -0.069   0.193   1.372  -0.521   0.818   0.561   0.930
  -0.708  -0.316   1.247  -1.109   1.803   1.648  -1.040   2.600   0.981  -1.441
   1.601   2.446  -1.760   2.157   2.086  -0.120
  -4.396   1.859   0.242  -3.417   2.166  -0.158  -3.317   3.211   0.056  -3.456
   2.068  -1.262  -2.218   1.388   0.393  -1.608   1.832   1.346  -1.993   0.209
  -0.170  -2.619  -0.081  -0.890  -0.969  -0.753   0.256  -1.066  -0.985   1.321
  -1.231  -2.037  -0.528  -1.259  -1.816  -1.578  -2.206  -2.475  -0.212  -0.413
  -2.762  -0.354   0.477  -0.171   0.098   1.383  -0.682   0.735   0.741   0.742
  -0.861  -0.064   1.072  -1.370   2.046   1.272  -1.232   2.651   0.466  -1.673
   1.944   2.044  -1.998   2.516   1.659  -0.331
  -4.243   1.614  -0.284  -3.329   2.209  -0.260  -3.466   3.096   0.344  -3.051
   2.504  -1.296  -2.224   1.378   0.360  -1.556   1.839   1.295  -1.950   0.188
  -0.212  -2.534  -0.147  -0.985  -0.894  -0.714   0.257  -1.016  -0.868   1.325
  -1.034  -2.053  -0.506  -0.826  -1.860  -1.555  -2.005  -2.486  -0.390  -0.319
  -2.735  -0.103   0.505  -0.109   0.066   1.409  -0.392   0.846   0.694   0.771
  -0.943  -0.139   1.074  -1.495   1.964   1.479  -1.192   2.698   0.724  -1.490
   1.850   2.227  -1.994   2.314   1.984  -0.306
  -4.168   1.557  -0.379  -3.315   2.201  -0.368  -3.563   3.158   0.146  -2.992
   2.415  -1.368  -2.192   1.492   0.361  -1.588   2.061   1.285  -1.882   0.278
  -0.115  -2.486  -0.107  -0.810  -0.801  -0.546   0.425  -0.938  -0.683   1.496
  -0.955  -1.924  -0.263  -0.942  -1.808  -1.344  -1.912  -2.377   0.027  -0.161
  -2.625   0.022   0.656  -0.037   0.197   1.535  -0.413   0.963   0.925   0.755
  -0.830   0.148   1.064  -1.417   2.230   1.281  -1.204   2.904   0.448  -1.383
   2.193   1.911  -2.089   2.662   1.887  -0.398
  -4.260   1.472  -0.510  -3.383   2.117  -0.521  -3.630   3.074  -0.064  -3.062
   2.278  -1.549  -2.267   1.454   0.252  -1.780   2.006   1.239  -1.859   0.267
  -0.194  -2.324  -0.124  -1.000  -0.813  -0.532   0.457  -1.023  -0.567   1.528
  -0.906  -1.964  -0.086  -0.699  -1.976  -1.157  -1.904  -2.367   0.093  -0.177
  -2.597   0.423   0.614   0.046   0.294   1.500  -0.264   1.097   0.838   0.898
  -0.718   0.054   1.104  -1.322   2.127   1.509  -1.045   2.929   0.774  -0.957
   2.111   1.889  -2.069   2.330   2.338  -0.365
  -4.256   1.499  -0.531  -3.376   2.141  -0.546  -3.622   3.105  -0.103  -3.051
   2.285  -1.575  -2.266   1.485   0.244  -1.785   2.052   1.223  -1.857   0.291
  -0.186  -2.320  -0.104  -0.991  -0.811  -0.510   0.464  -1.018  -0.543   1.535
  -0.912  -1.940  -0.084  -0.702  -1.949  -1.154  -1.913  -2.337   0.092  -0.189
  -2.580   0.425   0.623   0.051   0.293   1.524  -0.316   1.055   0.848   0.934
  -0.692   0.060   1.182  -1.274   2.139   1.558  -0.986   2.898   0.791  -1.149
   2.062   2.174  -1.883   2.447   2.189  -0.150
