default_name                                                                    
   22  0.4240000E+03
   2.6668126   1.1202729   1.5950940   2.1021119   0.1572451   1.4858285
   2.5224895  -0.0684361   0.5006604   1.0961928   0.3549374   1.4226144
   2.4034885  -0.7756652   2.5772501   1.4878867  -1.1780203   3.2845786
   3.7214182  -0.9552786   2.9327293   4.3067921  -0.4373866   2.2405293
   4.3536656  -1.7399370   4.0142969   5.3725395  -2.0937966   3.6217944
   4.6824167  -0.7263329   5.2288121   5.4717766  -1.1495475   5.8441588
   3.7791106  -0.6805234   5.9294350   5.0017095   0.2078679   4.7877782
   3.8160427  -3.0877424   4.4927834   4.6028238  -4.0449648   4.5155951
   2.5401588  -3.1198353   4.9299596   2.1068588  -2.2309324   4.8787770
   1.7267325  -4.2866935   5.2990361   2.2748116  -5.0149432   5.8314788
   0.8472306  -4.0430999   5.9407257   1.2892176  -4.7933614   4.4215773
   0.4975471  -0.2301705  -1.8146909  -0.5277968  -0.2868555  -0.1865238
  -0.0498294  -0.0502832  -1.1580211  -0.3081777   0.1266644   0.3808280
   0.2832977  -0.1033898  -0.1227894  -0.1839596   0.1745617   0.3291237
   0.2833025   0.0801744  -0.0411151  -0.6059938  -0.3357523   1.1184092
  -0.1725848   0.0557018  -0.0587812  -0.9807484  -1.6479726  -0.0117526
  -0.0418907  -0.6146892  -0.0785168   0.7303098   0.7447757  -1.2102371
   0.0182140  -0.4799071  -1.2555900   0.1188465  -0.2639742  -1.0195373
  -0.0788893   0.1324282   0.1114860   0.1261941   0.3506268   0.0662362
  -0.0697878  -0.1919304   0.0087708  -0.0263106   0.1001720   0.2294277
   0.3460853   0.2918170   0.0530190   0.5656946   1.2185615   0.0994222
   0.1538092  -0.5781170  -0.6844170  -0.2757455  -1.9154780   0.3145024
