default_name                                                                    
  -1.692  -1.920  -2.276  -1.799  -1.422  -1.318  -1.797  -2.266  -0.573  -2.754
  -0.881  -1.479  -0.660  -0.404  -1.117  -0.887   0.589  -0.501   0.513  -0.587
  -1.677   0.581  -1.382  -2.276   1.711   0.200  -1.368   1.830   0.289  -0.274
   2.884  -0.595  -1.962   2.912  -1.648  -1.600   3.854  -0.097  -1.709   2.825
  -0.687  -3.032   1.725   1.658  -1.963   2.599   2.429  -1.523   0.853   1.985
  -2.941   0.273   1.197  -3.164   0.562   3.320  -3.432   1.372   3.824  -3.910
  -0.207   3.325  -4.238   0.297   4.005  -2.704
  -1.753  -1.959  -1.217  -2.044  -1.053  -1.717  -3.013  -0.691  -1.290  -2.134
  -1.180  -2.784  -0.893  -0.122  -1.419  -0.927   0.700  -0.507   0.262  -0.503
  -1.970   0.240  -1.262  -2.684   1.625   0.037  -1.568   1.636  -0.016  -0.463
   2.732  -0.891  -2.221   2.549  -2.002  -1.961   3.793  -0.595  -1.935   2.663
  -0.845  -3.350   1.919   1.503  -2.021   2.954   2.054  -1.693   1.043   2.201
  -2.777   0.168   1.740  -2.962   1.186   3.525  -3.431   2.198   3.861  -3.267
   1.110   3.348  -4.500   0.492   4.283  -3.066
  -1.991  -1.316  -2.998  -2.201  -0.471  -2.316  -3.020  -0.746  -1.654  -2.646
   0.294  -2.990  -0.990  -0.138  -1.466  -1.146   0.558  -0.470   0.186  -0.398
  -1.946   0.212  -0.911  -2.801   1.539  -0.159  -1.356   1.348  -0.204  -0.267
   2.475  -1.261  -1.843   2.040  -2.218  -1.520   3.415  -1.110  -1.373   2.509
  -1.210  -2.946   2.014   1.302  -1.641   3.132   1.699  -1.313   1.225   2.097
  -2.340   0.346   1.702  -2.598   1.531   3.446  -2.762   2.161   3.478  -3.649
   0.601   3.932  -2.904   2.077   3.967  -1.984
  -2.111  -1.252  -2.802  -2.339  -0.386  -2.266  -3.166  -0.523  -1.599  -2.575
   0.392  -2.955  -1.147   0.101  -1.506  -1.233   0.793  -0.482   0.002  -0.317
  -2.071  -0.026  -0.901  -2.901   1.349  -0.055  -1.548   1.347  -0.349  -0.492
   2.458  -0.990  -2.158   2.252  -2.044  -1.936   3.413  -0.884  -1.681   2.517
  -0.899  -3.263   1.852   1.400  -1.633   2.911   1.704  -1.059   1.249   2.263
  -2.452   0.406   2.048  -2.953   1.760   3.645  -2.553   2.730   3.749  -3.168
   0.997   4.305  -3.011   1.911   4.149  -1.587
  -2.467  -1.329  -2.315  -2.135  -0.322  -2.592  -2.912   0.386  -2.350  -1.953
  -0.329  -3.680  -0.853   0.081  -1.908  -0.960   0.913  -0.990   0.254  -0.577
  -2.227   0.226  -1.216  -3.017   1.570  -0.335  -1.571   1.399  -0.370  -0.480
   2.564  -1.442  -1.897   2.115  -2.427  -1.798   3.395  -1.340  -1.210   3.017
  -1.315  -2.872   2.176   1.052  -1.840   3.047   1.448  -1.041   1.774   1.758
  -2.903   1.219   1.309  -3.601   2.442   2.947  -3.379   3.436   2.669  -3.766
   1.838   3.360  -4.193   2.539   3.692  -2.551
  -1.726  -0.089  -4.006  -1.998   0.040  -2.930  -2.664  -0.729  -2.583  -2.605
   0.922  -2.806  -0.727   0.267  -2.118  -0.771   1.066  -1.156   0.374  -0.453
  -2.461   0.325  -1.025  -3.309   1.711  -0.217  -1.855   1.567  -0.349  -0.751
   2.650  -1.329  -2.319   2.297  -2.365  -2.065   3.605  -1.173  -1.864   2.845
  -1.306  -3.427   2.354   1.163  -2.084   3.116   1.659  -1.265   2.066   1.858
  -3.198   1.452   1.360  -3.877   2.608   3.212  -3.502   3.518   3.126  -4.055
   1.943   3.841  -4.086   2.844   3.712  -2.554
  -1.952  -0.616  -3.730  -2.176  -0.425  -2.698  -2.661  -1.231  -2.157  -2.929
   0.368  -2.742  -0.928   0.024  -1.974  -0.959   0.962  -1.187   0.225  -0.554
  -2.299   0.139  -1.274  -3.002   1.547  -0.328  -1.732   1.453  -0.298  -0.628
   2.447  -1.507  -2.051   2.076  -2.384  -1.509   3.466  -1.291  -1.734   2.576
  -1.729  -3.108   2.196   1.045  -2.081   3.019   1.519  -1.331   1.775   1.688
  -3.187   1.042   1.262  -3.710   2.291   3.001  -3.572   3.395   2.903  -3.740
   1.752   3.315  -4.483   2.128   3.740  -2.771
  -2.435  -1.229  -2.874  -2.140  -0.195  -3.044  -2.953   0.408  -2.723  -2.006
  -0.100  -4.104  -0.875   0.135  -2.256  -0.917   0.954  -1.342   0.210  -0.480
  -2.712   0.087  -1.114  -3.505   1.502  -0.430  -2.005   1.296  -0.677  -0.963
   2.398  -1.500  -2.640   2.006  -2.498  -2.427   3.355  -1.471  -2.117   2.622
  -1.328  -3.713   2.163   0.972  -2.109   3.029   1.259  -1.301   1.753   1.802
  -3.090   1.117   1.416  -3.768   2.340   3.097  -3.357   3.437   3.061  -3.029
   2.275   3.380  -4.432   1.814   3.901  -2.788
  -2.228  -1.217  -3.302  -2.158  -0.146  -3.119  -3.039   0.177  -2.565  -2.080
   0.365  -4.051  -0.906   0.083  -2.289  -1.019   0.794  -1.292   0.232  -0.494
  -2.680   0.171  -1.046  -3.528   1.499  -0.367  -1.930   1.346  -0.557  -0.875
   2.390  -1.500  -2.459   1.947  -2.450  -2.177   3.385  -1.456  -2.026   2.478
  -1.397  -3.544   2.189   1.026  -2.074   3.031   1.361  -1.233   1.784   1.783
  -3.108   1.052   1.432  -3.726   2.337   3.119  -3.383   2.523   3.653  -2.462
   3.289   3.070  -3.934   1.634   3.667  -4.006
  -2.363  -0.959  -3.543  -2.235   0.042  -3.146  -3.118   0.333  -2.559  -2.072
   0.696  -3.983  -1.000   0.103  -2.290  -1.021   0.706  -1.226   0.102  -0.442
  -2.819   0.065  -0.884  -3.733   1.363  -0.457  -2.051   1.167  -0.708  -1.018
   2.250  -1.552  -2.671   1.768  -2.531  -2.608   3.242  -1.588  -2.144   2.444
  -1.368  -3.713   2.130   0.901  -2.023   3.000   1.114  -1.182   1.801   1.811
  -2.918   1.023   1.580  -3.496   2.418   3.128  -3.083   3.002   3.468  -2.189
   3.131   3.104  -3.919   1.645   3.868  -3.284
  -2.463  -1.076  -3.298  -2.239  -0.027  -3.109  -3.068   0.429  -2.569  -2.094
   0.488  -4.057  -0.976   0.075  -2.284  -0.981   0.684  -1.216   0.109  -0.519
  -2.783   0.016  -1.005  -3.664   1.415  -0.566  -2.111   1.255  -0.848  -1.069
   2.244  -1.671  -2.780   1.702  -2.618  -2.742   3.191  -1.789  -2.252   2.447
  -1.411  -3.821   2.175   0.784  -2.105   3.126   0.956  -1.334   1.767   1.742
  -2.949   0.986   1.520  -3.550   2.348   3.081  -3.052   2.422   3.536  -2.062
   3.348   3.022  -3.486   1.723   3.714  -3.685
  -2.489  -1.025  -3.340  -2.248   0.026  -3.186  -3.083   0.522  -2.693  -2.061
   0.500  -4.149  -1.011   0.134  -2.324  -1.059   0.714  -1.241   0.100  -0.426
  -2.804   0.043  -0.890  -3.699   1.382  -0.477  -2.088   1.187  -0.755  -1.051
   2.222  -1.593  -2.727   1.676  -2.536  -2.692   3.157  -1.710  -2.177   2.450
  -1.345  -3.765   2.162   0.863  -2.059   3.133   0.994  -1.306   1.759   1.854
  -2.867   0.957   1.669  -3.454   2.396   3.167  -2.976   2.389   3.668  -2.005
   3.430   3.055  -3.309   1.858   3.786  -3.696
