default_name                                                                    
   22  0.5400000E+03
  -3.3282520   2.5756160   3.6835737  -2.9468522   2.1581176   2.7525783
  -2.6173982   2.9656654   2.0997585  -3.7350126   1.5902767   2.2598597
  -1.7829441   1.2417927   3.0561002  -0.6721413   1.4738158   2.5816409
  -2.0393264   0.1969138   3.8434175  -2.9790866   0.0927103   4.1972606
  -1.0336301  -0.7841864   4.2726159  -0.1618399  -0.2429896   4.6446630
  -1.6308057  -1.5823516   5.4398945  -1.9243811  -0.9046490   6.2429161
  -0.8865634  -2.2799510   5.8265338  -2.5033074  -2.1447581   5.1035298
  -0.5400323  -1.7286012   3.1479524   0.5213616  -2.3465440   3.2837901
  -1.2905032  -1.8484433   2.0424357  -2.1456870  -1.3112878   2.0081075
  -0.9654289  -2.6921770   0.8916555  -0.0185805  -2.3745871   0.4501550
  -0.8777830  -3.7348377   1.2039512  -1.7499668  -2.6151199   0.1364964
  -0.0001062  -0.0000879  -0.0000356  -0.0000301  -0.0000334  -0.0000278
  -0.0000457  -0.0000048   0.0000017  -0.0000004  -0.0000746  -0.0000820
  -0.0000036   0.0000078   0.0000063  -0.0000004   0.0000593   0.0000490
   0.0000028  -0.0000112  -0.0000196  -0.0000233  -0.0000292  -0.0000476
   0.0000216   0.0000134  -0.0000185   0.0000373   0.0000141  -0.0000439
   0.0000602   0.0000473   0.0000258   0.0000840   0.0000797   0.0000214
   0.0000963   0.0000429   0.0000025   0.0000526   0.0000449   0.0000667
  -0.0000017  -0.0000266  -0.0000033  -0.0000551  -0.0001022   0.0000273
   0.0000200   0.0000286  -0.0000299   0.0000694   0.0000948  -0.0000772
  -0.0000012   0.0000075  -0.0000182   0.0000353  -0.0000558   0.0000045
  -0.0000640   0.0000118  -0.0000341   0.0000421   0.0000892  -0.0000616
