default_name                                                                    
   22  0.4240000E+03
   6.4301119   5.8039974   3.4435140   5.4086709   5.7429110   2.9729255
   4.6621821   5.2453134   3.5633870   5.6162933   5.2323370   2.0133882
   4.8791310   7.1119156   2.5040410   3.9848629   7.1769868   1.7589276
   5.4213383   8.2234931   3.0594020   6.1390574   8.1036707   3.7311091
   5.1922874   9.5925953   2.6348322   4.1181252   9.8081022   2.6860116
   6.0542297  10.4696715   3.4489292   6.3632337  11.3422204   2.8508471
   6.9839215  10.0018797   3.7832517   5.5237349  10.7689104   4.3649198
   5.4875338   9.7288469   1.1136203   4.9309128  10.5697353   0.4559019
   6.3473992   8.8621613   0.4998193   6.7973078   8.1003240   0.9973385
   6.8060306   8.8939427  -0.8600790   6.4612725   7.9236536  -1.2364453
   6.3475257   9.6997270  -1.5634094   7.8898632   8.8317559  -0.8658012
   0.8996107  -0.8158559  -1.4165998  -0.0602894  -0.1491641   0.1392871
   0.7929752   0.5180061   0.8443600   0.0831468   0.4041127  -1.1409321
   0.1023310   0.1654381  -0.1399435   0.0434849   0.2694171  -0.1069134
   0.0585849   0.1661136   0.1482354  -0.3210781  -0.1322725  -0.6118837
   0.0592562   0.2782012  -0.0111572  -0.9611892  -0.1324082  -0.5463830
  -0.0520245  -0.0328862   0.1566592  -1.1553254  -1.4896180  -0.7696443
  -0.0330751   0.7255682  -0.0801081   0.6178292  -1.7281636  -0.1783830
  -0.1331335  -0.0434104   0.0254258   0.0021951  -0.1401017  -0.1363508
  -0.1723592   0.1682167   0.1685908   1.4393736  -0.5636229  -1.0595255
  -0.0870207   0.4385539  -0.0311418   0.5334874  -0.1291089  -0.2984507
  -0.2898667  -0.7136073  -0.4546718   0.4453275   0.3385352   0.9600959
