default_name                                                                    
  -0.292   2.568   0.509  -0.664   2.279  -0.465  -0.159   2.927  -1.229  -1.684
   2.577  -0.417  -0.396   0.888  -0.807  -0.148  -0.029   0.058  -0.358   0.558
  -2.107  -0.749   1.239  -2.777  -0.028  -0.790  -2.654  -0.314  -0.710  -3.717
   1.462  -0.759  -2.816   1.845  -1.603  -3.446   1.954  -0.799  -1.873   1.893
   0.139  -3.265  -0.617  -2.108  -2.100  -0.049  -3.170  -2.191  -1.838  -2.048
  -1.552  -2.184  -1.098  -1.449  -2.610  -2.989  -0.764  -2.169  -3.982  -0.649
  -2.986  -2.559   0.211  -3.517  -3.256  -1.340
  -1.336   1.909   0.268  -0.538   2.003  -0.438   0.232   2.580   0.044  -0.973
   2.536  -1.310  -0.006   0.677  -0.953   0.483  -0.110  -0.168  -0.135   0.470
  -2.288  -0.275   1.232  -2.890   0.268  -0.820  -2.935   0.014  -0.868  -4.032
   1.804  -0.918  -3.031   2.117  -1.531  -3.833   2.190  -1.324  -2.038   2.197
   0.127  -3.080  -0.303  -2.072  -2.311   0.299  -3.128  -2.317  -1.523  -1.990
  -1.742  -1.991  -1.114  -1.732  -2.336  -3.107  -1.323  -1.950  -4.053  -1.578
  -2.539  -3.177  -0.278  -3.278  -3.058  -1.735
  -1.180   2.264  -0.676  -0.158   2.219  -1.082   0.454   2.575  -0.244   0.027
   2.825  -1.980  -0.013   0.664  -1.261   0.463  -0.014  -0.353  -0.251   0.203
  -2.511  -0.506   0.910  -3.165   0.144  -1.048  -3.159  -0.304  -1.105  -4.149
   1.633  -1.056  -3.569   1.805  -2.002  -4.102   2.309  -1.042  -2.687   1.811
  -0.126  -4.139  -0.252  -2.375  -2.506   0.181  -3.454  -2.976  -1.197  -2.286
  -1.552  -1.498  -1.330  -1.232  -1.953  -3.473  -1.134  -1.469  -3.717  -0.197
  -3.045  -3.244  -1.087  -1.953  -4.241  -1.835
  -1.830   1.785  -0.734  -0.777   1.875  -1.043  -0.169   2.181  -0.222  -0.628
   2.540  -1.868  -0.298   0.486  -1.453   0.299  -0.206  -0.642  -0.463   0.133
  -2.740  -0.776   0.893  -3.355   0.019  -1.133  -3.398  -0.397  -1.213  -4.409
   1.549  -1.060  -3.553   1.864  -1.934  -4.058   2.024  -1.031  -2.587   1.786
  -0.162  -4.131  -0.382  -2.500  -2.780   0.046  -3.565  -3.213  -1.281  -2.429
  -1.805  -1.882  -1.574  -1.764  -1.488  -3.552  -0.859  -2.224  -3.336  -0.132
  -1.743  -4.469  -1.420  -0.531  -3.674  -0.314
  -2.041   1.246  -0.880  -1.014   1.415  -0.631  -0.890   1.461   0.461  -0.662
   2.393  -1.068  -0.145   0.289  -1.182   0.630  -0.266  -0.402  -0.389  -0.126
  -2.414  -1.025   0.445  -3.007   0.197  -1.306  -3.025  -0.292  -1.333  -3.980
   1.693  -1.043  -3.350   2.053  -1.754  -4.105   2.317  -1.302  -2.495   1.854
  -0.025  -3.654  -0.193  -2.688  -2.486   0.291  -3.725  -2.975  -1.148  -2.677
  -1.535  -1.385  -1.757  -1.236  -1.609  -3.729  -0.668  -2.540  -3.401  -0.246
  -1.662  -4.688  -1.211  -0.939  -3.815   0.217
  -1.951   1.146  -0.415  -0.886   1.402  -0.437  -0.451   1.500   0.604  -0.806
   2.316  -0.981  -0.201   0.216  -1.038   0.538  -0.461  -0.362  -0.437   0.016
  -2.307  -0.968   0.724  -2.791  -0.050  -1.268  -3.001  -0.546  -1.347  -3.986
   1.449  -1.237  -3.257   1.763  -2.140  -3.782   2.114  -1.182  -2.377   1.672
  -0.361  -3.857  -0.553  -2.570  -2.302   0.093  -3.610  -2.402  -1.702  -2.536
  -1.578  -2.242  -1.681  -1.611  -2.335  -3.734  -0.865  -3.126  -3.334  -0.217
  -2.753  -4.488  -1.570  -1.620  -4.265  -0.203
  -1.183   1.831  -0.317  -0.181   1.756  -0.791   0.594   2.097  -0.056  -0.180
   2.442  -1.623   0.146   0.349  -1.163   0.766  -0.399  -0.414  -0.249   0.009
  -2.389  -0.706   0.686  -2.991   0.021  -1.312  -3.060  -0.471  -1.232  -4.055
   1.494  -1.431  -3.404   1.663  -2.253  -4.107   2.049  -1.647  -2.497   1.803
  -0.474  -3.831  -0.553  -2.592  -2.370  -0.165  -3.708  -2.726  -1.433  -2.441
  -1.404  -1.620  -1.469  -1.102  -2.112  -3.543  -0.750  -2.473  -3.262   0.243
  -2.971  -3.924  -1.328  -1.434  -4.348  -0.551
  -1.378   1.766  -1.060  -0.352   1.556  -0.696  -0.354   1.581   0.407   0.324
   2.399  -1.064   0.155   0.178  -1.132   0.743  -0.559  -0.333   0.040  -0.100
  -2.420  -0.320   0.640  -3.000   0.426  -1.326  -3.078   0.019  -1.334  -4.111
   1.932  -1.466  -3.224   2.287  -2.332  -3.824   2.391  -1.500  -2.240   2.267
  -0.641  -3.833  -0.189  -2.599  -2.419   0.283  -3.710  -2.669  -1.219  -2.485
  -1.553  -1.612  -1.582  -1.369  -1.929  -3.601  -0.890  -2.720  -3.225  -0.217
  -2.362  -4.303  -1.614  -1.202  -4.199  -0.324
  -1.246   1.788  -1.035  -0.253   1.515  -0.674  -0.292   1.517   0.413   0.498
   2.220  -1.000   0.101   0.127  -1.109   0.580  -0.690  -0.326  -0.082  -0.175
  -2.383  -0.453   0.561  -2.972   0.278  -1.428  -3.065  -0.169  -1.327  -4.081
   1.803  -1.416  -3.266   2.128  -2.256  -3.882   2.328  -1.483  -2.309   2.153
  -0.522  -3.816  -0.295  -2.781  -2.510   0.218  -3.864  -2.815  -1.317  -2.691
  -1.652  -1.639  -1.755  -1.458  -1.982  -3.740  -0.905  -2.530  -3.336  -0.052
  -2.663  -4.319  -1.544  -1.197  -4.406  -0.465
  -1.211   1.829  -1.044  -0.202   1.599  -0.749  -0.102   1.767   0.341   0.519
   2.260  -1.238   0.200   0.231  -1.128   0.724  -0.543  -0.315  -0.002  -0.096
  -2.411  -0.438   0.622  -2.977   0.373  -1.393  -3.057  -0.071  -1.395  -4.047
   1.904  -1.353  -3.265   2.209  -2.139  -3.970   2.381  -1.538  -2.294   2.253
  -0.407  -3.628  -0.113  -2.669  -2.323   0.489  -3.739  -2.481  -1.228  -2.613
  -1.607  -1.645  -1.704  -1.488  -1.919  -3.740  -1.008  -2.498  -3.419  -0.147
  -2.535  -4.273  -1.755  -1.166  -4.453  -0.676
  -1.436   1.732  -1.430  -0.394   1.671  -1.118  -0.318   1.913  -0.058   0.198
   2.378  -1.697   0.125   0.272  -1.360   0.646  -0.354  -0.440  -0.035  -0.213
  -2.594  -0.486   0.398  -3.260   0.466  -1.499  -3.114   0.056  -1.584  -4.122
   1.993  -1.420  -3.281   2.351  -2.294  -3.826   2.476  -1.392  -2.304   2.263
  -0.525  -3.842  -0.035  -2.776  -2.387   0.536  -3.859  -2.557  -1.089  -2.666
  -1.565  -1.495  -1.747  -1.464  -1.700  -3.772  -0.828  -2.459  -3.391  -0.141
  -2.171  -4.470  -1.523  -0.940  -4.305  -0.253
  -1.469   1.597  -1.189  -0.385   1.608  -1.080  -0.125   1.886  -0.059   0.042
   2.331  -1.773   0.166   0.234  -1.390   0.811  -0.376  -0.539  -0.109  -0.249
  -2.605  -0.655   0.346  -3.212   0.359  -1.523  -3.182  -0.094  -1.583  -4.172
   1.880  -1.453  -3.413   2.205  -2.313  -3.999   2.408  -1.458  -2.458   2.133
  -0.543  -3.959  -0.113  -2.812  -2.459   0.393  -3.905  -2.738  -1.071  -2.703
  -1.528  -1.426  -1.776  -1.344  -1.638  -3.815  -0.763  -2.418  -3.449  -0.093
  -2.072  -4.553  -1.440  -0.859  -4.295  -0.168
