default_name                                                                    
  -0.671  -3.878  -4.741  -1.754  -3.722  -4.644  -2.333  -4.549  -5.075  -1.983
  -2.815  -5.249  -2.025  -3.465  -3.186  -2.663  -4.231  -2.512  -1.388  -2.368
  -2.743  -0.784  -2.045  -3.480  -1.413  -1.727  -1.465  -0.681  -1.016  -1.557
  -2.699  -0.927  -1.145  -3.060  -0.531  -2.094  -2.491  -0.127  -0.456  -3.391
  -1.674  -0.783  -0.882  -2.619  -0.243  -0.886  -2.157   0.890  -0.452  -3.866
  -0.510  -0.537  -4.200  -1.428   0.456  -4.665   0.380   0.084  -4.739   1.413
   0.599  -5.706  -0.018   1.446  -4.203   0.389
  -0.921  -4.455  -4.673  -1.859  -3.838  -4.524  -2.732  -4.410  -4.844  -1.794
  -2.922  -5.084  -2.012  -3.523  -3.035  -2.591  -4.379  -2.409  -1.466  -2.352
  -2.569  -0.955  -1.859  -3.189  -1.401  -1.882  -1.163  -0.699  -1.094  -1.074
  -2.680  -1.193  -0.832  -2.817  -0.431  -1.618  -2.575  -0.703   0.176  -3.558
  -1.784  -0.880  -0.910  -3.011  -0.205  -1.113  -2.880   1.000  -0.351  -4.084
  -0.700  -0.410  -4.096  -1.718   0.104  -5.276  -0.120   0.841  -4.972   0.580
  -0.655  -5.836   0.441   0.444  -5.957  -0.861
  -0.782  -3.460  -4.802  -1.849  -3.333  -4.557  -2.376  -4.095  -5.029  -2.269
  -2.390  -4.925  -1.905  -3.464  -3.109  -2.585  -4.350  -2.632  -1.143  -2.630
  -2.423  -0.461  -2.102  -2.966  -1.289  -2.289  -0.993  -0.415  -1.595  -0.787
  -2.613  -1.502  -0.846  -2.611  -0.706  -1.576  -2.645  -0.922   0.078  -3.496
  -2.184  -0.957  -1.010  -3.372   0.085  -1.550  -3.248   1.217  -0.275  -4.437
  -0.336   0.169  -4.461  -1.212  -0.052  -5.575   0.510   0.132  -5.276   1.521
  -0.985  -6.203   0.549   0.737  -6.120   0.091
  -0.867  -4.185  -4.667  -1.791  -3.663  -4.607  -2.575  -4.276  -4.977  -1.815
  -2.652  -5.139  -1.933  -3.451  -3.131  -2.634  -4.229  -2.464  -1.172  -2.494
  -2.586  -0.652  -1.903  -3.244  -1.241  -2.011  -1.185  -0.507  -1.274  -1.189
  -2.629  -1.353  -0.883  -2.769  -0.522  -1.565  -2.589  -0.916   0.067  -3.461
  -2.045  -0.937  -0.685  -2.898  -0.124  -0.888  -2.637   1.059   0.075  -3.888
  -0.521   0.198  -4.053  -1.504   0.642  -4.910   0.378   1.526  -4.541   0.891
  -0.116  -5.157   1.095   0.878  -5.811  -0.214
  -1.191  -4.013  -4.821  -2.199  -3.776  -4.393  -2.840  -4.574  -4.612  -2.660
  -2.931  -4.900  -2.113  -3.578  -2.897  -2.743  -4.356  -2.143  -1.372  -2.540
  -2.544  -1.021  -1.951  -3.273  -1.231  -2.014  -1.154  -0.484  -1.220  -1.243
  -2.535  -1.354  -0.653  -2.911  -0.682  -1.456  -2.272  -0.757   0.239  -3.330
  -2.072  -0.464  -0.689  -3.029  -0.100  -1.017  -2.937   1.079   0.070  -4.027
  -0.581   0.225  -4.053  -1.562   0.688  -5.003   0.274   1.515  -4.555   0.833
   0.033  -5.414   1.010   1.120  -5.785  -0.350
  -1.660  -3.440  -4.939  -2.612  -3.446  -4.381  -3.091  -4.347  -4.699  -3.257
  -2.625  -4.734  -2.301  -3.309  -2.890  -2.688  -4.155  -2.063  -1.662  -2.241
  -2.510  -1.350  -1.632  -3.234  -1.375  -1.813  -1.157  -0.628  -0.992  -1.199
  -2.656  -1.170  -0.615  -3.059  -0.340  -1.216  -2.497  -0.755   0.397  -3.397
  -1.977  -0.548  -0.760  -2.854  -0.172  -0.926  -2.648   1.016  -0.120  -3.942
  -0.673  -0.078  -3.978  -1.689   0.798  -4.832   0.090   1.834  -4.512   0.026
   0.525  -4.933   1.161   0.746  -5.883  -0.247
  -1.436  -3.880  -4.824  -2.437  -3.795  -4.430  -2.988  -4.694  -4.570  -2.877
  -2.921  -4.950  -2.344  -3.489  -2.947  -2.832  -4.291  -2.108  -1.668  -2.400
  -2.533  -1.363  -1.774  -3.284  -1.515  -1.963  -1.143  -0.853  -1.096  -1.152
  -2.854  -1.370  -0.639  -3.259  -0.695  -1.385  -2.666  -0.826   0.305  -3.604
  -2.132  -0.474  -0.884  -3.009  -0.147  -0.937  -2.801   1.071  -0.202  -4.027
  -0.692  -0.222  -4.136  -1.694   0.342  -5.170  -0.010   0.804  -4.875   0.927
  -0.409  -5.901   0.261   1.102  -5.690  -0.634
  -1.535  -4.147  -4.915  -2.468  -3.700  -4.595  -3.249  -4.416  -4.905  -2.619
  -2.701  -5.056  -2.489  -3.544  -3.098  -3.051  -4.408  -2.458  -1.937  -2.455
  -2.565  -1.585  -1.793  -3.238  -1.899  -2.105  -1.106  -1.378  -1.176  -1.073
  -3.316  -1.762  -0.660  -3.735  -0.988  -1.269  -3.294  -1.367   0.351  -4.029
  -2.620  -0.801  -1.121  -3.055  -0.136  -1.253  -2.882   1.085  -0.323  -4.014
  -0.731  -0.360  -4.047  -1.755   0.465  -5.011  -0.002   1.398  -4.602   0.452
  -0.177  -5.401   0.798   0.782  -5.824  -0.670
  -1.915  -3.589  -5.010  -2.864  -3.754  -4.520  -3.243  -4.769  -4.755  -3.566
  -3.007  -4.807  -2.656  -3.649  -3.026  -3.024  -4.589  -2.330  -2.108  -2.529
  -2.541  -1.823  -1.827  -3.201  -2.013  -2.129  -1.124  -1.352  -1.273  -1.112
  -3.383  -1.651  -0.611  -3.754  -0.894  -1.293  -3.312  -1.235   0.413  -4.056
  -2.500  -0.639  -1.253  -3.111  -0.171  -1.344  -2.926   1.048  -0.519  -4.112
  -0.668  -0.475  -4.242  -1.684   0.157  -5.135   0.159   1.014  -4.659   0.647
  -0.551  -5.565   0.876   0.541  -5.913  -0.534
  -1.652  -3.752  -4.656  -2.676  -3.530  -4.408  -3.335  -4.334  -4.758  -2.950
  -2.552  -4.806  -2.772  -3.428  -2.900  -3.402  -4.299  -2.287  -2.168  -2.395
  -2.346  -1.679  -1.770  -2.966  -2.057  -2.067  -0.919  -1.333  -1.237  -0.871
  -3.421  -1.552  -0.394  -3.838  -0.843  -1.082  -3.292  -1.041   0.555  -4.166
  -2.352  -0.265  -1.435  -3.146   0.055  -1.396  -2.973   1.282  -0.883  -4.231
  -0.493  -0.947  -4.299  -1.493  -0.246  -5.338   0.211   0.684  -5.012   0.697
  -0.902  -5.745   0.983   0.010  -6.123  -0.500
  -1.717  -3.653  -4.703  -2.760  -3.526  -4.415  -3.337  -4.385  -4.756  -3.154
  -2.619  -4.872  -2.860  -3.412  -2.911  -3.569  -4.199  -2.289  -2.147  -2.442
  -2.332  -1.610  -1.854  -2.954  -2.054  -2.124  -0.894  -1.292  -1.347  -0.816
  -3.367  -1.474  -0.433  -3.635  -0.659  -1.106  -3.245  -1.070   0.573  -4.169
  -2.213  -0.423  -1.550  -3.252   0.052  -1.371  -3.011   1.251  -1.273  -4.460
  -0.459  -1.504  -4.605  -1.432  -0.594  -5.551   0.245   0.185  -5.156   0.900
  -1.312  -6.112   0.845  -0.132  -6.228  -0.476
  -1.613  -3.482  -4.608  -2.670  -3.345  -4.386  -3.242  -4.167  -4.816  -3.012
  -2.403  -4.812  -2.869  -3.317  -2.887  -3.588  -4.158  -2.353  -2.226  -2.353
  -2.223  -1.667  -1.731  -2.788  -2.225  -2.076  -0.772  -1.532  -1.246  -0.631
  -3.607  -1.548  -0.360  -3.894  -0.715  -1.003  -3.572  -1.198   0.673  -4.353
  -2.339  -0.440  -1.704  -3.191   0.176  -1.242  -2.880   1.278  -1.730  -4.468
  -0.228  -2.191  -4.654  -1.111  -1.140  -5.599   0.488  -0.128  -5.352   0.817
  -1.746  -5.845   1.362  -1.092  -6.471  -0.166
