default_name                                                                    
   5.785   5.622   4.025   5.017   5.579   3.347   4.161   4.949   3.799   5.363
   5.129   2.423   4.566   6.951   2.990   3.450   7.102   2.536   5.484   7.925
   3.058   6.436   7.639   3.333   5.246   9.358   2.741   4.279   9.666   3.198
   6.256  10.169   3.585   6.019  11.208   3.516   7.330   9.938   3.472   6.080
  10.031   4.607   5.318   9.715   1.247   4.440  10.445   0.729   6.213   9.063
   0.514   6.976   8.551   0.924   6.319   9.107  -0.980   5.339   8.675  -1.391
   6.278  10.118  -1.291   7.224   8.530  -1.431
   6.066   5.978   4.259   5.652   5.863   3.225   4.929   5.069   3.267   6.400
   5.738   2.483   4.822   7.101   2.891   3.623   7.071   2.614   5.495   8.218
   3.105   6.358   8.134   3.529   5.003   9.541   2.679   3.948   9.477   2.897
   5.797  10.571   3.485   5.422  11.604   3.240   6.816  10.541   3.235   5.667
  10.384   4.549   5.126   9.827   1.128   4.554  10.821   0.587   5.918   8.994
   0.438   6.267   8.210   0.969   6.234   9.073  -0.992   7.118   8.495  -1.124
   5.331   8.756  -1.613   6.573  10.115  -1.283
   6.718   6.459   4.129   5.900   6.118   3.556   5.156   5.595   4.236   6.231
   5.512   2.702   5.136   7.270   3.001   4.128   7.058   2.353   5.568   8.522
   3.345   6.382   8.543   3.965   4.955   9.764   2.836   3.874   9.664   2.999
   5.543  10.864   3.757   5.008  11.811   3.674   6.587  10.959   3.597   5.371
  10.535   4.805   5.168  10.090   1.396   4.342  10.760   0.766   6.318   9.612
   0.886   6.972   9.195   1.525   6.739   9.804  -0.486   6.266   9.001  -1.085
   6.366  10.729  -0.813   7.793   9.707  -0.583
   6.633   6.008   3.196   5.620   6.042   3.621   5.730   6.034   4.704   5.088
   5.178   3.155   4.963   7.278   3.159   3.916   7.297   2.519   5.551   8.426
   3.517   6.479   8.386   3.782   5.065   9.688   2.957   4.010   9.715   3.068
   5.657  10.810   3.816   5.138  11.809   3.723   6.725  10.933   3.547   5.598
  10.534   4.867   5.396   9.778   1.433   4.469  10.227   0.736   6.616   9.447
   0.949   7.289   9.142   1.646   7.003   9.412  -0.456   6.355  10.076  -1.113
   8.062   9.684  -0.631   6.991   8.416  -0.904
   6.659   6.564   4.493   5.855   6.176   3.865   5.162   5.661   4.535   6.353
   5.584   3.062   5.105   7.287   3.241   4.102   7.067   2.583   5.603   8.509
   3.435   6.381   8.567   4.074   5.062   9.762   2.904   4.003   9.659   2.949
   5.561  10.952   3.710   5.132  11.826   3.182   6.617  11.015   3.688   5.132
  10.897   4.684   5.419   9.954   1.386   4.666  10.549   0.642   6.586   9.446
   0.944   7.033   8.832   1.643   7.122   9.458  -0.417   7.426  10.466  -0.639
   7.961   8.765  -0.475   6.326   9.183  -1.131
   6.946   6.484   3.773   5.916   6.281   3.959   5.665   6.291   5.036   5.663
   5.339   3.498   5.151   7.380   3.342   4.112   7.170   2.772   5.661   8.601
   3.414   6.492   8.715   3.965   5.185   9.835   2.772   4.121   9.868   3.039
   5.892  11.073   3.393   5.389  12.020   3.110   7.027  11.069   3.270   5.675
  11.012   4.418   5.447   9.872   1.248   4.615  10.440   0.548   6.526   9.263
   0.780   7.174   8.909   1.498   6.931   9.184  -0.641   7.661   9.950  -0.887
   7.471   8.237  -0.796   6.096   9.307  -1.350
   6.991   6.275   4.007   5.946   6.383   4.309   5.956   6.752   5.327   5.359
   5.455   4.270   5.305   7.364   3.355   4.491   6.971   2.527   5.577   8.654
   3.527   6.300   8.923   4.210   4.911   9.750   2.781   3.841   9.557   2.822
   5.159  11.088   3.456   4.487  11.842   3.017   6.221  11.339   3.348   4.878
  11.069   4.543   5.270   9.755   1.286   4.528  10.360   0.510   6.404   9.145
   0.899   7.035   8.728   1.543   6.888   9.156  -0.485   7.320  10.108  -0.707
   7.649   8.385  -0.588   6.083   8.943  -1.173
   7.077   6.484   4.210   6.014   6.289   4.397   5.764   6.387   5.405   5.751
   5.326   3.945   5.294   7.355   3.574   4.408   6.981   2.769   5.597   8.616
   3.802   6.365   8.864   4.490   5.081   9.690   2.977   4.013   9.673   3.004
   5.437  11.000   3.675   4.958  11.849   3.189   6.531  11.121   3.676   5.108
  10.908   4.759   5.553   9.617   1.498   4.861  10.013   0.594   6.740   9.111
   1.265   7.337   8.958   2.063   7.281   8.953  -0.076   8.334   8.668  -0.052
   6.794   8.132  -0.612   7.188   9.860  -0.657
   6.621   6.168   4.424   5.545   6.276   4.541   5.347   6.533   5.596   5.091
   5.310   4.353   5.035   7.333   3.586   4.381   7.020   2.611   5.325   8.597
   3.902   5.881   8.747   4.729   4.882   9.788   3.151   3.800   9.808   3.189
   5.469  11.047   3.830   5.109  11.951   3.337   6.580  11.021   3.723   5.195
  11.088   4.867   5.252   9.752   1.663   4.428  10.111   0.827   6.467   9.312
   1.328   7.065   9.003   2.095   7.003   9.213  -0.029   7.829   8.477  -0.060
   6.216   8.851  -0.700   7.348  10.182  -0.378
   6.646   6.330   4.151   5.578   6.130   4.221   5.253   6.115   5.287   5.353
   5.142   3.810   4.804   7.183   3.480   3.954   6.884   2.647   5.090   8.456
   3.810   5.829   8.644   4.474   4.559   9.627   3.074   3.456   9.544   2.996
   4.958  10.884   3.829   4.553  11.756   3.334   6.026  10.962   3.915   4.553
  10.833   4.866   5.064   9.739   1.613   4.449  10.423   0.791   6.270   9.205
   1.308   6.708   8.683   2.035   6.889   9.307  -0.033   7.844   8.794  -0.046
   6.237   8.823  -0.748   7.040  10.366  -0.333
   6.506   6.295   4.201   5.432   6.169   4.330   5.183   6.230   5.389   5.132
   5.196   3.942   4.705   7.264   3.577   3.979   6.977   2.627   4.912   8.514
   3.996   5.505   8.645   4.803   4.404   9.719   3.322   3.318   9.642   3.250
   4.744  10.931   4.200   4.333  11.835   3.749   5.825  11.040   4.290   4.310
  10.807   5.194   4.953   9.917   1.884   4.240  10.423   1.012   6.207   9.517
   1.622   6.729   9.115   2.389   6.859   9.575   0.310   7.922   9.350   0.413
   6.408   8.845  -0.365   6.751  10.571  -0.124
   6.112   6.442   4.498   5.046   6.253   4.383   4.577   6.209   5.366   4.898
   5.304   3.867   4.422   7.373   3.579   3.893   7.134   2.496   4.507   8.595
   4.108   4.945   8.679   5.013   4.067   9.836   3.454   2.985   9.790   3.322
   4.387  11.001   4.400   4.032  11.935   3.962   5.464  11.072   4.562   3.887
  10.852   5.358   4.698  10.078   2.058   4.011  10.532   1.138   5.993   9.772
   1.886   6.490   9.412   2.689   6.719   9.860   0.616   7.755   9.545   0.754
   6.251   9.211  -0.128   6.708  10.887   0.247
