default_name                                                                    
  -2.945   0.680   0.915  -2.277   1.361   0.278  -2.666   2.192  -0.302  -1.707
   0.820  -0.483  -1.267   1.918   1.280  -1.325   3.044   1.743  -0.129   1.248
   1.336  -0.028   0.431   0.683   1.048   1.613   2.055   0.774   1.826   3.100
   1.971   0.366   2.013   2.170   0.144   0.924   1.438  -0.417   2.488   2.879
   0.581   2.523   1.815   2.791   1.452   2.570   3.489   2.142   1.695   3.030
   0.158   1.144   2.488  -0.458   2.396   4.126  -0.504   1.991   5.134  -0.163
   3.435   4.126  -0.269   2.324   4.051  -1.588
  -2.261   0.385   0.918  -2.335   1.425   0.926  -3.347   1.772   1.237  -2.144
   1.733  -0.067  -1.210   1.961   1.743  -1.361   2.920   2.508   0.012   1.375
   1.529   0.118   0.575   0.880   1.266   1.837   2.146   0.963   2.067   3.146
   2.341   0.760   2.252   2.780   0.562   1.213   1.973  -0.198   2.582   3.182
   1.148   2.917   1.690   3.204   1.563   2.463   3.884   2.289   1.175   3.663
   0.381   0.514   3.080  -0.166   1.461   5.001  -0.259   0.873   5.798   0.230
   2.504   5.291  -0.097   1.214   4.933  -1.321
  -1.941  -0.280   0.173  -2.311   0.738   0.269  -3.283   0.657   0.795  -2.332
   1.124  -0.776  -1.290   1.610   0.993  -1.633   2.744   1.373  -0.126   1.090
   1.249   0.010   0.207   0.837   0.954   1.756   2.083   0.485   2.031   3.077
   2.133   0.782   2.195   2.415   0.596   1.152   1.861  -0.143   2.593   2.959
   1.179   2.752   1.498   3.127   1.572   1.918   3.935   2.424   1.473   3.378
   0.257   1.197   2.598  -0.297   1.790   4.644  -0.368   0.933   4.982  -1.028
   1.901   5.381   0.455   2.765   4.648  -0.828
  -3.312   1.204  -0.086  -2.311   1.269  -0.393  -2.178   2.006  -1.234  -1.988
   0.284  -0.571  -1.473   1.780   0.774  -1.892   2.517   1.637  -0.148   1.481
   0.701   0.125   0.807  -0.028   0.887   1.818   1.671   0.427   1.874   2.665
   1.914   0.702   1.767   2.384   0.560   0.804   1.415  -0.197   2.122   2.643
   1.000   2.577   1.496   3.226   1.405   2.187   3.770   2.258   1.143   3.850
   0.275   0.521   3.347  -0.356   1.702   5.095  -0.181   0.906   5.678  -0.667
   1.995   5.731   0.673   2.538   4.876  -0.838
  -3.264   1.305  -0.071  -2.271   1.255  -0.294  -2.101   1.765  -1.204  -2.037
   0.175  -0.358  -1.437   1.800   0.838  -1.892   2.495   1.750  -0.131   1.509
   0.742   0.259   0.972  -0.042   0.831   1.932   1.729   0.506   1.704   2.725
   2.102   1.058   1.499   2.442   1.347   0.493   1.882  -0.019   1.512   2.808
   1.308   2.245   1.207   3.418   1.702   1.574   3.983   2.742   1.167   4.035
   0.491   0.843   3.533  -0.340   1.640   5.383   0.279   1.210   5.987   1.125
   2.744   5.381   0.366   1.349   5.830  -0.670
  -3.269   1.143  -0.416  -2.139   1.157  -0.525  -1.852   1.823  -1.363  -1.820
   0.162  -0.826  -1.402   1.705   0.710  -2.035   2.291   1.574  -0.103   1.462
   0.778   0.339   0.908   0.070   0.807   1.994   1.809   0.341   1.829   2.780
   2.027   1.043   1.787   2.636   1.147   0.822   1.629   0.022   1.867   2.790
   1.237   2.538   1.216   3.476   1.716   1.356   4.145   2.741   1.320   4.020
   0.503   1.070   3.443  -0.249   1.782   5.378   0.130   1.011   6.134   0.417
   2.705   5.607   0.675   2.027   5.342  -0.897
  -3.539   1.722  -0.448  -2.455   1.645  -0.552  -2.128   2.295  -1.385  -2.188
   0.602  -0.778  -1.738   2.045   0.703  -2.264   2.593   1.660  -0.446   1.661
   0.703  -0.114   1.044  -0.038   0.512   2.046   1.758  -0.015   2.013   2.686
   1.709   1.049   1.897   2.354   1.083   1.012   1.314   0.052   2.015   2.350
   1.348   2.732   1.084   3.487   1.634   1.401   4.173   2.627   1.020   4.085
   0.424   0.700   3.538  -0.365   1.449   5.471   0.126   0.883   6.172   0.752
   2.528   5.582   0.355   1.261   5.680  -0.917
  -3.339   1.949  -0.710  -2.406   1.394  -0.581  -1.737   1.526  -1.426  -2.674
   0.324  -0.482  -1.716   1.914   0.647  -2.337   2.492   1.503  -0.387   1.646
   0.724   0.041   1.074  -0.055   0.492   2.162   1.765  -0.025   2.089   2.709
   1.724   1.204   1.820   2.184   1.169   0.820   1.378   0.204   2.081   2.450
   1.575   2.550   0.924   3.611   1.634   1.283   4.259   2.619   0.892   4.175
   0.438   0.593   3.595  -0.353   1.265   5.532   0.097   0.819   6.260   0.784
   2.383   5.638   0.159   0.977   5.794  -0.933
  -3.314   1.585  -0.708  -2.293   1.249  -0.646  -1.728   1.556  -1.533  -2.236
   0.166  -0.579  -1.660   1.836   0.596  -2.295   2.593   1.329  -0.381   1.522
   0.847   0.072   0.912   0.148   0.485   2.042   1.909  -0.059   1.979   2.856
   1.688   1.116   2.000   2.232   1.162   1.061   1.396   0.091   2.171   2.304
   1.447   2.824   0.861   3.532   1.691   1.144   4.247   2.647   0.898   3.997
   0.407   0.726   3.366  -0.396   1.240   5.359   0.063   0.694   6.112   0.620
   2.304   5.547   0.256   1.036   5.543  -1.002
  -3.128   1.265  -0.591  -2.081   1.033  -0.480  -1.580   1.205  -1.427  -2.006
   0.001  -0.230  -1.472   1.877   0.612  -2.201   2.641   1.262  -0.180   1.675
   0.838   0.258   0.985   0.260   0.562   2.297   1.931  -0.019   2.227   2.850
   1.850   1.489   2.093   2.457   1.535   1.196   1.619   0.483   2.377   2.468
   1.893   2.879   0.890   3.777   1.687   1.307   4.454   2.627   0.810   4.252
   0.443   0.552   3.599  -0.269   1.130   5.594  -0.023   0.321   6.298   0.156
   1.990   5.958   0.528   1.391   5.571  -1.087
  -3.209   1.544  -0.602  -2.170   1.230  -0.518  -1.636   1.480  -1.434  -2.129
   0.153  -0.357  -1.519   1.935   0.651  -2.158   2.745   1.320  -0.245   1.626
   0.894   0.191   0.936   0.300   0.564   2.212   1.971  -0.016   2.186   2.895
   1.803   1.324   2.160   2.404   1.319   1.250   1.498   0.304   2.396   2.408
   1.708   2.983   0.973   3.686   1.727   1.315   4.398   2.677   0.946   4.152
   0.470   0.655   3.508  -0.252   1.292   5.518   0.071   0.578   6.225   0.499
   2.294   5.770   0.423   1.268   5.609  -1.017
  -3.199   1.634  -0.527  -2.198   1.221  -0.405  -1.631   1.363  -1.324  -2.268
   0.157  -0.183  -1.493   1.925   0.733  -2.056   2.832   1.343  -0.257   1.509
   1.010   0.117   0.744   0.467   0.594   2.080   2.062   0.035   2.075   3.000
   1.816   1.167   2.227   2.401   1.151   1.306   1.493   0.153   2.469   2.442
   1.537   3.039   1.031   3.540   1.790   1.281   4.298   2.733   1.119   3.946
   0.514   0.905   3.265  -0.200   1.455   5.306   0.085   0.740   6.017   0.503
   2.457   5.570   0.427   1.423   5.374  -1.004
