default_name                                                                    
   22  0.4240000E+03
   1.9658201  -5.0162761   2.2673262   2.9037319  -5.4484686   2.4851674
   2.7713864  -6.4874064   2.7429831   3.3436721  -4.8664157   3.3407631
   3.8102644  -5.4055951   1.2354949   3.4635455  -4.6379362   0.3093760
   4.9026078  -6.1781194   1.2543942   5.0845074  -6.7513112   2.0889269
   6.0997928  -6.1184273   0.2393286   6.8471511  -5.3490292   0.5715172
   6.6866504  -7.5283962   0.1623416   7.5982239  -7.5167452  -0.4692201
   5.9967448  -8.2824032  -0.2119155   7.0483835  -7.8672121   1.1750386
   5.6893956  -5.5571990  -1.1031430   6.0384679  -4.4135069  -1.4828313
   5.0439316  -6.3524331  -1.9891818   4.8663278  -7.3080133  -1.7179467
   4.9711817  -6.0097207  -3.3824958   4.4506838  -6.7791728  -3.9195547
   4.2523583  -5.1606979  -3.5027365   5.9540185  -5.6935788  -3.8495338
   0.9663135   0.1491017   0.2457877  -0.0416337  -0.2692102  -0.0257168
   0.5430800   0.4217611  -0.2461548   0.6593190   0.2918331   0.5834491
  -0.0884127  -0.3643096   0.0903786   0.1966273  -0.2571273   0.1612121
  -0.2936971  -0.4483945  -0.1086292   0.0600159   1.5174350   0.0225385
   0.0764777   0.1640806   0.3049496   1.6060065   0.1530077   0.4569094
   0.1945503   0.0780304   0.1185694  -0.3886321  -0.3845651   0.2217814
  -0.4404830  -0.4053809   0.5907910   0.0606399   0.4908707  -0.6161360
   0.0564166   0.0189948   0.1890509  -0.0869609  -0.0254217   0.0547032
  -0.1662061   0.0949135  -0.1419102   0.1497463   0.8019849   0.2155925
   0.1677596  -0.3589866  -0.2558221   0.4969591  -1.4007861   0.9610950
   0.3595201   0.8407605   0.1954701  -0.2459392  -0.4194731  -0.7792659
