default_name                                                                    
   0.173   2.196  -3.095   0.961   2.873  -2.804   0.611   3.875  -3.028   1.839
   2.601  -3.365   1.396   2.796  -1.374   1.818   3.806  -0.833   1.264   1.634
  -0.692   0.972   0.832  -1.181   1.333   1.546   0.768   0.585   2.152   1.279
   1.066   0.008   1.075   0.839  -0.127   2.143   1.783  -0.718   0.675   0.146
  -0.277   0.565   2.680   1.947   1.434   2.801   2.086   2.635   3.733   2.134
   0.716   3.546   2.012  -0.297   5.106   2.267   1.130   5.597   1.276   1.290
   5.675   2.792   0.376   5.157   2.754   2.076
   1.740   1.979  -2.942   1.149   2.776  -2.521   0.159   2.669  -3.010   1.564
   3.711  -2.703   1.028   2.695  -1.042   0.842   3.719  -0.371   1.158   1.450
  -0.526   1.500   0.761  -1.230   1.179   1.275   0.915   0.385   1.834   1.430
   0.854  -0.182   1.250   0.914  -0.292   2.343   1.580  -0.850   0.699  -0.121
  -0.413   0.853   2.514   1.622   1.613   2.574   1.699   2.852   3.589   1.871
   0.919   3.499   1.985  -0.049   4.921   2.109   1.540   5.162   1.342   2.253
   5.754   2.112   0.763   4.953   3.000   2.107
   1.936   2.525  -3.020   0.883   2.689  -2.806   0.199   1.957  -3.196   0.680
   3.673  -3.186   0.822   2.714  -1.287   0.384   3.701  -0.681   1.151   1.552
  -0.716   1.489   0.918  -1.384   1.137   1.305   0.716   0.495   1.914   1.301
   0.635  -0.174   0.917   0.808  -0.360   1.964   1.242  -0.827   0.348  -0.408
  -0.325   0.711   2.504   1.580   1.364   2.608   1.569   2.600   3.574   1.943
   0.597   3.398   2.097  -0.366   4.927   2.085   1.125   5.410   1.083   1.126
   5.410   2.805   0.479   4.875   2.433   2.131
   2.185   2.708  -3.270   1.218   2.824  -2.846   0.509   2.128  -3.267   0.886
   3.803  -3.050   1.309   2.651  -1.322   1.154   3.644  -0.653   1.309   1.434
  -0.797   1.346   0.658  -1.461   1.254   1.163   0.680   0.379   1.697   1.111
   0.896  -0.368   0.848   0.694  -0.534   1.919   1.714  -0.994   0.550  -0.017
  -0.613   0.298   2.593   1.425   1.360   2.568   1.409   2.601   3.693   1.674
   0.687   3.692   1.598  -0.311   4.937   2.183   1.251   5.152   1.634   2.204
   5.679   2.063   0.500   4.845   3.270   1.497
   0.974   2.110  -3.346   0.493   2.872  -2.758  -0.563   2.842  -2.765   0.868
   3.906  -2.971   0.813   2.696  -1.319   0.784   3.615  -0.568   1.073   1.399
  -0.931   1.094   0.645  -1.581   1.238   0.995   0.446   0.437   1.505   0.983
   1.104  -0.539   0.509   1.137  -0.873   1.550   1.946  -0.964   0.009   0.162
  -0.878   0.082   2.543   1.479   1.068   2.631   1.766   2.283   3.634   1.657
   0.279   3.562   1.499  -0.693   5.023   1.932   0.828   5.067   2.984   1.155
   5.195   1.268   1.690   5.763   1.726   0.084
   1.967   3.072  -3.219   0.945   3.039  -2.840   0.425   2.220  -3.358   0.407
   3.976  -3.020   1.013   2.731  -1.356   0.927   3.672  -0.583   1.081   1.478
  -0.997   1.089   0.780  -1.743   1.114   0.989   0.402   0.281   1.408   0.995
   0.900  -0.563   0.346   1.004  -0.953   1.376   1.646  -1.032  -0.268  -0.098
  -0.745   0.032   2.434   1.397   1.073   2.586   1.231   2.284   3.487   1.814
   0.310   3.295   1.978  -0.678   4.820   2.217   0.850   4.677   2.962   1.645
   5.410   1.355   1.239   5.399   2.678   0.037
   1.741   2.858  -3.207   0.790   3.210  -2.731  -0.103   2.820  -3.205   0.835
   4.242  -2.792   0.745   2.851  -1.242   0.645   3.772  -0.432   0.783   1.554
  -0.892   0.953   0.884  -1.642   0.868   1.040   0.471   0.066   1.447   1.063
   0.719  -0.495   0.396   0.943  -0.801   1.426   1.412  -0.945  -0.273  -0.311
  -0.768   0.112   2.207   1.446   1.198   2.256   1.674   2.419   3.246   1.633
   0.394   3.162   1.388  -0.563   4.642   1.873   0.867   4.896   1.157   1.676
   5.340   1.761   0.053   4.666   2.899   1.308
   1.490   2.749  -3.090   0.655   3.268  -2.565  -0.302   2.932  -2.975   0.818
   4.327  -2.687   0.711   2.874  -1.107   0.592   3.724  -0.226   0.919   1.588
  -0.857   0.988   0.945  -1.662   0.937   1.089   0.531   0.098   1.498   1.073
   0.723  -0.425   0.487   0.742  -0.767   1.512   1.473  -0.923  -0.107  -0.295
  -0.621   0.063   2.142   1.474   1.414   2.076   1.484   2.660   3.255   1.775
   0.768   3.188   1.786  -0.262   4.530   2.198   1.345   5.055   1.335   1.757
   5.115   2.675   0.585   4.372   2.860   2.215
   1.583   2.987  -3.091   0.712   3.359  -2.596  -0.160   2.942  -3.083   0.653
   4.452  -2.727   0.694   2.999  -1.132   0.488   3.908  -0.325   0.862   1.727
  -0.813   1.023   1.082  -1.539   0.825   1.180   0.556  -0.095   1.520   1.041
   0.721  -0.363   0.461   0.745  -0.752   1.453   1.563  -0.807  -0.075  -0.237
  -0.699   0.005   1.987   1.539   1.473   1.873   1.433   2.702   3.122   1.963
   0.892   3.119   2.086  -0.128   4.360   2.332   1.588   4.476   1.774   2.524
   5.190   2.108   0.899   4.388   3.416   1.810
   2.132   3.209  -2.865   1.116   3.450  -2.613   0.397   2.936  -3.272   1.027
   4.545  -2.752   0.857   3.039  -1.172   0.543   3.937  -0.384   0.993   1.764
  -0.851   1.212   1.094  -1.576   0.821   1.305   0.542  -0.024   1.854   0.995
   0.478  -0.171   0.503   0.390  -0.575   1.507   1.267  -0.733  -0.016  -0.465
  -0.300  -0.048   2.041   1.580   1.446   1.968   1.453   2.674   3.189   1.959
   0.837   3.176   1.982  -0.171   4.471   2.269   1.490   4.578   1.710   2.415
   5.291   2.036   0.823   4.521   3.325   1.762
   1.926   2.873  -3.043   0.980   3.253  -2.659   0.155   2.742  -3.154   0.913
   4.324  -2.853   0.904   2.997  -1.171   0.783   3.936  -0.385   0.990   1.725
  -0.782   1.083   1.019  -1.498   0.864   1.274   0.610   0.012   1.788   1.059
   0.545  -0.228   0.587   0.382  -0.586   1.604   1.375  -0.781   0.143  -0.360
  -0.407   0.005   2.093   1.573   1.503   1.998   1.475   2.731   3.239   1.939
   0.908   3.232   1.995  -0.101   4.492   2.239   1.599   4.775   1.403   2.243
   5.287   2.407   0.871   4.377   3.135   2.212
   2.008   2.967  -3.002   1.027   3.277  -2.646   0.256   2.703  -3.158   0.885
   4.338  -2.848   0.930   3.026  -1.157   0.705   3.957  -0.385   1.109   1.768
  -0.756   1.282   1.069  -1.463   0.994   1.314   0.637   0.133   1.811   1.088
   0.702  -0.194   0.612   0.531  -0.553   1.628   1.547  -0.733   0.181  -0.193
  -0.389   0.019   2.217   1.642   1.531   2.150   1.464   2.752   3.329   2.114
   0.947   3.304   2.236  -0.055   4.573   2.436   1.646   4.929   1.563   2.199
   5.340   2.735   0.929   4.407   3.255   2.348
