default_name                                                                    
   22  0.4240000E+03
  -2.2791706   1.8085708  -0.7107384  -2.7203009   1.1195776  -0.0574568
  -3.2606891   0.4080957  -0.7328176  -3.4003840   1.7178359   0.4542400
  -1.7632491   0.4080091   0.8263071  -2.0906624  -0.1251031   1.9140294
  -0.5796915   0.2263220   0.2764838  -0.3997692   0.5937386  -0.6108685
   0.5805798  -0.4700813   0.8633918   0.2468646  -1.2051332   1.6721065
   1.2299724  -1.3432572  -0.2549967   0.4653082  -2.1769111  -0.5132672
   2.1051319  -1.9140215   0.2365064   1.6832503  -0.7197268  -1.0496392
   1.6585107   0.5297713   1.5394911   2.8377871   0.1893675   1.8130476
   1.2925719   1.8304715   1.7442530   0.3525099   2.0869368   1.4063245
   2.0017853   2.8466635   2.5061327   2.7509029   2.4914596   3.1615406
   2.5681535   3.5427239   1.8598024   1.3236231   3.5324682   3.0969589
   0.7544863  -0.9738761   0.6185218  -0.2017463   0.1606109  -0.1048513
  -1.2541841   0.9231992   0.8281318   0.0801890  -0.3734981   0.4742187
  -0.0864515   0.4312995  -0.1045780   0.2914689  -0.4572613  -0.2513194
  -0.0802916  -0.1342944   0.0606584   0.9614996  -0.0315160  -0.2332222
   0.1380906   0.0264028   0.0142024   0.8288043  -0.1158107   0.3279976
   0.2031309  -0.1309904  -0.0911690   0.0168814  -1.3232756   0.1453862
  -0.0904898  -0.3799057   0.6294988  -1.0680371   0.0940321   0.6954626
   0.1312034   0.0038698  -0.1682130  -0.0813596   0.0593672   0.0387005
  -0.2747394   0.0494691  -0.1717678  -0.3383044  -0.8405314  -1.0835504
   0.4379280   0.0865633  -0.0231054   0.5802204   0.6735553  -0.2590173
  -1.2792781   0.1744767   0.2831093  -0.0684426   0.0196652   0.1497051
