default_name                                                                    
   22  0.4240000E+03
  -3.0451507   1.0845656   1.1390209  -2.1779459   1.1597946   0.5149722
  -2.3647372   1.8160009  -0.3890344  -1.9080559   0.1775263   0.1701087
  -1.0208347   1.7375403   1.3019750  -1.1803773   2.8508128   1.7381802
   0.1459774   1.0499146   1.5046475   0.1906175   0.1428302   1.1649466
   1.3412080   1.5249811   2.2382763   1.0068269   1.8434102   3.2629473
   2.3398836   0.2481583   2.3474479   2.7071147  -0.0690336   1.3760896
   1.7170178  -0.4420512   2.9114173   3.1239237   0.5147330   2.9956211
   2.0582719   2.7138250   1.5646393   2.7162060   3.5055029   2.2346753
   2.0019981   2.7553884   0.2183057   1.3037437   2.0483356  -0.0630712
   2.6383142   3.7301574  -0.7392964   2.7053577   4.6519132  -0.2079008
   3.6436395   3.3961354  -0.9768481   2.0369565   3.8369858  -1.7152900
  -0.7554775   1.6855269   1.0840846  -0.2152618  -0.0385231   0.1010036
  -0.0097065   0.4674335   0.4241543   0.1589915  -0.4458122   1.0585794
   0.0959514  -0.3687607   0.0107707  -0.0370046  -0.2679685  -0.3769892
   0.0625953   0.0266702   0.0057521  -0.2616227   0.0808156   1.2058318
  -0.0659885   0.2314429   0.1871530  -1.1863253   0.7045310  -0.6657610
   0.3918803   0.2385151   0.0904335   1.1924326   0.3529707   0.2424722
   0.6415033  -1.0533984   1.2225489  -0.8246048   0.1667617   0.3303600
   0.0621164  -0.2357989  -0.1878416  -0.1080810   0.4503604   0.0249934
  -0.3637903   0.2154881   0.0620575   0.3243136   0.1326513   0.3614801
  -0.1784332   0.0169717   0.0227529   0.2062930  -0.6075464  -0.2481287
  -0.4491055  -0.8876448  -0.0904313  -0.8094805  -0.3228886  -1.0870012
