default_name                                                                    
   22  0.4240000E+03
   0.6281217   5.7446749  -1.8132659   1.3512357   5.0502489  -2.2967376
   1.8410284   5.5446754  -3.1109076   0.8054720   4.2519236  -2.7193374
   2.1785094   4.4378903  -1.1974325   3.3983465   4.4474381  -1.3646486
   1.5640806   3.8932946  -0.0783955   0.5670115   4.0547684  -0.0021320
   2.2843605   3.3675588   1.1170582   3.2056363   3.9608436   1.2754461
   1.4108283   3.7214190   2.3357942   1.7543919   3.1082415   3.1976796
   0.3192530   3.4127250   2.2289261   1.4717473   4.7594391   2.6278489
   2.7304157   1.9256488   0.8829515   3.3990538   1.3145169   1.7341174
   2.2884791   1.3107885  -0.2640402   1.7877997   1.9422399  -0.9334352
   2.4619370  -0.1209905  -0.5521033   3.3092912  -0.6350263  -0.0344244
   1.5145784  -0.6067350  -0.3688775   2.5589701  -0.2785211  -1.6780029
   0.3570271  -0.1948690  -1.1912414  -0.3189178   0.1049559   0.0660983
  -0.3344241  -1.6772266  -0.2442216  -0.2486021   0.3687767   1.2219051
  -0.0578494   0.5220424   0.0249697   0.2373688  -0.1345233  -0.0936842
  -0.0281442   0.0685919   0.0568349  -0.5869591   0.0341019   0.3671912
  -0.0481445  -0.0549291   0.0254577   0.6674821  -0.1212151  -1.6122847
  -0.0036662  -0.1759635  -0.0517078   0.4890645  -0.8199858  -0.0729051
  -0.9265371   0.2446085   0.8815560   0.4583020   0.3385559   2.1001414
   0.2946227   0.0856271   0.0699243   0.1699279   0.1113617  -0.0690897
  -0.1930841   0.1956661  -0.0187992   0.3689502   1.4571554   1.8698022
   0.0385240  -0.1439034  -0.0957910   0.2328344   0.3324160   1.2557745
   0.1664183   0.8022531   0.3885618  -0.7246398   1.0901861   1.3118997
