default_name                                                                    
  -1.757  -2.830   0.909  -1.333  -2.576  -0.058  -1.717  -1.566  -0.373  -1.629
  -3.345  -0.761   0.131  -2.500   0.063   0.788  -3.436  -0.410   0.574  -1.390
   0.587  -0.180  -0.843   1.033   2.028  -1.016   0.907   1.976  -0.015   1.283
   2.475  -1.974   2.024   1.965  -1.824   2.961   3.429  -1.712   2.222   2.326
  -2.967   1.598   3.024  -0.915  -0.240   3.844   0.027  -0.245   2.849  -1.714
  -1.291   2.250  -2.505  -1.215   3.511  -1.616  -2.575   4.622  -1.712  -2.454
   3.110  -2.450  -3.177   3.213  -0.791  -3.103
  -1.938  -2.196   1.030  -1.521  -2.504   0.091  -1.802  -1.994  -0.808  -1.863
  -3.506  -0.131   0.003  -2.478   0.342   0.713  -3.293  -0.298   0.518  -1.572
   1.183  -0.159  -0.855   1.469   1.893  -1.071   1.377   1.732  -0.068   1.892
   2.642  -2.031   2.361   1.921  -2.150   3.163   3.476  -1.603   2.846   2.820
  -3.106   1.992   2.751  -0.719   0.099   3.460   0.261   0.207   2.593  -1.463
  -1.020   1.897  -2.244  -1.003   3.428  -1.146  -2.228   4.451  -1.345  -2.010
   3.205  -1.869  -3.034   3.339  -0.109  -2.531
  -1.850  -2.953   0.638  -1.352  -2.585  -0.275  -1.819  -1.631  -0.452  -1.492
  -3.249  -1.162   0.129  -2.435   0.004   0.929  -3.236  -0.427   0.385  -1.441
   0.822  -0.355  -0.861   1.178   1.740  -1.044   1.219   1.659  -0.235   1.867
   2.362  -2.142   2.088   1.580  -2.434   2.811   3.250  -1.780   2.543   2.663
  -3.036   1.521   2.702  -0.534   0.131   3.393   0.443   0.397   2.711  -1.134
  -1.050   2.280  -2.073  -1.068   3.732  -0.906  -2.040   4.291  -1.769  -2.153
   3.205  -0.601  -2.963   4.467  -0.068  -1.740
  -1.931  -3.311   0.073  -1.538  -2.404  -0.432  -2.081  -1.502  -0.162  -1.711
  -2.463  -1.488  -0.041  -2.364  -0.136   0.689  -3.145  -0.708   0.295  -1.404
   0.638  -0.499  -1.023   1.090   1.643  -0.968   1.054   1.529  -0.073   1.580
   2.264  -1.860   2.121   1.592  -2.101   2.929   3.196  -1.383   2.433   2.524
  -2.809   1.698   2.648  -0.532  -0.078   3.458   0.365   0.054   2.645  -1.262
  -1.160   1.955  -2.032  -1.180   3.523  -0.924  -2.338   3.425  -1.667  -3.173
   3.195   0.106  -2.715   4.603  -0.862  -2.037
  -2.006  -3.051  -1.275  -1.750  -2.213  -0.631  -2.353  -2.360   0.240  -1.862
  -1.232  -1.102  -0.284  -2.296  -0.284   0.436  -3.192  -0.653   0.098  -1.348
   0.567  -0.636  -0.728   0.874   1.477  -1.040   1.014   1.420  -0.114   1.541
   1.910  -2.068   2.073   1.129  -2.104   2.841   2.856  -1.876   2.622   1.957
  -3.073   1.601   2.610  -0.787  -0.002   3.429   0.145   0.181   2.672  -1.634
  -1.025   2.103  -2.482  -0.905   3.478  -1.434  -2.239   3.123  -2.123  -3.042
   3.416  -0.382  -2.587   4.473  -1.657  -2.030
  -2.175  -3.049  -0.831  -1.837  -2.256  -0.145  -2.358  -2.474   0.816  -2.147
  -1.268  -0.497  -0.370  -2.249   0.122   0.284  -3.182  -0.324   0.097  -1.208
   0.831  -0.585  -0.561   1.136   1.484  -0.987   1.251   1.606  -0.116   1.858
   1.850  -1.970   2.359   1.252  -1.799   3.255   2.857  -1.751   2.671   1.744
  -2.958   1.951   2.584  -0.719   0.166   3.285   0.303   0.222   2.742  -1.656
  -0.778   2.080  -2.471  -0.783   3.744  -1.617  -1.842   3.411  -2.254  -2.670
   3.955  -0.571  -2.197   4.708  -2.063  -1.519
  -1.788  -2.891  -1.032  -1.514  -2.044  -0.439  -2.166  -2.003   0.447  -1.688
  -1.119  -1.015  -0.038  -2.036  -0.004   0.684  -2.982  -0.234   0.370  -0.951
   0.698  -0.316  -0.220   0.892   1.731  -0.688   1.209   1.718   0.309   1.678
   2.043  -1.720   2.324   1.280  -1.692   3.127   2.973  -1.477   2.808   2.120
  -2.716   1.875   2.890  -0.580   0.166   3.747   0.317   0.305   2.948  -1.430
  -0.868   2.202  -2.105  -0.924   4.007  -1.559  -1.889   4.021  -2.609  -2.190
   3.804  -0.926  -2.751   4.988  -1.218  -1.475
  -1.555  -3.168  -0.589  -1.281  -2.183  -0.282  -1.922  -1.926   0.549  -1.466
  -1.520  -1.103   0.155  -2.067   0.139   0.872  -3.050   0.041   0.501  -0.922
   0.734  -0.264  -0.279   0.886   1.820  -0.456   1.311   1.655   0.561   1.701
   2.127  -1.311   2.564   1.274  -1.267   3.237   3.045  -0.970   3.035   2.229
  -2.335   2.231   3.098  -0.394   0.424   3.901   0.545   0.524   3.226  -1.377
  -0.461   2.572  -2.149  -0.373   4.270  -1.490  -1.463   4.311  -2.479  -1.943
   4.166  -0.694  -2.236   5.242  -1.379  -0.953
  -1.353  -2.921  -0.735  -1.163  -1.965  -0.228  -1.905  -1.887   0.582  -1.291
  -1.134  -0.930   0.234  -1.941   0.338   0.985  -2.868   0.111   0.568  -0.870
   1.054  -0.127  -0.129   1.179   1.885  -0.564   1.656   1.792   0.438   2.092
   2.106  -1.495   2.899   1.264  -1.358   3.555   3.076  -1.191   3.344   2.177
  -2.500   2.551   3.111  -0.479   0.711   3.807   0.537   0.725   3.373  -1.518
  -0.097   2.758  -2.293  -0.001   4.475  -1.550  -1.052   4.874  -2.561  -1.122
   4.070  -1.234  -1.990   5.293  -0.850  -0.806
  -1.178  -2.515  -0.896  -1.041  -1.701  -0.196  -1.822  -1.730   0.581  -1.125
  -0.718  -0.694   0.313  -1.798   0.467   0.984  -2.796   0.346   0.696  -0.728
   1.149   0.036   0.032   1.188   1.977  -0.488   1.827   1.885   0.502   2.296
   2.186  -1.448   2.973   1.345  -1.352   3.651   3.111  -1.203   3.535   2.266
  -2.500   2.589   3.205  -0.408   0.886   3.846   0.670   0.800   3.563  -1.528
   0.236   2.979  -2.328   0.390   4.612  -1.631  -0.784   4.465  -2.510  -1.408
   4.617  -0.759  -1.432   5.574  -1.683  -0.277
  -1.259  -2.467  -0.617  -1.012  -1.554  -0.076  -1.766  -1.372   0.689  -0.987
  -0.715  -0.771   0.345  -1.703   0.576   1.022  -2.705   0.355   0.722  -0.711
   1.386   0.064   0.047   1.495   2.021  -0.543   2.059   1.982   0.433   2.546
   2.167  -1.565   3.197   1.307  -1.501   3.866   3.071  -1.350   3.767   2.233
  -2.578   2.798   3.245  -0.472   1.111   3.790   0.615   0.887   3.691  -1.607
   0.558   3.146  -2.442   0.740   4.774  -1.697  -0.424   4.788  -2.693  -0.871
   4.627  -0.959  -1.215   5.735  -1.513   0.060
  -1.203  -2.382  -0.668  -1.015  -1.569   0.033  -1.766  -1.589   0.822  -1.065
  -0.617  -0.493   0.358  -1.732   0.645   1.070  -2.676   0.307   0.712  -0.815
   1.548   0.029  -0.100   1.750   2.014  -0.684   2.217   1.992   0.275   2.737
   2.156  -1.747   3.318   1.329  -1.658   4.024   3.094  -1.595   3.855   2.148
  -2.750   2.889   3.222  -0.584   1.251   3.622   0.525   0.880   3.814  -1.718
   0.852   3.397  -2.584   1.166   4.936  -1.797  -0.084   5.135  -2.839  -0.342
   4.702  -1.248  -0.998   5.832  -1.367   0.368
