default_name                                                                    
  -1.338   4.783  -4.896  -1.834   3.916  -5.405  -1.467   3.941  -6.430  -2.980
   4.185  -5.553  -1.652   2.551  -4.771  -0.573   2.209  -4.295  -2.751   1.778
  -4.774  -3.566   2.374  -4.861  -2.906   0.321  -4.385  -3.724   0.273  -3.629
  -3.298  -0.427  -5.634  -3.565  -1.421  -5.440  -2.420  -0.370  -6.359  -4.131
   0.017  -6.213  -1.824  -0.325  -3.496  -1.861  -0.160  -2.289  -0.883  -1.053
  -4.071  -0.926  -1.238  -5.084   0.279  -1.655  -3.413   0.889  -2.222  -4.176
   0.970  -0.858  -2.957  -0.071  -2.349  -2.645
  -1.619   4.108  -3.876  -1.419   3.724  -4.919  -0.449   4.178  -5.254  -2.196
   3.895  -5.642  -1.348   2.229  -4.752  -0.262   1.655  -4.455  -2.528   1.672
  -4.752  -3.323   2.257  -4.946  -2.911   0.249  -4.459  -3.751   0.306  -3.769
  -3.338  -0.473  -5.702  -3.556  -1.490  -5.454  -2.538  -0.511  -6.501  -4.289
  -0.092  -6.062  -1.918  -0.547  -3.658  -1.842  -0.606  -2.428  -1.070  -1.276
  -4.365  -1.030  -1.120  -5.369  -0.022  -2.096  -3.863   0.574  -2.542  -4.641
   0.605  -1.447  -3.147  -0.416  -2.943  -3.302
  -1.762   4.126  -4.238  -1.098   3.593  -4.872  -0.144   3.973  -4.646  -1.174
   3.715  -5.916  -1.240   2.151  -4.465  -0.217   1.578  -4.126  -2.480   1.607
  -4.539  -3.304   2.253  -4.661  -2.852   0.183  -4.239  -3.755   0.266  -3.617
  -3.289  -0.444  -5.598  -3.706  -1.478  -5.519  -2.465  -0.477  -6.282  -4.117
   0.160  -6.043  -1.932  -0.718  -3.335  -2.194  -0.879  -2.148  -1.030  -1.438
  -4.002  -0.909  -1.195  -4.973  -0.130  -2.466  -3.452   0.513  -2.869  -4.203
   0.531  -2.059  -2.641  -0.728  -3.315  -3.070
  -2.007   4.155  -4.651  -1.204   3.544  -5.012  -0.214   3.971  -4.817  -1.293
   3.517  -6.098  -1.194   2.089  -4.607  -0.160   1.542  -4.221  -2.347   1.493
  -4.853  -3.039   2.026  -5.377  -2.775   0.131  -4.366  -3.637   0.288  -3.676
  -3.356  -0.581  -5.551  -3.669  -1.567  -5.144  -2.655  -0.811  -6.303  -4.220
  -0.177  -5.944  -1.724  -0.807  -3.588  -1.678  -0.861  -2.354  -0.985  -1.512
  -4.394  -0.985  -1.362  -5.401   0.035  -2.488  -3.913   0.798  -2.624  -4.738
   0.617  -2.111  -3.046  -0.540  -3.408  -3.728
  -1.512   4.620  -4.434  -0.833   4.127  -5.100   0.161   4.390  -4.791  -1.155
   4.491  -6.071  -0.997   2.668  -4.965  -0.076   1.942  -4.659  -2.258   2.209
  -5.148  -2.810   2.979  -5.441  -2.819   0.871  -5.055  -3.803   0.964  -4.553
  -3.062   0.396  -6.497  -3.449  -0.634  -6.524  -2.149   0.445  -7.080  -3.779
   1.071  -6.956  -2.035  -0.189  -4.254  -2.204  -0.344  -3.028  -1.225  -0.965
  -4.938  -1.234  -0.862  -5.911  -0.431  -2.054  -4.418   0.058  -2.643  -5.192
   0.369  -1.678  -3.778  -0.960  -2.692  -3.766
  -1.350   4.769  -4.548  -0.733   4.153  -5.215   0.269   4.229  -4.858  -0.769
   4.483  -6.191  -1.027   2.681  -5.155  -0.082   1.915  -5.114  -2.284   2.290
  -5.225  -2.963   3.045  -5.242  -2.850   0.920  -5.179  -3.791   1.016  -4.615
  -3.344   0.566  -6.620  -3.795  -0.388  -6.629  -2.521   0.689  -7.316  -4.077
   1.376  -6.858  -1.930  -0.119  -4.509  -1.776  -0.088  -3.303  -1.188  -0.950
  -5.301  -1.387  -0.986  -6.296  -0.395  -2.101  -4.788  -0.157  -2.696  -5.626
   0.539  -1.791  -4.334  -0.984  -2.720  -4.116
  -1.310   5.056  -4.519  -0.550   4.525  -5.156   0.448   4.678  -4.760  -0.598
   4.889  -6.173  -0.844   3.027  -5.244   0.010   2.177  -5.175  -2.135   2.705
  -5.441  -2.813   3.466  -5.458  -2.709   1.330  -5.505  -3.640   1.444  -4.905
  -3.089   1.018  -6.970  -3.556   0.058  -6.989  -2.203   1.129  -7.654  -3.849
   1.730  -7.301  -1.974   0.206  -4.749  -2.076   0.099  -3.522  -1.204  -0.646
  -5.452  -1.177  -0.489  -6.448  -0.375  -1.723  -4.948  -0.106  -2.387  -5.762
   0.505  -1.319  -4.520  -0.916  -2.273  -4.176
  -1.262   4.871  -4.665  -0.505   4.501  -5.306   0.499   4.761  -4.889  -0.589
   4.998  -6.248  -0.666   3.012  -5.413   0.314   2.293  -5.408  -1.916   2.593
  -5.490  -2.635   3.283  -5.564  -2.357   1.200  -5.612  -3.307   1.234  -5.140
  -2.640   0.898  -7.091  -3.128  -0.098  -7.219  -1.694   0.867  -7.638  -3.278
   1.651  -7.582  -1.524   0.134  -4.821  -1.685   0.059  -3.605  -0.678  -0.665
  -5.486  -0.530  -0.478  -6.467   0.239  -1.611  -4.869   0.984  -1.927  -5.618
   0.859  -1.176  -4.094  -0.298  -2.433  -4.383
  -0.755   5.129  -4.469  -0.114   4.727  -5.271   0.899   4.872  -4.958  -0.326
   5.206  -6.216  -0.366   3.253  -5.452   0.582   2.490  -5.445  -1.619   2.884
  -5.671  -2.261   3.662  -5.673  -2.256   1.549  -5.761  -3.220   1.524  -5.232
  -2.461   1.253  -7.236  -2.857   0.253  -7.342  -1.528   1.331  -7.789  -3.168
   1.949  -7.688  -1.418   0.410  -5.100  -1.699   0.037  -3.945  -0.447  -0.184
  -5.833  -0.328   0.136  -6.763   0.395  -1.293  -5.382   1.195  -1.508  -6.074
   0.849  -1.110  -4.406  -0.211  -2.166  -5.263
  -0.655   5.319  -5.404   0.150   4.730  -5.841   1.086   4.954  -5.346   0.183
   4.966  -6.898  -0.203   3.271  -5.665   0.635   2.477  -5.224  -1.440   2.923
  -6.047  -2.040   3.661  -6.396  -2.117   1.606  -5.899  -2.950   1.754  -5.206
  -2.707   1.272  -7.301  -3.261   0.330  -7.235  -1.935   1.160  -8.049  -3.410
   2.063  -7.639  -1.305   0.400  -5.319  -1.567  -0.011  -4.180  -0.333  -0.199
  -6.067  -0.145   0.191  -6.963   0.463  -1.346  -5.615   1.113  -1.636  -6.455
   1.073  -1.103  -4.736  -0.197  -2.181  -5.349
  -0.660   5.330  -5.733   0.070   4.598  -6.078   1.046   4.835  -5.657   0.125
   4.625  -7.165  -0.354   3.215  -5.632   0.427   2.533  -4.972  -1.584   2.832
  -5.990  -2.112   3.517  -6.510  -2.260   1.537  -5.791  -3.059   1.710  -5.068
  -2.939   1.155  -7.116  -3.491   0.223  -6.991  -2.195   1.028  -7.903  -3.639
   1.937  -7.412  -1.418   0.366  -5.215  -1.624  -0.038  -4.066  -0.495  -0.200
  -6.007  -0.381   0.195  -6.930   0.366  -1.324  -5.638   1.030  -1.574  -6.467
   0.971  -1.062  -4.767  -0.243  -2.198  -5.396
  -0.839   5.250  -5.585  -0.156   4.527  -6.030   0.865   4.758  -5.727  -0.231
   4.577  -7.116  -0.525   3.135  -5.565   0.299   2.471  -4.941  -1.759   2.727
  -5.875  -2.319   3.401  -6.374  -2.410   1.425  -5.637  -3.204   1.602  -4.909
  -3.098   1.000  -6.944  -3.626   0.058  -6.792  -2.362   0.875  -7.739  -3.821
   1.759  -7.247  -1.540   0.287  -5.040  -1.712  -0.072  -3.870  -0.630  -0.298
  -5.833  -0.545   0.060  -6.774   0.269  -1.382  -5.434   0.914  -1.660  -6.269
   0.893  -1.060  -4.598  -0.311  -2.255  -5.128
