default_name                                                                    
  -4.052   1.973   2.358  -3.126   1.894   1.862  -2.759   2.900   1.639  -3.329
   1.375   0.919  -2.093   1.136   2.656  -1.010   1.603   2.948  -2.557  -0.114
   2.914  -3.414  -0.441   2.496  -1.923  -1.155   3.793  -1.456  -0.594   4.514
  -3.015  -2.052   4.377  -3.974  -1.541   4.543  -2.655  -2.500   5.324  -3.159
  -2.851   3.726  -0.715  -1.952   3.059   0.057  -2.615   3.754  -0.500  -1.697
   1.769  -1.152  -1.116   1.258   0.542  -2.398   0.986   0.496  -2.146  -0.026
   1.550  -2.130   1.359   0.339  -3.509   1.086
  -3.532   3.048   2.848  -3.207   2.271   2.164  -2.638   2.752   1.334  -4.011
   1.654   1.804  -2.181   1.390   2.915  -1.056   1.872   3.091  -2.518   0.122
   3.280  -3.496  -0.130   3.204  -1.695  -0.741   4.131  -1.032  -0.188   4.816
  -2.572  -1.586   5.032  -3.296  -0.950   5.602  -2.021  -2.273   5.750  -3.042
  -2.288   4.419  -0.728  -1.692   3.370  -0.038  -2.462   3.979  -0.687  -1.517
   2.079  -1.393  -0.929   1.645   0.305  -2.133   1.145   0.367  -1.559   0.235
   1.330  -1.990   1.566   0.053  -3.114   0.833
  -4.385   2.077   3.034  -3.411   2.226   2.584  -3.187   3.266   2.779  -3.405
   2.045   1.502  -2.371   1.359   3.197  -1.287   1.863   3.397  -2.676   0.070
   3.460  -3.615  -0.247   3.351  -1.774  -0.838   4.147  -1.179  -0.251   4.901
  -2.659  -1.776   5.029  -3.208  -1.174   5.769  -2.043  -2.448   5.581  -3.397
  -2.291   4.446  -0.722  -1.572   3.304   0.082  -2.339   3.845  -0.740  -1.403
   1.954  -1.463  -0.871   1.523   0.231  -2.032   1.031   0.398  -1.482   0.145
   1.205  -2.191   1.446  -0.143  -3.007   0.665
  -4.454   1.887   3.077  -3.598   1.817   2.414  -3.282   2.799   2.130  -3.857
   1.334   1.451  -2.398   1.204   3.106  -1.337   1.754   3.186  -2.561  -0.091
   3.519  -3.530  -0.395   3.537  -1.619  -1.021   4.134  -1.159  -0.440   4.897
  -2.419  -2.195   4.691  -3.025  -1.822   5.507  -1.766  -3.049   4.983  -3.182
  -2.532   3.976  -0.517  -1.588   3.159   0.528  -2.022   3.639  -0.784  -1.591
   1.843  -1.631  -1.175   1.548   0.110  -2.008   0.762   0.175  -1.189   0.091
   1.133  -2.191   1.224  -0.275  -2.865   0.254
  -3.544   2.625   3.118  -3.364   1.807   2.448  -3.043   2.160   1.451  -4.303
   1.228   2.397  -2.243   0.983   2.991  -1.100   1.435   2.849  -2.536  -0.188
   3.582  -3.498  -0.457   3.618  -1.506  -1.107   4.165  -0.899  -0.507   4.854
  -2.193  -2.167   4.961  -2.775  -1.726   5.807  -1.430  -2.735   5.414  -2.848
  -2.799   4.354  -0.506  -1.664   3.122   0.565  -2.088   3.469  -0.949  -1.740
   1.868  -1.892  -1.439   1.679  -0.123  -2.264   0.777  -0.450  -1.815  -0.156
   0.891  -1.983   0.893  -0.229  -3.342   0.690
  -3.091   3.111   3.096  -3.273   2.128   2.656  -3.125   2.126   1.563  -4.255
   1.716   2.910  -2.183   1.221   3.232  -0.987   1.592   3.232  -2.532   0.038
   3.723  -3.525  -0.172   3.851  -1.605  -0.971   4.246  -0.853  -0.398   4.834
  -2.371  -1.829   5.268  -2.803  -1.173   6.040  -1.681  -2.498   5.786  -3.091
  -2.430   4.720  -0.851  -1.771   3.139   0.231  -2.252   3.408  -1.346  -1.700
   1.898  -2.241  -1.325   1.755  -0.711  -2.148   0.667  -1.382  -1.969  -0.166
   0.159  -1.591   0.450  -0.477  -3.235   0.672
  -3.814   2.605   3.842  -3.231   2.323   2.979  -2.762   3.200   2.553  -3.893
   1.909   2.254  -2.166   1.294   3.293  -0.969   1.600   3.110  -2.591   0.116
   3.744  -3.587  -0.027   3.722  -1.729  -0.993   4.261  -0.990  -0.569   4.968
  -2.568  -1.875   5.102  -3.095  -1.255   5.807  -1.944  -2.562   5.695  -3.285
  -2.476   4.532  -0.938  -1.737   3.190   0.029  -2.490   3.513  -1.319  -1.522
   1.943  -2.103  -1.001   1.725  -0.685  -2.152   0.747  -1.284  -2.006  -0.181
   0.364  -1.765   0.573  -0.547  -3.207   0.909
  -3.399   2.642   4.091  -3.030   2.405   3.070  -2.547   3.314   2.636  -3.820
   2.130   2.374  -2.043   1.293   3.218  -0.866   1.422   2.875  -2.490   0.143
   3.729  -3.487   0.034   3.921  -1.582  -0.930   4.198  -0.844  -0.499   4.840
  -2.350  -1.944   5.027  -2.787  -1.447   5.912  -1.696  -2.723   5.381  -3.172
  -2.392   4.484  -0.796  -1.705   3.080   0.195  -2.383   3.359  -1.252  -1.663
   1.794  -2.146  -1.247   1.656  -0.613  -2.356   0.673  -0.854  -1.940  -0.328
   0.457  -2.142   0.802  -0.792  -3.429   0.712
  -3.549   2.660   3.625  -3.092   2.133   2.781  -2.668   2.877   2.069  -3.847
   1.582   2.185  -1.976   1.210   3.229  -0.805   1.500   3.036  -2.344   0.098
   3.873  -3.343  -0.053   3.985  -1.439  -0.956   4.367  -0.641  -0.489   4.975
  -2.296  -1.892   5.267  -2.879  -1.349   6.002  -1.597  -2.602   5.735  -2.988
  -2.461   4.679  -0.773  -1.777   3.267   0.288  -2.346   3.528  -1.318  -1.854
   2.035  -2.183  -1.352   1.891  -0.710  -2.588   0.929   0.316  -2.277   0.765
  -0.790  -3.669   1.171  -1.237  -2.467  -0.017
  -3.537   2.489   3.808  -3.075   2.178   2.854  -2.754   3.067   2.272  -3.787
   1.641   2.256  -1.912   1.258   3.153  -0.814   1.498   2.676  -2.195   0.213
   3.905  -3.154   0.112   4.210  -1.215  -0.789   4.345  -0.345  -0.247   4.745
  -1.861  -1.648   5.435  -2.181  -0.981   6.231  -1.176  -2.413   5.799  -2.721
  -2.159   5.014  -0.643  -1.679   3.228   0.505  -2.138   3.332  -1.345  -1.862
   2.090  -2.238  -1.393   1.986  -0.827  -2.625   0.934   0.166  -2.258   0.638
  -0.712  -3.680   1.219  -1.514  -2.544   0.089
  -3.303   2.588   3.698  -2.926   2.175   2.763  -2.578   2.985   2.123  -3.723
   1.628   2.260  -1.781   1.232   3.059  -0.672   1.429   2.564  -2.050   0.202
   3.862  -2.986   0.124   4.234  -1.056  -0.791   4.294  -0.188  -0.261   4.689
  -1.677  -1.601   5.441  -1.991  -0.930   6.243  -0.940  -2.300   5.840  -2.540
  -2.164   5.082  -0.549  -1.723   3.164   0.541  -2.293   3.278  -1.314  -1.875
   2.072  -2.192  -1.375   2.054  -0.972  -2.704   0.915  -0.027  -2.369   0.480
  -0.870  -3.748   1.219  -1.754  -2.631   0.158
  -3.328   2.576   3.684  -2.947   2.158   2.753  -2.617   2.966   2.100  -3.735
   1.590   2.260  -1.783   1.242   3.056  -0.672   1.474   2.582  -2.039   0.197
   3.843  -2.979   0.093   4.197  -1.034  -0.784   4.273  -0.162  -0.243   4.645
  -1.631  -1.582   5.440  -1.924  -0.905   6.243  -0.887  -2.280   5.827  -2.503
  -2.145   5.104  -0.540  -1.729   3.148   0.521  -2.347   3.284  -1.291  -1.848
   2.042  -2.146  -1.311   2.008  -0.965  -2.692   0.892  -0.019  -2.375   0.450
  -0.878  -3.735   1.204  -1.750  -2.615   0.136
