default_name                                                                    
   22  0.5400000E+03
  -0.8388229   5.2496283  -5.5852092  -0.1559144   4.5271288  -6.0302515
   0.8647606   4.7576336  -5.7267159  -0.2312619   4.5765647  -7.1158065
  -0.5250209   3.1350261  -5.5650136   0.2990667   2.4708760  -4.9407228
  -1.7589001   2.7266168  -5.8746570  -2.3194768   3.4007023  -6.3743615
  -2.4095165   1.4254150  -5.6366178  -3.2036304   1.6016910  -4.9091632
  -3.0980249   1.0001651  -6.9437303  -3.6259060   0.0575664  -6.7918042
  -2.3622531   0.8746055  -7.7394769  -3.8207698   1.7592556  -7.2465405
  -1.5404254   0.2869008  -5.0401114  -1.7123673  -0.0718369  -3.8704803
  -0.6296560  -0.2978534  -5.8327103  -0.5449433   0.0597393  -6.7740041
   0.2685479  -1.3815983  -5.4337249   0.9138181  -1.6601236  -6.2690351
   0.8932036  -1.0601312  -4.5978342  -0.3105116  -2.2552927  -5.1280780
  -0.0009634  -0.0003689   0.0002494  -0.0009608  -0.0003168   0.0002206
  -0.0009472  -0.0001898   0.0000960  -0.0010660  -0.0004094   0.0002324
  -0.0007825  -0.0003103   0.0003676  -0.0006684  -0.0001862   0.0003728
  -0.0007609  -0.0004624   0.0004856  -0.0008513  -0.0005885   0.0004779
  -0.0006291  -0.0004919   0.0006944  -0.0005712  -0.0004762   0.0007549
  -0.0007362  -0.0006999   0.0008228  -0.0006316  -0.0007172   0.0009543
  -0.0008023  -0.0007276   0.0007319  -0.0008295  -0.0007963   0.0007792
  -0.0004769  -0.0003490   0.0007335  -0.0003332  -0.0002189   0.0008036
  -0.0005212  -0.0003734   0.0007136  -0.0006107  -0.0004641   0.0006787
  -0.0003937  -0.0002684   0.0007610  -0.0005139  -0.0003511   0.0007365
  -0.0002803  -0.0000671   0.0006437  -0.0002975  -0.0002627   0.0010013
