default_name                                                                    
   22  0.5400000E+03
  -3.8353369   1.8395408  -2.9306399  -3.9117690   0.8440258  -2.4950200
  -4.1924763   0.1297484  -3.2680400  -4.6685062   0.8474550  -1.7114420
  -2.5796391   0.4433214  -1.9019649  -1.6333314   1.2239211  -1.9535843
  -2.5428419  -0.7718555  -1.3491986  -3.4072770  -1.2903913  -1.3982604
  -1.4450204  -1.4542927  -0.6433351  -1.8809930  -1.8877633   0.2584896
  -0.9680963  -2.6400036  -1.4979737  -1.8000699  -3.3221130  -1.6785020
  -0.1814240  -3.1820352  -0.9707296  -0.5851580  -2.2898359  -2.4574542
  -0.2801516  -0.5648881  -0.1413432  -0.2744000  -0.1549909   1.0254810
   0.7119462  -0.2855088  -1.0009170   0.6212132  -0.6387774  -1.9429894
   1.8920023   0.5176301  -0.6773865   2.4266729   0.0768867   0.1665679
   2.5633821   0.5607348  -1.5369014   1.5907210   1.5334615  -0.4135629
   0.0001122   0.0009562  -0.0007373   0.0000515   0.0008153  -0.0010554
   0.0002744   0.0010445  -0.0013453  -0.0001289   0.0005554  -0.0012331
  -0.0000604   0.0007007  -0.0008747  -0.0000805   0.0007475  -0.0004562
  -0.0001459   0.0005517  -0.0011682  -0.0001145   0.0005791  -0.0014708
  -0.0002208   0.0003325  -0.0012611  -0.0002801   0.0003249  -0.0012891
  -0.0004134   0.0003589  -0.0014138  -0.0005290   0.0005006  -0.0014607
  -0.0004756   0.0002082  -0.0014781  -0.0003898   0.0004137  -0.0013797
  -0.0000710   0.0001070  -0.0011862   0.0000482  -0.0000599  -0.0011333
  -0.0000721   0.0000966  -0.0012003  -0.0001735   0.0002731  -0.0012583
   0.0000570  -0.0001056  -0.0011681   0.0000692  -0.0003143  -0.0012920
  -0.0000008  -0.0000430  -0.0012121   0.0001939  -0.0001059  -0.0009792
